0.0000	3.0000	-10.4983	-24.1904
1.0000	3.0000	-10.4978	-24.7196
2.0000	3.0000	-10.4977	-25.2856
3.0000	3.0000	-10.4981	-25.8794
4.0000	3.0000	-10.4986	-26.4963
5.0000	3.0000	-10.4993	-27.1340
6.0000	3.0000	-10.5003	-27.7911
7.0000	3.0000	-10.5015	-28.4666
8.0000	3.0000	-10.5032	-29.1598
9.0000	3.0000	-10.5053	-29.8702
10.0000	3.0000	-10.5078	-30.5974
11.0000	3.0000	-10.5106	-31.3416
12.0000	3.0000	-10.5137	-32.0987
13.0000	3.0000	-10.5170	-32.8582
14.0000	3.0000	-10.5204	-33.6192
15.0000	3.0000	-10.5240	-34.3811
16.0000	3.0000	-10.5277	-35.1440
17.0000	3.0000	-10.5316	-35.9137
18.0000	3.0000	-10.5356	-36.7141
19.0000	3.0000	-10.5395	-37.5428
20.0000	3.0000	-10.5432	-38.3960
21.0000	3.0000	-10.5471	-39.2711
22.0000	3.0000	-10.5506	-40.1661
23.0000	3.0000	-10.5543	-41.0794
24.0000	3.0000	-10.5576	-42.0102
25.0000	3.0000	-10.5610	-42.9576
26.0000	3.0000	-10.5641	-43.9214
27.0000	3.0000	-10.5670	-44.9010
28.0000	3.0000	-10.5696	-45.8960
29.0000	3.0000	-10.5722	-46.9062
30.0000	3.0000	-10.5746	-47.9310
31.0000	3.0000	-10.5762	-48.8139
32.0000	3.0000	-10.5779	-49.6273
33.0000	3.0000	-10.5797	-50.5825
34.0000	3.0000	-10.5792	-51.3895
35.0000	3.0000	-10.5785	-52.2000
36.0000	3.0000	-10.5796	-53.0979
37.0000	3.0000	-10.5820	-53.9827
38.0000	3.0000	-10.5836	-54.9196
39.0000	3.0000	-10.5855	-55.8921
40.0000	3.0000	-10.5854	-56.9000
41.0000	3.0000	-10.5844	-57.9237
42.0000	3.0000	-10.5843	-58.9728
43.0000	3.0000	-10.5874	-60.0589
44.0000	3.0000	-10.5902	-61.1544
45.0000	3.0000	-10.5915	-62.2640
46.0000	3.0000	-10.5915	-63.3875
47.0000	3.0000	-10.5907	-64.5246
48.0000	3.0000	-10.5900	-65.6750
49.0000	3.0000	-10.5893	-66.8388
50.0000	3.0000	-10.5886	-68.0160
51.0000	3.0000	-10.5876	-69.2063
52.0000	3.0000	-10.5858	-70.4101
53.0000	3.0000	-10.5833	-71.6207
54.0000	3.0000	-10.5801	-72.8325
55.0000	3.0000	-10.5764	-74.0460
56.0000	3.0000	-10.5721	-75.2612
57.0000	3.0000	-10.5674	-76.4778
58.0000	3.0000	-10.5622	-77.7058
59.0000	3.0000	-10.5564	-78.9487
68.0000	161.0000	38.9382	69.3503
69.0000	161.0000	39.2103	68.2650
70.0000	161.0000	39.4830	67.1715
71.0000	161.0000	39.7563	66.0698
72.0000	161.0000	40.0302	64.9601
73.0000	161.0000	40.3043	63.8471
74.0000	161.0000	40.5790	62.7416
75.0000	161.0000	40.8538	61.6740
76.0000	161.0000	41.1289	60.6671
77.0000	161.0000	41.4046	59.7203
78.0000	161.0000	41.6808	58.8193
79.0000	161.0000	41.9575	57.9608
80.0000	161.0000	42.2347	57.1588
81.0000	161.0000	42.5121	56.4202
82.0000	161.0000	42.7901	55.7476
83.0000	161.0000	43.0684	55.1419
84.0000	161.0000	43.3475	54.5939
85.0000	161.0000	43.6270	54.0612
86.0000	161.0000	43.9072	53.5230
87.0000	161.0000	44.1876	52.9755
88.0000	161.0000	44.4685	52.4195
89.0000	161.0000	44.7497	51.8628
89.0000	192.0000	60.6843	52.0854
90.0000	161.0000	45.0312	51.3401
90.0000	192.0000	60.6898	51.5586
91.0000	161.0000	45.3128	50.8648
91.0000	192.0000	60.7031	51.0795
92.0000	161.0000	45.5949	50.4120
92.0000	192.0000	60.7240	50.6234
93.0000	161.0000	45.7205	49.9875
93.0000	192.0000	60.7516	50.1974
94.0000	161.0000	45.7382	49.5895
94.0000	192.0000	60.7866	49.7988
95.0000	161.0000	45.9038	49.2031
95.0000	192.0000	60.8287	49.4109
96.0000	161.0000	45.9234	48.8349
96.0000	192.0000	60.8381	49.0433
97.0000	161.0000	45.9234	48.4744
97.0000	192.0000	60.8385	48.6835
98.0000	161.0000	45.9313	48.1156
98.0000	192.0000	60.8392	48.3251
99.0000	161.0000	45.9978	47.7657
99.0000	192.0000	60.8395	47.9738
100.0000	161.0000	46.0597	47.4371
100.0000	192.0000	60.8396	47.6428
101.0000	161.0000	46.1252	47.1119
101.0000	192.0000	60.8396	47.3156
102.0000	161.0000	46.2059	46.7941
102.0000	192.0000	60.8395	46.9963
103.0000	161.0000	46.3400	46.4867
103.0000	192.0000	60.8395	46.6878
104.0000	161.0000	46.3431	46.1819
104.0000	192.0000	60.8393	46.3832
105.0000	161.0000	46.3658	45.8819
105.0000	192.0000	60.8393	46.0827
106.0000	161.0000	46.4721	45.5870
106.0000	192.0000	60.8391	45.7863
107.0000	161.0000	46.4696	45.2950
107.0000	192.0000	60.8409	45.4939
108.0000	161.0000	46.4884	45.0050
108.0000	192.0000	60.8465	45.2037
109.0000	161.0000	46.5462	44.7163
109.0000	192.0000	60.8614	44.9159
110.0000	161.0000	46.5987	44.4254
110.0000	192.0000	60.8816	44.6260
111.0000	161.0000	46.6570	44.1283
111.0000	192.0000	60.9103	44.3295
112.0000	161.0000	46.7292	43.8246
112.0000	192.0000	60.9441	44.0254
113.0000	161.0000	46.8333	43.5157
113.0000	192.0000	60.9847	43.7159
114.0000	161.0000	46.9807	43.2073
114.0000	192.0000	61.0319	43.4064
115.0000	161.0000	47.1249	42.8987
115.0000	192.0000	61.0445	43.0966
116.0000	161.0000	47.2923	42.5913
116.0000	192.0000	61.0525	42.7872
117.0000	161.0000	47.3258	42.2829
117.0000	192.0000	61.0540	42.4782
118.0000	161.0000	47.3494	41.9752
118.0000	192.0000	61.0545	42.1699
119.0000	161.0000	47.4603	41.6670
119.0000	192.0000	61.0547	41.8595
120.0000	161.0000	47.5533	41.3508
120.0000	192.0000	61.0546	41.5408
121.0000	161.0000	47.6459	41.0257
121.0000	192.0000	61.0540	41.2131
122.0000	161.0000	47.7437	40.6983
122.0000	192.0000	61.0526	40.8844
123.0000	161.0000	47.8437	40.3746
123.0000	192.0000	61.0505	40.5597
124.0000	161.0000	47.9485	40.0508
124.0000	192.0000	61.0472	40.2351
125.0000	161.0000	48.0675	39.7209
125.0000	192.0000	61.0420	39.9048
126.0000	161.0000	48.0716	39.3822
126.0000	192.0000	61.0326	39.5686
127.0000	161.0000	48.0814	39.0347
127.0000	192.0000	61.0189	39.2249
128.0000	161.0000	48.1577	38.6851
128.0000	192.0000	60.9964	38.8797
129.0000	161.0000	48.2120	38.3305
129.0000	192.0000	60.9657	38.5319
130.0000	161.0000	48.2587	37.9727
130.0000	192.0000	60.9249	38.1847
131.0000	161.0000	48.2972	37.6146
131.0000	192.0000	60.8740	37.8410
132.0000	161.0000	48.3475	37.2612
132.0000	192.0000	60.8109	37.5078
133.0000	161.0000	48.4021	36.9153
133.0000	192.0000	60.7269	37.1852
134.0000	161.0000	48.4428	36.5743
134.0000	192.0000	60.6307	36.8703
135.0000	161.0000	48.4693	36.2447
135.0000	192.0000	60.5217	36.5724
136.0000	161.0000	48.4865	35.9212
136.0000	192.0000	60.4093	36.2852
136.0000	224.0000	-74.0546	29.7437
137.0000	161.0000	48.4882	35.6090
137.0000	192.0000	60.2629	36.0137
137.0000	224.0000	-73.7798	28.9861
138.0000	161.0000	48.5022	35.3116
138.0000	192.0000	60.0964	35.7616
138.0000	224.0000	-73.5149	28.1797
139.0000	161.0000	48.3569	35.0192
139.0000	192.0000	59.9212	35.5207
139.0000	224.0000	-73.2506	27.3539
140.0000	161.0000	48.2597	34.7412
140.0000	192.0000	59.7490	35.2922
140.0000	224.0000	-72.9774	26.5512
141.0000	161.0000	48.0934	34.4736
141.0000	192.0000	59.5705	35.0765
141.0000	224.0000	-72.7023	25.7413
142.0000	161.0000	47.9286	34.2192
142.0000	192.0000	59.3828	34.8767
142.0000	224.0000	-72.4274	24.9170
143.0000	161.0000	47.8019	33.9733
143.0000	192.0000	59.1896	34.6868
143.0000	224.0000	-72.1496	24.0849
144.0000	161.0000	47.6686	33.7325
144.0000	192.0000	58.9941	34.5027
144.0000	224.0000	-71.8664	23.2526
145.0000	161.0000	47.4725	33.5022
145.0000	192.0000	58.7987	34.3300
145.0000	224.0000	-71.5760	22.4332
146.0000	161.0000	47.3064	33.2905
146.0000	192.0000	58.6112	34.1730
146.0000	224.0000	-71.2736	21.6589
147.0000	161.0000	47.1640	33.0929
147.0000	192.0000	58.4261	34.0277
147.0000	224.0000	-70.9629	20.9080
148.0000	161.0000	47.0217	32.9038
148.0000	192.0000	58.2421	33.8910
148.0000	224.0000	-70.6451	20.1717
149.0000	161.0000	46.8966	32.7325
149.0000	192.0000	58.0699	33.7681
149.0000	224.0000	-70.3136	19.4931
150.0000	161.0000	46.8006	32.6037
150.0000	192.0000	57.9075	33.6834
150.0000	224.0000	-69.9705	18.8897
151.0000	161.0000	46.6494	32.5159
151.0000	192.0000	57.7559	33.6414
151.0000	224.0000	-69.6157	18.3704
152.0000	161.0000	46.5005	32.4974
152.0000	192.0000	57.5996	33.6689
152.0000	224.0000	-69.2594	17.9087
153.0000	161.0000	46.4254	32.4457
153.0000	192.0000	57.5189	33.6397
153.0000	224.0000	-68.8575	17.6559
154.0000	161.0000	46.3821	32.4177
154.0000	192.0000	57.4703	33.6250
154.0000	224.0000	-68.4193	17.5273
155.0000	161.0000	46.3948	32.4135
155.0000	192.0000	57.4654	33.6215
155.0000	224.0000	-67.9488	17.5579
156.0000	161.0000	46.4149	32.4204
156.0000	192.0000	57.4658	33.6283
156.0000	224.0000	-67.4708	17.6109
157.0000	161.0000	46.4408	32.4284
157.0000	192.0000	57.4663	33.6353
157.0000	224.0000	-66.9890	17.6646
158.0000	161.0000	46.4757	32.4342
158.0000	192.0000	57.4665	33.6388
158.0000	224.0000	-66.5038	17.7175
159.0000	161.0000	46.5285	32.4398
159.0000	192.0000	57.4684	33.6404
159.0000	224.0000	-66.0155	17.7689
160.0000	161.0000	46.5849	32.4447
160.0000	192.0000	57.4694	33.6408
160.0000	224.0000	-65.5240	17.8194
161.0000	161.0000	46.6580	32.4504
161.0000	192.0000	57.4694	33.6405
161.0000	224.0000	-65.0293	17.8696
162.0000	161.0000	46.6582	32.4508
162.0000	192.0000	57.4694	33.6402
162.0000	224.0000	-64.5315	17.9198
163.0000	161.0000	46.6794	32.4528
163.0000	192.0000	57.4694	33.6398
163.0000	224.0000	-64.0306	17.9706
164.0000	161.0000	46.6856	32.4525
164.0000	192.0000	57.4694	33.6396
164.0000	224.0000	-63.5265	18.0219
165.0000	161.0000	46.6867	32.4520
165.0000	192.0000	57.4694	33.6395
165.0000	224.0000	-63.0196	18.0737
166.0000	161.0000	46.6879	32.4518
166.0000	192.0000	57.4694	33.6396
166.0000	224.0000	-62.5097	18.1259
167.0000	161.0000	46.6884	32.4519
167.0000	192.0000	57.4694	33.6396
167.0000	224.0000	-61.9970	18.1784
168.0000	161.0000	46.6885	32.4520
168.0000	192.0000	57.4694	33.6397
168.0000	224.0000	-61.4815	18.2313
169.0000	161.0000	46.6886	32.4521
169.0000	192.0000	57.4694	33.6397
169.0000	224.0000	-60.9631	18.2844
170.0000	161.0000	46.6885	32.4522
170.0000	192.0000	57.4694	33.6397
170.0000	224.0000	-60.4419	18.3378
171.0000	161.0000	46.6885	32.4522
171.0000	192.0000	57.4694	33.6397
171.0000	224.0000	-59.9180	18.3915
172.0000	161.0000	46.6885	32.4522
172.0000	192.0000	57.4694	33.6397
172.0000	224.0000	-59.3914	18.4456
173.0000	161.0000	46.6885	32.4522
173.0000	192.0000	57.4694	33.6397
173.0000	224.0000	-58.8622	18.4999
174.0000	161.0000	46.6885	32.4522
174.0000	192.0000	57.4694	33.6397
174.0000	224.0000	-58.3303	18.5546
175.0000	161.0000	46.6885	32.4522
175.0000	192.0000	57.4694	33.6397
175.0000	224.0000	-57.8803	18.6009
176.0000	161.0000	46.6885	32.4522
176.0000	192.0000	57.4694	33.6397
176.0000	224.0000	-57.6322	18.6264
177.0000	161.0000	46.6885	32.4522
177.0000	192.0000	57.4694	33.6397
177.0000	224.0000	-57.3835	18.6522
178.0000	161.0000	46.6885	32.4522
178.0000	192.0000	57.4694	33.6397
178.0000	224.0000	-57.1143	18.6800
179.0000	161.0000	46.6885	32.4522
179.0000	192.0000	57.4694	33.6397
179.0000	224.0000	-56.8400	18.7083
180.0000	161.0000	46.6895	32.4523
180.0000	192.0000	57.4694	33.6397
180.0000	224.0000	-56.5614	18.7371
181.0000	161.0000	46.6895	32.4523
181.0000	192.0000	57.4694	33.6397
181.0000	224.0000	-56.2782	18.7665
182.0000	161.0000	46.6895	32.4523
182.0000	192.0000	57.4694	33.6397
182.0000	224.0000	-55.9964	18.7957
183.0000	161.0000	46.6895	32.4523
183.0000	192.0000	57.4694	33.6397
183.0000	224.0000	-55.7287	18.8235
184.0000	161.0000	46.6895	32.4523
184.0000	192.0000	57.4694	33.6397
184.0000	224.0000	-55.4597	18.8514
185.0000	161.0000	46.6895	32.4523
185.0000	192.0000	57.4694	33.6397
185.0000	224.0000	-55.1859	18.8799
186.0000	161.0000	46.6895	32.4523
186.0000	192.0000	57.4694	33.6397
186.0000	224.0000	-54.9072	18.9088
187.0000	161.0000	46.6895	32.4523
187.0000	192.0000	57.4694	33.6397
187.0000	224.0000	-54.6235	18.9383
188.0000	161.0000	46.6895	32.4523
188.0000	192.0000	57.4694	33.6397
188.0000	224.0000	-54.3349	18.9684
189.0000	161.0000	46.6895	32.4523
189.0000	192.0000	57.4694	33.6397
189.0000	224.0000	-54.1310	18.9896
190.0000	161.0000	46.6895	32.4523
190.0000	192.0000	57.4694	33.6397
190.0000	224.0000	-54.1219	18.9906
191.0000	161.0000	46.6895	32.4523
191.0000	192.0000	57.4694	33.6397
191.0000	224.0000	-54.0106	19.0022
192.0000	161.0000	46.6895	32.4523
192.0000	192.0000	57.4694	33.6397
192.0000	224.0000	-53.8484	19.0191
193.0000	161.0000	46.6895	32.4523
193.0000	192.0000	57.4694	33.6397
193.0000	224.0000	-53.6812	19.0366
194.0000	161.0000	46.6895	32.4523
194.0000	192.0000	57.4694	33.6397
194.0000	224.0000	-53.5075	19.0547
195.0000	161.0000	46.6895	32.4523
195.0000	192.0000	57.4694	33.6397
195.0000	224.0000	-53.3325	19.0729
196.0000	161.0000	46.6895	32.4523
196.0000	192.0000	57.4694	33.6397
196.0000	224.0000	-53.1693	19.0900
197.0000	161.0000	46.6895	32.4523
197.0000	192.0000	57.4694	33.6397
197.0000	224.0000	-53.0028	19.1074
198.0000	161.0000	46.6895	32.4523
198.0000	192.0000	57.4694	33.6397
198.0000	224.0000	-52.8304	19.1254
199.0000	161.0000	46.6895	32.4523
199.0000	192.0000	57.4694	33.6397
199.0000	224.0000	-52.6526	19.1441
200.0000	161.0000	46.6895	32.4523
200.0000	192.0000	57.4694	33.6397
200.0000	224.0000	-52.4731	19.1628
201.0000	161.0000	46.6895	32.4523
201.0000	192.0000	57.4694	33.6397
201.0000	224.0000	-52.3750	19.1731
202.0000	161.0000	46.6895	32.4523
202.0000	192.0000	57.4694	33.6397
202.0000	224.0000	-52.3606	19.1751
203.0000	161.0000	46.6895	32.4523
203.0000	192.0000	57.4694	33.6397
203.0000	224.0000	-52.2967	19.1819
204.0000	161.0000	46.6895	32.4523
204.0000	192.0000	57.4694	33.6397
204.0000	224.0000	-52.2289	19.1885
205.0000	161.0000	46.6895	32.4523
205.0000	192.0000	57.4694	33.6397
205.0000	224.0000	-52.1579	19.1956
206.0000	161.0000	46.6895	32.4523
206.0000	192.0000	57.4694	33.6397
206.0000	224.0000	-52.0903	19.2025
207.0000	161.0000	46.6895	32.4523
207.0000	192.0000	57.4694	33.6397
207.0000	224.0000	-52.0219	19.2096
208.0000	161.0000	46.6895	32.4523
208.0000	192.0000	57.4693	33.6397
208.0000	224.0000	-51.9488	19.2172
209.0000	161.0000	46.6895	32.4523
209.0000	192.0000	57.4711	33.6399
209.0000	224.0000	-51.8700	19.2254
210.0000	161.0000	46.6895	32.4523
210.0000	192.0000	57.4773	33.6404
210.0000	224.0000	-51.7853	19.2343
211.0000	161.0000	46.6894	32.4523
211.0000	192.0000	57.4901	33.6420
211.0000	224.0000	-51.6948	19.2437
212.0000	161.0000	46.6905	32.4524
212.0000	192.0000	57.5106	33.6443
212.0000	224.0000	-51.5986	19.2537
213.0000	161.0000	46.6904	32.4524
213.0000	192.0000	57.5129	33.6445
213.0000	224.0000	-51.4968	19.2643
214.0000	161.0000	46.6905	32.4524
214.0000	192.0000	57.5131	33.6445
214.0000	224.0000	-51.3895	19.2755
215.0000	161.0000	46.6905	32.4524
215.0000	192.0000	57.5134	33.6446
215.0000	224.0000	-51.2769	19.2872
216.0000	161.0000	46.6904	32.4524
216.0000	192.0000	57.5136	33.6446
216.0000	224.0000	-51.2221	19.2930
217.0000	161.0000	46.6915	32.4525
217.0000	192.0000	57.5137	33.6446
217.0000	224.0000	-51.2089	19.2942
218.0000	161.0000	46.6914	32.4524
218.0000	192.0000	57.5137	33.6446
218.0000	224.0000	-51.1533	19.3000
219.0000	161.0000	46.6915	32.4525
219.0000	192.0000	57.5137	33.6446
219.0000	224.0000	-51.0958	19.3060
220.0000	161.0000	46.6914	32.4524
220.0000	192.0000	57.5137	33.6446
220.0000	224.0000	-51.0326	19.3126
221.0000	161.0000	46.6914	32.4524
221.0000	192.0000	57.5137	33.6446
221.0000	224.0000	-50.9630	19.3199
222.0000	161.0000	46.6913	32.4524
222.0000	192.0000	57.5137	33.6446
222.0000	224.0000	-50.8872	19.3277
223.0000	161.0000	46.6924	32.4525
223.0000	192.0000	57.5137	33.6446
223.0000	224.0000	-50.8053	19.3363
224.0000	161.0000	46.6923	32.4525
224.0000	192.0000	57.5137	33.6446
224.0000	224.0000	-50.7743	19.3395
225.0000	161.0000	46.6923	32.4525
225.0000	192.0000	57.5137	33.6446
225.0000	224.0000	-50.7504	19.3421
226.0000	161.0000	46.6924	32.4525
226.0000	192.0000	57.5137	33.6446
226.0000	224.0000	-50.7073	19.3466
227.0000	161.0000	46.6924	32.4525
227.0000	192.0000	57.5137	33.6446
227.0000	224.0000	-50.6596	19.3515
228.0000	161.0000	46.6924	32.4525
228.0000	192.0000	57.5137	33.6446
228.0000	224.0000	-50.6057	19.3571
229.0000	161.0000	46.6924	32.4525
229.0000	192.0000	57.5137	33.6446
229.0000	224.0000	-50.5455	19.3633
230.0000	161.0000	46.6924	32.4525
230.0000	192.0000	57.5137	33.6446
230.0000	224.0000	-50.4788	19.3703
231.0000	161.0000	46.6924	32.4525
231.0000	192.0000	57.5137	33.6446
231.0000	224.0000	-50.4057	19.3779
232.0000	161.0000	46.6924	32.4525
232.0000	192.0000	57.5137	33.6446
232.0000	224.0000	-50.3265	19.3862
233.0000	161.0000	46.6923	32.4525
233.0000	192.0000	57.5137	33.6446
233.0000	224.0000	-50.2412	19.3951
234.0000	161.0000	46.6933	32.4526
234.0000	192.0000	57.5137	33.6446
234.0000	224.0000	-50.1501	19.4047
235.0000	161.0000	46.6933	32.4526
235.0000	192.0000	57.5137	33.6446
235.0000	224.0000	-50.0532	19.4148
236.0000	161.0000	46.6933	32.4526
236.0000	192.0000	57.5137	33.6446
236.0000	224.0000	-49.9507	19.4255
237.0000	161.0000	46.6933	32.4526
237.0000	192.0000	57.5137	33.6446
237.0000	224.0000	-49.8427	19.4368
238.0000	161.0000	46.6934	32.4526
238.0000	192.0000	57.5137	33.6446
238.0000	224.0000	-49.7294	19.4487
239.0000	161.0000	46.6934	32.4526
239.0000	192.0000	57.5137	33.6446
239.0000	224.0000	-49.6739	19.4544
240.0000	161.0000	46.6934	32.4526
240.0000	192.0000	57.5137	33.6446
240.0000	224.0000	-49.6608	19.4559
241.0000	161.0000	46.6934	32.4526
241.0000	192.0000	57.5137	33.6446
241.0000	224.0000	-49.6048	19.4617
242.0000	161.0000	46.6934	32.4526
242.0000	192.0000	57.5137	33.6446
242.0000	224.0000	-49.5469	19.4678
243.0000	161.0000	46.6934	32.4526
243.0000	192.0000	57.5137	33.6446
243.0000	224.0000	-49.4834	19.4745
244.0000	161.0000	46.6934	32.4526
244.0000	192.0000	57.5137	33.6446
244.0000	224.0000	-49.4135	19.4818
245.0000	161.0000	46.6934	32.4526
245.0000	192.0000	57.5137	33.6446
245.0000	224.0000	-49.3374	19.4898
246.0000	161.0000	46.6934	32.4526
246.0000	192.0000	57.5137	33.6446
246.0000	224.0000	-49.2551	19.4984
247.0000	161.0000	46.6934	32.4526
247.0000	192.0000	57.5137	33.6446
247.0000	224.0000	-49.1669	19.5077
248.0000	161.0000	46.6934	32.4526
248.0000	192.0000	57.5137	33.6446
248.0000	224.0000	-49.0729	19.5176
249.0000	161.0000	46.6934	32.4526
249.0000	192.0000	57.5137	33.6446
249.0000	224.0000	-48.9732	19.5281
250.0000	161.0000	46.6934	32.4526
250.0000	192.0000	57.5137	33.6446
250.0000	224.0000	-48.8680	19.5392
251.0000	161.0000	46.6934	32.4526
251.0000	192.0000	57.5137	33.6446
251.0000	224.0000	-48.7574	19.5508
252.0000	161.0000	46.6933	32.4526
252.0000	192.0000	57.5137	33.6446
252.0000	224.0000	-48.6415	19.5630
253.0000	161.0000	46.6943	32.4527
253.0000	192.0000	57.5137	33.6446
253.0000	224.0000	-48.5204	19.5757
254.0000	161.0000	46.6943	32.4527
254.0000	192.0000	57.5137	33.6446
254.0000	224.0000	-48.3943	19.5890
255.0000	161.0000	46.6943	32.4527
255.0000	192.0000	57.5137	33.6446
255.0000	224.0000	-48.3229	19.5966
256.0000	161.0000	46.6943	32.4527
256.0000	192.0000	57.5137	33.6446
256.0000	224.0000	-48.3090	19.5978
257.0000	161.0000	46.6943	32.4527
257.0000	192.0000	57.5137	33.6446
257.0000	224.0000	-48.2505	19.6038
258.0000	161.0000	46.6953	32.4528
258.0000	192.0000	57.5137	33.6446
258.0000	224.0000	-48.1888	19.6107
259.0000	161.0000	46.6953	32.4528
259.0000	192.0000	57.5137	33.6446
259.0000	224.0000	-48.1214	19.6181
260.0000	161.0000	46.6953	32.4528
260.0000	192.0000	57.5137	33.6446
260.0000	224.0000	-48.0477	19.6260
261.0000	161.0000	46.6953	32.4528
261.0000	192.0000	57.5137	33.6446
261.0000	224.0000	-47.9679	19.6345
262.0000	161.0000	46.6953	32.4528
262.0000	192.0000	57.5137	33.6446
262.0000	224.0000	-47.8821	19.6436
263.0000	161.0000	46.6953	32.4528
263.0000	192.0000	57.5137	33.6446
263.0000	224.0000	-47.7904	19.6533
264.0000	161.0000	46.6963	32.4529
264.0000	192.0000	57.5137	33.6446
264.0000	224.0000	-47.6929	19.6637
265.0000	161.0000	46.6963	32.4529
265.0000	192.0000	57.5137	33.6446
265.0000	224.0000	-47.6509	19.6681
266.0000	161.0000	46.6963	32.4529
266.0000	192.0000	57.5137	33.6446
266.0000	224.0000	-47.6380	19.6696
267.0000	161.0000	46.6963	32.4529
267.0000	192.0000	57.5137	33.6446
267.0000	224.0000	-47.5903	19.6747
268.0000	161.0000	46.6963	32.4529
268.0000	192.0000	57.5137	33.6446
268.0000	224.0000	-47.5397	19.6800
269.0000	161.0000	46.6973	32.4530
269.0000	192.0000	57.5137	33.6446
269.0000	224.0000	-47.4831	19.6860
270.0000	161.0000	46.6973	32.4530
270.0000	192.0000	57.5137	33.6446
270.0000	224.0000	-47.4201	19.6927
271.0000	161.0000	46.6973	32.4530
271.0000	192.0000	57.5137	33.6446
271.0000	224.0000	-47.3507	19.7001
272.0000	161.0000	46.6973	32.4530
272.0000	192.0000	57.5137	33.6446
272.0000	224.0000	-47.2750	19.7081
273.0000	161.0000	46.6983	32.4531
273.0000	192.0000	57.5137	33.6446
273.0000	224.0000	-47.1932	19.7168
274.0000	161.0000	46.6983	32.4531
274.0000	192.0000	57.5137	33.6446
274.0000	224.0000	-47.1054	19.7262
275.0000	161.0000	46.6983	32.4531
275.0000	192.0000	57.5137	33.6446
275.0000	224.0000	-47.0118	19.7361
276.0000	161.0000	46.6983	32.4531
276.0000	192.0000	57.5137	33.6446
276.0000	224.0000	-46.9125	19.7467
277.0000	161.0000	46.6994	32.4532
277.0000	192.0000	57.5137	33.6446
277.0000	224.0000	-46.8077	19.7578
278.0000	161.0000	46.6993	32.4532
278.0000	192.0000	57.5137	33.6446
278.0000	224.0000	-46.6975	19.7695
279.0000	161.0000	46.6994	32.4532
279.0000	192.0000	57.5137	33.6446
279.0000	224.0000	-46.5819	19.7818
280.0000	161.0000	46.6994	32.4532
280.0000	192.0000	57.5137	33.6446
280.0000	224.0000	-46.4612	19.7947
281.0000	161.0000	46.6994	32.4532
281.0000	192.0000	57.5137	33.6446
281.0000	224.0000	-46.3354	19.8081
282.0000	161.0000	46.6994	32.4532
282.0000	192.0000	57.5137	33.6446
282.0000	224.0000	-46.2047	19.8220
283.0000	161.0000	46.6994	32.4532
283.0000	192.0000	57.5137	33.6446
283.0000	224.0000	-46.0691	19.8364
284.0000	161.0000	46.6994	32.4532
284.0000	192.0000	57.5137	33.6446
284.0000	224.0000	-45.9881	19.8450
285.0000	161.0000	46.6994	32.4532
285.0000	192.0000	57.5137	33.6446
285.0000	224.0000	-45.9743	19.8468
286.0000	161.0000	46.6994	32.4532
286.0000	192.0000	57.5137	33.6446
286.0000	224.0000	-45.9093	19.8539
287.0000	161.0000	46.6994	32.4532
287.0000	192.0000	57.5137	33.6446
287.0000	224.0000	-45.8417	19.8608
288.0000	161.0000	46.6994	32.4532
288.0000	192.0000	57.5137	33.6446
288.0000	224.0000	-45.7687	19.8684
289.0000	161.0000	46.6994	32.4532
289.0000	192.0000	57.5137	33.6446
289.0000	224.0000	-45.6896	19.8767
290.0000	161.0000	46.6994	32.4532
290.0000	192.0000	57.5137	33.6446
290.0000	224.0000	-45.6045	19.8858
291.0000	161.0000	46.6993	32.4532
291.0000	192.0000	57.5137	33.6446
291.0000	224.0000	-45.5134	19.8955
292.0000	161.0000	46.7004	32.4533
292.0000	192.0000	57.5137	33.6446
292.0000	224.0000	-45.4167	19.9058
293.0000	161.0000	46.7003	32.4533
293.0000	192.0000	57.5137	33.6446
293.0000	224.0000	-45.3751	19.9101
294.0000	161.0000	46.7004	32.4533
294.0000	192.0000	57.5137	33.6446
294.0000	224.0000	-45.3623	19.9116
295.0000	161.0000	46.7004	32.4533
295.0000	192.0000	57.5137	33.6446
295.0000	224.0000	-45.3149	19.9167
296.0000	161.0000	46.7005	32.4533
296.0000	192.0000	57.5138	33.6446
296.0000	224.0000	-45.2645	19.9223
297.0000	161.0000	46.6994	32.4529
297.0000	192.0000	57.5127	33.6446
297.0000	224.0000	-45.2089	19.9251
298.0000	161.0000	46.6973	32.4498
298.0000	192.0000	57.5106	33.6421
298.0000	224.0000	-45.1475	19.9236
299.0000	161.0000	46.6581	32.4778
299.0000	192.0000	57.4701	33.6823
299.0000	224.0000	-45.1036	19.8566
300.0000	161.0000	46.6254	32.4715
300.0000	192.0000	57.4362	33.6861
300.0000	224.0000	-45.0493	19.7749
301.0000	161.0000	46.5812	32.4380
301.0000	192.0000	57.3906	33.6662
301.0000	224.0000	-45.0364	19.6342
302.0000	161.0000	46.5195	32.3932
302.0000	192.0000	57.3267	33.6400
302.0000	224.0000	-45.0409	19.4367
303.0000	161.0000	46.4463	32.3350
303.0000	192.0000	57.2510	33.6037
303.0000	224.0000	-45.0383	19.1978
304.0000	161.0000	46.3580	32.2711
304.0000	192.0000	57.1596	33.5664
304.0000	224.0000	-45.0396	18.9151
305.0000	161.0000	46.2680	32.1857
305.0000	192.0000	57.0663	33.5080
305.0000	224.0000	-45.0353	18.6071
306.0000	161.0000	46.1680	32.0948
306.0000	192.0000	56.9625	33.4471
306.0000	224.0000	-45.0304	18.2686
307.0000	161.0000	46.0630	32.0089
307.0000	192.0000	56.8535	33.3929
307.0000	224.0000	-45.0233	17.9224
308.0000	161.0000	45.9477	31.9365
308.0000	192.0000	56.7336	33.3553
308.0000	224.0000	-45.0165	17.5640
309.0000	161.0000	45.8342	31.8619
309.0000	192.0000	56.6154	33.3150
309.0000	224.0000	-45.0016	17.2094
310.0000	161.0000	45.7173	31.7920
310.0000	192.0000	56.4955	33.2808
310.0000	224.0000	-44.9818	16.8519
311.0000	161.0000	45.5886	31.7350
311.0000	192.0000	56.3613	33.2634
311.0000	224.0000	-44.9625	16.4752
312.0000	161.0000	45.4354	31.6824
312.0000	192.0000	56.2013	33.2578
312.0000	224.0000	-44.9494	16.0440
313.0000	161.0000	45.2518	31.6435
313.0000	192.0000	56.0095	33.2753
313.0000	224.0000	-44.9455	15.5502
314.0000	161.0000	45.0186	31.6453
314.0000	192.0000	55.7652	33.3485
314.0000	224.0000	-44.9600	14.9716
315.0000	161.0000	44.7238	31.7097
315.0000	192.0000	55.4559	33.5028
315.0000	224.0000	-44.9968	14.3016
316.0000	161.0000	44.4528	31.7517
316.0000	192.0000	55.1707	33.6269
316.0000	224.0000	-45.0119	13.6747
317.0000	161.0000	44.1896	31.7924
317.0000	192.0000	54.8932	33.7470
317.0000	224.0000	-45.0137	13.0721
318.0000	161.0000	43.9313	31.8284
318.0000	192.0000	54.6205	33.8607
318.0000	224.0000	-45.0627	12.4719
319.0000	161.0000	43.6301	31.9223
319.0000	192.0000	54.3006	34.0456
319.0000	224.0000	-45.1969	11.8069
320.0000	161.0000	43.3582	31.9811
320.0000	192.0000	54.0121	34.1858
320.0000	224.0000	-45.3099	11.1882
321.0000	161.0000	43.0401	32.0985
321.0000	192.0000	53.6739	34.3984
321.0000	224.0000	-45.4369	10.5145
322.0000	161.0000	42.7524	32.1778
322.0000	192.0000	53.3674	34.5632
322.0000	224.0000	-45.5473	9.8834
323.0000	161.0000	42.4157	32.3157
323.0000	192.0000	53.0077	34.8008
323.0000	224.0000	-45.6688	9.1923
324.0000	161.0000	42.0925	32.4352
324.0000	192.0000	52.6618	35.0154
324.0000	224.0000	-45.7795	8.5220
325.0000	161.0000	41.7583	32.5656
325.0000	192.0000	52.3032	35.2436
325.0000	224.0000	-45.8882	7.8401
326.0000	161.0000	41.4157	32.7029
326.0000	192.0000	51.9349	35.4804
326.0000	224.0000	-45.9930	7.1499
327.0000	161.0000	41.0639	32.8465
327.0000	192.0000	51.5557	35.7256
327.0000	224.0000	-46.0935	6.4492
328.0000	161.0000	40.6818	33.0194
328.0000	192.0000	51.1429	36.0082
328.0000	224.0000	-46.1945	5.7114
329.0000	161.0000	40.3128	33.1719
329.0000	192.0000	50.7434	36.2656
329.0000	224.0000	-46.2847	4.9922
330.0000	161.0000	39.9316	33.3327
330.0000	192.0000	50.3296	36.5342
330.0000	224.0000	-46.3698	4.2588
331.0000	161.0000	39.5246	33.5179
331.0000	192.0000	49.8867	36.8336
331.0000	224.0000	-46.4518	3.4966
332.0000	161.0000	39.1736	33.6626
332.0000	192.0000	49.5040	37.0755
332.0000	224.0000	-46.5164	2.8320
333.0000	161.0000	38.8394	33.8031
333.0000	192.0000	49.1389	37.3080
333.0000	224.0000	-46.5700	2.2087
334.0000	161.0000	38.5516	33.9239
334.0000	192.0000	48.8228	37.5073
334.0000	224.0000	-46.6058	1.6767
335.0000	161.0000	38.3466	34.0017
335.0000	192.0000	48.5982	37.6402
335.0000	224.0000	-46.6196	1.2996
336.0000	161.0000	38.2456	34.0401
336.0000	192.0000	48.4874	37.7049
336.0000	224.0000	-46.6114	1.1245
337.0000	161.0000	38.2450	34.0379
337.0000	192.0000	48.4866	37.7023
337.0000	224.0000	-46.5836	1.1341
338.0000	161.0000	38.2448	34.0392
338.0000	192.0000	48.4865	37.7049
338.0000	224.0000	-46.5482	1.1423
339.0000	161.0000	38.2418	34.0228
339.0000	192.0000	48.4834	37.6903
339.0000	224.0000	-46.5071	1.1330
340.0000	161.0000	38.1623	34.0576
340.0000	192.0000	48.3962	37.7474
340.0000	224.0000	-46.4681	1.0059
341.0000	161.0000	38.0053	34.1293
341.0000	192.0000	48.2237	37.8621
341.0000	224.0000	-46.4316	0.7466
342.0000	161.0000	37.7950	34.2195
342.0000	192.0000	47.9925	38.0092
342.0000	224.0000	-46.3943	0.3905
343.0000	161.0000	37.5543	34.3181
343.0000	192.0000	47.7275	38.1725
343.0000	224.0000	-46.3532	-0.0212
344.0000	161.0000	37.2844	34.4248
344.0000	192.0000	47.4300	38.3512
344.0000	224.0000	-46.3083	-0.4846
345.0000	161.0000	36.9630	34.5582
345.0000	192.0000	47.0751	38.5700
345.0000	224.0000	-46.2578	-1.0266
346.0000	161.0000	36.6291	34.6823
346.0000	192.0000	46.7047	38.7821
346.0000	224.0000	-46.1983	-1.5986
347.0000	161.0000	36.2601	34.8287
347.0000	192.0000	46.2939	39.0248
347.0000	224.0000	-46.1298	-2.2172
348.0000	161.0000	35.9028	34.9628
348.0000	192.0000	45.8980	39.2517
348.0000	224.0000	-46.0505	-2.8063
349.0000	161.0000	35.5544	35.0924
349.0000	192.0000	45.5106	39.4710
349.0000	224.0000	-45.9609	-3.3724
350.0000	161.0000	35.2161	35.2072
350.0000	192.0000	45.1336	39.6725
350.0000	224.0000	-45.8617	-3.9228
351.0000	161.0000	34.8365	35.3460
351.0000	192.0000	44.7099	39.9081
351.0000	224.0000	-45.7515	-4.5265
352.0000	161.0000	34.4485	35.4811
352.0000	192.0000	44.2761	40.1412
352.0000	224.0000	-45.6311	-5.1398
353.0000	161.0000	34.0565	35.6133
353.0000	192.0000	43.8369	40.3716
353.0000	224.0000	-45.5004	-5.7531
354.0000	161.0000	33.6572	35.7436
354.0000	192.0000	43.3887	40.6010
354.0000	224.0000	-45.3592	-6.3718
355.0000	161.0000	33.2479	35.8728
355.0000	192.0000	42.9286	40.8310
355.0000	224.0000	-45.2072	-6.9999
356.0000	161.0000	32.8340	35.9995
356.0000	192.0000	42.4613	41.0584
356.0000	224.0000	-45.0446	-7.6299
357.0000	161.0000	32.4155	36.1221
357.0000	192.0000	41.9889	41.2823
357.0000	224.0000	-44.8716	-8.2585
358.0000	161.0000	31.9919	36.2417
358.0000	192.0000	41.5098	41.5036
358.0000	224.0000	-44.6881	-8.8879
359.0000	136.0000	71.1722	36.3793
359.0000	161.0000	31.5635	36.3580
359.0000	192.0000	41.0243	41.7216
359.0000	224.0000	-44.4942	-9.5173
360.0000	136.0000	70.7004	36.9799
360.0000	161.0000	31.1319	36.4701
360.0000	192.0000	40.5343	41.9355
360.0000	224.0000	-44.2904	-10.1442
361.0000	136.0000	70.2500	37.5281
361.0000	161.0000	30.6975	36.5781
361.0000	192.0000	40.0402	42.1449
361.0000	224.0000	-44.0794	-10.7694
362.0000	136.0000	69.7639	38.1172
362.0000	161.0000	30.2601	36.6818
362.0000	192.0000	39.5418	42.3499
362.0000	224.0000	-43.8474	-11.3850
363.0000	136.0000	69.2705	38.7020
363.0000	161.0000	29.8202	36.7811
363.0000	192.0000	39.0395	42.5500
363.0000	224.0000	-43.6044	-11.9954
364.0000	136.0000	68.7663	39.2859
364.0000	161.0000	29.3784	36.8758
364.0000	192.0000	38.5341	42.7451
364.0000	224.0000	-43.3514	-12.6005
365.0000	136.0000	68.2506	39.8698
365.0000	161.0000	28.9347	36.9658
365.0000	192.0000	38.0256	42.9350
365.0000	224.0000	-43.0886	-13.1998
366.0000	136.0000	67.7235	40.4533
366.0000	161.0000	28.4892	37.0511
366.0000	192.0000	37.5141	43.1196
366.0000	224.0000	-42.8162	-13.7931
367.0000	136.0000	67.1626	41.0701
367.0000	161.0000	28.0216	37.1459
367.0000	192.0000	36.9762	43.3177
367.0000	224.0000	-42.5287	-14.4017
368.0000	136.0000	66.6151	41.6470
368.0000	161.0000	27.5753	37.2197
368.0000	192.0000	36.4619	43.4891
368.0000	224.0000	-42.2393	-14.9798
369.0000	136.0000	66.0902	42.1789
369.0000	161.0000	27.1230	37.2919
369.0000	192.0000	35.9396	43.6593
369.0000	224.0000	-41.9407	-15.5573
370.0000	136.0000	65.5734	42.6862
370.0000	161.0000	26.6711	37.3582
370.0000	192.0000	35.4169	43.8225
370.0000	224.0000	-41.6244	-16.1191
371.0000	136.0000	65.0285	43.2155
371.0000	161.0000	26.2186	37.4193
371.0000	192.0000	34.8925	43.9797
371.0000	224.0000	-41.2986	-16.6722
372.0000	136.0000	64.4781	43.7375
372.0000	161.0000	25.7655	37.4753
372.0000	192.0000	34.3664	44.1310
372.0000	224.0000	-40.9643	-17.2171
373.0000	136.0000	63.9183	44.2568
373.0000	161.0000	25.3119	37.5260
373.0000	192.0000	33.8390	44.2762
373.0000	224.0000	-40.6217	-17.7531
374.0000	136.0000	63.3484	44.7740
374.0000	161.0000	24.8580	37.5715
374.0000	192.0000	33.3100	44.4153
374.0000	224.0000	-40.2709	-18.2805
375.0000	136.0000	62.7683	45.2890
375.0000	161.0000	24.4037	37.6118
375.0000	192.0000	32.7797	44.5485
375.0000	224.0000	-39.9123	-18.7991
376.0000	136.0000	62.1656	45.8176
376.0000	161.0000	23.9372	37.6540
376.0000	192.0000	32.2342	44.6850
376.0000	224.0000	-39.5416	-19.3201
377.0000	136.0000	61.5990	46.2859
377.0000	161.0000	23.5025	37.6722
377.0000	192.0000	31.7251	44.7901
377.0000	224.0000	-39.1765	-19.8014
378.0000	136.0000	61.0343	46.7391
378.0000	161.0000	23.0736	37.6826
378.0000	192.0000	31.2218	44.8855
378.0000	224.0000	-38.8100	-20.2714
379.0000	136.0000	60.4772	47.1703
379.0000	161.0000	22.6579	37.6810
379.0000	192.0000	30.7332	44.9655
379.0000	224.0000	-38.4355	-20.7148
380.0000	136.0000	59.9270	47.5811
380.0000	161.0000	22.2572	37.6705
380.0000	192.0000	30.2601	45.0326
380.0000	224.0000	-38.0578	-21.1354
381.0000	136.0000	59.3870	47.9686
381.0000	161.0000	21.8696	37.6463
381.0000	192.0000	29.8034	45.0838
381.0000	224.0000	-37.7402	-21.5878
382.0000	136.0000	58.8658	48.3237
382.0000	161.0000	21.5035	37.6070
382.0000	192.0000	29.3710	45.1145
382.0000	224.0000	-37.5667	-22.1430
383.0000	136.0000	58.3649	48.6463
383.0000	161.0000	21.1599	37.5531
383.0000	192.0000	28.9643	45.1259
383.0000	224.0000	-37.4061	-22.6839
384.0000	136.0000	57.9721	48.8398
384.0000	161.0000	20.9071	37.4499
384.0000	192.0000	28.6649	45.0705
384.0000	224.0000	-37.2854	-23.1420
385.0000	136.0000	57.5789	49.0370
385.0000	161.0000	20.6213	37.3627
385.0000	192.0000	28.3257	45.0372
385.0000	224.0000	-37.1449	-23.6317
386.0000	136.0000	57.2448	49.1672
386.0000	161.0000	20.3703	37.2563
386.0000	192.0000	28.0275	44.9780
386.0000	224.0000	-37.0196	-24.0902
387.0000	136.0000	56.9723	49.2236
387.0000	161.0000	20.1880	37.1144
387.0000	192.0000	27.8107	44.8701
387.0000	224.0000	-36.9276	-24.4870
388.0000	136.0000	56.6776	49.3033
388.0000	161.0000	19.9890	36.9806
388.0000	192.0000	27.5736	44.7735
388.0000	224.0000	-36.8239	-24.8997
389.0000	136.0000	56.4773	49.2786
389.0000	161.0000	19.8663	36.8084
389.0000	192.0000	27.4274	44.6242
389.0000	224.0000	-36.7596	-25.2429
390.0000	136.0000	56.2524	49.2798
390.0000	161.0000	19.7288	36.6436
390.0000	192.0000	27.2632	44.4852
390.0000	224.0000	-36.6849	-25.6006
391.0000	136.0000	56.0473	49.2579
391.0000	161.0000	19.6113	36.4698
391.0000	192.0000	27.1219	44.3328
391.0000	224.0000	-36.6195	-25.9409
392.0000	136.0000	55.9075	49.1648
392.0000	161.0000	19.5466	36.2689
392.0000	192.0000	27.0445	44.1440
392.0000	224.0000	-36.5837	-26.2322
393.0000	136.0000	55.7332	49.1082
393.0000	161.0000	19.4595	36.0794
393.0000	192.0000	26.9401	43.9709
393.0000	224.0000	-36.5334	-26.5449
394.0000	136.0000	55.6073	48.9988
394.0000	161.0000	19.4125	35.8700
394.0000	192.0000	26.8837	43.7703
394.0000	224.0000	-36.5063	-26.8205
395.0000	136.0000	55.5062	48.8701
395.0000	161.0000	19.3525	35.6671
395.0000	192.0000	26.8117	43.5788
395.0000	224.0000	-36.4704	-27.1087
396.0000	136.0000	55.4770	48.6681
396.0000	161.0000	19.3313	35.4450
396.0000	192.0000	26.7861	43.3608
396.0000	224.0000	-36.4580	-27.3608
397.0000	136.0000	55.4354	48.4795
397.0000	161.0000	19.3021	35.2270
397.0000	192.0000	26.7511	43.1484
397.0000	224.0000	-36.4400	-27.6206
398.0000	136.0000	55.4357	48.2461
398.0000	161.0000	19.3035	34.9938
398.0000	192.0000	26.7527	42.9148
398.0000	224.0000	-36.4412	-27.8516
399.0000	136.0000	55.4278	48.0221
399.0000	161.0000	19.2981	34.7640
399.0000	192.0000	26.7462	42.6861
399.0000	224.0000	-36.4376	-28.0893
400.0000	136.0000	55.4446	47.7713
400.0000	161.0000	19.3108	34.5250
400.0000	192.0000	26.7616	42.4446
400.0000	224.0000	-36.4460	-28.3096
401.0000	136.0000	55.4528	47.5301
401.0000	161.0000	19.3170	34.2894
401.0000	192.0000	26.7690	42.2079
401.0000	224.0000	-36.4498	-28.5364
402.0000	136.0000	55.4624	47.2872
402.0000	161.0000	19.3242	34.0533
402.0000	192.0000	26.7777	41.9703
402.0000	224.0000	-36.4537	-28.7613
403.0000	136.0000	55.4648	47.0522
403.0000	161.0000	19.3259	33.8199
403.0000	192.0000	26.7798	41.7366
403.0000	224.0000	-36.4547	-28.9923
404.0000	136.0000	55.4951	46.7860
404.0000	161.0000	19.3483	33.5756
404.0000	192.0000	26.8070	41.4878
404.0000	224.0000	-36.4704	-29.2027
405.0000	136.0000	55.5730	46.4666
405.0000	161.0000	19.4059	33.3127
405.0000	192.0000	26.8769	41.2132
405.0000	224.0000	-36.5110	-29.3782
406.0000	136.0000	55.6760	46.1189
406.0000	161.0000	19.4818	33.0399
406.0000	192.0000	26.9691	40.9249
406.0000	224.0000	-36.5648	-29.5350
407.0000	136.0000	55.8538	45.6853
407.0000	161.0000	19.6129	32.7370
407.0000	192.0000	27.1285	40.5949
407.0000	224.0000	-36.6591	-29.6355
408.0000	136.0000	56.0500	45.2289
408.0000	161.0000	19.7575	32.4257
408.0000	192.0000	27.3046	40.2535
408.0000	224.0000	-36.7635	-29.7211
409.0000	136.0000	56.3320	44.6693
409.0000	161.0000	19.9666	32.0783
409.0000	192.0000	27.5584	39.8614
409.0000	224.0000	-36.9161	-29.7389
410.0000	136.0000	56.6180	44.1005
410.0000	161.0000	20.1782	31.7264
410.0000	192.0000	27.8162	39.4641
410.0000	224.0000	-37.0717	-29.7509
411.0000	136.0000	56.9912	43.4199
411.0000	161.0000	20.4551	31.3338
411.0000	192.0000	28.1539	39.0110
411.0000	224.0000	-37.2783	-29.6897
412.0000	136.0000	57.3520	42.7463
412.0000	161.0000	20.7235	30.9427
412.0000	192.0000	28.4814	38.5602
412.0000	224.0000	-37.4792	-29.6334
413.0000	136.0000	57.7953	41.9580
413.0000	161.0000	21.0548	30.5088
413.0000	192.0000	28.8858	38.0510
413.0000	224.0000	-37.7304	-29.5022
414.0000	136.0000	58.2114	41.1924
414.0000	161.0000	21.3669	30.0816
414.0000	192.0000	29.2670	37.5514
414.0000	224.0000	-37.9678	-29.3862
415.0000	136.0000	58.7019	40.3131
415.0000	161.0000	21.7370	29.6110
415.0000	192.0000	29.7192	36.9929
415.0000	224.0000	-38.2526	-29.1961
416.0000	136.0000	59.2012	39.4039
416.0000	161.0000	22.1157	29.1272
416.0000	192.0000	30.1823	36.4169
416.0000	224.0000	-38.5455	-28.9867
417.0000	136.0000	59.6682	38.5209
417.0000	161.0000	22.4728	28.6517
417.0000	192.0000	30.6180	35.8520
417.0000	224.0000	-38.8220	-28.7952
418.0000	136.0000	60.1916	37.5346
418.0000	161.0000	22.8757	28.1341
418.0000	192.0000	31.1110	35.2312
418.0000	224.0000	-39.1361	-28.5337
419.0000	136.0000	60.6667	36.5978
419.0000	161.0000	23.2434	27.6333
419.0000	192.0000	31.5609	34.6337
419.0000	224.0000	-39.4184	-28.3019
420.0000	136.0000	61.1913	35.5596
420.0000	161.0000	23.6530	27.0912
420.0000	192.0000	32.0636	33.9821
420.0000	224.0000	-39.7307	-27.9996
421.0000	136.0000	61.6644	34.5773
421.0000	161.0000	24.0252	26.5681
421.0000	192.0000	32.5202	33.3563
421.0000	224.0000	-40.0082	-27.7300
422.0000	136.0000	62.1779	33.5000
422.0000	161.0000	24.4330	26.0055
422.0000	192.0000	33.0199	32.6771
422.0000	224.0000	-40.3118	-27.3951
423.0000	136.0000	62.6388	32.4829
423.0000	161.0000	24.8038	25.4642
423.0000	192.0000	33.4733	32.0266
423.0000	224.0000	-40.5791	-27.0954
424.0000	136.0000	63.1325	31.3764
424.0000	161.0000	25.2037	24.8847
424.0000	192.0000	33.9637	31.3259
424.0000	224.0000	-40.8676	-26.7348
425.0000	136.0000	63.6049	30.2755
425.0000	161.0000	25.5906	24.3047
425.0000	192.0000	34.4381	30.6251
425.0000	224.0000	-41.1405	-26.3749
426.0000	136.0000	64.0394	29.2129
426.0000	161.0000	25.9510	23.7370
426.0000	192.0000	34.8801	29.9416
426.0000	224.0000	-41.3869	-26.0369
427.0000	136.0000	64.4928	28.0768
427.0000	161.0000	26.3313	23.1374
427.0000	192.0000	35.3467	29.2157
427.0000	224.0000	-41.6466	-25.6493
428.0000	136.0000	64.8993	27.0017
428.0000	161.0000	26.6764	22.5602
428.0000	192.0000	35.7704	28.5205
428.0000	224.0000	-41.8735	-25.3002
429.0000	136.0000	65.3209	25.8545
429.0000	161.0000	27.0401	21.9504
429.0000	192.0000	36.2170	27.7821
429.0000	224.0000	-42.1137	-24.9023
430.0000	136.0000	65.6990	24.7673
430.0000	161.0000	27.3703	21.3633
430.0000	192.0000	36.6226	27.0748
430.0000	224.0000	-42.3206	-24.5422
431.0000	136.0000	66.0880	23.6122
431.0000	161.0000	27.7156	20.7456
431.0000	192.0000	37.0469	26.3268
431.0000	224.0000	-42.5372	-24.1364
432.0000	136.0000	66.4361	22.5168
432.0000	161.0000	28.0294	20.1505
432.0000	192.0000	37.4327	25.6096
432.0000	224.0000	-42.7731	-23.7960
433.0000	136.0000	66.7912	21.3578
433.0000	161.0000	28.3553	19.5263
433.0000	192.0000	37.8338	24.8540
433.0000	224.0000	-43.0331	-23.4206
434.0000	136.0000	67.1086	20.2569
434.0000	161.0000	28.6529	18.9248
434.0000	192.0000	38.1988	24.1286
434.0000	224.0000	-43.2487	-23.0722
435.0000	136.0000	67.4295	19.0965
435.0000	161.0000	28.9593	18.2954
435.0000	192.0000	38.5761	23.3669
435.0000	224.0000	-43.4743	-22.6849
436.0000	136.0000	67.7159	17.9923
436.0000	161.0000	29.2384	17.6878
436.0000	192.0000	38.9199	22.6348
436.0000	224.0000	-43.6719	-22.3318
437.0000	136.0000	68.0030	16.8323
437.0000	161.0000	29.5251	17.0541
437.0000	192.0000	39.2733	21.8682
437.0000	224.0000	-43.8732	-21.9402
438.0000	136.0000	68.2584	15.7267
438.0000	161.0000	29.7864	16.4418
438.0000	192.0000	39.5955	21.1305
438.0000	224.0000	-44.0473	-21.5819
439.0000	136.0000	68.5122	14.5682
439.0000	161.0000	30.0535	15.8045
439.0000	192.0000	39.9252	20.3599
439.0000	224.0000	-44.2236	-21.1874
440.0000	136.0000	68.7460	13.4239
440.0000	161.0000	30.3076	15.1710
440.0000	192.0000	40.2390	19.5946
440.0000	224.0000	-44.3841	-20.7998
441.0000	136.0000	68.9565	12.3140
441.0000	161.0000	30.5433	14.5509
441.0000	192.0000	40.5304	18.8476
441.0000	224.0000	-44.5236	-20.4339
442.0000	136.0000	69.1613	11.1587
442.0000	161.0000	30.7816	13.9090
442.0000	192.0000	40.8252	18.0718
442.0000	224.0000	-44.6631	-20.0373
443.0000	136.0000	69.3406	10.0547
443.0000	161.0000	30.9984	13.2880
443.0000	192.0000	41.0936	17.3240
443.0000	224.0000	-44.7785	-19.6732
444.0000	136.0000	69.5137	8.9027
444.0000	161.0000	31.2178	12.6437
444.0000	192.0000	41.3672	16.5462
444.0000	224.0000	-44.8942	-19.2774
445.0000	136.0000	69.6634	7.8013
445.0000	161.0000	31.4172	12.0204
445.0000	192.0000	41.6216	15.7985
445.0000	224.0000	-44.9869	-18.9141
446.0000	136.0000	69.8054	6.6533
446.0000	161.0000	31.6180	11.3744
446.0000	192.0000	41.8722	15.0185
446.0000	224.0000	-45.0793	-18.5204
447.0000	136.0000	69.9261	5.5550
447.0000	161.0000	31.8001	10.7491
447.0000	192.0000	42.0987	14.2658
447.0000	224.0000	-45.1500	-18.1592
448.0000	136.0000	70.0377	4.4113
448.0000	161.0000	31.9827	10.1016
448.0000	192.0000	42.3263	13.4839
448.0000	224.0000	-45.2199	-17.7689
449.0000	136.0000	70.1301	3.3160
449.0000	161.0000	32.1478	9.4745
449.0000	192.0000	42.5325	12.7292
449.0000	224.0000	-45.3283	-17.4263
450.0000	136.0000	70.2119	2.1766
450.0000	161.0000	32.3126	8.8256
450.0000	192.0000	42.7384	11.9458
450.0000	224.0000	-45.4916	-17.0678
451.0000	136.0000	70.2764	1.0846
451.0000	161.0000	32.4611	8.1970
451.0000	192.0000	42.9244	11.1893
451.0000	224.0000	-45.5986	-16.7294
452.0000	136.0000	70.3280	-0.0266
452.0000	161.0000	32.6047	7.5580
452.0000	192.0000	43.1045	10.4193
452.0000	224.0000	-45.7021	-16.3776
453.0000	136.0000	70.3652	-1.1199
453.0000	161.0000	32.7375	6.9259
453.0000	192.0000	43.2716	9.6584
453.0000	224.0000	-45.7921	-16.0358
454.0000	136.0000	70.3894	-2.2463
454.0000	161.0000	32.8671	6.2769
454.0000	192.0000	43.4350	8.8754
454.0000	224.0000	-45.8772	-15.6719
455.0000	136.0000	70.3996	-3.3316
455.0000	161.0000	32.9832	5.6456
455.0000	192.0000	43.5819	8.1159
455.0000	224.0000	-45.9441	-15.3340
456.0000	136.0000	70.3957	-4.4562
456.0000	161.0000	33.0962	4.9946
456.0000	192.0000	43.7253	7.3303
456.0000	224.0000	-46.0588	-14.9775
457.0000	136.0000	70.3781	-5.5704
457.0000	161.0000	33.1999	4.3470
457.0000	192.0000	43.8575	6.5494
457.0000	224.0000	-46.1721	-14.6279
458.0000	136.0000	70.3492	-6.6291
458.0000	161.0000	33.2905	3.7272
458.0000	192.0000	43.9734	5.8034
458.0000	224.0000	-46.2574	-14.3034
459.0000	136.0000	70.3108	-7.6086
459.0000	161.0000	33.3702	3.1589
459.0000	192.0000	44.0746	5.1160
459.0000	224.0000	-46.3262	-13.9821
460.0000	136.0000	70.2801	-8.2982
460.0000	161.0000	33.4218	2.7520
460.0000	192.0000	44.1409	4.6271
460.0000	224.0000	-46.3488	-13.7765
461.0000	136.0000	70.2567	-8.7590
461.0000	161.0000	33.4551	2.4810
461.0000	192.0000	44.1838	4.3008
461.0000	224.0000	-46.3387	-13.6323
462.0000	136.0000	70.2554	-8.8193
462.0000	161.0000	33.4603	2.4445
462.0000	192.0000	44.1903	4.2572
462.0000	224.0000	-46.2784	-13.6138
463.0000	136.0000	70.2549	-8.8181
463.0000	161.0000	33.4600	2.4455
463.0000	192.0000	44.1899	4.2584
463.0000	224.0000	-46.2156	-13.6057
464.0000	136.0000	70.2532	-8.8139
464.0000	161.0000	33.4590	2.4477
464.0000	192.0000	44.1889	4.2610
464.0000	224.0000	-46.1513	-13.5948
465.0000	136.0000	70.2519	-8.8100
465.0000	161.0000	33.4593	2.4502
465.0000	192.0000	44.1881	4.2636
465.0000	224.0000	-46.0830	-13.5851
466.0000	136.0000	70.2511	-8.8072
466.0000	161.0000	33.4608	2.4519
466.0000	192.0000	44.1876	4.2653
466.0000	224.0000	-46.0179	-13.5773
467.0000	136.0000	70.2509	-8.8061
467.0000	161.0000	33.4600	2.4523
467.0000	192.0000	44.1875	4.2659
467.0000	224.0000	-45.9517	-13.5706
468.0000	136.0000	70.2510	-8.8063
468.0000	161.0000	33.4600	2.4522
468.0000	192.0000	44.1876	4.2658
468.0000	224.0000	-45.8800	-13.5655
469.0000	136.0000	70.2511	-8.8072
469.0000	161.0000	33.4601	2.4518
469.0000	192.0000	44.1876	4.2654
469.0000	224.0000	-45.8023	-13.5595
470.0000	136.0000	70.2510	-8.8069
470.0000	161.0000	33.4602	2.4515
470.0000	192.0000	44.1876	4.2649
470.0000	224.0000	-45.7187	-13.5543
471.0000	136.0000	70.2510	-8.8073
471.0000	161.0000	33.4602	2.4513
471.0000	192.0000	44.1887	4.2648
471.0000	224.0000	-45.6292	-13.5487
472.0000	136.0000	70.2510	-8.8074
472.0000	161.0000	33.4602	2.4512
472.0000	192.0000	44.1895	4.2649
472.0000	224.0000	-45.5341	-13.5419
473.0000	136.0000	70.2510	-8.8074
473.0000	161.0000	33.4602	2.4512
473.0000	192.0000	44.1920	4.2654
473.0000	224.0000	-45.4332	-13.5366
474.0000	136.0000	70.2510	-8.8074
474.0000	161.0000	33.4602	2.4513
474.0000	192.0000	44.1923	4.2655
474.0000	224.0000	-45.3268	-13.5310
475.0000	136.0000	70.2509	-8.8056
475.0000	161.0000	33.4601	2.4517
475.0000	192.0000	44.1923	4.2660
475.0000	224.0000	-45.2149	-13.5260
476.0000	136.0000	70.2503	-8.8135
476.0000	161.0000	33.4607	2.4471
476.0000	192.0000	44.1930	4.2604
476.0000	224.0000	-45.1615	-13.5206
477.0000	136.0000	70.2480	-8.8466
477.0000	161.0000	33.4629	2.4283
477.0000	192.0000	44.1960	4.2374
477.0000	224.0000	-45.1658	-13.5070
478.0000	136.0000	70.2366	-9.0065
478.0000	161.0000	33.4736	2.3386
478.0000	192.0000	44.2101	4.1271
478.0000	224.0000	-45.1835	-13.4444
479.0000	136.0000	70.2172	-9.2863
479.0000	161.0000	33.4919	2.1757
479.0000	192.0000	44.2341	3.9295
479.0000	224.0000	-45.2144	-13.3513
480.0000	136.0000	70.1884	-9.7098
480.0000	161.0000	33.5185	1.9257
480.0000	192.0000	44.2689	3.6285
480.0000	224.0000	-45.2458	-13.2255
481.0000	136.0000	70.1506	-10.2377
481.0000	161.0000	33.5503	1.6148
481.0000	192.0000	44.3107	3.2539
481.0000	224.0000	-45.3019	-13.0691
482.0000	136.0000	70.1029	-10.8518
482.0000	161.0000	33.5864	1.2544
482.0000	192.0000	44.3568	2.8189
482.0000	224.0000	-45.3662	-12.8846
483.0000	136.0000	70.0458	-11.5284
483.0000	161.0000	33.6218	0.8530
483.0000	192.0000	44.4038	2.3359
483.0000	224.0000	-45.4351	-12.6894
484.0000	136.0000	69.9744	-12.2933
484.0000	161.0000	33.6583	0.4016
484.0000	192.0000	44.4526	1.7917
484.0000	224.0000	-45.5120	-12.4606
485.0000	136.0000	69.8926	-13.0969
485.0000	161.0000	33.6925	-0.0742
485.0000	192.0000	44.4989	1.2183
485.0000	224.0000	-45.5862	-12.2219
486.0000	136.0000	69.7984	-13.9434
486.0000	161.0000	33.7239	-0.5765
486.0000	192.0000	44.5420	0.6130
486.0000	224.0000	-45.6579	-11.9698
487.0000	136.0000	69.6911	-14.8282
487.0000	161.0000	33.7515	-1.1028
487.0000	192.0000	44.5809	-0.0210
487.0000	224.0000	-45.7233	-11.7062
488.0000	136.0000	69.5718	-15.7371
488.0000	161.0000	33.7744	-1.6448
488.0000	192.0000	44.6143	-0.6738
488.0000	224.0000	-45.7807	-11.4361
489.0000	136.0000	69.4402	-16.6662
489.0000	161.0000	33.7921	-2.2000
489.0000	192.0000	44.6416	-1.3425
489.0000	224.0000	-45.8312	-11.1604
490.0000	136.0000	69.2955	-17.6152
490.0000	161.0000	33.8042	-2.7686
490.0000	192.0000	44.6622	-2.0271
490.0000	224.0000	-45.8738	-10.8798
491.0000	136.0000	69.1310	-18.6100
491.0000	161.0000	33.8101	-3.3625
491.0000	192.0000	44.6759	-2.7440
491.0000	224.0000	-45.9112	-10.5744
492.0000	136.0000	68.9612	-19.5833
492.0000	161.0000	33.8098	-3.9488
492.0000	192.0000	44.6817	-3.4497
492.0000	224.0000	-45.9360	-10.2894
493.0000	136.0000	68.7725	-20.5928
493.0000	161.0000	33.8023	-4.5574
493.0000	192.0000	44.6792	-4.1827
493.0000	224.0000	-45.9545	-9.9923
494.0000	136.0000	68.5536	-21.6806
494.0000	161.0000	33.7889	-5.2115
494.0000	192.0000	44.6666	-4.9721
494.0000	224.0000	-45.9695	-9.6604
495.0000	136.0000	68.3327	-22.7298
495.0000	161.0000	33.7666	-5.8484
495.0000	192.0000	44.6460	-5.7384
495.0000	224.0000	-46.0196	-9.3516
496.0000	136.0000	68.0874	-23.8157
496.0000	161.0000	33.7349	-6.5042
496.0000	192.0000	44.6144	-6.5300
496.0000	224.0000	-46.0886	-9.0121
497.0000	136.0000	67.8425	-24.8556
497.0000	161.0000	33.6976	-7.1382
497.0000	192.0000	44.5756	-7.2928
497.0000	224.0000	-46.1488	-8.7016
498.0000	136.0000	67.5711	-25.9318
498.0000	161.0000	33.6498	-7.7916
498.0000	192.0000	44.5246	-8.0816
498.0000	224.0000	-46.1928	-8.3647
499.0000	136.0000	67.2982	-26.9744
499.0000	161.0000	33.5962	-8.4302
499.0000	192.0000	44.4667	-8.8501
499.0000	224.0000	-46.2236	-8.0535
500.0000	136.0000	66.9669	-28.1562
500.0000	161.0000	33.5240	-9.1509
500.0000	192.0000	44.3876	-9.7202
500.0000	224.0000	-46.2523	-7.6814
501.0000	136.0000	66.5670	-29.4865
501.0000	161.0000	33.4288	-9.9573
501.0000	192.0000	44.2819	-10.6977
501.0000	224.0000	-46.2768	-7.2389
502.0000	136.0000	66.1402	-30.8381
502.0000	161.0000	33.3196	-10.7799
502.0000	192.0000	44.1594	-11.6943
502.0000	224.0000	-46.2877	-6.7942
503.0000	136.0000	65.7266	-32.1106
503.0000	161.0000	33.2074	-11.5657
503.0000	192.0000	44.0326	-12.6413
503.0000	224.0000	-46.2814	-6.4097
504.0000	136.0000	65.2525	-33.4699
504.0000	161.0000	33.0744	-12.4002
504.0000	192.0000	43.8772	-13.6509
504.0000	224.0000	-46.2674	-5.9721
505.0000	136.0000	64.7699	-34.8061
505.0000	161.0000	32.9314	-13.2322
505.0000	192.0000	43.7104	-14.6517
505.0000	224.0000	-46.2412	-5.5675
506.0000	136.0000	64.1512	-36.3702
506.0000	161.0000	32.7349	-14.1877
506.0000	192.0000	43.4842	-15.8148
506.0000	224.0000	-46.2107	-5.0240
507.0000	136.0000	63.5203	-37.9106
507.0000	161.0000	32.5264	-15.1424
507.0000	192.0000	43.2430	-16.9713
507.0000	224.0000	-46.1630	-4.5231
508.0000	136.0000	62.7785	-39.5983
508.0000	161.0000	32.2710	-16.1842
508.0000	192.0000	42.9464	-18.2378
508.0000	224.0000	-46.1026	-3.9433
509.0000	136.0000	61.9750	-41.3338
509.0000	161.0000	31.9840	-17.2625
509.0000	192.0000	42.6121	-19.5475
509.0000	224.0000	-46.0250	-3.3548
510.0000	136.0000	61.0979	-43.1260
510.0000	161.0000	31.6600	-18.3820
510.0000	192.0000	42.2336	-20.9069
510.0000	224.0000	-45.9297	-2.7501
511.0000	136.0000	60.1438	-44.9698
511.0000	161.0000	31.2964	-19.5403
511.0000	192.0000	41.8076	-22.3130
511.0000	224.0000	-45.8152	-2.1300
512.0000	136.0000	59.0543	-46.9333
512.0000	161.0000	30.8688	-20.7728
512.0000	192.0000	41.3053	-23.8140
512.0000	224.0000	-45.6794	-1.4422
513.0000	136.0000	57.9084	-48.8909
513.0000	161.0000	30.4068	-22.0123
513.0000	192.0000	40.7614	-25.3219
513.0000	224.0000	-45.5222	-0.7675
514.0000	136.0000	56.8156	-50.6915
514.0000	161.0000	29.9576	-23.1680
514.0000	192.0000	40.2302	-26.7218
514.0000	224.0000	-45.3517	-0.1918
515.0000	136.0000	55.8556	-52.2653
515.0000	161.0000	29.5545	-24.2067
515.0000	192.0000	39.7540	-27.9664
515.0000	224.0000	-45.1785	0.2126
516.0000	136.0000	54.6877	-54.0053
516.0000	161.0000	29.0540	-25.3361
516.0000	192.0000	39.1621	-29.3345
516.0000	224.0000	-44.9816	0.7614
517.0000	136.0000	53.5151	-55.6809
517.0000	161.0000	28.5429	-26.4336
517.0000	192.0000	38.5570	-30.6617
517.0000	224.0000	-44.7733	1.2701
518.0000	136.0000	52.3431	-57.2838
518.0000	161.0000	28.0237	-27.4919
518.0000	192.0000	37.9418	-31.9410
518.0000	224.0000	-44.5553	1.7451
519.0000	136.0000	51.4088	-58.5893
519.0000	161.0000	27.6050	-28.3821
519.0000	192.0000	37.4453	-33.0017
519.0000	224.0000	-44.3541	2.0110
520.0000	136.0000	50.3277	-59.9824
520.0000	161.0000	27.1140	-29.3203
520.0000	192.0000	36.8628	-34.1298
520.0000	224.0000	-44.1332	2.3675
521.0000	136.0000	49.1197	-61.4431
521.0000	161.0000	26.5585	-30.2991
521.0000	192.0000	36.2035	-35.3129
521.0000	224.0000	-43.8960	2.7819
522.0000	136.0000	47.9480	-62.8023
522.0000	161.0000	26.0140	-31.2123
522.0000	192.0000	35.5569	-36.4183
522.0000	224.0000	-43.6562	3.1630
523.0000	136.0000	47.2676	-63.6994
523.0000	161.0000	25.6961	-31.8583
523.0000	192.0000	35.1790	-37.1739
523.0000	224.0000	-43.4683	3.1994
524.0000	136.0000	46.3503	-64.7415
524.0000	161.0000	25.2625	-32.5786
524.0000	192.0000	34.6639	-38.0370
524.0000	224.0000	-43.2545	3.4037
525.0000	136.0000	45.5697	-65.6229
525.0000	161.0000	24.8910	-33.1954
525.0000	192.0000	34.2224	-38.7728
525.0000	224.0000	-43.0511	3.5168
526.0000	161.0000	24.6464	-33.6510
526.0000	192.0000	33.9316	-39.3052
526.0000	224.0000	-42.8716	3.4812
527.0000	161.0000	24.3353	-34.1470
527.0000	192.0000	33.5620	-39.8961
527.0000	224.0000	-42.6857	3.5281
528.0000	161.0000	23.9673	-34.6877
528.0000	192.0000	33.1247	-40.5459
528.0000	224.0000	-42.4824	3.6330
529.0000	161.0000	23.5274	-35.2841
529.0000	192.0000	32.6020	-41.2691
529.0000	224.0000	-42.2701	3.7984
530.0000	161.0000	23.0340	-35.9209
530.0000	192.0000	32.0153	-42.0444
530.0000	224.0000	-42.0421	4.0016
531.0000	161.0000	22.5833	-36.5309
531.0000	192.0000	31.4792	-42.7778
531.0000	224.0000	-41.8278	4.1137
532.0000	161.0000	22.1735	-37.1104
532.0000	192.0000	30.9916	-43.4671
532.0000	224.0000	-41.6216	4.1502
533.0000	161.0000	21.8214	-37.6149
533.0000	192.0000	30.5726	-44.0641
533.0000	224.0000	-41.4339	4.1137
534.0000	161.0000	21.4898	-38.0410
534.0000	192.0000	30.1782	-44.5754
534.0000	224.0000	-41.2499	4.0951
535.0000	161.0000	21.3008	-38.3128
535.0000	192.0000	29.9522	-44.8944
535.0000	224.0000	-41.1030	3.9556
536.0000	161.0000	21.1956	-38.4564
536.0000	192.0000	29.8271	-45.0640
536.0000	224.0000	-40.9759	3.7805
537.0000	161.0000	21.1676	-38.4751
537.0000	192.0000	29.7939	-45.0892
537.0000	224.0000	-40.8714	3.5853
538.0000	161.0000	21.1667	-38.4772
538.0000	192.0000	29.7929	-45.0918
538.0000	224.0000	-40.7736	3.3634
539.0000	161.0000	21.1655	-38.4773
539.0000	192.0000	29.7915	-45.0921
539.0000	224.0000	-40.6840	3.1341
540.0000	161.0000	21.1646	-38.4756
540.0000	192.0000	29.7905	-45.0901
540.0000	224.0000	-40.5876	2.9004
541.0000	161.0000	21.1642	-38.4739
541.0000	192.0000	29.7901	-45.0882
541.0000	224.0000	-40.5025	2.6595
542.0000	161.0000	21.1564	-38.4834
542.0000	192.0000	29.7799	-45.0990
542.0000	224.0000	-40.4148	2.4082
543.0000	161.0000	21.0960	-38.5367
543.0000	192.0000	29.7083	-45.1667
543.0000	224.0000	-40.3284	2.1915
544.0000	161.0000	20.9969	-38.6293
544.0000	192.0000	29.5909	-45.2830
544.0000	224.0000	-40.2319	1.9977
545.0000	161.0000	20.9211	-38.7320
545.0000	192.0000	29.5006	-45.4040
545.0000	224.0000	-40.1523	1.7468
546.0000	161.0000	20.8089	-38.8840
546.0000	192.0000	29.3672	-45.5831
546.0000	224.0000	-40.0652	1.5047
547.0000	161.0000	20.6788	-39.0729
547.0000	192.0000	29.2123	-45.8033
547.0000	224.0000	-39.9876	1.2483
548.0000	161.0000	20.5496	-39.2856
548.0000	192.0000	29.0586	-46.0471
548.0000	224.0000	-39.9065	0.9613
549.0000	161.0000	20.3830	-39.5411
549.0000	192.0000	28.8605	-46.3422
549.0000	224.0000	-39.8430	0.6836
550.0000	161.0000	20.2384	-39.8050
550.0000	192.0000	28.6885	-46.6402
550.0000	224.0000	-39.7723	0.3561
551.0000	161.0000	20.0953	-40.0807
551.0000	192.0000	28.5184	-46.9494
551.0000	224.0000	-39.7232	0.0046
552.0000	161.0000	19.9742	-40.3362
552.0000	192.0000	28.3745	-47.2332
552.0000	224.0000	-39.6684	-0.3638
553.0000	161.0000	19.8659	-40.5896
553.0000	192.0000	28.2458	-47.5114
553.0000	224.0000	-39.6331	-0.7655
554.0000	161.0000	19.7646	-40.8527
554.0000	192.0000	28.1256	-47.7973
554.0000	224.0000	-39.5920	-1.1986
555.0000	161.0000	19.6702	-41.1295
555.0000	192.0000	28.0137	-48.0949
555.0000	224.0000	-39.5625	-1.6636
556.0000	161.0000	19.5841	-41.4207
556.0000	192.0000	27.9116	-48.4051
556.0000	224.0000	-39.5317	-2.1621
557.0000	161.0000	19.5085	-41.7274
557.0000	192.0000	27.8212	-48.7276
557.0000	224.0000	-39.5080	-2.6965
558.0000	161.0000	19.5254	-42.0062
558.0000	192.0000	27.8412	-49.0030
558.0000	224.0000	-39.4824	-3.3510
559.0000	161.0000	19.5826	-42.2848
559.0000	192.0000	27.9086	-49.2693
559.0000	224.0000	-39.4621	-4.0716
560.0000	161.0000	19.6348	-42.5801
560.0000	192.0000	27.9703	-49.5535
560.0000	224.0000	-39.4381	-4.8062
561.0000	161.0000	19.6613	-42.8889
561.0000	192.0000	28.0015	-49.8568
561.0000	224.0000	-39.4158	-5.5197
562.0000	161.0000	19.6684	-43.2117
562.0000	192.0000	28.0099	-50.1781
562.0000	224.0000	-39.3921	-6.2215
563.0000	161.0000	19.7071	-43.5309
563.0000	192.0000	28.0553	-50.4892
563.0000	224.0000	-39.3654	-6.9693
564.0000	161.0000	19.8196	-43.8297
564.0000	192.0000	28.1872	-50.7647
564.0000	224.0000	-39.3288	-7.8078
565.0000	161.0000	20.0622	-44.0816
565.0000	192.0000	28.4713	-50.9665
565.0000	224.0000	-39.2710	-8.7915
566.0000	161.0000	20.4188	-44.2814
566.0000	192.0000	28.8878	-51.0926
566.0000	224.0000	-39.1890	-9.8889
567.0000	161.0000	20.7636	-44.4839
567.0000	192.0000	29.2898	-51.2234
567.0000	224.0000	-39.0958	-10.9850
568.0000	161.0000	21.2154	-44.6282
568.0000	192.0000	29.8153	-51.2736
568.0000	224.0000	-38.9586	-12.1846
569.0000	161.0000	21.6735	-44.7641
569.0000	192.0000	30.3468	-51.3133
569.0000	224.0000	-38.7994	-13.3898
570.0000	161.0000	22.2337	-44.8400
570.0000	192.0000	30.9952	-51.2709
570.0000	224.0000	-38.5886	-14.6885
571.0000	161.0000	22.7945	-44.9209
571.0000	192.0000	31.6423	-51.2323
571.0000	224.0000	-38.3515	-15.9982
572.0000	161.0000	23.5998	-44.8739
572.0000	192.0000	32.5687	-51.0122
572.0000	224.0000	-37.9989	-17.5450
573.0000	161.0000	24.4723	-44.7862
573.0000	192.0000	33.5687	-50.7339
573.0000	224.0000	-37.5696	-19.1615
574.0000	161.0000	25.2325	-44.7628
574.0000	192.0000	34.4371	-50.5416
574.0000	199.0000	39.1622	69.4285
574.0000	224.0000	-37.1437	-20.6871
575.0000	161.0000	26.2479	-44.5775
575.0000	192.0000	35.5920	-50.1280
575.0000	199.0000	37.3604	69.9223
575.0000	224.0000	-36.5481	-22.4403
576.0000	161.0000	27.1611	-44.4459
576.0000	192.0000	36.6265	-49.7869
576.0000	199.0000	35.7212	70.2732
576.0000	224.0000	-35.9457	-24.1064
577.0000	161.0000	28.1636	-44.2444
577.0000	192.0000	37.7572	-49.3517
577.0000	199.0000	33.9072	70.6505
577.0000	224.0000	-35.2310	-25.8447
578.0000	161.0000	29.1234	-44.0594
578.0000	192.0000	38.8349	-48.9389
578.0000	199.0000	32.1538	70.9392
578.0000	224.0000	-34.4819	-27.5436
579.0000	161.0000	30.1199	-43.8386
579.0000	192.0000	39.9456	-48.4769
579.0000	199.0000	30.3238	71.2011
579.0000	224.0000	-33.6432	-29.2595
580.0000	161.0000	31.0892	-43.6212
580.0000	192.0000	41.0239	-48.0212
580.0000	199.0000	28.5238	71.3906
580.0000	224.0000	-32.7581	-30.9453
581.0000	161.0000	31.9394	-43.4883
581.0000	192.0000	41.9642	-47.6747
581.0000	199.0000	26.9358	71.4453
581.0000	224.0000	-31.8979	-32.5225
582.0000	161.0000	32.7909	-43.3540
582.0000	192.0000	42.8957	-47.3242
582.0000	199.0000	25.3512	71.4513
582.0000	224.0000	-30.9869	-34.0839
583.0000	161.0000	33.5717	-43.2798
583.0000	192.0000	43.7392	-47.0497
583.0000	199.0000	23.9072	71.3654
583.0000	224.0000	-30.0825	-35.5674
584.0000	161.0000	34.3223	-43.2367
584.0000	192.0000	44.5393	-46.8125
584.0000	199.0000	22.5324	71.2178
584.0000	224.0000	-29.1698	-37.0215
585.0000	161.0000	35.0661	-43.2139
585.0000	192.0000	45.3152	-46.5957
585.0000	199.0000	21.1965	71.0212
585.0000	224.0000	-28.2052	-38.4384
586.0000	161.0000	35.8125	-43.2218
586.0000	192.0000	46.0606	-46.4075
586.0000	199.0000	19.9113	70.7748
586.0000	224.0000	-27.2347	-39.8396
587.0000	161.0000	36.5482	-43.2625
587.0000	192.0000	46.7709	-46.2549
587.0000	199.0000	18.6867	70.4788
587.0000	224.0000	-26.2419	-41.1908
588.0000	161.0000	37.3042	-43.3399
588.0000	192.0000	47.4416	-46.1361
588.0000	199.0000	17.5315	70.1434
588.0000	224.0000	-25.2554	-42.5071
589.0000	161.0000	37.8967	-43.4094
589.0000	192.0000	48.0666	-46.0556
589.0000	199.0000	16.4574	69.7737
589.0000	224.0000	-24.2659	-43.7517
590.0000	161.0000	38.4888	-43.5092
590.0000	192.0000	48.6549	-46.0057
590.0000	199.0000	15.4500	69.3761
590.0000	224.0000	-23.2888	-44.9608
591.0000	161.0000	39.0397	-43.6084
591.0000	192.0000	49.2267	-45.9652
591.0000	199.0000	14.4753	68.9603
591.0000	224.0000	-22.2913	-46.1180
592.0000	161.0000	39.5794	-43.7321
592.0000	192.0000	49.7667	-45.9529
592.0000	199.0000	13.5597	68.5223
592.0000	224.0000	-21.3051	-47.2419
593.0000	161.0000	40.1127	-43.8790
593.0000	192.0000	50.2859	-45.9657
593.0000	199.0000	12.6848	68.0594
593.0000	224.0000	-20.3091	-48.3198
594.0000	161.0000	40.6474	-44.0304
594.0000	192.0000	50.8051	-45.9844
594.0000	199.0000	11.8169	67.5738
594.0000	224.0000	-19.2954	-49.3941
595.0000	161.0000	41.1766	-44.1968
595.0000	192.0000	51.3126	-46.0218
595.0000	199.0000	10.9753	67.0642
595.0000	224.0000	-18.2676	-50.4314
596.0000	161.0000	41.6991	-44.3821
596.0000	192.0000	51.8048	-46.0823
596.0000	199.0000	10.1664	66.5310
596.0000	224.0000	-17.2406	-51.4566
597.0000	161.0000	42.2202	-44.5801
597.0000	192.0000	52.2888	-46.1577
597.0000	199.0000	9.3785	65.9772
597.0000	224.0000	-16.1990	-52.4392
598.0000	161.0000	42.7413	-44.7896
598.0000	192.0000	52.7659	-46.2466
598.0000	199.0000	8.6099	65.4038
598.0000	224.0000	-15.1530	-53.4207
599.0000	161.0000	43.2901	-45.0076
599.0000	192.0000	53.2409	-46.3432
599.0000	199.0000	7.8529	64.8121
599.0000	224.0000	-14.0893	-54.3576
600.0000	161.0000	43.8539	-45.2348
600.0000	192.0000	53.7124	-46.4496
600.0000	199.0000	7.1103	64.2022
600.0000	224.0000	-13.0182	-55.2925
601.0000	161.0000	44.4332	-45.4782
601.0000	192.0000	54.1734	-46.5746
601.0000	199.0000	6.3929	63.5734
601.0000	224.0000	-11.9447	-56.1836
602.0000	161.0000	45.0028	-45.7451
602.0000	192.0000	54.6146	-46.7305
602.0000	199.0000	5.7149	62.9252
602.0000	224.0000	-10.8843	-57.0625
603.0000	161.0000	45.5484	-46.0456
603.0000	192.0000	55.0283	-46.9280
603.0000	199.0000	5.0880	62.2577
603.0000	224.0000	-9.8481	-57.8978
604.0000	161.0000	46.0739	-46.3783
604.0000	192.0000	55.4154	-47.1668
604.0000	199.0000	4.5103	61.5724
604.0000	224.0000	-8.8368	-58.7247
605.0000	161.0000	46.4425	-46.7339
605.0000	192.0000	55.7777	-47.4457
605.0000	199.0000	3.9788	60.8706
605.0000	224.0000	-7.8519	-59.5091
606.0000	29.0000	8.0611	79.4747
606.0000	161.0000	46.7817	-47.1235
606.0000	192.0000	56.1156	-47.7646
606.0000	199.0000	3.4919	60.1534
606.0000	224.0000	-6.9772	-60.2882
607.0000	29.0000	7.4802	78.7749
607.0000	161.0000	47.1000	-47.5480
607.0000	192.0000	56.4302	-48.1226
607.0000	199.0000	3.0473	59.4219
607.0000	224.0000	-6.3378	-61.1090
608.0000	29.0000	6.9630	78.0572
608.0000	161.0000	47.3859	-48.0133
608.0000	192.0000	56.7151	-48.5279
608.0000	199.0000	2.6527	58.6765
608.0000	224.0000	-5.7420	-61.9081
609.0000	29.0000	6.4846	77.3247
609.0000	161.0000	47.6532	-48.5055
609.0000	192.0000	56.9837	-48.9643
609.0000	199.0000	2.2888	57.9189
609.0000	224.0000	-5.1376	-62.6891
610.0000	29.0000	6.0597	76.5769
610.0000	161.0000	47.8946	-49.0337
610.0000	192.0000	57.2269	-49.4429
610.0000	199.0000	1.9667	57.1491
610.0000	224.0000	-4.5589	-63.4730
611.0000	29.0000	5.6824	75.8149
611.0000	161.0000	48.1132	-49.5956
611.0000	192.0000	57.4473	-49.9605
611.0000	199.0000	1.6817	56.3679
611.0000	224.0000	-4.0050	-64.2562
612.0000	29.0000	5.3293	75.0410
612.0000	161.0000	48.3225	-50.1776
612.0000	192.0000	57.6581	-50.5008
612.0000	199.0000	1.4158	55.5763
612.0000	224.0000	-3.4593	-65.0364
613.0000	29.0000	5.0220	74.2605
613.0000	161.0000	48.5088	-50.7876
613.0000	192.0000	57.8456	-51.0741
613.0000	199.0000	1.1854	54.7804
613.0000	224.0000	-2.9453	-65.8151
614.0000	29.0000	4.7362	73.4946
614.0000	161.0000	48.6860	-51.3912
614.0000	192.0000	58.0238	-51.6434
614.0000	199.0000	0.9718	54.0003
614.0000	224.0000	-2.4576	-66.5682
615.0000	29.0000	4.4725	72.7283
615.0000	161.0000	48.8532	-52.0049
615.0000	192.0000	58.1918	-52.2249
615.0000	199.0000	0.7754	53.2211
615.0000	224.0000	-1.9817	-67.3156
616.0000	29.0000	4.2485	71.9554
616.0000	161.0000	48.9984	-52.6460
616.0000	192.0000	58.3376	-52.8383
616.0000	199.0000	0.6092	52.4374
616.0000	224.0000	-1.5321	-68.0523
617.0000	29.0000	4.0526	71.1756
617.0000	161.0000	49.1284	-53.3085
617.0000	192.0000	58.4681	-53.4762
617.0000	199.0000	0.4643	51.6481
617.0000	224.0000	-1.0987	-68.7873
618.0000	29.0000	3.8880	70.3887
618.0000	161.0000	49.2402	-53.9950
618.0000	192.0000	58.5802	-54.1419
618.0000	199.0000	0.3432	50.8533
618.0000	224.0000	-0.6850	-69.5221
619.0000	29.0000	3.7382	69.5960
619.0000	161.0000	49.3446	-54.6946
619.0000	199.0000	0.2332	50.0535
619.0000	224.0000	-0.2789	-70.2489
620.0000	29.0000	3.6113	68.7975
620.0000	161.0000	49.4352	-55.4132
620.0000	199.0000	0.1406	49.2488
620.0000	224.0000	0.1142	-70.9800
621.0000	29.0000	3.4969	67.9939
621.0000	161.0000	49.5190	-56.1434
621.0000	199.0000	0.0574	48.4397
621.0000	224.0000	0.4989	-71.6990
622.0000	29.0000	3.4011	67.1852
622.0000	161.0000	49.5911	-56.8898
622.0000	199.0000	-0.0120	47.6264
622.0000	224.0000	0.8743	-72.4250
623.0000	29.0000	3.3150	66.3722
623.0000	161.0000	49.6574	-57.6460
623.0000	199.0000	-0.0740	46.8091
623.0000	224.0000	1.2412	-73.1362
624.0000	29.0000	3.2378	65.5549
624.0000	161.0000	49.7186	-58.4115
624.0000	199.0000	-0.1294	45.9881
624.0000	224.0000	1.5243	-73.8822
625.0000	29.0000	3.1764	64.7333
625.0000	161.0000	49.7685	-59.1913
625.0000	199.0000	-0.1733	45.1635
625.0000	224.0000	1.6000	-74.7086
626.0000	29.0000	3.1266	63.9077
626.0000	161.0000	49.8099	-59.9825
626.0000	199.0000	-0.2087	44.3354
626.0000	224.0000	1.7466	-75.4987
627.0000	29.0000	3.0807	63.0786
627.0000	161.0000	49.8492	-60.7795
627.0000	199.0000	-0.2411	43.5041
627.0000	224.0000	1.8726	-76.2988
628.0000	29.0000	3.0437	62.2462
628.0000	161.0000	49.8817	-61.5856
628.0000	199.0000	-0.2671	42.6699
628.0000	224.0000	1.9218	-77.1298
629.0000	29.0000	3.0147	61.4144
629.0000	161.0000	49.9078	-62.3983
629.0000	199.0000	-0.2873	41.8348
629.0000	224.0000	1.9995	-77.9456
630.0000	29.0000	2.9887	60.5889
630.0000	199.0000	-0.3054	41.0070
630.0000	224.0000	2.0768	-78.7536
631.0000	29.0000	2.9621	59.7820
631.0000	199.0000	-0.3239	40.1977
631.0000	224.0000	2.1576	-79.5423
632.0000	29.0000	2.9376	58.9978
632.0000	199.0000	-0.3407	39.4063
633.0000	29.0000	2.9188	58.2403
633.0000	199.0000	-0.3535	38.6338
634.0000	29.0000	2.9029	57.5100
634.0000	199.0000	-0.3645	37.8816
635.0000	29.0000	2.8875	56.8070
635.0000	199.0000	-0.3749	37.1496
636.0000	29.0000	2.8741	56.1418
636.0000	199.0000	-0.3840	36.4484
637.0000	29.0000	2.8631	55.5062
637.0000	199.0000	-0.3916	35.7696
638.0000	29.0000	2.8513	54.8976
638.0000	199.0000	-0.3995	35.1109
639.0000	29.0000	2.8438	54.3122
639.0000	199.0000	-0.4046	34.4690
640.0000	29.0000	2.8372	53.7495
640.0000	199.0000	-0.4091	33.8435
641.0000	29.0000	2.8320	53.2071
641.0000	199.0000	-0.4127	33.2325
642.0000	29.0000	2.8282	52.6818
642.0000	199.0000	-0.4153	32.6345
643.0000	29.0000	2.8257	52.1737
643.0000	199.0000	-0.4174	32.0481
644.0000	29.0000	2.8238	51.6824
644.0000	199.0000	-0.4191	31.4723
645.0000	29.0000	2.8221	51.2069
645.0000	199.0000	-0.4207	30.9066
646.0000	29.0000	2.8211	50.7466
646.0000	199.0000	-0.4221	30.3501
647.0000	29.0000	2.8204	50.3005
647.0000	199.0000	-0.4235	29.8023
648.0000	29.0000	2.8207	49.8677
648.0000	199.0000	-0.4250	29.2624
649.0000	29.0000	2.8209	49.4477
649.0000	199.0000	-0.4264	28.7297
650.0000	29.0000	2.8226	49.0390
650.0000	199.0000	-0.4274	28.2033
651.0000	29.0000	2.8240	48.5736
651.0000	199.0000	-0.4277	27.6788
652.0000	29.0000	2.8238	48.0496
652.0000	199.0000	-0.4273	27.1550
653.0000	29.0000	2.8264	47.5288
653.0000	199.0000	-0.4258	26.6319
654.0000	29.0000	2.8306	47.0077
654.0000	199.0000	-0.4235	26.1095
655.0000	29.0000	2.8363	46.4877
655.0000	199.0000	-0.4203	25.5891
656.0000	29.0000	2.8430	45.9925
656.0000	199.0000	-0.4165	25.0940
657.0000	29.0000	2.8505	45.5196
657.0000	199.0000	-0.4121	24.6216
658.0000	29.0000	2.8597	45.0553
658.0000	199.0000	-0.4069	24.1578
659.0000	29.0000	2.8707	44.5925
659.0000	199.0000	-0.4006	23.6956
660.0000	29.0000	2.8833	44.1313
660.0000	199.0000	-0.3935	23.2352
661.0000	29.0000	2.8972	43.6784
661.0000	199.0000	-0.3858	22.7832
662.0000	29.0000	2.9119	43.2557
662.0000	199.0000	-0.3776	22.3616
663.0000	29.0000	2.9279	42.8654
663.0000	199.0000	-0.3688	21.9727
664.0000	29.0000	2.9464	42.4921
664.0000	199.0000	-0.3586	21.6008
665.0000	29.0000	2.9644	42.1374
665.0000	199.0000	-0.3488	21.2473
666.0000	29.0000	2.9834	41.8001
666.0000	199.0000	-0.3385	20.9114
667.0000	29.0000	3.0034	41.4742
667.0000	199.0000	-0.3278	20.5868
668.0000	29.0000	3.0242	41.1592
668.0000	199.0000	-0.3167	20.2733
669.0000	29.0000	3.0476	40.8544
669.0000	199.0000	-0.3042	19.9702
670.0000	29.0000	3.0685	40.5579
670.0000	199.0000	-0.2932	19.6753
671.0000	29.0000	3.0913	40.2639
671.0000	199.0000	-0.2812	19.3830
672.0000	29.0000	3.1126	39.9727
672.0000	199.0000	-0.2701	19.0934
673.0000	29.0000	3.1362	39.6837
673.0000	199.0000	-0.2578	18.8063
674.0000	29.0000	3.1578	39.3963
674.0000	199.0000	-0.2467	18.5206
675.0000	29.0000	3.1789	39.1104
675.0000	199.0000	-0.2359	18.2363
676.0000	29.0000	3.1976	38.8505
676.0000	199.0000	-0.2263	17.9780
677.0000	29.0000	3.2282	38.6201
677.0000	199.0000	-0.2108	17.7503
678.0000	29.0000	3.2429	38.4014
678.0000	199.0000	-0.2034	17.5328
679.0000	29.0000	3.2617	38.1768
679.0000	199.0000	-0.1939	17.3095
680.0000	29.0000	3.2816	37.9464
680.0000	199.0000	-0.1840	17.0808
681.0000	29.0000	3.3014	37.7171
681.0000	199.0000	-0.1742	16.8532
682.0000	29.0000	3.3173	37.4887
682.0000	199.0000	-0.1663	16.6261
683.0000	29.0000	3.3356	37.2572
683.0000	199.0000	-0.1573	16.3961
684.0000	29.0000	3.3541	37.0241
684.0000	199.0000	-0.1483	16.1678
685.0000	29.0000	3.3724	36.7915
685.0000	199.0000	-0.1394	15.9379
686.0000	29.0000	3.3906	36.5587
686.0000	199.0000	-0.1307	15.7077
687.0000	29.0000	3.4083	36.3299
687.0000	199.0000	-0.1221	15.4885
688.0000	29.0000	3.4240	36.1286
688.0000	199.0000	-0.1147	15.2888
689.0000	29.0000	3.4329	35.9728
689.0000	199.0000	-0.1104	15.1343
690.0000	29.0000	3.4367	35.8679
690.0000	199.0000	-0.1085	15.0306
691.0000	29.0000	3.4379	35.8430
691.0000	199.0000	-0.1080	15.0135
692.0000	29.0000	3.4380	35.8460
692.0000	199.0000	-0.1079	15.0162
693.0000	29.0000	3.4380	35.8524
693.0000	199.0000	-0.1079	15.0211
694.0000	29.0000	3.4380	35.8569
694.0000	199.0000	-0.1079	15.0250
695.0000	29.0000	3.4380	35.8590
695.0000	199.0000	-0.1080	15.0329
696.0000	29.0000	3.4380	35.8597
696.0000	199.0000	-0.1080	15.0482
697.0000	29.0000	3.4380	35.8596
697.0000	199.0000	-0.1081	15.0480
698.0000	29.0000	3.4380	35.8593
698.0000	199.0000	-0.1080	15.0476
699.0000	29.0000	3.4380	35.8589
699.0000	199.0000	-0.1080	15.0474
700.0000	29.0000	3.4380	35.8586
700.0000	199.0000	-0.1080	15.0473
701.0000	29.0000	3.4380	35.8585
701.0000	199.0000	-0.1080	15.0473
702.0000	29.0000	3.4380	35.8585
702.0000	199.0000	-0.1080	15.0473
703.0000	29.0000	3.4380	35.8585
703.0000	199.0000	-0.1080	15.0511
704.0000	29.0000	3.4380	35.8586
704.0000	199.0000	-0.1081	15.0630
705.0000	29.0000	3.4380	35.8586
705.0000	199.0000	-0.1080	15.0632
706.0000	29.0000	3.4380	35.8586
706.0000	199.0000	-0.1081	15.0648
707.0000	29.0000	3.4380	35.8586
707.0000	199.0000	-0.1080	15.0755
708.0000	29.0000	3.4380	35.8586
708.0000	199.0000	-0.1080	15.0762
709.0000	29.0000	3.4380	35.8586
709.0000	199.0000	-0.1080	15.0763
710.0000	29.0000	3.4380	35.8586
710.0000	199.0000	-0.1080	15.0764
711.0000	29.0000	3.4380	35.8586
711.0000	199.0000	-0.1080	15.0765
712.0000	29.0000	3.4380	35.8586
712.0000	199.0000	-0.1081	15.0814
713.0000	29.0000	3.4380	35.8586
713.0000	199.0000	-0.1081	15.0826
714.0000	29.0000	3.4380	35.8586
714.0000	199.0000	-0.1081	15.0825
715.0000	29.0000	3.4380	35.8586
715.0000	199.0000	-0.1081	15.0826
716.0000	29.0000	3.4380	35.8586
716.0000	199.0000	-0.1081	15.0827
717.0000	29.0000	3.4380	35.8586
717.0000	199.0000	-0.1081	15.0827
718.0000	29.0000	3.4380	35.8586
718.0000	199.0000	-0.1081	15.0827
719.0000	29.0000	3.4380	35.8586
719.0000	199.0000	-0.1081	15.0827
720.0000	29.0000	3.4380	35.8586
720.0000	199.0000	-0.1081	15.0827
721.0000	29.0000	3.4380	35.8586
721.0000	199.0000	-0.1081	15.0827
722.0000	29.0000	3.4380	35.8586
722.0000	199.0000	-0.1081	15.0827
723.0000	29.0000	3.4380	35.8586
723.0000	199.0000	-0.1081	15.0827
724.0000	29.0000	3.4380	35.8586
724.0000	199.0000	-0.1081	15.0827
725.0000	29.0000	3.4380	35.8586
725.0000	199.0000	-0.1081	15.0827
726.0000	29.0000	3.4380	35.8586
726.0000	199.0000	-0.1081	15.0827
727.0000	29.0000	3.4380	35.8586
727.0000	199.0000	-0.1081	15.0827
728.0000	29.0000	3.4380	35.8586
728.0000	199.0000	-0.1081	15.0827
729.0000	29.0000	3.4380	35.8586
729.0000	199.0000	-0.1081	15.0827
730.0000	29.0000	3.4380	35.8586
730.0000	199.0000	-0.1081	15.0827
731.0000	29.0000	3.4380	35.8585
731.0000	199.0000	-0.1081	15.0827
732.0000	29.0000	3.4380	35.8602
732.0000	199.0000	-0.1081	15.0827
733.0000	29.0000	3.4384	35.8666
733.0000	199.0000	-0.1081	15.0826
734.0000	29.0000	3.4392	35.8794
734.0000	199.0000	-0.1081	15.0859
735.0000	29.0000	3.4401	35.9003
735.0000	199.0000	-0.1081	15.0870
735.0000	224.0000	11.9903	-78.9662
736.0000	29.0000	3.4415	35.9301
736.0000	199.0000	-0.1081	15.0869
736.0000	224.0000	11.7712	-78.4910
737.0000	29.0000	3.4437	35.9672
737.0000	199.0000	-0.1081	15.0870
737.0000	224.0000	11.5509	-78.0130
738.0000	29.0000	3.4437	35.9754
738.0000	199.0000	-0.1081	15.0870
738.0000	224.0000	11.3045	-77.5462
739.0000	29.0000	3.4436	35.9758
739.0000	199.0000	-0.1081	15.0870
739.0000	224.0000	11.0580	-77.0760
740.0000	29.0000	3.4438	35.9765
740.0000	199.0000	-0.1081	15.0870
740.0000	224.0000	10.7782	-76.6234
741.0000	29.0000	3.4444	35.9867
741.0000	199.0000	-0.1081	15.0870
741.0000	224.0000	10.5103	-76.1603
742.0000	29.0000	3.4453	36.0019
742.0000	199.0000	-0.1081	15.0870
742.0000	224.0000	10.2141	-75.7136
743.0000	29.0000	3.4466	36.0266
743.0000	199.0000	-0.1081	15.0870
743.0000	224.0000	9.9138	-75.2663
744.0000	29.0000	3.4487	36.0580
744.0000	199.0000	-0.1081	15.0870
744.0000	224.0000	9.5919	-74.8327
745.0000	29.0000	3.4507	36.0968
745.0000	199.0000	-0.1081	15.0870
745.0000	224.0000	9.2709	-74.3949
746.0000	29.0000	3.4539	36.1423
746.0000	199.0000	-0.1081	15.0870
746.0000	224.0000	8.9216	-73.9781
747.0000	29.0000	3.4569	36.1947
747.0000	199.0000	-0.1081	15.0870
747.0000	224.0000	8.5764	-73.5544
748.0000	29.0000	3.4615	36.2534
748.0000	199.0000	-0.1081	15.0870
748.0000	224.0000	8.2082	-73.1493
749.0000	29.0000	3.4655	36.3168
749.0000	199.0000	-0.1081	15.0870
749.0000	224.0000	7.8370	-72.7476
750.0000	29.0000	3.4713	36.3851
750.0000	199.0000	-0.1081	15.0870
750.0000	224.0000	7.4405	-72.3621
751.0000	29.0000	3.4778	36.4595
751.0000	199.0000	-0.1081	15.0870
751.0000	224.0000	7.0349	-71.9612
752.0000	29.0000	3.4852	36.5400
752.0000	199.0000	-0.1081	15.0870
752.0000	224.0000	6.5997	-71.5866
753.0000	29.0000	3.4937	36.6265
753.0000	199.0000	-0.1081	15.0870
753.0000	224.0000	6.1624	-71.2081
754.0000	29.0000	3.5034	36.7186
754.0000	199.0000	-0.1081	15.0870
754.0000	224.0000	5.7058	-70.8511
755.0000	29.0000	3.5145	36.8164
755.0000	199.0000	-0.1081	15.0870
755.0000	224.0000	5.2448	-70.4945
756.0000	29.0000	3.5269	36.9196
756.0000	199.0000	-0.1081	15.0870
756.0000	224.0000	4.7623	-70.1664
757.0000	29.0000	3.5409	37.0281
757.0000	199.0000	-0.1081	15.0870
757.0000	224.0000	4.2799	-69.8333
758.0000	29.0000	3.5590	37.1413
758.0000	199.0000	-0.1081	15.0870
758.0000	224.0000	3.7811	-69.5247
759.0000	29.0000	3.5753	37.2601
759.0000	199.0000	-0.1081	15.0870
759.0000	224.0000	3.2734	-69.2258
760.0000	29.0000	3.5981	37.3829
760.0000	199.0000	-0.1081	15.0870
760.0000	224.0000	2.7538	-68.9475
761.0000	29.0000	3.6184	37.5113
761.0000	199.0000	-0.1081	15.0870
761.0000	224.0000	2.2274	-68.6760
762.0000	29.0000	3.6465	37.6431
762.0000	199.0000	-0.1081	15.0870
762.0000	224.0000	1.6872	-68.4325
763.0000	29.0000	3.6714	37.7805
763.0000	199.0000	-0.1081	15.0870
763.0000	224.0000	1.1433	-68.1903
764.0000	29.0000	3.7054	37.9207
764.0000	199.0000	-0.1081	15.0870
764.0000	224.0000	0.5880	-67.9748
765.0000	29.0000	3.7389	38.0656
765.0000	199.0000	-0.1081	15.0870
765.0000	224.0000	0.0271	-67.7664
766.0000	29.0000	3.7737	38.2150
766.0000	199.0000	-0.1081	15.0870
766.0000	224.0000	-0.5443	-67.5885
767.0000	29.0000	3.8170	38.3658
767.0000	199.0000	-0.1081	15.0903
767.0000	224.0000	-1.1197	-67.4148
768.0000	29.0000	3.8600	38.5200
768.0000	199.0000	-0.1081	15.0913
768.0000	224.0000	-1.7024	-67.2679
769.0000	29.0000	3.9127	38.6885
769.0000	199.0000	-0.1081	15.0913
769.0000	224.0000	-2.2909	-67.1335
770.0000	29.0000	3.9679	38.8616
770.0000	199.0000	-0.1081	15.0913
770.0000	224.0000	-2.8846	-67.0234
771.0000	29.0000	4.0291	39.0376
771.0000	199.0000	-0.1081	15.0914
771.0000	224.0000	-3.4826	-66.9214
772.0000	29.0000	4.0989	39.2154
772.0000	199.0000	-0.1081	15.0914
772.0000	224.0000	-4.0855	-66.8577
773.0000	29.0000	4.1657	39.3997
773.0000	199.0000	-0.1081	15.0914
773.0000	224.0000	-4.6912	-66.7973
774.0000	29.0000	4.2452	39.5838
774.0000	199.0000	-0.1081	15.0914
774.0000	224.0000	-5.2985	-66.7545
775.0000	29.0000	4.3284	39.7691
775.0000	199.0000	-0.1081	15.0914
775.0000	224.0000	-5.9096	-66.7374
776.0000	29.0000	4.4195	39.9570
776.0000	199.0000	-0.1081	15.0914
776.0000	224.0000	-6.5209	-66.7518
777.0000	29.0000	4.5210	40.1559
777.0000	199.0000	-0.1081	15.0914
777.0000	224.0000	-7.1351	-66.7618
778.0000	29.0000	4.6248	40.3596
778.0000	199.0000	-0.1081	15.0914
778.0000	224.0000	-7.6652	-66.7871
779.0000	29.0000	4.7474	40.5579
779.0000	199.0000	-0.1081	15.0914
779.0000	224.0000	-7.9074	-66.8119
780.0000	29.0000	4.8678	40.7631
780.0000	199.0000	-0.1081	15.0914
780.0000	224.0000	-7.9261	-66.8051
781.0000	29.0000	5.0111	40.9582
781.0000	199.0000	-0.1081	15.0914
781.0000	224.0000	-7.9432	-66.7980
782.0000	29.0000	5.1447	41.1658
782.0000	199.0000	-0.1081	15.0914
782.0000	224.0000	-7.9500	-66.7960
783.0000	29.0000	5.3032	41.3607
783.0000	199.0000	-0.1081	15.0914
783.0000	224.0000	-7.9540	-66.7953
784.0000	29.0000	5.4663	41.5560
784.0000	199.0000	-0.1081	15.0914
784.0000	224.0000	-7.9644	-66.7959
785.0000	29.0000	5.6332	41.7497
785.0000	199.0000	-0.1081	15.0914
785.0000	224.0000	-7.9752	-66.7968
786.0000	29.0000	5.8286	41.9356
786.0000	199.0000	-0.1081	15.0914
786.0000	224.0000	-7.9932	-66.7983
787.0000	29.0000	6.0378	42.1137
787.0000	199.0000	-0.1081	15.0914
787.0000	224.0000	-8.0204	-66.8004
788.0000	29.0000	6.2338	42.3159
788.0000	199.0000	-0.1081	15.0914
788.0000	224.0000	-8.0569	-66.8032
789.0000	29.0000	6.4615	42.4879
789.0000	199.0000	-0.1081	15.0914
789.0000	224.0000	-8.1013	-66.8066
790.0000	29.0000	6.6347	42.6011
790.0000	199.0000	-0.1081	15.0914
790.0000	224.0000	-8.1477	-66.8111
791.0000	29.0000	6.6288	42.6205
791.0000	199.0000	-0.1081	15.0914
791.0000	224.0000	-8.1980	-66.8146
792.0000	29.0000	6.6321	42.6288
792.0000	199.0000	-0.1081	15.0914
792.0000	224.0000	-8.2108	-66.8160
793.0000	29.0000	6.6994	42.6697
793.0000	199.0000	-0.1081	15.0914
793.0000	224.0000	-8.2114	-66.8162
794.0000	29.0000	6.7778	42.7210
794.0000	199.0000	-0.1081	15.0914
794.0000	224.0000	-8.2125	-66.8161
795.0000	29.0000	6.8597	42.7761
795.0000	199.0000	-0.1081	15.0914
795.0000	224.0000	-8.2130	-66.8161
796.0000	29.0000	6.9444	42.8324
796.0000	199.0000	-0.1081	15.0914
796.0000	224.0000	-8.2133	-66.8161
797.0000	29.0000	7.0261	42.8810
797.0000	199.0000	-0.1081	15.0914
797.0000	224.0000	-8.2135	-66.8161
798.0000	29.0000	7.1078	42.9342
798.0000	199.0000	-0.1081	15.0914
798.0000	224.0000	-8.2134	-66.8160
799.0000	29.0000	7.1426	42.9561
799.0000	199.0000	-0.1081	15.0914
799.0000	224.0000	-8.2167	-66.8164
800.0000	29.0000	7.1419	42.9583
800.0000	199.0000	-0.1081	15.0914
800.0000	224.0000	-8.2251	-66.8170
801.0000	29.0000	7.1441	42.9587
801.0000	199.0000	-0.1081	15.0914
801.0000	224.0000	-8.2350	-66.8178
802.0000	29.0000	7.1458	42.9584
802.0000	199.0000	-0.1081	15.0914
802.0000	224.0000	-8.2526	-66.8193
803.0000	29.0000	7.1466	42.9583
803.0000	199.0000	-0.1081	15.0914
803.0000	224.0000	-8.2781	-66.8216
804.0000	29.0000	7.1470	42.9583
804.0000	199.0000	-0.1081	15.0914
804.0000	224.0000	-8.3114	-66.8240
805.0000	29.0000	7.1471	42.9583
805.0000	199.0000	-0.1081	15.0914
805.0000	224.0000	-8.3503	-66.8272
806.0000	29.0000	7.1471	42.9584
806.0000	199.0000	-0.1081	15.0913
806.0000	224.0000	-8.3899	-66.8309
807.0000	29.0000	7.1471	42.9584
807.0000	199.0000	-0.1081	15.0946
807.0000	224.0000	-8.4341	-66.8343
808.0000	29.0000	7.1471	42.9584
808.0000	199.0000	-0.1082	15.1057
808.0000	224.0000	-8.4858	-66.8391
809.0000	29.0000	7.1471	42.9584
809.0000	199.0000	-0.1082	15.1058
809.0000	224.0000	-8.5449	-66.8437
810.0000	29.0000	7.1471	42.9584
810.0000	199.0000	-0.1082	15.1058
810.0000	224.0000	-8.6093	-66.8497
811.0000	29.0000	7.1471	42.9584
811.0000	199.0000	-0.1082	15.1060
811.0000	224.0000	-8.6226	-66.8508
812.0000	29.0000	7.1471	42.9584
812.0000	199.0000	-0.1082	15.1061
812.0000	224.0000	-8.6235	-66.8508
813.0000	29.0000	7.1471	42.9584
813.0000	199.0000	-0.1082	15.1062
813.0000	224.0000	-8.6248	-66.8509
814.0000	29.0000	7.1471	42.9584
814.0000	199.0000	-0.1082	15.1062
814.0000	224.0000	-8.6255	-66.8509
815.0000	29.0000	7.1471	42.9584
815.0000	199.0000	-0.1082	15.1062
815.0000	224.0000	-8.6258	-66.8510
816.0000	29.0000	7.1471	42.9584
816.0000	199.0000	-0.1082	15.1062
816.0000	224.0000	-8.6260	-66.8510
817.0000	29.0000	7.1471	42.9584
817.0000	199.0000	-0.1082	15.1096
817.0000	224.0000	-8.6261	-66.8510
818.0000	29.0000	7.1471	42.9584
818.0000	199.0000	-0.1082	15.1208
818.0000	224.0000	-8.6261	-66.8510
819.0000	29.0000	7.1471	42.9584
819.0000	199.0000	-0.1083	15.1401
819.0000	224.0000	-8.6260	-66.8510
820.0000	29.0000	7.1471	42.9584
820.0000	199.0000	-0.1082	15.1416
820.0000	224.0000	-8.6281	-66.8511
821.0000	29.0000	7.1471	42.9584
821.0000	199.0000	-0.1082	15.1416
821.0000	224.0000	-8.6365	-66.8518
822.0000	29.0000	7.1471	42.9584
822.0000	199.0000	-0.1082	15.1420
822.0000	224.0000	-8.6500	-66.8528
823.0000	29.0000	7.1471	42.9584
823.0000	199.0000	-0.1082	15.1423
823.0000	224.0000	-8.6734	-66.8548
824.0000	29.0000	7.1485	42.9596
824.0000	199.0000	-0.1082	15.1424
824.0000	224.0000	-8.7038	-66.8573
825.0000	29.0000	7.1494	42.9600
825.0000	199.0000	-0.1082	15.1425
825.0000	224.0000	-8.7414	-66.8607
826.0000	29.0000	7.1494	42.9600
826.0000	199.0000	-0.1082	15.1425
826.0000	224.0000	-8.7861	-66.8644
827.0000	29.0000	7.1495	42.9599
827.0000	199.0000	-0.1082	15.1425
827.0000	224.0000	-8.8374	-66.8688
828.0000	29.0000	7.1504	42.9605
828.0000	199.0000	-0.1082	15.1425
828.0000	224.0000	-8.8953	-66.8740
829.0000	29.0000	7.1504	42.9605
829.0000	199.0000	-0.1082	15.1425
829.0000	224.0000	-8.9595	-66.8797
830.0000	29.0000	7.1504	42.9605
830.0000	199.0000	-0.1082	15.1425
830.0000	224.0000	-9.0285	-66.8855
831.0000	29.0000	7.1504	42.9605
831.0000	199.0000	-0.1082	15.1425
831.0000	224.0000	-9.1022	-66.8921
832.0000	29.0000	7.1504	42.9605
832.0000	199.0000	-0.1082	15.1425
832.0000	224.0000	-9.1821	-66.8992
833.0000	29.0000	7.1504	42.9605
833.0000	199.0000	-0.1082	15.1425
833.0000	224.0000	-9.2679	-66.9067
834.0000	29.0000	7.1504	42.9605
834.0000	199.0000	-0.1082	15.1425
834.0000	224.0000	-9.3596	-66.9148
835.0000	29.0000	7.1504	42.9605
835.0000	199.0000	-0.1082	15.1425
835.0000	224.0000	-9.4570	-66.9237
836.0000	29.0000	7.1504	42.9605
836.0000	199.0000	-0.1082	15.1425
836.0000	224.0000	-9.5599	-66.9333
837.0000	29.0000	7.1503	42.9604
837.0000	199.0000	-0.1082	15.1425
837.0000	224.0000	-9.6683	-66.9436
838.0000	29.0000	7.1518	42.9616
838.0000	199.0000	-0.1082	15.1425
838.0000	224.0000	-9.7820	-66.9548
839.0000	29.0000	7.1594	42.9657
839.0000	199.0000	-0.1082	15.1425
839.0000	224.0000	-9.9008	-66.9670
840.0000	29.0000	7.1712	42.9719
840.0000	199.0000	-0.1082	15.1425
840.0000	224.0000	-10.0246	-66.9816
841.0000	29.0000	7.1913	42.9839
841.0000	199.0000	-0.1082	15.1425
841.0000	224.0000	-10.1535	-66.9958
842.0000	29.0000	7.2168	42.9991
842.0000	199.0000	-0.1082	15.1425
842.0000	224.0000	-10.2868	-67.0136
843.0000	29.0000	7.2493	43.0164
843.0000	199.0000	-0.1082	15.1425
843.0000	224.0000	-10.4251	-67.0307
844.0000	29.0000	7.2556	43.0220
844.0000	199.0000	-0.1082	15.1425
844.0000	224.0000	-10.5676	-67.0524
845.0000	29.0000	7.2556	43.0226
845.0000	199.0000	-0.1082	15.1425
845.0000	224.0000	-10.7148	-67.0728
846.0000	29.0000	7.2566	43.0225
846.0000	199.0000	-0.1082	15.1425
846.0000	224.0000	-10.8658	-67.0990
847.0000	29.0000	7.2671	43.0276
847.0000	199.0000	-0.1082	15.1425
847.0000	224.0000	-11.0210	-67.1233
848.0000	29.0000	7.2824	43.0354
848.0000	199.0000	-0.1082	15.1425
848.0000	224.0000	-11.1772	-67.1539
849.0000	29.0000	7.3040	43.0476
849.0000	199.0000	-0.1082	15.1425
849.0000	224.0000	-11.3501	-67.1876
850.0000	29.0000	7.3053	43.0494
850.0000	199.0000	-0.1082	15.1425
850.0000	224.0000	-11.5277	-67.2250
851.0000	29.0000	7.3054	43.0497
851.0000	199.0000	-0.1082	15.1425
851.0000	224.0000	-11.7097	-67.2654
852.0000	29.0000	7.3058	43.0497
852.0000	199.0000	-0.1082	15.1425
852.0000	224.0000	-11.8958	-67.3094
853.0000	29.0000	7.3062	43.0496
853.0000	199.0000	-0.1082	15.1425
853.0000	224.0000	-12.0859	-67.3570
854.0000	29.0000	7.3063	43.0495
854.0000	199.0000	-0.1082	15.1425
854.0000	224.0000	-12.2798	-67.4083
855.0000	29.0000	7.3064	43.0496
855.0000	199.0000	-0.1082	15.1425
855.0000	224.0000	-12.4756	-67.4659
856.0000	29.0000	7.3064	43.0496
856.0000	199.0000	-0.1082	15.1425
856.0000	224.0000	-12.6747	-67.5222
857.0000	29.0000	7.3064	43.0496
857.0000	199.0000	-0.1082	15.1425
857.0000	224.0000	-12.8872	-67.5902
858.0000	29.0000	7.3064	43.0496
858.0000	199.0000	-0.1082	15.1425
858.0000	224.0000	-13.1040	-67.6630
859.0000	29.0000	7.3064	43.0496
859.0000	199.0000	-0.1082	15.1425
859.0000	224.0000	-13.3255	-67.7376
860.0000	29.0000	7.3064	43.0496
860.0000	199.0000	-0.1082	15.1425
860.0000	224.0000	-13.5485	-67.8222
861.0000	29.0000	7.3064	43.0496
861.0000	199.0000	-0.1082	15.1425
861.0000	224.0000	-13.7772	-67.9053
862.0000	29.0000	7.3064	43.0496
862.0000	199.0000	-0.1082	15.1425
862.0000	224.0000	-14.0058	-68.0012
863.0000	29.0000	7.3064	43.0496
863.0000	199.0000	-0.1082	15.1425
863.0000	224.0000	-14.2396	-68.0965
864.0000	29.0000	7.3064	43.0496
864.0000	199.0000	-0.1082	15.1425
864.0000	224.0000	-14.4749	-68.1994
865.0000	29.0000	7.3064	43.0496
865.0000	199.0000	-0.1082	15.1425
865.0000	224.0000	-14.7075	-68.3089
866.0000	29.0000	7.3064	43.0496
866.0000	199.0000	-0.1082	15.1425
866.0000	224.0000	-14.9524	-68.4236
867.0000	29.0000	7.3064	43.0496
867.0000	199.0000	-0.1082	15.1425
867.0000	224.0000	-15.1984	-68.5535
868.0000	29.0000	7.3064	43.0496
868.0000	199.0000	-0.1082	15.1424
868.0000	224.0000	-15.4521	-68.6790
869.0000	29.0000	7.3064	43.0496
869.0000	199.0000	-0.1082	15.1457
869.0000	224.0000	-15.7018	-68.8221
870.0000	29.0000	7.3064	43.0496
870.0000	199.0000	-0.1082	15.1567
870.0000	224.0000	-15.9591	-68.9611
871.0000	29.0000	7.3064	43.0496
871.0000	199.0000	-0.1083	15.1575
871.0000	224.0000	-16.2116	-69.1173
872.0000	29.0000	7.3064	43.0496
872.0000	199.0000	-0.1083	15.1575
872.0000	224.0000	-16.4705	-69.2715
873.0000	29.0000	7.3064	43.0496
873.0000	199.0000	-0.1082	15.1576
873.0000	224.0000	-16.7257	-69.4398
874.0000	29.0000	7.3064	43.0496
874.0000	199.0000	-0.1082	15.1578
874.0000	224.0000	-16.9871	-69.6065
875.0000	29.0000	7.3064	43.0496
875.0000	199.0000	-0.1082	15.1578
875.0000	224.0000	-17.2413	-69.7910
876.0000	29.0000	7.3064	43.0496
876.0000	199.0000	-0.1082	15.1579
876.0000	224.0000	-17.5017	-69.9663
877.0000	29.0000	7.3064	43.0496
877.0000	199.0000	-0.1082	15.1579
877.0000	224.0000	-17.7581	-70.1652
878.0000	29.0000	7.3064	43.0496
878.0000	199.0000	-0.1082	15.1579
878.0000	224.0000	-18.0268	-70.3625
879.0000	29.0000	7.3064	43.0496
879.0000	199.0000	-0.1082	15.1579
879.0000	224.0000	-18.2894	-70.5755
880.0000	29.0000	7.3064	43.0496
880.0000	199.0000	-0.1082	15.1579
880.0000	224.0000	-18.5599	-70.7860
881.0000	29.0000	7.3063	43.0495
881.0000	199.0000	-0.1082	15.1579
881.0000	224.0000	-18.8221	-71.0132
882.0000	29.0000	7.3082	43.0507
882.0000	199.0000	-0.1082	15.1579
882.0000	224.0000	-19.0914	-71.2387
883.0000	29.0000	7.3133	43.0527
883.0000	199.0000	-0.1082	15.1579
883.0000	224.0000	-19.3531	-71.4791
884.0000	29.0000	7.3272	43.0605
884.0000	199.0000	-0.1082	15.1579
884.0000	224.0000	-19.6210	-71.7189
885.0000	29.0000	7.3472	43.0706
885.0000	199.0000	-0.1082	15.1579
885.0000	224.0000	-19.8813	-71.9726
886.0000	29.0000	7.3729	43.0852
886.0000	199.0000	-0.1082	15.1578
886.0000	224.0000	-20.1464	-72.2270
887.0000	29.0000	7.4053	43.1028
887.0000	199.0000	-0.1082	15.1611
887.0000	224.0000	-20.4045	-72.4940
888.0000	29.0000	7.4447	43.1220
888.0000	199.0000	-0.1083	15.1726
888.0000	224.0000	-20.6638	-72.7650
889.0000	29.0000	7.4888	43.1467
889.0000	199.0000	-0.1084	15.1916
889.0000	224.0000	-20.9194	-73.0445
890.0000	29.0000	7.5404	43.1710
890.0000	199.0000	-0.1085	15.2188
890.0000	224.0000	-21.1713	-73.3267
891.0000	29.0000	7.5954	43.1979
891.0000	199.0000	-0.1086	15.2540
891.0000	224.0000	-21.4272	-73.6192
892.0000	29.0000	7.6556	43.2262
892.0000	199.0000	-0.1087	15.2968
892.0000	224.0000	-21.6849	-73.9200
893.0000	29.0000	7.7204	43.2598
893.0000	199.0000	-0.1088	15.3470
893.0000	224.0000	-21.9446	-74.2251
894.0000	29.0000	7.7933	43.2905
894.0000	199.0000	-0.1090	15.4045
894.0000	224.0000	-22.1504	-74.4683
895.0000	29.0000	7.8709	43.3250
895.0000	199.0000	-0.1092	15.4694
895.0000	224.0000	-22.2016	-74.5305
896.0000	29.0000	7.9548	43.3596
896.0000	199.0000	-0.1094	15.5418
896.0000	224.0000	-22.2685	-74.6132
897.0000	29.0000	8.0440	43.3961
897.0000	199.0000	-0.1096	15.6218
897.0000	224.0000	-22.3828	-74.7572
898.0000	29.0000	8.1390	43.4333
898.0000	199.0000	-0.1098	15.7092
898.0000	224.0000	-22.5015	-74.9081
899.0000	29.0000	8.2396	43.4712
899.0000	199.0000	-0.1101	15.8039
899.0000	224.0000	-22.6244	-75.0635
900.0000	29.0000	8.3458	43.5097
900.0000	199.0000	-0.1104	15.9057
900.0000	224.0000	-22.7507	-75.2221
901.0000	29.0000	8.4575	43.5485
901.0000	199.0000	-0.1107	16.0147
901.0000	224.0000	-22.8720	-75.3774
902.0000	29.0000	8.5149	43.5647
902.0000	199.0000	-0.1110	16.1305
902.0000	224.0000	-22.9903	-75.5278
903.0000	29.0000	8.5127	43.5698
903.0000	199.0000	-0.1114	16.2533
903.0000	224.0000	-23.1120	-75.6827
904.0000	29.0000	8.5153	43.5701
904.0000	199.0000	-0.1117	16.3827
904.0000	224.0000	-23.2374	-75.8421
905.0000	29.0000	8.5172	43.5693
905.0000	199.0000	-0.1119	16.4420
905.0000	224.0000	-23.3656	-76.0049
906.0000	29.0000	8.5182	43.5687
906.0000	199.0000	-0.1119	16.4408
906.0000	224.0000	-23.4913	-76.1641
907.0000	29.0000	8.5187	43.5685
907.0000	199.0000	-0.1119	16.4441
907.0000	224.0000	-23.6093	-76.3133
908.0000	29.0000	8.5188	43.5685
908.0000	199.0000	-0.1120	16.4465
909.0000	29.0000	8.5199	43.5688
909.0000	199.0000	-0.1120	16.4478
910.0000	29.0000	8.5199	43.5689
910.0000	199.0000	-0.1120	16.4485
911.0000	29.0000	8.5200	43.5689
911.0000	199.0000	-0.1120	16.4488
912.0000	29.0000	8.5200	43.5689
912.0000	199.0000	-0.1120	16.4490
913.0000	29.0000	8.5200	43.5689
913.0000	199.0000	-0.1120	16.4490
914.0000	29.0000	8.5199	43.5689
914.0000	199.0000	-0.1120	16.4491
915.0000	29.0000	8.5220	43.5697
915.0000	199.0000	-0.1120	16.4491
916.0000	29.0000	8.5300	43.5723
916.0000	199.0000	-0.1120	16.4491
917.0000	29.0000	8.5309	43.5728
917.0000	199.0000	-0.1120	16.4492
918.0000	29.0000	8.5311	43.5711
918.0000	199.0000	-0.1119	16.4474
919.0000	29.0000	8.5316	43.5653
919.0000	199.0000	-0.1117	16.4417
920.0000	29.0000	8.4984	43.5471
920.0000	199.0000	-0.1252	16.4174
921.0000	29.0000	8.5054	43.4941
921.0000	199.0000	-0.1223	16.3660
922.0000	29.0000	8.5140	43.4065
922.0000	199.0000	-0.1197	16.2790
923.0000	29.0000	8.5330	43.2902
923.0000	199.0000	-0.1147	16.1631
924.0000	29.0000	8.5582	43.1631
924.0000	199.0000	-0.1108	16.0325
925.0000	29.0000	8.5938	43.0225
925.0000	199.0000	-0.1045	15.8876
926.0000	29.0000	8.6336	42.8715
926.0000	199.0000	-0.0997	15.7307
927.0000	29.0000	8.6450	42.7333
927.0000	199.0000	-0.0957	15.5919
928.0000	29.0000	8.6503	42.6457
928.0000	199.0000	-0.0936	15.5056
929.0000	29.0000	8.6512	42.6350
929.0000	199.0000	-0.0934	15.4975
930.0000	29.0000	8.6516	42.6374
930.0000	199.0000	-0.0934	15.4992
931.0000	29.0000	8.6518	42.6429
931.0000	199.0000	-0.0934	15.5034
932.0000	29.0000	8.6558	42.6482
932.0000	199.0000	-0.0934	15.5068
933.0000	29.0000	8.6641	42.6523
933.0000	199.0000	-0.0934	15.5087
934.0000	29.0000	8.6818	42.6583
934.0000	199.0000	-0.0934	15.5093
935.0000	29.0000	8.7063	42.6659
935.0000	199.0000	-0.0934	15.5092
936.0000	29.0000	8.7081	42.6668
936.0000	199.0000	-0.0934	15.5089
937.0000	29.0000	8.7110	42.6676
937.0000	199.0000	-0.0934	15.5085
938.0000	29.0000	8.7121	42.6677
938.0000	199.0000	-0.0934	15.5083
939.0000	29.0000	8.7141	42.6678
939.0000	199.0000	-0.0934	15.5082
940.0000	29.0000	8.7209	42.6698
940.0000	199.0000	-0.0934	15.5082
941.0000	29.0000	8.7213	42.6702
941.0000	199.0000	-0.0934	15.5082
942.0000	29.0000	8.7214	42.6702
942.0000	199.0000	-0.0934	15.5083
943.0000	29.0000	8.7215	42.6702
943.0000	199.0000	-0.0934	15.5083
944.0000	29.0000	8.7215	42.6702
944.0000	199.0000	-0.0934	15.5083
945.0000	29.0000	8.7216	42.6702
945.0000	199.0000	-0.0934	15.5083
946.0000	29.0000	8.7216	42.6702
946.0000	199.0000	-0.0934	15.5083
947.0000	29.0000	8.7215	42.6702
947.0000	199.0000	-0.0934	15.5083
948.0000	29.0000	8.7239	42.6710
948.0000	199.0000	-0.0934	15.5083
949.0000	29.0000	8.7312	42.6733
949.0000	199.0000	-0.0934	15.5083
950.0000	29.0000	8.7436	42.6765
950.0000	199.0000	-0.0934	15.5083
951.0000	29.0000	8.7654	42.6829
951.0000	199.0000	-0.0934	15.5083
952.0000	29.0000	8.7944	42.6908
952.0000	199.0000	-0.0934	15.5083
953.0000	29.0000	8.8301	42.7017
953.0000	199.0000	-0.0934	15.5083
954.0000	29.0000	8.8727	42.7141
954.0000	199.0000	-0.0934	15.5083
955.0000	29.0000	8.9218	42.7283
955.0000	199.0000	-0.0934	15.5083
956.0000	29.0000	8.9774	42.7425
956.0000	199.0000	-0.0934	15.5083
957.0000	29.0000	8.9928	42.7481
957.0000	199.0000	-0.0934	15.5083
958.0000	29.0000	8.9931	42.7492
958.0000	199.0000	-0.0934	15.5083
959.0000	29.0000	8.9944	42.7489
959.0000	199.0000	-0.0934	15.5083
960.0000	29.0000	8.9952	42.7485
960.0000	199.0000	-0.0934	15.5083
961.0000	29.0000	8.9956	42.7483
961.0000	199.0000	-0.0934	15.5083
962.0000	29.0000	8.9957	42.7483
962.0000	199.0000	-0.0934	15.5083
963.0000	29.0000	8.9958	42.7483
963.0000	199.0000	-0.0934	15.5083
964.0000	29.0000	8.9958	42.7483
964.0000	199.0000	-0.0934	15.5083
965.0000	29.0000	8.9958	42.7483
965.0000	199.0000	-0.0934	15.5083
966.0000	29.0000	8.9958	42.7483
966.0000	199.0000	-0.0934	15.5083
967.0000	29.0000	8.9958	42.7483
967.0000	199.0000	-0.0934	15.5083
968.0000	29.0000	8.9958	42.7483
968.0000	199.0000	-0.0934	15.5083
969.0000	29.0000	8.9958	42.7483
969.0000	199.0000	-0.0934	15.5083
970.0000	29.0000	8.9958	42.7483
970.0000	199.0000	-0.0934	15.5083
971.0000	29.0000	8.9958	42.7483
971.0000	199.0000	-0.0934	15.5083
972.0000	29.0000	8.9958	42.7483
972.0000	199.0000	-0.0934	15.5083
973.0000	29.0000	8.9958	42.7483
973.0000	199.0000	-0.0934	15.5083
974.0000	29.0000	8.9958	42.7483
974.0000	199.0000	-0.0934	15.5083
975.0000	29.0000	8.9958	42.7483
975.0000	199.0000	-0.0934	15.5083
976.0000	29.0000	8.9981	42.7491
976.0000	199.0000	-0.0934	15.5083
977.0000	29.0000	9.0036	42.7502
977.0000	199.0000	-0.0934	15.5083
978.0000	29.0000	9.0170	42.7536
978.0000	199.0000	-0.0934	15.5083
979.0000	29.0000	9.0370	42.7588
979.0000	199.0000	-0.0934	15.5083
980.0000	29.0000	9.0642	42.7658
980.0000	199.0000	-0.0934	15.5083
981.0000	29.0000	9.0967	42.7735
981.0000	199.0000	-0.0934	15.5083
982.0000	29.0000	9.1020	42.7763
982.0000	199.0000	-0.0934	15.5083
983.0000	29.0000	9.1023	42.7767
983.0000	199.0000	-0.0934	15.5083
984.0000	29.0000	9.1030	42.7765
984.0000	199.0000	-0.0934	15.5083
985.0000	29.0000	9.1034	42.7762
985.0000	199.0000	-0.0934	15.5083
986.0000	29.0000	9.1036	42.7761
986.0000	199.0000	-0.0934	15.5083
987.0000	29.0000	9.1078	42.7772
987.0000	199.0000	-0.0934	15.5083
988.0000	29.0000	9.1193	42.7800
988.0000	199.0000	-0.0934	15.5083
989.0000	29.0000	9.1376	42.7842
989.0000	199.0000	-0.0934	15.5083
990.0000	29.0000	9.1623	42.7906
990.0000	199.0000	-0.0934	15.5083
991.0000	29.0000	9.1943	42.7986
991.0000	199.0000	-0.0934	15.5083
992.0000	29.0000	9.2333	42.8083
992.0000	199.0000	-0.0934	15.5083
993.0000	29.0000	9.2790	42.8196
993.0000	199.0000	-0.0934	15.5083
994.0000	29.0000	9.3314	42.8312
994.0000	199.0000	-0.0934	15.5083
995.0000	29.0000	9.3872	42.8454
995.0000	199.0000	-0.0934	15.5083
996.0000	29.0000	9.4009	42.8494
996.0000	199.0000	-0.0934	15.5083
997.0000	29.0000	9.4015	42.8500
997.0000	199.0000	-0.0934	15.5083
998.0000	29.0000	9.4027	42.8497
998.0000	199.0000	-0.0934	15.5083
999.0000	29.0000	9.4036	42.8494
999.0000	199.0000	-0.0934	15.5083
