0.0000	0.0000	49.7063	52.9426
0.0000	90.0000	0.1356	20.9297
1.0000	0.0000	49.7072	53.0191
1.0000	90.0000	0.1356	20.9297
2.0000	0.0000	49.7074	53.0431
2.0000	90.0000	0.1356	20.9297
3.0000	0.0000	49.7075	53.0431
3.0000	90.0000	0.1356	20.9297
4.0000	0.0000	49.7075	53.0447
4.0000	90.0000	0.1356	20.9297
5.0000	0.0000	49.7075	53.0458
5.0000	90.0000	0.1356	20.9297
6.0000	0.0000	49.7075	53.0464
6.0000	90.0000	0.1356	20.9297
7.0000	0.0000	49.7075	53.0466
7.0000	90.0000	0.1356	20.9297
8.0000	0.0000	49.7075	53.0468
8.0000	90.0000	0.1356	20.9297
9.0000	0.0000	49.7075	53.0469
9.0000	90.0000	0.1356	20.9297
10.0000	0.0000	49.7075	53.0469
10.0000	90.0000	0.1356	20.9297
11.0000	0.0000	49.7075	53.0469
11.0000	90.0000	0.1356	20.9296
12.0000	0.0000	49.7075	53.0469
12.0000	90.0000	0.1357	20.9316
13.0000	0.0000	49.7075	53.0469
13.0000	90.0000	0.1361	20.9397
14.0000	0.0000	49.7075	53.0501
14.0000	90.0000	0.1362	20.9410
15.0000	0.0000	49.7075	53.0513
15.0000	90.0000	0.1362	20.9411
16.0000	0.0000	49.7075	53.0512
16.0000	90.0000	0.1362	20.9412
17.0000	0.0000	49.7075	53.0513
17.0000	90.0000	0.1362	20.9412
18.0000	0.0000	49.7075	53.0513
18.0000	90.0000	0.1362	20.9412
19.0000	0.0000	49.7075	53.0513
19.0000	90.0000	0.1362	20.9413
20.0000	0.0000	49.7075	53.0513
20.0000	90.0000	0.1362	20.9413
21.0000	0.0000	49.7075	53.0513
21.0000	90.0000	0.1362	20.9413
22.0000	0.0000	49.7075	53.0513
22.0000	90.0000	0.1362	20.9413
23.0000	0.0000	49.7075	53.0513
23.0000	90.0000	0.1362	20.9413
24.0000	0.0000	49.7075	53.0525
24.0000	90.0000	0.1362	20.9413
25.0000	0.0000	49.7075	53.0525
25.0000	90.0000	0.1362	20.9413
26.0000	0.0000	49.7075	53.0524
26.0000	90.0000	0.1362	20.9413
27.0000	0.0000	49.7075	53.0524
27.0000	90.0000	0.1362	20.9413
28.0000	0.0000	49.7076	53.0560
28.0000	90.0000	0.1362	20.9413
29.0000	0.0000	49.7077	53.0677
29.0000	90.0000	0.1362	20.9413
30.0000	0.0000	49.7078	53.0876
30.0000	90.0000	0.1362	20.9413
31.0000	0.0000	49.7082	53.1150
31.0000	90.0000	0.1362	20.9413
32.0000	0.0000	49.7085	53.1506
32.0000	90.0000	0.1362	20.9412
33.0000	0.0000	49.7090	53.1938
33.0000	90.0000	0.1363	20.9431
34.0000	0.0000	49.7096	53.2444
34.0000	90.0000	0.1368	20.9512
35.0000	0.0000	49.7102	53.3023
35.0000	90.0000	0.1375	20.9668
36.0000	0.0000	49.7108	53.3676
36.0000	90.0000	0.1386	20.9899
37.0000	0.0000	49.7116	53.4405
37.0000	90.0000	0.1401	21.0197
38.0000	0.0000	49.7125	53.5209
38.0000	90.0000	0.1420	21.0569
39.0000	0.0000	49.7135	53.6087
39.0000	90.0000	0.1458	21.1010
40.0000	0.0000	49.7145	53.7038
40.0000	90.0000	0.1483	21.1519
41.0000	0.0000	49.7156	53.8061
41.0000	90.0000	0.1530	21.2093
42.0000	0.0000	49.7168	53.9155
42.0000	90.0000	0.1567	21.2716
43.0000	0.0000	49.7179	54.0317
43.0000	90.0000	0.1645	21.3383
44.0000	0.0000	49.7192	54.1549
44.0000	90.0000	0.1710	21.4112
45.0000	0.0000	49.7205	54.2847
45.0000	90.0000	0.1774	21.4905
46.0000	0.0000	49.7219	54.4212
46.0000	90.0000	0.1900	21.5749
47.0000	0.0000	49.7235	54.5643
47.0000	90.0000	0.1928	21.6086
48.0000	0.0000	49.7251	54.7137
48.0000	90.0000	0.1912	21.6092
49.0000	0.0000	49.7267	54.8696
49.0000	90.0000	0.1918	21.6106
50.0000	0.0000	49.7284	55.0316
50.0000	90.0000	0.1926	21.6114
51.0000	0.0000	49.7301	55.1998
51.0000	90.0000	0.1929	21.6117
52.0000	0.0000	49.7319	55.3741
52.0000	90.0000	0.1930	21.6119
53.0000	0.0000	49.7337	55.5543
53.0000	90.0000	0.1931	21.6120
54.0000	0.0000	49.7355	55.7404
54.0000	90.0000	0.1930	21.6121
55.0000	0.0000	49.7374	55.9324
55.0000	90.0000	0.1930	21.6121
56.0000	0.0000	49.7393	56.1301
56.0000	90.0000	0.1930	21.6121
57.0000	0.0000	49.7411	56.3336
57.0000	90.0000	0.1930	21.6121
58.0000	0.0000	49.7476	56.5306
58.0000	90.0000	0.1949	21.6041
59.0000	0.0000	49.7462	56.7150
59.0000	90.0000	0.1936	21.5712
60.0000	0.0000	49.7728	56.8818
60.0000	90.0000	0.2034	21.5389
61.0000	0.0000	49.7749	57.1072
61.0000	90.0000	0.2034	21.5388
62.0000	0.0000	49.7769	57.3381
62.0000	90.0000	0.2034	21.5389
63.0000	0.0000	49.7790	57.5730
63.0000	90.0000	0.2034	21.5386
64.0000	0.0000	49.7916	57.7863
64.0000	90.0000	0.2076	21.5288
65.0000	0.0000	49.7936	57.9701
65.0000	90.0000	0.2077	21.4806
66.0000	0.0000	49.7957	58.1327
66.0000	90.0000	0.2078	21.4126
67.0000	0.0000	49.7973	58.3537
67.0000	90.0000	0.2077	21.4041
68.0000	0.0000	49.7992	58.5825
68.0000	90.0000	0.2077	21.4041
69.0000	0.0000	49.8011	58.8178
69.0000	90.0000	0.2077	21.4041
70.0000	0.0000	49.8031	59.0591
70.0000	90.0000	0.2078	21.4051
71.0000	0.0000	49.8044	59.2209
71.0000	90.0000	0.2078	21.4052
72.0000	0.0000	49.8047	59.2674
72.0000	90.0000	0.2078	21.4052
73.0000	0.0000	49.8003	59.3755
73.0000	90.0000	0.2058	21.3946
74.0000	0.0000	49.8072	59.4577
74.0000	90.0000	0.2081	21.3607
75.0000	0.0000	49.8082	59.5063
75.0000	90.0000	0.2081	21.2836
76.0000	0.0000	49.8091	59.5382
76.0000	90.0000	0.2081	21.1827
77.0000	0.0000	49.8102	59.5591
77.0000	90.0000	0.2081	21.0633
78.0000	0.0000	49.8112	59.5655
78.0000	90.0000	0.2081	20.9220
79.0000	0.0000	49.8122	59.5608
79.0000	90.0000	0.2080	20.7621
80.0000	0.0000	49.8133	59.5659
80.0000	90.0000	0.2080	20.6050
81.0000	0.0000	49.8060	59.6405
81.0000	90.0000	0.2049	20.5035
82.0000	0.0000	49.7992	59.8137
82.0000	90.0000	0.2020	20.4940
83.0000	0.0000	49.8005	59.9963
83.0000	90.0000	0.2020	20.4941
84.0000	0.0000	49.8018	60.1790
84.0000	90.0000	0.2020	20.4942
85.0000	0.0000	49.8031	60.3605
85.0000	90.0000	0.2020	20.4942
86.0000	0.0000	49.8044	60.5409
86.0000	90.0000	0.2020	20.4943
87.0000	0.0000	49.8057	60.7201
87.0000	90.0000	0.2020	20.4943
88.0000	0.0000	49.8069	60.8958
88.0000	90.0000	0.2020	20.4943
89.0000	0.0000	49.8080	61.0405
89.0000	90.0000	0.2020	20.4943
90.0000	0.0000	49.8090	61.1902
90.0000	90.0000	0.2020	20.4943
91.0000	0.0000	49.8100	61.3461
91.0000	90.0000	0.2020	20.4943
92.0000	0.0000	49.8110	61.5076
92.0000	90.0000	0.2020	20.4943
93.0000	0.0000	49.8120	61.6748
93.0000	90.0000	0.2020	20.4943
94.0000	0.0000	49.8130	61.8479
94.0000	90.0000	0.2020	20.4943
95.0000	0.0000	49.8141	62.0268
95.0000	90.0000	0.2020	20.4943
96.0000	0.0000	49.8152	62.2116
96.0000	90.0000	0.2020	20.4943
97.0000	0.0000	49.8164	62.4022
97.0000	90.0000	0.2020	20.4942
98.0000	90.0000	0.2021	20.4963
99.0000	90.0000	0.2022	20.4966
100.0000	90.0000	0.2022	20.4966
101.0000	90.0000	0.2022	20.4966
102.0000	90.0000	0.2022	20.4967
103.0000	90.0000	0.2022	20.4967
104.0000	90.0000	0.2022	20.4967
105.0000	90.0000	0.2022	20.4967
106.0000	90.0000	0.2022	20.4967
107.0000	90.0000	0.2022	20.4967
108.0000	90.0000	0.2022	20.4966
109.0000	90.0000	0.2024	20.4985
110.0000	90.0000	0.2036	20.5066
111.0000	90.0000	0.2058	20.5225
112.0000	90.0000	0.2057	20.5238
113.0000	90.0000	0.2056	20.5239
114.0000	90.0000	0.2057	20.5241
115.0000	90.0000	0.2058	20.5242
116.0000	90.0000	0.2058	20.5242
117.0000	90.0000	0.2058	20.5243
118.0000	90.0000	0.2058	20.5243
119.0000	90.0000	0.2058	20.5243
120.0000	90.0000	0.2058	20.5243
121.0000	90.0000	0.2058	20.5243
122.0000	90.0000	0.2058	20.5243
123.0000	90.0000	0.2058	20.5243
124.0000	90.0000	0.2058	20.5243
125.0000	90.0000	0.2058	20.5243
126.0000	90.0000	0.2058	20.5243
127.0000	90.0000	0.2058	20.5243
128.0000	90.0000	0.2058	20.5243
129.0000	90.0000	0.2058	20.5243
130.0000	90.0000	0.2058	20.5243
131.0000	90.0000	0.2058	20.5243
132.0000	90.0000	0.2058	20.5243
133.0000	90.0000	0.2058	20.5243
134.0000	90.0000	0.2058	20.5243
135.0000	90.0000	0.2058	20.5243
136.0000	90.0000	0.2058	20.5243
137.0000	90.0000	0.2058	20.5243
138.0000	90.0000	0.2058	20.5243
139.0000	90.0000	0.2058	20.5243
140.0000	90.0000	0.2058	20.5243
141.0000	90.0000	0.2058	20.5243
142.0000	90.0000	0.2058	20.5243
143.0000	90.0000	0.2058	20.5243
144.0000	90.0000	0.2058	20.5243
145.0000	90.0000	0.2058	20.5242
146.0000	90.0000	0.2059	20.5260
147.0000	90.0000	0.2069	20.5335
148.0000	90.0000	0.2091	20.5486
149.0000	90.0000	0.2121	20.5690
150.0000	90.0000	0.2158	20.5986
151.0000	90.0000	0.2231	20.6347
152.0000	90.0000	0.2286	20.6783
153.0000	90.0000	0.2362	20.7286
154.0000	90.0000	0.2470	20.7847
155.0000	90.0000	0.2559	20.8458
156.0000	90.0000	0.2717	20.9107
157.0000	90.0000	0.2854	20.9821
158.0000	90.0000	0.3025	21.0593
159.0000	90.0000	0.3219	21.1421
160.0000	90.0000	0.3437	21.2303
161.0000	90.0000	0.3680	21.3237
162.0000	90.0000	0.3807	21.3639
163.0000	90.0000	0.3775	21.3650
164.0000	90.0000	0.3784	21.3665
165.0000	90.0000	0.3798	21.3671
166.0000	90.0000	0.3805	21.3674
167.0000	90.0000	0.3808	21.3676
168.0000	90.0000	0.3808	21.3677
169.0000	90.0000	0.3808	21.3678
170.0000	90.0000	0.3808	21.3678
171.0000	90.0000	0.3808	21.3678
172.0000	90.0000	0.3808	21.3678
173.0000	90.0000	0.3808	21.3678
174.0000	90.0000	0.3808	21.3678
175.0000	90.0000	0.3808	21.3678
176.0000	90.0000	0.3808	21.3678
177.0000	90.0000	0.3808	21.3678
178.0000	90.0000	0.3808	21.3678
179.0000	90.0000	0.3808	21.3678
180.0000	90.0000	0.3808	21.3678
181.0000	90.0000	0.3808	21.3678
182.0000	90.0000	0.3808	21.3678
183.0000	90.0000	0.3808	21.3678
184.0000	90.0000	0.3808	21.3678
185.0000	90.0000	0.3808	21.3678
186.0000	90.0000	0.3820	21.3586
187.0000	90.0000	0.3796	21.3298
188.0000	90.0000	0.3799	21.2565
189.0000	90.0000	0.3883	21.1800
190.0000	90.0000	0.3917	21.1859
191.0000	90.0000	0.3969	21.2032
192.0000	90.0000	0.4038	21.2271
193.0000	90.0000	0.4127	21.2567
194.0000	90.0000	0.4252	21.2933
195.0000	90.0000	0.4396	21.3364
196.0000	90.0000	0.4540	21.3868
197.0000	90.0000	0.4745	21.4416
198.0000	90.0000	0.4955	21.4999
199.0000	90.0000	0.5195	21.5637
200.0000	90.0000	0.5465	21.6329
201.0000	90.0000	0.5767	21.7074
202.0000	90.0000	0.6154	21.7841
203.0000	90.0000	0.6514	21.8604
204.0000	90.0000	0.6921	21.9141
205.0000	90.0000	0.7135	21.9045
206.0000	90.0000	0.7149	21.8810
207.0000	90.0000	0.7396	21.8642
208.0000	90.0000	0.7660	21.8133
209.0000	90.0000	0.7940	21.7493
210.0000	90.0000	0.8219	21.6765
211.0000	90.0000	0.8611	21.5825
212.0000	90.0000	0.8989	21.4905
213.0000	90.0000	0.9396	21.4559
214.0000	90.0000	0.9881	21.5147
215.0000	90.0000	1.0438	21.5895
216.0000	90.0000	1.0964	21.6738
217.0000	90.0000	1.1241	21.7086
218.0000	90.0000	1.1207	21.7111
219.0000	90.0000	1.1223	21.7121
220.0000	90.0000	1.1241	21.7123
221.0000	90.0000	1.1339	21.7222
222.0000	90.0000	1.1467	21.7391
223.0000	90.0000	1.1619	21.7603
224.0000	90.0000	1.1828	21.7856
225.0000	90.0000	1.2055	21.8179
226.0000	90.0000	1.2351	21.8531
227.0000	90.0000	1.2683	21.8935
228.0000	90.0000	1.2756	21.9068
229.0000	90.0000	1.2810	21.9122
230.0000	90.0000	1.3008	21.9345
231.0000	90.0000	1.3025	21.9375
232.0000	90.0000	1.3026	21.9379
233.0000	90.0000	1.3031	21.9380
234.0000	90.0000	1.3034	21.9379
235.0000	90.0000	1.3036	21.9379
236.0000	90.0000	1.3037	21.9379
237.0000	90.0000	1.3051	21.9399
238.0000	90.0000	1.3052	21.9403
239.0000	90.0000	1.3059	21.9411
240.0000	90.0000	1.3102	21.9330
241.0000	90.0000	1.3191	21.9414
242.0000	90.0000	1.3189	21.9423
243.0000	90.0000	1.3187	21.9425
244.0000	90.0000	1.3190	21.9425
245.0000	90.0000	1.3225	21.9466
246.0000	90.0000	1.3313	21.9565
247.0000	90.0000	1.3420	21.9618
248.0000	90.0000	1.3605	21.9478
249.0000	90.0000	1.3837	21.8952
250.0000	90.0000	1.4101	21.8298
251.0000	90.0000	1.4407	21.7509
252.0000	90.0000	1.4783	21.6607
253.0000	90.0000	1.5193	21.6256
254.0000	90.0000	1.5641	21.6719
255.0000	90.0000	1.6136	21.7222
256.0000	90.0000	1.6683	21.7759
257.0000	90.0000	1.7278	21.8164
258.0000	90.0000	1.7923	21.8211
259.0000	90.0000	1.8618	21.7931
260.0000	90.0000	1.9392	21.7477
261.0000	90.0000	2.0166	21.6960
262.0000	90.0000	2.1054	21.6141
263.0000	90.0000	2.1965	21.5206
264.0000	90.0000	2.2905	21.4244
265.0000	90.0000	2.3959	21.3089
266.0000	90.0000	2.5029	21.1985
267.0000	90.0000	2.6181	21.1360
268.0000	90.0000	2.7382	21.1736
269.0000	90.0000	2.8681	21.2385
270.0000	90.0000	3.0021	21.3027
271.0000	90.0000	3.0857	21.3499
272.0000	90.0000	3.0848	21.3557
273.0000	90.0000	3.0872	21.3565
274.0000	90.0000	3.0895	21.3557
275.0000	90.0000	3.0908	21.3550
276.0000	90.0000	3.0914	21.3548
277.0000	90.0000	3.0916	21.3548
278.0000	90.0000	3.0917	21.3548
279.0000	90.0000	3.0917	21.3549
280.0000	90.0000	3.0917	21.3549
281.0000	90.0000	3.0917	21.3549
282.0000	90.0000	3.0917	21.3549
283.0000	90.0000	3.0917	21.3549
284.0000	90.0000	3.0917	21.3549
285.0000	90.0000	3.0917	21.3549
286.0000	90.0000	3.0916	21.3548
287.0000	90.0000	3.0933	21.3558
288.0000	90.0000	3.0984	21.3574
289.0000	90.0000	3.1122	21.3638
290.0000	90.0000	3.1305	21.3723
291.0000	90.0000	3.1573	21.3838
292.0000	90.0000	3.1903	21.3998
293.0000	90.0000	3.2307	21.4158
294.0000	90.0000	3.2760	21.4377
295.0000	90.0000	3.3283	21.4611
296.0000	90.0000	3.3855	21.4825
297.0000	90.0000	3.4471	21.5068
298.0000	90.0000	3.5149	21.5326
299.0000	90.0000	3.5874	21.5638
300.0000	90.0000	3.6682	21.5902
301.0000	90.0000	3.7536	21.6206
302.0000	90.0000	3.8450	21.6512
303.0000	90.0000	3.9408	21.6873
304.0000	90.0000	4.0452	21.7132
305.0000	90.0000	4.1523	21.7485
306.0000	90.0000	4.2662	21.7799
307.0000	90.0000	4.3859	21.8088
308.0000	90.0000	4.5087	21.8471
309.0000	90.0000	4.6397	21.8722
310.0000	90.0000	4.7736	21.9066
311.0000	90.0000	4.9141	21.9324
312.0000	90.0000	5.0581	21.9653
313.0000	90.0000	5.2084	21.9893
314.0000	90.0000	5.3620	22.0192
315.0000	90.0000	5.5182	22.0416
316.0000	90.0000	5.6906	22.0700
317.0000	90.0000	5.8701	22.0919
318.0000	90.0000	6.0542	22.1169
319.0000	90.0000	6.2437	22.1376
320.0000	90.0000	6.4380	22.1588
321.0000	90.0000	6.6373	22.1772
322.0000	90.0000	6.8407	22.1951
323.0000	90.0000	6.9397	22.2050
324.0000	90.0000	6.9540	22.2069
325.0000	90.0000	7.0488	22.2120
326.0000	90.0000	7.1396	22.2184
327.0000	90.0000	7.2207	22.2237
328.0000	90.0000	7.2397	22.2260
329.0000	90.0000	7.2408	22.2262
330.0000	90.0000	7.2423	22.2260
331.0000	90.0000	7.2431	22.2257
332.0000	90.0000	7.2435	22.2257
333.0000	90.0000	7.2458	22.2257
334.0000	90.0000	7.2496	22.2171
335.0000	90.0000	7.2614	22.1862
336.0000	90.0000	7.2769	22.1130
337.0000	90.0000	7.3020	22.0140
338.0000	90.0000	7.3338	21.8974
339.0000	90.0000	7.3726	21.7603
340.0000	90.0000	7.4179	21.6043
341.0000	90.0000	7.4699	21.4369
342.0000	90.0000	7.5280	21.2605
343.0000	90.0000	7.5899	21.0734
344.0000	90.0000	7.6571	20.8781
345.0000	90.0000	7.7306	20.6909
346.0000	90.0000	7.8108	20.5615
347.0000	90.0000	7.8981	20.5210
348.0000	90.0000	7.9913	20.4806
349.0000	90.0000	8.0898	20.4165
350.0000	90.0000	8.1931	20.3809
351.0000	90.0000	8.3038	20.3179
352.0000	90.0000	8.4184	20.2201
353.0000	90.0000	8.5378	20.1044
354.0000	90.0000	8.6621	19.9735
355.0000	90.0000	8.7912	19.8213
356.0000	90.0000	8.9247	19.6534
357.0000	90.0000	9.0630	19.4774
358.0000	90.0000	9.2060	19.2927
359.0000	90.0000	9.3527	19.0977
360.0000	90.0000	9.5042	18.8946
361.0000	90.0000	9.6586	18.7029
362.0000	90.0000	9.8204	18.5688
363.0000	90.0000	9.9958	18.5303
364.0000	90.0000	10.1792	18.5307
365.0000	90.0000	10.3675	18.5302
366.0000	90.0000	10.5606	18.5301
367.0000	90.0000	10.7585	18.5292
368.0000	90.0000	10.9610	18.5280
369.0000	90.0000	11.1652	18.5265
370.0000	90.0000	11.3789	18.5246
371.0000	90.0000	11.6047	18.5222
372.0000	90.0000	11.8355	18.5199
373.0000	90.0000	12.0713	18.5168
374.0000	90.0000	12.3118	18.5135
375.0000	90.0000	12.5571	18.5102
376.0000	90.0000	12.8070	18.5063
377.0000	90.0000	13.0648	18.4940
378.0000	90.0000	13.3214	18.4588
379.0000	90.0000	13.5810	18.3811
380.0000	90.0000	13.8530	18.2892
381.0000	90.0000	14.1313	18.1727
382.0000	90.0000	14.4141	18.0396
383.0000	90.0000	14.6981	17.9575
384.0000	90.0000	14.9926	17.9508
385.0000	90.0000	15.2916	17.9458
386.0000	90.0000	15.5951	17.9407
387.0000	90.0000	15.9028	17.9355
388.0000	90.0000	16.2148	17.9302
389.0000	90.0000	16.5275	17.9198
390.0000	90.0000	16.8433	17.8728
391.0000	90.0000	17.1701	17.7898
392.0000	90.0000	17.5049	17.6985
393.0000	90.0000	17.8445	17.5931
394.0000	90.0000	18.1875	17.4613
395.0000	90.0000	18.5345	17.3213
396.0000	90.0000	18.8882	17.2377
397.0000	90.0000	19.2459	17.2315
398.0000	90.0000	19.6077	17.2255
399.0000	90.0000	19.8914	17.2209
400.0000	90.0000	19.9332	17.2203
401.0000	90.0000	19.9401	17.2201
402.0000	90.0000	20.0214	17.2153
403.0000	90.0000	20.1354	17.1749
404.0000	90.0000	20.2500	17.0955
405.0000	90.0000	20.2914	17.0023
406.0000	90.0000	20.2895	16.8981
407.0000	90.0000	20.2894	16.7790
408.0000	90.0000	20.2868	16.7173
409.0000	90.0000	20.3029	16.7170
410.0000	90.0000	20.3268	16.7167
411.0000	90.0000	20.3512	16.7164
412.0000	90.0000	20.3790	16.7160
413.0000	90.0000	20.4147	16.7155
414.0000	90.0000	20.4585	16.7148
415.0000	90.0000	20.5090	16.7140
416.0000	90.0000	20.5600	16.7132
417.0000	90.0000	20.6099	16.7124
418.0000	90.0000	20.6660	16.7115
419.0000	90.0000	20.7283	16.7106
420.0000	90.0000	20.7966	16.7095
421.0000	90.0000	20.8688	16.7084
422.0000	90.0000	20.9466	16.7072
423.0000	90.0000	21.0305	16.7059
424.0000	90.0000	21.1203	16.7045
425.0000	90.0000	21.2159	16.7031
426.0000	90.0000	21.3171	16.7016
427.0000	90.0000	21.4239	16.7000
428.0000	90.0000	21.4742	16.6991
429.0000	90.0000	21.4743	16.6992
430.0000	90.0000	21.4762	16.6991
431.0000	90.0000	21.4773	16.6991
432.0000	90.0000	21.4779	16.6991
433.0000	90.0000	21.4782	16.6991
434.0000	90.0000	21.4831	16.6988
435.0000	90.0000	21.4928	16.6989
436.0000	90.0000	21.5122	16.6984
437.0000	90.0000	21.5368	16.6980
438.0000	90.0000	21.5689	16.6975
439.0000	90.0000	21.6071	16.6969
440.0000	90.0000	21.6521	16.6962
441.0000	90.0000	21.7036	16.6953
442.0000	90.0000	21.7617	16.6944
443.0000	90.0000	21.8263	16.6934
444.0000	90.0000	21.8974	16.6923
445.0000	90.0000	21.9747	16.6910
446.0000	90.0000	22.0582	16.6898
447.0000	90.0000	22.1477	16.6883
448.0000	90.0000	22.2430	16.6869
449.0000	90.0000	22.3440	16.6854
450.0000	90.0000	22.4505	16.6837
451.0000	90.0000	22.5624	16.6821
452.0000	90.0000	22.6796	16.6803
453.0000	90.0000	22.8021	16.6786
454.0000	90.0000	22.9296	16.6767
455.0000	90.0000	23.0621	16.6748
456.0000	90.0000	23.1405	16.6737
457.0000	90.0000	23.1546	16.6737
458.0000	90.0000	23.2168	16.6730
459.0000	90.0000	23.2825	16.6717
460.0000	90.0000	23.3539	16.6704
461.0000	90.0000	23.4314	16.6692
462.0000	90.0000	23.5151	16.6680
463.0000	90.0000	23.6048	16.6667
464.0000	90.0000	23.7003	16.6654
465.0000	90.0000	23.8014	16.6640
466.0000	90.0000	23.9082	16.6625
467.0000	90.0000	24.0203	16.6610
468.0000	90.0000	24.1377	16.6595
469.0000	90.0000	24.2603	16.6579
470.0000	90.0000	24.3880	16.6563
471.0000	90.0000	24.5206	16.6547
472.0000	90.0000	24.6581	16.6530
473.0000	90.0000	24.8004	16.6513
474.0000	90.0000	24.9473	16.6497
475.0000	90.0000	25.0988	16.6480
476.0000	90.0000	25.2549	16.6463
477.0000	90.0000	25.4123	16.6447
478.0000	90.0000	25.5821	16.6430
479.0000	90.0000	25.7621	16.6413
480.0000	90.0000	25.8807	16.6401
481.0000	90.0000	25.8846	16.6400
482.0000	90.0000	25.8876	16.6400
483.0000	90.0000	25.8897	16.6400
484.0000	90.0000	25.8908	16.6400
485.0000	90.0000	25.8913	16.6400
486.0000	90.0000	25.8916	16.6400
487.0000	90.0000	25.8917	16.6400
488.0000	90.0000	25.8917	16.6400
489.0000	90.0000	25.8946	16.6400
490.0000	90.0000	25.9029	16.6398
491.0000	90.0000	25.9187	16.6398
492.0000	90.0000	25.9436	16.6395
493.0000	90.0000	25.9756	16.6392
494.0000	90.0000	26.0147	16.6389
495.0000	90.0000	26.0609	16.6385
496.0000	90.0000	26.1137	16.6380
497.0000	90.0000	26.1731	16.6375
498.0000	90.0000	26.2385	16.6369
499.0000	90.0000	26.3083	16.6364
500.0000	90.0000	26.3836	16.6357
501.0000	90.0000	26.4649	16.6351
502.0000	90.0000	26.5523	16.6343
503.0000	90.0000	26.6455	16.6336
504.0000	90.0000	26.7444	16.6329
505.0000	90.0000	26.8490	16.6321
506.0000	90.0000	26.9589	16.6313
507.0000	90.0000	27.0742	16.6305
508.0000	90.0000	27.1947	16.6297
509.0000	90.0000	27.3204	16.6289
510.0000	90.0000	27.4510	16.6281
511.0000	90.0000	27.5866	16.6273
512.0000	90.0000	27.7270	16.6264
513.0000	90.0000	27.8721	16.6257
514.0000	90.0000	27.9634	16.6252
515.0000	90.0000	27.9645	16.6251
516.0000	90.0000	27.9669	16.6251
517.0000	90.0000	27.9686	16.6251
518.0000	90.0000	27.9696	16.6251
519.0000	90.0000	27.9816	16.6250
520.0000	90.0000	28.0013	16.6249
521.0000	90.0000	28.0279	16.6247
522.0000	90.0000	28.0619	16.6245
523.0000	90.0000	28.1030	16.6243
524.0000	90.0000	28.1510	16.6240
525.0000	90.0000	28.2056	16.6238
526.0000	90.0000	28.2667	16.6235
527.0000	90.0000	28.3338	16.6231
528.0000	90.0000	28.4049	16.6228
529.0000	90.0000	28.4818	16.6224
530.0000	90.0000	28.5647	16.6220
531.0000	90.0000	28.6537	16.6215
532.0000	90.0000	28.7485	16.6212
533.0000	90.0000	28.8489	16.6207
534.0000	90.0000	28.9549	16.6202
535.0000	90.0000	29.0663	16.6198
536.0000	90.0000	29.1830	16.6194
537.0000	90.0000	29.3049	16.6189
538.0000	90.0000	29.4319	16.6185
539.0000	90.0000	29.5639	16.6181
540.0000	90.0000	29.7008	16.6176
541.0000	90.0000	29.8424	16.6172
542.0000	90.0000	29.9888	16.6167
543.0000	90.0000	30.1397	16.6163
544.0000	90.0000	30.2951	16.6160
545.0000	90.0000	30.4530	16.6155
546.0000	90.0000	30.6191	16.6152
547.0000	90.0000	30.7984	16.6148
548.0000	90.0000	30.9824	16.6144
549.0000	90.0000	31.1714	16.6141
550.0000	90.0000	31.3652	16.6138
551.0000	90.0000	31.5636	16.6134
552.0000	90.0000	31.6867	16.6132
553.0000	90.0000	31.6902	16.6132
554.0000	90.0000	31.7915	16.6131
555.0000	90.0000	31.8604	16.6129
556.0000	90.0000	31.8720	16.6129
557.0000	90.0000	31.9274	16.6130
558.0000	90.0000	31.9877	16.6127
559.0000	90.0000	32.0539	16.6124
560.0000	90.0000	32.1265	16.6122
561.0000	90.0000	32.2055	16.6121
562.0000	90.0000	32.2905	16.6120
563.0000	90.0000	32.3815	16.6118
564.0000	90.0000	32.4783	16.6116
565.0000	90.0000	32.5807	16.6115
566.0000	90.0000	32.6887	16.6113
567.0000	90.0000	32.8020	16.6112
568.0000	90.0000	32.9206	16.6110
569.0000	90.0000	33.0444	16.6109
570.0000	90.0000	33.1732	16.6107
571.0000	90.0000	33.3070	16.6106
572.0000	90.0000	33.4456	16.6104
573.0000	90.0000	33.5890	16.6102
574.0000	90.0000	33.7370	16.6100
575.0000	90.0000	33.8895	16.6099
576.0000	90.0000	34.0464	16.6098
577.0000	90.0000	34.2040	16.6097
578.0000	90.0000	34.3779	16.6096
579.0000	90.0000	34.4929	16.6095
580.0000	90.0000	34.4952	16.6095
581.0000	90.0000	34.4981	16.6094
582.0000	90.0000	34.5001	16.6094
583.0000	90.0000	34.5019	16.6094
584.0000	90.0000	34.5208	16.6093
585.0000	90.0000	34.5461	16.6092
586.0000	90.0000	34.5787	16.6091
587.0000	90.0000	34.6184	16.6090
588.0000	90.0000	34.6651	16.6088
589.0000	90.0000	34.7185	16.6087
590.0000	90.0000	34.7784	16.6085
591.0000	90.0000	34.8445	16.6083
592.0000	90.0000	34.9150	16.6081
593.0000	90.0000	34.9907	16.6080
594.0000	90.0000	35.0726	16.6077
595.0000	90.0000	35.1604	16.6075
596.0000	90.0000	35.2541	16.6072
597.0000	90.0000	35.3534	16.6070
598.0000	90.0000	35.4584	16.6068
599.0000	90.0000	35.5687	16.6065
600.0000	90.0000	35.6845	16.6062
601.0000	90.0000	35.8054	16.6060
602.0000	90.0000	35.9315	16.6057
603.0000	90.0000	36.0625	16.6054
604.0000	90.0000	36.1985	16.6051
605.0000	90.0000	36.3392	16.6049
606.0000	90.0000	36.4847	16.6046
607.0000	90.0000	36.6348	16.6043
608.0000	90.0000	36.7894	16.6040
609.0000	90.0000	36.9472	16.6037
610.0000	90.0000	37.1099	16.6034
611.0000	90.0000	37.2881	16.6031
612.0000	90.0000	37.4712	16.6028
613.0000	90.0000	37.6592	16.6025
614.0000	90.0000	37.8521	16.6021
615.0000	90.0000	38.0497	16.6018
616.0000	90.0000	38.2519	16.6015
617.0000	90.0000	38.4564	16.6012
618.0000	90.0000	38.6684	16.6009
619.0000	90.0000	38.8938	16.6005
620.0000	90.0000	39.0506	16.6003
621.0000	90.0000	39.0591	16.6003
622.0000	90.0000	39.0627	16.6003
623.0000	90.0000	39.0655	16.6003
624.0000	90.0000	39.0669	16.6003
625.0000	90.0000	39.0677	16.6003
626.0000	90.0000	39.0680	16.6003
627.0000	90.0000	39.0682	16.6003
628.0000	90.0000	39.0682	16.6003
629.0000	90.0000	39.0702	16.6003
630.0000	90.0000	39.0712	16.6003
631.0000	90.0000	39.0712	16.6003
632.0000	90.0000	39.0712	16.6003
633.0000	90.0000	39.0745	16.6003
634.0000	90.0000	39.0757	16.6003
635.0000	90.0000	39.0768	16.6003
636.0000	90.0000	39.0841	16.6004
637.0000	90.0000	39.0987	16.6003
638.0000	90.0000	39.1215	16.6003
639.0000	90.0000	39.1508	16.6002
640.0000	90.0000	39.1873	16.6002
641.0000	90.0000	39.2309	16.6002
642.0000	90.0000	39.2813	16.6001
643.0000	90.0000	39.3382	16.6001
644.0000	90.0000	39.4015	16.6000
645.0000	90.0000	39.4698	16.6001
646.0000	90.0000	39.5428	16.6001
647.0000	90.0000	39.6219	16.6004
648.0000	90.0000	39.7070	16.6008
649.0000	90.0000	39.7979	16.6014
650.0000	90.0000	39.8947	16.6024
651.0000	90.0000	39.9373	16.6027
652.0000	90.0000	39.9498	16.6027
653.0000	90.0000	39.9957	16.6033
654.0000	90.0000	40.0450	16.6043
655.0000	90.0000	40.1002	16.6050
656.0000	90.0000	40.1619	16.6065
657.0000	90.0000	40.2301	16.6075
658.0000	90.0000	40.3046	16.6099
659.0000	90.0000	40.3327	16.6105
660.0000	90.0000	40.3331	16.6101
661.0000	90.0000	40.3343	16.6102
662.0000	90.0000	40.3351	16.6104
663.0000	90.0000	40.3355	16.6105
664.0000	90.0000	40.3356	16.6105
665.0000	90.0000	40.3357	16.6105
666.0000	90.0000	40.3384	16.6105
667.0000	90.0000	40.3469	16.6109
668.0000	90.0000	40.3617	16.6114
669.0000	90.0000	40.3853	16.6118
670.0000	90.0000	40.4144	16.6133
671.0000	90.0000	40.4499	16.6143
672.0000	90.0000	40.4565	16.6142
673.0000	90.0000	40.4569	16.6142
674.0000	90.0000	40.4574	16.6143
675.0000	90.0000	40.4578	16.6144
676.0000	90.0000	40.4646	16.6147
677.0000	90.0000	40.4789	16.6151
678.0000	90.0000	40.4973	16.6161
679.0000	90.0000	40.5258	16.6170
680.0000	90.0000	40.5615	16.6184
681.0000	90.0000	40.6043	16.6200
682.0000	90.0000	40.6537	16.6230
683.0000	90.0000	40.7099	16.6252
684.0000	90.0000	40.7717	16.6294
685.0000	90.0000	40.8376	16.6324
686.0000	90.0000	40.9095	16.6380
687.0000	90.0000	40.9876	16.6441
688.0000	90.0000	41.0715	16.6513
689.0000	90.0000	41.1615	16.6574
690.0000	90.0000	41.2570	16.6679
691.0000	90.0000	41.2988	16.6719
692.0000	90.0000	41.3112	16.6726
693.0000	90.0000	41.3560	16.6779
694.0000	90.0000	41.4055	16.6835
695.0000	90.0000	41.4607	16.6913
696.0000	90.0000	41.5225	16.6977
697.0000	90.0000	41.5907	16.7058
698.0000	90.0000	41.6648	16.7172
699.0000	90.0000	41.7450	16.7292
700.0000	90.0000	41.8315	16.7400
701.0000	90.0000	41.9263	16.7423
702.0000	90.0000	41.9640	16.7218
703.0000	90.0000	41.9627	16.6529
704.0000	90.0000	41.9637	16.5678
705.0000	90.0000	41.9627	16.4581
706.0000	90.0000	41.9607	16.3213
707.0000	90.0000	41.9588	16.1698
708.0000	90.0000	41.9562	16.0119
709.0000	90.0000	41.9536	15.8399
710.0000	90.0000	41.9509	15.6644
711.0000	90.0000	41.9487	15.5381
712.0000	90.0000	41.9472	15.5032
713.0000	90.0000	41.9472	15.5032
714.0000	90.0000	41.9473	15.5033
715.0000	90.0000	41.9473	15.5034
716.0000	90.0000	41.9473	15.5034
717.0000	90.0000	41.9473	15.5035
718.0000	90.0000	41.9473	15.5034
719.0000	90.0000	41.9473	15.5034
720.0000	90.0000	41.9473	15.5034
721.0000	90.0000	41.9473	15.5035
722.0000	90.0000	41.9499	15.4891
723.0000	90.0000	41.9477	15.4612
724.0000	90.0000	41.9462	15.3918
725.0000	90.0000	41.9453	15.3036
726.0000	90.0000	41.9430	15.2048
727.0000	90.0000	41.9401	15.1806
728.0000	90.0000	41.9401	15.1806
729.0000	90.0000	41.9401	15.1807
730.0000	90.0000	41.9401	15.1807
731.0000	90.0000	41.9401	15.1808
732.0000	90.0000	41.9401	15.1808
733.0000	90.0000	41.9401	15.1808
734.0000	90.0000	41.9401	15.1808
735.0000	90.0000	41.9401	15.1808
736.0000	90.0000	41.9401	15.1808
737.0000	90.0000	41.9401	15.1808
738.0000	90.0000	41.9401	15.1808
739.0000	90.0000	41.9401	15.1808
740.0000	90.0000	41.9401	15.1808
741.0000	90.0000	41.9401	15.1808
742.0000	90.0000	41.9401	15.1808
743.0000	90.0000	41.9401	15.1808
744.0000	90.0000	41.9401	15.1808
745.0000	90.0000	41.9401	15.1808
746.0000	90.0000	41.9401	15.1808
747.0000	90.0000	41.9401	15.1808
748.0000	90.0000	41.9401	15.1808
749.0000	90.0000	41.9401	15.1808
750.0000	90.0000	41.9401	15.1808
751.0000	90.0000	41.9401	15.1808
752.0000	90.0000	41.9401	15.1808
753.0000	90.0000	41.9401	15.1808
754.0000	90.0000	41.9401	15.1808
755.0000	90.0000	41.9401	15.1808
756.0000	90.0000	41.9401	15.1808
757.0000	90.0000	41.9431	15.1666
758.0000	90.0000	41.9410	15.1445
759.0000	90.0000	41.9415	15.1035
760.0000	90.0000	41.9415	15.1034
761.0000	90.0000	41.9415	15.1029
762.0000	90.0000	41.9383	15.0924
763.0000	90.0000	41.9373	15.0350
764.0000	90.0000	41.9360	14.9424
765.0000	90.0000	41.9345	14.8348
766.0000	90.0000	41.9327	14.7131
767.0000	90.0000	41.9306	14.5701
768.0000	90.0000	41.9286	14.4092
769.0000	90.0000	41.9265	14.2397
770.0000	90.0000	41.9240	14.0621
771.0000	90.0000	41.9217	13.8726
772.0000	90.0000	41.9194	13.6762
773.0000	90.0000	41.9173	13.4891
774.0000	90.0000	41.9161	13.3582
775.0000	90.0000	41.9145	13.3228
776.0000	90.0000	41.9145	13.3229
777.0000	90.0000	41.9145	13.3230
778.0000	90.0000	41.9145	13.3231
779.0000	90.0000	41.9145	13.3231
780.0000	90.0000	41.9145	13.3232
781.0000	90.0000	41.9145	13.3232
782.0000	90.0000	41.9175	13.3057
783.0000	90.0000	41.9164	13.2781
784.0000	90.0000	41.9155	13.2050
785.0000	90.0000	41.9142	13.1100
786.0000	90.0000	41.9133	12.9965
787.0000	90.0000	41.9121	12.8603
788.0000	90.0000	41.9100	12.7068
789.0000	90.0000	41.9083	12.5418
790.0000	90.0000	41.9070	12.3661
791.0000	90.0000	41.9047	12.1813
792.0000	90.0000	41.9029	11.9989
793.0000	90.0000	41.9016	11.8705
794.0000	90.0000	41.8999	11.8365
795.0000	90.0000	41.8999	11.8366
796.0000	90.0000	41.8999	11.8367
797.0000	90.0000	41.8999	11.8368
798.0000	90.0000	41.8999	11.8368
799.0000	90.0000	41.8999	11.8368
800.0000	90.0000	41.8999	11.8368
801.0000	90.0000	41.8999	11.8368
802.0000	90.0000	41.8999	11.8368
803.0000	90.0000	41.8999	11.8368
804.0000	90.0000	41.8999	11.8368
805.0000	90.0000	41.8999	11.8368
806.0000	90.0000	41.8999	11.8368
807.0000	90.0000	41.8999	11.8368
808.0000	90.0000	41.8999	11.8368
809.0000	90.0000	41.8999	11.8368
810.0000	90.0000	41.8999	11.8368
811.0000	90.0000	41.8999	11.8368
812.0000	90.0000	41.8999	11.8368
813.0000	90.0000	41.8999	11.8368
814.0000	90.0000	41.8999	11.8368
815.0000	90.0000	41.8999	11.8368
816.0000	90.0000	41.8998	11.8368
817.0000	90.0000	41.9025	11.8375
818.0000	90.0000	41.9105	11.8384
819.0000	90.0000	41.9227	11.8408
820.0000	90.0000	41.9445	11.8446
821.0000	90.0000	41.9741	11.8496
822.0000	90.0000	42.0107	11.8559
823.0000	90.0000	42.0539	11.8648
824.0000	90.0000	42.1041	11.8732
825.0000	90.0000	42.1606	11.8836
826.0000	90.0000	42.2213	11.8971
827.0000	90.0000	42.2873	11.9090
828.0000	90.0000	42.3586	11.9259
829.0000	90.0000	42.4367	11.9408
830.0000	90.0000	42.5196	11.9618
831.0000	90.0000	42.5526	11.9692
832.0000	90.0000	42.5679	11.9716
833.0000	90.0000	42.6086	11.9824
834.0000	90.0000	42.6544	11.9937
835.0000	90.0000	42.7056	12.0082
836.0000	90.0000	42.7637	12.0217
837.0000	90.0000	42.8272	12.0404
838.0000	90.0000	42.8976	12.0576
839.0000	90.0000	42.9729	12.0809
840.0000	90.0000	43.0550	12.1020
841.0000	90.0000	43.1413	12.1302
842.0000	90.0000	43.2332	12.1592
843.0000	90.0000	43.3315	12.1871
844.0000	90.0000	43.4327	12.2238
845.0000	90.0000	43.5394	12.2607
846.0000	90.0000	43.6503	12.3012
847.0000	90.0000	43.7656	12.3448
848.0000	90.0000	43.8849	12.3920
849.0000	90.0000	44.0080	12.4427
850.0000	90.0000	44.1349	12.4971
851.0000	90.0000	44.2652	12.5554
852.0000	90.0000	44.3989	12.6175
853.0000	90.0000	44.5357	12.6836
854.0000	90.0000	44.6753	12.7539
855.0000	90.0000	44.8107	12.8332
856.0000	90.0000	44.9648	12.9124
857.0000	90.0000	45.1194	13.0051
858.0000	90.0000	45.2733	13.1071
859.0000	90.0000	45.4373	13.2029
860.0000	90.0000	45.5971	13.3141
861.0000	90.0000	45.7559	13.4337
862.0000	90.0000	45.9175	13.5559
863.0000	90.0000	46.0823	13.6770
864.0000	90.0000	46.2443	13.8269
865.0000	90.0000	46.4235	13.9663
866.0000	90.0000	46.5874	14.1300
867.0000	90.0000	46.7556	14.2957
868.0000	90.0000	46.9191	14.4725
869.0000	90.0000	47.0848	14.6539
870.0000	90.0000	47.2414	14.8488
871.0000	90.0000	47.4011	15.0472
872.0000	90.0000	47.5478	15.2567
873.0000	90.0000	47.6575	15.4088
874.0000	90.0000	47.6972	15.4619
875.0000	90.0000	47.7605	15.5610
876.0000	90.0000	47.8254	15.6685
877.0000	90.0000	47.8904	15.7793
878.0000	90.0000	47.9518	15.8861
879.0000	90.0000	48.0105	15.9933
880.0000	90.0000	48.0770	16.1038
881.0000	90.0000	48.1351	16.2261
882.0000	90.0000	48.1912	16.3537
883.0000	90.0000	48.2540	16.4724
884.0000	90.0000	48.3041	16.5892
885.0000	90.0000	48.3584	16.7104
886.0000	90.0000	48.4110	16.8384
887.0000	90.0000	48.4649	16.9710
888.0000	90.0000	48.5159	17.1017
889.0000	90.0000	48.5603	17.2189
890.0000	90.0000	48.6039	17.3413
891.0000	90.0000	48.6478	17.4686
892.0000	90.0000	48.6914	17.6008
893.0000	90.0000	48.7350	17.7378
894.0000	90.0000	48.7782	17.8797
895.0000	90.0000	48.8211	18.0264
896.0000	90.0000	48.8593	18.1783
897.0000	90.0000	48.9028	18.3307
898.0000	90.0000	48.9433	18.5018
899.0000	90.0000	48.9864	18.6779
900.0000	90.0000	49.0227	18.8604
901.0000	90.0000	49.0655	19.0467
902.0000	90.0000	49.0984	19.2396
903.0000	90.0000	49.1382	19.4361
904.0000	90.0000	49.1678	19.6381
905.0000	90.0000	49.2033	19.8417
906.0000	90.0000	49.2307	20.0629
907.0000	90.0000	49.2602	20.2896
908.0000	90.0000	49.2876	20.5216
909.0000	90.0000	49.3127	20.7588
910.0000	90.0000	49.3350	21.0012
911.0000	90.0000	49.3566	21.2483
912.0000	90.0000	49.3751	21.5002
913.0000	90.0000	49.3927	21.7565
914.0000	90.0000	49.4079	22.0133
915.0000	90.0000	49.4213	22.2834
916.0000	90.0000	49.4353	22.5615
917.0000	90.0000	49.4456	22.8447
918.0000	90.0000	49.4556	23.1327
919.0000	90.0000	49.4645	23.4253
920.0000	90.0000	49.4714	23.7226
921.0000	71.0000	31.8853	73.3500
921.0000	90.0000	49.4774	24.0244
922.0000	71.0000	31.6126	73.3493
922.0000	90.0000	49.4829	24.3305
923.0000	71.0000	31.3393	73.3487
923.0000	90.0000	49.4864	24.6409
924.0000	71.0000	31.0654	73.3480
924.0000	90.0000	49.4900	24.9556
925.0000	71.0000	30.7911	73.3471
925.0000	90.0000	49.4918	25.2710
926.0000	71.0000	30.6671	73.3471
926.0000	90.0000	49.4930	25.5949
927.0000	71.0000	30.6691	73.3483
927.0000	90.0000	49.4945	25.9288
928.0000	71.0000	30.6570	73.3485
928.0000	90.0000	49.4945	26.2676
929.0000	71.0000	30.5489	73.3477
929.0000	90.0000	49.4941	26.6110
930.0000	71.0000	30.4211	73.3481
930.0000	90.0000	49.4933	26.9587
931.0000	71.0000	30.2859	73.3464
931.0000	90.0000	49.4915	27.3107
932.0000	71.0000	30.1291	73.3447
932.0000	90.0000	49.4901	27.6669
933.0000	71.0000	30.1036	73.3456
933.0000	90.0000	49.4875	28.0271
934.0000	71.0000	30.0815	73.3470
934.0000	90.0000	49.4850	28.3914
935.0000	71.0000	29.9758	73.3467
935.0000	90.0000	49.4820	28.7597
936.0000	71.0000	29.8827	73.3455
936.0000	90.0000	49.4788	29.1319
937.0000	71.0000	29.8949	73.3335
937.0000	90.0000	49.4805	29.4925
938.0000	71.0000	29.8872	73.3043
938.0000	90.0000	49.4757	29.7622
939.0000	71.0000	29.8966	73.2657
939.0000	90.0000	49.4798	29.8063
940.0000	71.0000	29.8942	73.2592
940.0000	90.0000	49.4787	29.8989
941.0000	71.0000	29.8947	73.2163
941.0000	90.0000	49.4768	30.0313
942.0000	71.0000	29.8868	73.1414
942.0000	90.0000	49.4708	30.1419
943.0000	71.0000	29.8839	73.0539
943.0000	90.0000	49.4669	30.2442
944.0000	71.0000	29.8818	72.9522
944.0000	90.0000	49.4631	30.3369
945.0000	71.0000	29.8700	72.8252
945.0000	90.0000	49.4579	30.4001
946.0000	71.0000	29.8530	72.6798
946.0000	90.0000	49.4519	30.4345
947.0000	71.0000	29.8321	72.5222
947.0000	90.0000	49.4464	30.4622
948.0000	71.0000	29.8044	72.3529
948.0000	90.0000	49.4400	30.4844
949.0000	71.0000	29.7722	72.1805
949.0000	90.0000	49.4339	30.5082
950.0000	71.0000	29.7312	72.0581
950.0000	90.0000	49.4287	30.5780
951.0000	71.0000	29.6743	72.0226
951.0000	90.0000	49.4295	30.7143
952.0000	71.0000	29.5941	72.0225
952.0000	90.0000	49.4266	30.8920
953.0000	71.0000	29.4530	72.0206
953.0000	90.0000	49.4237	31.0745
954.0000	71.0000	29.3125	72.0196
954.0000	90.0000	49.4207	31.2614
955.0000	71.0000	29.1586	72.0186
955.0000	90.0000	49.4176	31.4528
956.0000	71.0000	28.9799	72.0152
956.0000	90.0000	49.4144	31.6487
957.0000	71.0000	28.8025	72.0109
957.0000	90.0000	49.4111	31.8492
958.0000	71.0000	28.6217	72.0071
958.0000	90.0000	49.4079	32.0536
959.0000	71.0000	28.4370	72.0042
959.0000	90.0000	49.4046	32.2597
960.0000	71.0000	28.2507	72.0014
960.0000	90.0000	49.4010	32.4820
961.0000	71.0000	28.0624	71.9987
961.0000	90.0000	49.3973	32.7106
962.0000	71.0000	27.8722	71.9961
962.0000	90.0000	49.3936	32.9441
963.0000	71.0000	27.6795	71.9935
963.0000	90.0000	49.3897	33.1825
964.0000	71.0000	27.4834	71.9912
964.0000	90.0000	49.3858	33.4257
965.0000	71.0000	27.2738	71.9892
965.0000	90.0000	49.3819	33.6735
966.0000	71.0000	27.0079	71.9884
966.0000	90.0000	49.3779	33.9260
967.0000	71.0000	26.7493	71.9888
967.0000	90.0000	49.3738	34.1828
968.0000	71.0000	26.4894	71.9886
968.0000	90.0000	49.3699	34.4401
969.0000	71.0000	26.2279	71.9876
969.0000	90.0000	49.3658	34.7091
970.0000	71.0000	25.9653	71.9862
970.0000	90.0000	49.3617	34.9872
971.0000	71.0000	25.7022	71.9848
971.0000	90.0000	49.3576	35.2703
972.0000	71.0000	25.4387	71.9837
972.0000	90.0000	49.3535	35.5581
973.0000	71.0000	25.1749	71.9824
973.0000	90.0000	49.3494	35.8505
974.0000	71.0000	24.9105	71.9808
974.0000	90.0000	49.3453	36.1476
975.0000	71.0000	24.6459	71.9787
975.0000	90.0000	49.3414	36.4491
976.0000	71.0000	24.3806	71.9762
976.0000	90.0000	49.3375	36.7549
977.0000	71.0000	24.1149	71.9733
977.0000	90.0000	49.3338	37.0651
978.0000	71.0000	23.8485	71.9699
978.0000	90.0000	49.3302	37.3794
979.0000	71.0000	23.5815	71.9660
979.0000	90.0000	49.3267	37.6946
980.0000	71.0000	23.3139	71.9618
980.0000	90.0000	49.3234	38.0181
981.0000	71.0000	23.0458	71.9573
981.0000	90.0000	49.3201	38.3517
982.0000	71.0000	22.7770	71.9525
982.0000	90.0000	49.3170	38.6903
983.0000	71.0000	22.5076	71.9474
983.0000	90.0000	49.3140	39.0333
984.0000	71.0000	22.2459	71.9319
984.0000	90.0000	49.3160	39.3675
985.0000	71.0000	21.9689	71.8958
985.0000	90.0000	49.3098	39.6911
986.0000	71.0000	21.6656	71.8674
986.0000	90.0000	49.2891	40.0362
987.0000	71.0000	21.3936	71.8552
987.0000	90.0000	49.2866	40.3900
988.0000	71.0000	21.1269	71.8404
988.0000	90.0000	49.2876	40.7430
989.0000	71.0000	20.8529	71.8302
989.0000	90.0000	49.2848	41.1071
990.0000	71.0000	20.5890	71.7968
990.0000	90.0000	49.2885	41.4478
991.0000	71.0000	20.3122	71.7251
991.0000	90.0000	49.2851	41.7586
992.0000	71.0000	20.0341	71.6194
992.0000	90.0000	49.2816	41.9576
993.0000	71.0000	19.7549	71.4976
993.0000	90.0000	49.2787	41.9288
994.0000	71.0000	19.4714	71.3766
994.0000	90.0000	49.2734	41.9150
995.0000	71.0000	19.1610	71.3389
995.0000	90.0000	49.2522	42.0717
996.0000	71.0000	18.8848	71.3336
996.0000	90.0000	49.2518	42.2544
997.0000	71.0000	18.6115	71.2911
997.0000	90.0000	49.2534	42.4040
998.0000	71.0000	18.3316	71.2202
998.0000	90.0000	49.2515	42.5324
999.0000	71.0000	18.0239	71.1795
999.0000	90.0000	49.2328	42.6974
