0.0000	90.0000	-3.8671	34.8367
1.0000	90.0000	-3.8671	34.8358
2.0000	90.0000	-3.8671	34.8353
3.0000	90.0000	-3.8671	34.8351
4.0000	90.0000	-3.8671	34.8350
5.0000	90.0000	-3.8671	34.8350
6.0000	90.0000	-3.8671	34.8350
7.0000	90.0000	-3.8671	34.8350
8.0000	90.0000	-3.8671	34.8350
9.0000	90.0000	-3.8671	34.8350
10.0000	90.0000	-3.8671	34.8350
11.0000	90.0000	-3.8671	34.8350
12.0000	90.0000	-3.8671	34.8350
13.0000	90.0000	-3.8671	34.8350
14.0000	90.0000	-3.8671	34.8350
15.0000	90.0000	-3.8671	34.8350
16.0000	90.0000	-3.8671	34.8350
17.0000	90.0000	-3.8671	34.8350
18.0000	90.0000	-3.8671	34.8350
19.0000	90.0000	-3.8671	34.8350
20.0000	90.0000	-3.8671	34.8350
21.0000	90.0000	-3.8671	34.8350
22.0000	90.0000	-3.8671	34.8350
23.0000	90.0000	-3.8671	34.8350
24.0000	90.0000	-3.8671	34.8350
25.0000	90.0000	-3.8671	34.8350
26.0000	90.0000	-3.8671	34.8350
27.0000	90.0000	-3.8671	34.8350
28.0000	90.0000	-3.8671	34.8350
29.0000	90.0000	-3.8671	34.8350
30.0000	90.0000	-3.8671	34.8350
31.0000	90.0000	-3.8671	34.8350
32.0000	90.0000	-3.8671	34.8350
33.0000	90.0000	-3.8671	34.8350
34.0000	90.0000	-3.8671	34.8350
35.0000	90.0000	-3.8671	34.8350
36.0000	90.0000	-3.8671	34.8350
37.0000	90.0000	-3.8671	34.8350
38.0000	90.0000	-3.8671	34.8350
39.0000	90.0000	-3.8671	34.8350
40.0000	90.0000	-3.8671	34.8350
41.0000	90.0000	-3.8671	34.8350
42.0000	90.0000	-3.8671	34.8350
43.0000	90.0000	-3.8671	34.8350
44.0000	90.0000	-3.8671	34.8350
45.0000	90.0000	-3.8671	34.8350
46.0000	90.0000	-3.8671	34.8350
47.0000	90.0000	-3.8671	34.8350
48.0000	90.0000	-3.8671	34.8350
49.0000	90.0000	-3.8671	34.8350
50.0000	90.0000	-3.8671	34.8350
51.0000	90.0000	-3.8671	34.8350
52.0000	90.0000	-3.8671	34.8350
53.0000	90.0000	-3.8671	34.8350
54.0000	90.0000	-3.8671	34.8350
55.0000	90.0000	-3.8671	34.8350
56.0000	90.0000	-3.8671	34.8350
57.0000	90.0000	-3.8671	34.8350
58.0000	90.0000	-3.8671	34.8350
59.0000	90.0000	-3.8671	34.8350
60.0000	90.0000	-3.8671	34.8350
61.0000	90.0000	-3.8671	34.8350
62.0000	90.0000	-3.8671	34.8350
63.0000	90.0000	-3.8671	34.8350
64.0000	90.0000	-3.8671	34.8350
65.0000	90.0000	-3.8671	34.8350
66.0000	90.0000	-3.8671	34.8350
67.0000	90.0000	-3.8671	34.8350
68.0000	90.0000	-3.8671	34.8350
69.0000	90.0000	-3.8671	34.8350
70.0000	90.0000	-3.8671	34.8350
71.0000	90.0000	-3.8671	34.8350
72.0000	90.0000	-3.8671	34.8350
73.0000	90.0000	-3.8671	34.8350
74.0000	90.0000	-3.8671	34.8350
75.0000	90.0000	-3.8671	34.8350
76.0000	90.0000	-3.8671	34.8350
77.0000	90.0000	-3.8671	34.8350
78.0000	90.0000	-3.8671	34.8350
79.0000	90.0000	-3.8671	34.8350
80.0000	90.0000	-3.8671	34.8350
81.0000	90.0000	-3.8671	34.8350
82.0000	90.0000	-3.8671	34.8350
83.0000	90.0000	-3.8671	34.8350
84.0000	90.0000	-3.8671	34.8350
85.0000	90.0000	-3.8671	34.8350
86.0000	90.0000	-3.8671	34.8350
87.0000	90.0000	-3.8671	34.8350
88.0000	90.0000	-3.8671	34.8350
89.0000	90.0000	-3.8671	34.8350
90.0000	90.0000	-3.8671	34.8350
91.0000	90.0000	-3.8671	34.8350
92.0000	90.0000	-3.8671	34.8350
93.0000	90.0000	-3.8671	34.8350
94.0000	90.0000	-3.8671	34.8350
95.0000	90.0000	-3.8671	34.8350
96.0000	90.0000	-3.8671	34.8350
97.0000	90.0000	-3.8671	34.8350
98.0000	90.0000	-3.8671	34.8350
99.0000	90.0000	-3.8671	34.8350
100.0000	90.0000	-3.8671	34.8350
101.0000	90.0000	-3.8671	34.8350
102.0000	90.0000	-3.8671	34.8350
103.0000	90.0000	-3.8671	34.8350
104.0000	90.0000	-3.8671	34.8350
105.0000	90.0000	-3.8671	34.8350
106.0000	90.0000	-3.8671	34.8350
107.0000	90.0000	-3.8671	34.8350
108.0000	90.0000	-3.8671	34.8350
109.0000	90.0000	-3.8671	34.8350
110.0000	90.0000	-3.8671	34.8350
111.0000	90.0000	-3.8671	34.8350
112.0000	90.0000	-3.8671	34.8350
113.0000	90.0000	-3.8671	34.8350
114.0000	90.0000	-3.8671	34.8350
115.0000	90.0000	-3.8671	34.8350
116.0000	90.0000	-3.8671	34.8350
117.0000	90.0000	-3.8671	34.8350
118.0000	90.0000	-3.8671	34.8350
119.0000	90.0000	-3.8671	34.8350
120.0000	90.0000	-3.8671	34.8350
121.0000	90.0000	-3.8671	34.8350
122.0000	90.0000	-3.8671	34.8350
123.0000	90.0000	-3.8671	34.8350
124.0000	90.0000	-3.8671	34.8350
125.0000	90.0000	-3.8671	34.8350
126.0000	90.0000	-3.8671	34.8350
127.0000	90.0000	-3.8671	34.8350
128.0000	90.0000	-3.8671	34.8350
129.0000	90.0000	-3.8671	34.8350
130.0000	90.0000	-3.8671	34.8350
131.0000	90.0000	-3.8671	34.8350
132.0000	90.0000	-3.8671	34.8350
133.0000	90.0000	-3.8671	34.8350
134.0000	90.0000	-3.8671	34.8350
135.0000	90.0000	-3.8671	34.8350
136.0000	90.0000	-3.8671	34.8350
137.0000	90.0000	-3.8671	34.8350
138.0000	90.0000	-3.8671	34.8350
139.0000	90.0000	-3.8671	34.8350
140.0000	90.0000	-3.8671	34.8350
141.0000	90.0000	-3.8671	34.8350
142.0000	90.0000	-3.8671	34.8351
143.0000	90.0000	-3.8671	34.8333
144.0000	90.0000	-3.8671	34.8256
145.0000	90.0000	-3.8670	34.8103
146.0000	90.0000	-3.8669	34.7874
147.0000	90.0000	-3.8667	34.7575
148.0000	90.0000	-3.8666	34.7203
149.0000	90.0000	-3.8665	34.6759
150.0000	90.0000	-3.8664	34.6249
151.0000	90.0000	-3.8662	34.5673
152.0000	90.0000	-3.8659	34.5033
153.0000	90.0000	-3.8657	34.4344
154.0000	90.0000	-3.8656	34.3609
155.0000	90.0000	-3.8655	34.2811
156.0000	90.0000	-3.8653	34.2503
157.0000	90.0000	-3.8653	34.2499
158.0000	90.0000	-3.8654	34.2486
159.0000	90.0000	-3.8654	34.2478
160.0000	90.0000	-3.8654	34.2474
161.0000	90.0000	-3.8654	34.2472
162.0000	90.0000	-3.8654	34.2471
163.0000	90.0000	-3.8654	34.2470
164.0000	90.0000	-3.8654	34.2470
165.0000	90.0000	-3.8654	34.2470
166.0000	90.0000	-3.8654	34.2470
167.0000	90.0000	-3.8654	34.2470
168.0000	90.0000	-3.8654	34.2470
169.0000	90.0000	-3.8654	34.2470
170.0000	90.0000	-3.8654	34.2470
171.0000	90.0000	-3.8654	34.2470
172.0000	90.0000	-3.8654	34.2471
173.0000	90.0000	-3.8653	34.2451
174.0000	90.0000	-3.8653	34.2369
175.0000	90.0000	-3.8653	34.2217
176.0000	90.0000	-3.8651	34.1989
177.0000	90.0000	-3.8650	34.1689
178.0000	90.0000	-3.8649	34.1317
179.0000	90.0000	-3.8648	34.0874
180.0000	90.0000	-3.8647	34.0363
181.0000	90.0000	-3.8646	33.9787
182.0000	90.0000	-3.8646	33.9147
183.0000	90.0000	-3.8645	33.8926
184.0000	90.0000	-3.8646	33.8843
185.0000	90.0000	-3.8645	33.8579
186.0000	90.0000	-3.8646	33.8545
187.0000	90.0000	-3.8646	33.8541
188.0000	90.0000	-3.8646	33.8537
189.0000	90.0000	-3.8646	33.8534
190.0000	90.0000	-3.8646	33.8533
191.0000	90.0000	-3.8646	33.8533
192.0000	90.0000	-3.8646	33.8533
193.0000	90.0000	-3.8646	33.8532
194.0000	90.0000	-3.8646	33.8532
195.0000	90.0000	-3.8646	33.8532
196.0000	90.0000	-3.8646	33.8532
197.0000	90.0000	-3.8646	33.8532
198.0000	90.0000	-3.8646	33.8533
199.0000	90.0000	-3.8646	33.8515
200.0000	90.0000	-3.8647	33.8453
201.0000	90.0000	-3.8647	33.8303
202.0000	90.0000	-3.8646	33.8070
203.0000	90.0000	-3.8644	33.7770
204.0000	90.0000	-3.8643	33.7398
205.0000	90.0000	-3.8642	33.6954
206.0000	90.0000	-3.8641	33.6444
207.0000	90.0000	-3.8641	33.5867
208.0000	90.0000	-3.8640	33.5677
209.0000	90.0000	-3.8640	33.5673
210.0000	90.0000	-3.8640	33.5665
211.0000	90.0000	-3.8640	33.5659
212.0000	90.0000	-3.8640	33.5656
213.0000	90.0000	-3.8640	33.5654
214.0000	90.0000	-3.8640	33.5654
215.0000	90.0000	-3.8640	33.5653
216.0000	90.0000	-3.8640	33.5653
217.0000	90.0000	-3.8640	33.5653
218.0000	90.0000	-3.8640	33.5653
219.0000	90.0000	-3.8640	33.5653
220.0000	90.0000	-3.8640	33.5653
221.0000	90.0000	-3.8640	33.5653
222.0000	90.0000	-3.8640	33.5653
223.0000	90.0000	-3.8640	33.5653
224.0000	90.0000	-3.8640	33.5653
225.0000	90.0000	-3.8640	33.5653
226.0000	90.0000	-3.8640	33.5653
227.0000	90.0000	-3.8640	33.5653
228.0000	90.0000	-3.8640	33.5653
229.0000	90.0000	-3.8640	33.5653
230.0000	90.0000	-3.8640	33.5653
231.0000	90.0000	-3.8640	33.5653
232.0000	90.0000	-3.8640	33.5653
233.0000	90.0000	-3.8640	33.5653
234.0000	90.0000	-3.8640	33.5653
235.0000	90.0000	-3.8640	33.5653
236.0000	90.0000	-3.8640	33.5653
237.0000	90.0000	-3.8640	33.5653
238.0000	90.0000	-3.8640	33.5653
239.0000	90.0000	-3.8640	33.5653
240.0000	90.0000	-3.8640	33.5653
241.0000	90.0000	-3.8640	33.5653
242.0000	90.0000	-3.8640	33.5653
243.0000	90.0000	-3.8640	33.5653
244.0000	90.0000	-3.8640	33.5653
245.0000	90.0000	-3.8640	33.5653
246.0000	90.0000	-3.8640	33.5653
247.0000	90.0000	-3.8640	33.5653
248.0000	90.0000	-3.8640	33.5653
249.0000	90.0000	-3.8640	33.5653
250.0000	90.0000	-3.8640	33.5653
251.0000	90.0000	-3.8640	33.5653
252.0000	90.0000	-3.8640	33.5653
253.0000	90.0000	-3.8640	33.5653
254.0000	90.0000	-3.8640	33.5653
255.0000	90.0000	-3.8640	33.5653
256.0000	90.0000	-3.8640	33.5653
257.0000	90.0000	-3.8640	33.5653
258.0000	90.0000	-3.8640	33.5653
259.0000	90.0000	-3.8640	33.5653
260.0000	90.0000	-3.8640	33.5653
261.0000	90.0000	-3.8640	33.5653
262.0000	90.0000	-3.8640	33.5653
263.0000	90.0000	-3.8640	33.5653
264.0000	90.0000	-3.8640	33.5653
265.0000	90.0000	-3.8640	33.5653
266.0000	90.0000	-3.8640	33.5653
267.0000	90.0000	-3.8640	33.5653
268.0000	90.0000	-3.8640	33.5653
269.0000	90.0000	-3.8640	33.5653
270.0000	90.0000	-3.8640	33.5653
271.0000	90.0000	-3.8640	33.5653
272.0000	90.0000	-3.8640	33.5653
273.0000	90.0000	-3.8640	33.5653
274.0000	90.0000	-3.8640	33.5653
275.0000	90.0000	-3.8640	33.5653
276.0000	90.0000	-3.8640	33.5654
277.0000	90.0000	-3.8640	33.5636
278.0000	90.0000	-3.8639	33.5552
279.0000	90.0000	-3.8639	33.5388
280.0000	90.0000	-3.8638	33.5154
281.0000	90.0000	-3.8638	33.5135
282.0000	90.0000	-3.8637	33.5132
283.0000	90.0000	-3.8638	33.5129
284.0000	90.0000	-3.8638	33.5127
285.0000	90.0000	-3.8638	33.5126
286.0000	90.0000	-3.8638	33.5126
287.0000	90.0000	-3.8638	33.5126
288.0000	90.0000	-3.8638	33.5126
289.0000	90.0000	-3.8638	33.5126
290.0000	90.0000	-3.8638	33.5126
291.0000	90.0000	-3.8638	33.5126
292.0000	90.0000	-3.8638	33.5126
293.0000	90.0000	-3.8638	33.5126
294.0000	90.0000	-3.8638	33.5126
295.0000	90.0000	-3.8638	33.5126
296.0000	90.0000	-3.8638	33.5126
297.0000	90.0000	-3.8638	33.5126
298.0000	90.0000	-3.8638	33.5126
299.0000	90.0000	-3.8638	33.5126
300.0000	90.0000	-3.8638	33.5126
301.0000	90.0000	-3.8638	33.5126
302.0000	90.0000	-3.8638	33.5126
303.0000	90.0000	-3.8638	33.5126
304.0000	90.0000	-3.8638	33.5126
305.0000	90.0000	-3.8638	33.5126
306.0000	90.0000	-3.8638	33.5126
307.0000	90.0000	-3.8638	33.5126
308.0000	90.0000	-3.8638	33.5126
309.0000	90.0000	-3.8638	33.5126
310.0000	90.0000	-3.8638	33.5126
311.0000	90.0000	-3.8638	33.5126
312.0000	90.0000	-3.8638	33.5126
313.0000	90.0000	-3.8638	33.5126
314.0000	90.0000	-3.8638	33.5126
315.0000	90.0000	-3.8638	33.5126
316.0000	90.0000	-3.8638	33.5126
317.0000	90.0000	-3.8638	33.5126
318.0000	90.0000	-3.8638	33.5126
319.0000	90.0000	-3.8638	33.5126
320.0000	90.0000	-3.8638	33.5126
321.0000	90.0000	-3.8638	33.5126
322.0000	90.0000	-3.8638	33.5126
323.0000	90.0000	-3.8638	33.5126
324.0000	90.0000	-3.8638	33.5126
325.0000	90.0000	-3.8638	33.5126
326.0000	90.0000	-3.8638	33.5126
327.0000	90.0000	-3.8638	33.5126
328.0000	90.0000	-3.8638	33.5126
329.0000	90.0000	-3.8638	33.5126
330.0000	90.0000	-3.8638	33.5126
331.0000	90.0000	-3.8638	33.5126
332.0000	90.0000	-3.8638	33.5126
333.0000	90.0000	-3.8638	33.5126
334.0000	90.0000	-3.8638	33.5126
335.0000	90.0000	-3.8638	33.5126
336.0000	90.0000	-3.8638	33.5126
337.0000	90.0000	-3.8638	33.5126
338.0000	90.0000	-3.8638	33.5126
339.0000	90.0000	-3.8638	33.5126
340.0000	90.0000	-3.8638	33.5126
341.0000	90.0000	-3.8638	33.5126
342.0000	90.0000	-3.8638	33.5126
343.0000	90.0000	-3.8638	33.5126
344.0000	90.0000	-3.8638	33.5126
345.0000	90.0000	-3.8638	33.5126
346.0000	90.0000	-3.8638	33.5126
347.0000	90.0000	-3.8638	33.5126
348.0000	90.0000	-3.8638	33.5126
349.0000	90.0000	-3.8638	33.5126
350.0000	90.0000	-3.8638	33.5126
351.0000	90.0000	-3.8638	33.5126
352.0000	90.0000	-3.8638	33.5126
353.0000	90.0000	-3.8638	33.5126
354.0000	90.0000	-3.8638	33.5126
355.0000	90.0000	-3.8638	33.5126
356.0000	90.0000	-3.8638	33.5126
357.0000	90.0000	-3.8638	33.5126
358.0000	90.0000	-3.8638	33.5126
359.0000	90.0000	-3.8638	33.5126
360.0000	90.0000	-3.8638	33.5126
361.0000	90.0000	-3.8638	33.5126
362.0000	90.0000	-3.8638	33.5126
363.0000	90.0000	-3.8638	33.5126
364.0000	90.0000	-3.8638	33.5126
365.0000	90.0000	-3.8638	33.5126
366.0000	90.0000	-3.8638	33.5126
367.0000	90.0000	-3.8638	33.5126
368.0000	90.0000	-3.8638	33.5126
369.0000	90.0000	-3.8638	33.5126
370.0000	90.0000	-3.8638	33.5126
371.0000	90.0000	-3.8638	33.5126
372.0000	90.0000	-3.8638	33.5126
373.0000	90.0000	-3.8638	33.5126
374.0000	90.0000	-3.8638	33.5126
375.0000	90.0000	-3.8638	33.5126
376.0000	90.0000	-3.8638	33.5126
377.0000	90.0000	-3.8638	33.5126
378.0000	90.0000	-3.8638	33.5127
379.0000	90.0000	-3.8638	33.5109
380.0000	90.0000	-3.8636	33.5051
381.0000	90.0000	-3.8634	33.4924
382.0000	90.0000	-3.8635	33.4685
383.0000	90.0000	-3.8634	33.4386
384.0000	90.0000	-3.8633	33.4014
385.0000	90.0000	-3.8631	33.3571
386.0000	90.0000	-3.8631	33.3061
387.0000	90.0000	-3.8630	33.2485
388.0000	90.0000	-3.8629	33.1846
389.0000	90.0000	-3.8628	33.1161
390.0000	90.0000	-3.8627	33.0425
391.0000	90.0000	-3.8627	32.9629
392.0000	90.0000	-3.8625	32.8772
393.0000	90.0000	-3.8624	32.7857
394.0000	90.0000	-3.8625	32.6883
395.0000	90.0000	-3.8625	32.5854
396.0000	90.0000	-3.8625	32.4769
397.0000	90.0000	-3.8626	32.3631
398.0000	90.0000	-3.8626	32.2439
399.0000	90.0000	-3.8627	32.1197
400.0000	90.0000	-3.8627	31.9904
401.0000	90.0000	-3.8630	31.8562
402.0000	90.0000	-3.8633	31.7171
403.0000	90.0000	-3.8635	31.5733
404.0000	90.0000	-3.8639	31.4249
405.0000	90.0000	-3.8642	31.2719
406.0000	90.0000	-3.8646	31.1148
407.0000	90.0000	-3.8649	30.9564
408.0000	90.0000	-3.8655	30.7812
409.0000	90.0000	-3.8660	30.5998
410.0000	90.0000	-3.8666	30.4134
411.0000	90.0000	-3.8673	30.2223
412.0000	90.0000	-3.8681	30.0264
413.0000	90.0000	-3.8689	29.8258
414.0000	90.0000	-3.8697	29.6213
415.0000	90.0000	-3.8707	29.4151
416.0000	90.0000	-3.8714	29.2661
417.0000	90.0000	-3.8714	29.2591
418.0000	90.0000	-3.8714	29.2540
419.0000	90.0000	-3.8715	29.2207
420.0000	90.0000	-3.8716	29.1847
421.0000	90.0000	-3.8716	29.1470
422.0000	90.0000	-3.8718	29.1024
423.0000	90.0000	-3.8721	29.0503
424.0000	90.0000	-3.8725	28.9907
425.0000	90.0000	-3.8728	28.9289
426.0000	90.0000	-3.8731	28.8707
427.0000	90.0000	-3.8734	28.8085
428.0000	90.0000	-3.8737	28.7405
429.0000	90.0000	-3.8741	28.6686
430.0000	90.0000	-3.8744	28.5910
431.0000	90.0000	-3.8748	28.5073
432.0000	90.0000	-3.8752	28.4177
433.0000	90.0000	-3.8757	28.3223
434.0000	90.0000	-3.8762	28.2213
435.0000	90.0000	-3.8767	28.1148
436.0000	90.0000	-3.8774	28.0028
437.0000	90.0000	-3.8780	27.8855
438.0000	90.0000	-3.8786	27.7630
439.0000	90.0000	-3.8793	27.6355
440.0000	90.0000	-3.8799	27.5029
441.0000	90.0000	-3.8806	27.3656
442.0000	90.0000	-3.8814	27.2234
443.0000	90.0000	-3.8822	27.0766
444.0000	90.0000	-3.8831	26.9251
445.0000	90.0000	-3.8837	26.8277
446.0000	90.0000	-3.8836	26.8260
447.0000	90.0000	-3.8837	26.8235
448.0000	90.0000	-3.8837	26.8217
449.0000	90.0000	-3.8837	26.8208
450.0000	90.0000	-3.8837	26.8203
451.0000	90.0000	-3.8837	26.8201
452.0000	90.0000	-3.8838	26.8157
453.0000	90.0000	-3.8837	26.8028
454.0000	90.0000	-3.8838	26.7824
455.0000	90.0000	-3.8838	26.7557
456.0000	90.0000	-3.8839	26.7218
457.0000	90.0000	-3.8841	26.6808
458.0000	90.0000	-3.8844	26.6329
459.0000	90.0000	-3.8847	26.5783
460.0000	90.0000	-3.8850	26.5173
461.0000	90.0000	-3.8854	26.4500
462.0000	90.0000	-3.8857	26.3787
463.0000	90.0000	-3.8860	26.3019
464.0000	90.0000	-3.8864	26.2190
465.0000	90.0000	-3.8868	26.1302
466.0000	90.0000	-3.8873	26.0356
467.0000	90.0000	-3.8878	25.9353
468.0000	90.0000	-3.8883	25.8294
469.0000	90.0000	-3.8888	25.7180
470.0000	90.0000	-3.8894	25.6014
471.0000	90.0000	-3.8900	25.4795
472.0000	90.0000	-3.8906	25.3526
473.0000	90.0000	-3.8913	25.2207
474.0000	90.0000	-3.8920	25.0839
475.0000	90.0000	-3.8926	24.9423
476.0000	90.0000	-3.8933	24.7960
477.0000	90.0000	-3.8938	24.7035
478.0000	90.0000	-3.8938	24.7022
479.0000	90.0000	-3.8938	24.6998
480.0000	90.0000	-3.8938	24.6980
481.0000	90.0000	-3.8938	24.6970
482.0000	90.0000	-3.8938	24.6861
483.0000	90.0000	-3.8938	24.6694
484.0000	90.0000	-3.8941	24.6445
485.0000	90.0000	-3.8942	24.6137
486.0000	90.0000	-3.8945	24.5762
487.0000	90.0000	-3.8947	24.5320
488.0000	90.0000	-3.8950	24.4811
489.0000	90.0000	-3.8953	24.4236
490.0000	90.0000	-3.8957	24.3597
491.0000	90.0000	-3.8958	24.3387
492.0000	90.0000	-3.8960	24.3288
493.0000	90.0000	-3.8961	24.2970
494.0000	90.0000	-3.8962	24.2916
495.0000	90.0000	-3.8962	24.2912
496.0000	90.0000	-3.8962	24.2907
497.0000	90.0000	-3.8962	24.2904
498.0000	90.0000	-3.8962	24.2903
499.0000	90.0000	-3.8962	24.2902
500.0000	90.0000	-3.8962	24.2902
501.0000	90.0000	-3.8962	24.2902
502.0000	90.0000	-3.8962	24.2902
503.0000	90.0000	-3.8962	24.2902
504.0000	90.0000	-3.8962	24.2902
505.0000	90.0000	-3.8962	24.2903
506.0000	90.0000	-3.8962	24.2892
507.0000	90.0000	-3.8962	24.2892
508.0000	90.0000	-3.8962	24.2892
509.0000	90.0000	-3.8962	24.2892
510.0000	90.0000	-3.8962	24.2892
511.0000	90.0000	-3.8962	24.2873
512.0000	90.0000	-3.8964	24.2813
513.0000	90.0000	-3.8965	24.2662
514.0000	90.0000	-3.8965	24.2448
515.0000	90.0000	-3.8968	24.2146
516.0000	90.0000	-3.8971	24.1771
517.0000	90.0000	-3.8974	24.1325
518.0000	90.0000	-3.8977	24.0812
519.0000	90.0000	-3.8980	24.0234
520.0000	90.0000	-3.8985	23.9592
521.0000	90.0000	-3.8991	23.8892
522.0000	90.0000	-3.8996	23.8151
523.0000	90.0000	-3.9001	23.7351
524.0000	90.0000	-3.9007	23.6491
525.0000	90.0000	-3.9008	23.6149
526.0000	90.0000	-3.9008	23.6145
527.0000	90.0000	-3.9009	23.6130
528.0000	90.0000	-3.9009	23.6122
529.0000	90.0000	-3.9009	23.6117
530.0000	90.0000	-3.9009	23.6115
531.0000	90.0000	-3.9009	23.6114
532.0000	90.0000	-3.9009	23.6113
533.0000	90.0000	-3.9009	23.6113
534.0000	90.0000	-3.9009	23.6113
535.0000	90.0000	-3.9009	23.6113
536.0000	90.0000	-3.9009	23.6113
537.0000	90.0000	-3.9009	23.6113
538.0000	90.0000	-3.9009	23.6113
539.0000	90.0000	-3.9009	23.6113
540.0000	90.0000	-3.9009	23.6113
541.0000	90.0000	-3.9009	23.6113
542.0000	90.0000	-3.9009	23.6113
543.0000	90.0000	-3.9009	23.6113
544.0000	90.0000	-3.9009	23.6113
545.0000	90.0000	-3.9009	23.6113
546.0000	90.0000	-3.9009	23.6113
547.0000	90.0000	-3.9009	23.6113
548.0000	90.0000	-3.9009	23.6113
549.0000	90.0000	-3.9009	23.6113
550.0000	90.0000	-3.9009	23.6113
551.0000	90.0000	-3.9009	23.6113
552.0000	90.0000	-3.9009	23.6113
553.0000	90.0000	-3.9009	23.6113
554.0000	90.0000	-3.9009	23.6113
555.0000	90.0000	-3.9009	23.6113
556.0000	90.0000	-3.9009	23.6113
557.0000	90.0000	-3.9009	23.6113
558.0000	90.0000	-3.9009	23.6113
559.0000	90.0000	-3.9009	23.6113
560.0000	90.0000	-3.9009	23.6114
561.0000	90.0000	-3.9009	23.6096
562.0000	90.0000	-3.9010	23.6041
563.0000	90.0000	-3.9009	23.5892
564.0000	90.0000	-3.9011	23.5698
565.0000	90.0000	-3.9013	23.5412
566.0000	90.0000	-3.9015	23.5075
567.0000	90.0000	-3.9018	23.4669
568.0000	90.0000	-3.9021	23.4197
569.0000	90.0000	-3.9024	23.3659
570.0000	90.0000	-3.9027	23.3056
571.0000	90.0000	-3.9031	23.2387
572.0000	90.0000	-3.9036	23.1655
573.0000	90.0000	-3.9040	23.0860
574.0000	90.0000	-3.9045	23.0004
575.0000	90.0000	-3.9051	22.9089
576.0000	90.0000	-3.9057	22.8116
577.0000	90.0000	-3.9062	22.7087
578.0000	90.0000	-3.9068	22.6003
579.0000	90.0000	-3.9075	22.4865
580.0000	90.0000	-3.9082	22.3674
581.0000	90.0000	-3.9089	22.2432
582.0000	90.0000	-3.9097	22.1140
583.0000	90.0000	-3.9106	21.9798
584.0000	90.0000	-3.9114	21.8408
585.0000	90.0000	-3.9123	21.6970
586.0000	90.0000	-3.9132	21.5486
587.0000	90.0000	-3.9141	21.3957
588.0000	90.0000	-3.9150	21.2386
589.0000	90.0000	-3.9159	21.0803
590.0000	90.0000	-3.9169	20.9051
591.0000	90.0000	-3.9181	20.7236
592.0000	90.0000	-3.9192	20.5374
593.0000	90.0000	-3.9204	20.3463
594.0000	90.0000	-3.9215	20.1504
595.0000	90.0000	-3.9222	20.0361
596.0000	90.0000	-3.9222	20.0282
597.0000	90.0000	-3.9229	19.9180
598.0000	90.0000	-3.9233	19.8460
599.0000	90.0000	-3.9233	19.8346
600.0000	90.0000	-3.9238	19.7779
601.0000	90.0000	-3.9239	19.7167
602.0000	90.0000	-3.9240	19.6496
603.0000	90.0000	-3.9244	19.5761
604.0000	90.0000	-3.9247	19.4964
605.0000	90.0000	-3.9251	19.4106
606.0000	90.0000	-3.9256	19.3189
607.0000	90.0000	-3.9261	19.2214
608.0000	90.0000	-3.9266	19.1182
609.0000	90.0000	-3.9271	19.0096
610.0000	90.0000	-3.9276	18.8956
611.0000	90.0000	-3.9283	18.7763
612.0000	90.0000	-3.9289	18.6519
613.0000	90.0000	-3.9296	18.5224
614.0000	90.0000	-3.9302	18.3881
615.0000	90.0000	-3.9309	18.2488
616.0000	90.0000	-3.9315	18.1048
617.0000	90.0000	-3.9322	17.9563
618.0000	90.0000	-3.9329	17.8031
619.0000	90.0000	-3.9336	17.6459
620.0000	90.0000	-3.9343	17.4874
621.0000	90.0000	-3.9352	17.3127
622.0000	90.0000	-3.9357	17.1998
623.0000	90.0000	-3.9356	17.1982
624.0000	90.0000	-3.9356	17.1952
625.0000	90.0000	-3.9357	17.1932
626.0000	90.0000	-3.9357	17.1922
627.0000	90.0000	-3.9357	17.1916
628.0000	90.0000	-3.9357	17.1914
629.0000	90.0000	-3.9357	17.1912
630.0000	90.0000	-3.9357	17.1912
631.0000	90.0000	-3.9357	17.1912
632.0000	90.0000	-3.9357	17.1912
633.0000	90.0000	-3.9357	17.1912
634.0000	90.0000	-3.9357	17.1912
635.0000	90.0000	-3.9357	17.1912
636.0000	90.0000	-3.9357	17.1912
637.0000	90.0000	-3.9357	17.1912
638.0000	90.0000	-3.9357	17.1912
639.0000	90.0000	-3.9357	17.1912
640.0000	90.0000	-3.9357	17.1912
641.0000	90.0000	-3.9357	17.1895
642.0000	90.0000	-3.9359	17.1840
643.0000	90.0000	-3.9359	17.1689
644.0000	90.0000	-3.9360	17.1682
645.0000	90.0000	-3.9360	17.1659
646.0000	90.0000	-3.9361	17.1537
647.0000	90.0000	-3.9363	17.1343
648.0000	90.0000	-3.9365	17.1081
649.0000	90.0000	-3.9368	17.0745
650.0000	90.0000	-3.9370	17.0338
651.0000	90.0000	-3.9371	17.0245
652.0000	90.0000	-3.9371	17.0186
653.0000	90.0000	-3.9374	17.0002
654.0000	90.0000	-3.9375	16.9758
655.0000	90.0000	-3.9377	16.9443
656.0000	90.0000	-3.9380	16.9067
657.0000	90.0000	-3.9382	16.8625
658.0000	90.0000	-3.9385	16.8118
659.0000	90.0000	-3.9389	16.7544
660.0000	90.0000	-3.9394	16.6906
661.0000	90.0000	-3.9398	16.6202
662.0000	90.0000	-3.9403	16.5436
663.0000	90.0000	-3.9409	16.4607
664.0000	90.0000	-3.9414	16.3720
665.0000	90.0000	-3.9420	16.2774
666.0000	90.0000	-3.9423	16.2359
667.0000	90.0000	-3.9424	16.2237
668.0000	90.0000	-3.9427	16.1745
669.0000	90.0000	-3.9430	16.1215
670.0000	90.0000	-3.9434	16.0626
671.0000	90.0000	-3.9439	15.9974
672.0000	90.0000	-3.9444	15.9271
673.0000	90.0000	-3.9450	15.8522
674.0000	90.0000	-3.9455	15.7713
675.0000	90.0000	-3.9461	15.6845
676.0000	90.0000	-3.9467	15.5918
677.0000	90.0000	-3.9474	15.4933
678.0000	90.0000	-3.9481	15.3892
679.0000	90.0000	-3.9489	15.2797
680.0000	90.0000	-3.9497	15.1648
681.0000	90.0000	-3.9505	15.0447
682.0000	90.0000	-3.9513	14.9195
683.0000	90.0000	-3.9522	14.7892
684.0000	90.0000	-3.9530	14.6541
685.0000	90.0000	-3.9539	14.5141
686.0000	90.0000	-3.9547	14.3693
687.0000	90.0000	-3.9556	14.2200
688.0000	90.0000	-3.9565	14.0661
689.0000	90.0000	-3.9574	13.9086
690.0000	90.0000	-3.9577	13.8465
691.0000	90.0000	-3.9578	13.8457
692.0000	90.0000	-3.9578	13.8414
693.0000	90.0000	-3.9578	13.8377
694.0000	90.0000	-3.9578	13.8370
695.0000	90.0000	-3.9578	13.8366
696.0000	90.0000	-3.9578	13.8365
697.0000	90.0000	-3.9578	13.8364
698.0000	90.0000	-3.9578	13.8363
699.0000	90.0000	-3.9578	13.8363
700.0000	90.0000	-3.9578	13.8363
701.0000	90.0000	-3.9578	13.8363
702.0000	90.0000	-3.9578	13.8364
703.0000	90.0000	-3.9578	13.8353
704.0000	90.0000	-3.9578	13.8353
705.0000	90.0000	-3.9578	13.8353
706.0000	90.0000	-3.9578	13.8354
707.0000	90.0000	-3.9579	13.8330
708.0000	90.0000	-3.9576	13.8271
709.0000	90.0000	-3.9577	13.8264
710.0000	90.0000	-3.9577	13.8263
711.0000	90.0000	-3.9577	13.8262
712.0000	90.0000	-3.9577	13.8262
713.0000	90.0000	-3.9577	13.8262
714.0000	90.0000	-3.9577	13.8262
715.0000	90.0000	-3.9577	13.8262
716.0000	90.0000	-3.9577	13.8262
717.0000	90.0000	-3.9577	13.8262
718.0000	90.0000	-3.9577	13.8262
719.0000	90.0000	-3.9577	13.8262
720.0000	90.0000	-3.9577	13.8262
721.0000	90.0000	-3.9577	13.8262
722.0000	90.0000	-3.9577	13.8262
723.0000	90.0000	-3.9577	13.8262
724.0000	90.0000	-3.9577	13.8262
725.0000	90.0000	-3.9577	13.8263
726.0000	90.0000	-3.9577	13.8245
727.0000	90.0000	-3.9576	13.8191
728.0000	90.0000	-3.9578	13.7996
729.0000	90.0000	-3.9672	13.7556
730.0000	90.0000	-3.9707	13.6661
731.0000	90.0000	-3.9761	13.5719
732.0000	90.0000	-3.9764	13.5243
733.0000	90.0000	-3.9766	13.4722
734.0000	90.0000	-3.9769	13.4146
735.0000	90.0000	-3.9785	13.3448
736.0000	90.0000	-3.9792	13.2391
737.0000	90.0000	-3.9809	13.0877
738.0000	90.0000	-3.9827	12.8858
739.0000	90.0000	-3.9842	12.6387
740.0000	90.0000	-3.9861	12.3516
741.0000	90.0000	-3.9878	12.0907
742.0000	90.0000	-3.9893	11.8551
743.0000	90.0000	-3.9907	11.5837
744.0000	90.0000	-3.9921	11.3085
745.0000	90.0000	-3.9927	11.0575
746.0000	90.0000	-3.9923	10.9281
747.0000	90.0000	-3.9927	10.8547
748.0000	90.0000	-3.9928	10.7836
749.0000	90.0000	-3.9930	10.7079
750.0000	90.0000	-3.9933	10.6252
751.0000	90.0000	-3.9934	10.5932
752.0000	90.0000	-3.9934	10.5933
753.0000	90.0000	-3.9934	10.5916
754.0000	90.0000	-3.9880	10.5824
755.0000	90.0000	-3.9716	10.5527
756.0000	90.0000	-3.9754	10.4831
757.0000	90.0000	-3.9758	10.3738
758.0000	90.0000	-3.9766	10.2211
759.0000	90.0000	-3.9780	10.0272
760.0000	90.0000	-3.9793	9.7917
761.0000	90.0000	-3.9809	9.5481
762.0000	90.0000	-3.9826	9.2764
763.0000	90.0000	-3.9835	8.9742
764.0000	90.0000	-3.9843	8.6422
765.0000	90.0000	-3.9845	8.3033
766.0000	90.0000	-3.9838	8.0645
767.0000	90.0000	-3.9835	7.9809
768.0000	90.0000	-3.9837	7.9743
769.0000	90.0000	-3.9839	7.9730
770.0000	90.0000	-3.9835	7.9622
771.0000	90.0000	-3.9835	7.9457
772.0000	90.0000	-3.9802	7.8945
773.0000	90.0000	-3.9806	7.7854
774.0000	90.0000	-3.9751	7.6658
775.0000	90.0000	-3.9753	7.6134
776.0000	90.0000	-3.9756	7.5572
777.0000	90.0000	-3.9759	7.4959
778.0000	90.0000	-3.9782	7.4207
779.0000	90.0000	-3.9839	7.3425
780.0000	90.0000	-3.9841	7.2627
781.0000	90.0000	-3.9844	7.1767
782.0000	90.0000	-3.9847	7.0848
783.0000	90.0000	-3.9851	6.9870
784.0000	90.0000	-3.9855	6.8835
785.0000	90.0000	-3.9859	6.7745
786.0000	90.0000	-3.9862	6.6601
787.0000	90.0000	-3.9865	6.5405
788.0000	90.0000	-3.9869	6.4158
789.0000	90.0000	-3.9873	6.2860
790.0000	90.0000	-3.9876	6.1513
791.0000	90.0000	-3.9879	6.0118
792.0000	90.0000	-3.9882	5.9259
793.0000	90.0000	-3.9882	5.9084
794.0000	90.0000	-3.9884	5.8405
795.0000	90.0000	-3.9886	5.7705
796.0000	90.0000	-3.9887	5.7468
797.0000	90.0000	-3.9887	5.7424
798.0000	90.0000	-3.9928	5.7176
799.0000	90.0000	-3.9964	5.6554
800.0000	90.0000	-3.9967	5.5467
801.0000	90.0000	-3.9968	5.4220
802.0000	90.0000	-3.9970	5.3840
803.0000	90.0000	-3.9946	5.3242
804.0000	90.0000	-3.9949	5.2153
805.0000	90.0000	-3.9955	5.0663
806.0000	90.0000	-3.9960	4.8825
807.0000	90.0000	-3.9965	4.6841
808.0000	90.0000	-3.9963	4.5712
809.0000	90.0000	-3.9915	4.5628
810.0000	90.0000	-4.0001	4.5264
811.0000	90.0000	-4.0002	4.4531
812.0000	90.0000	-4.0003	4.3332
813.0000	90.0000	-4.0004	4.1948
814.0000	90.0000	-4.0008	4.1538
815.0000	90.0000	-4.0009	4.1500
816.0000	90.0000	-4.0000	4.1252
817.0000	90.0000	-4.0003	4.0617
818.0000	90.0000	-4.0004	3.9538
819.0000	90.0000	-4.0007	3.8059
820.0000	90.0000	-4.0012	3.6228
821.0000	90.0000	-4.0017	3.4086
822.0000	90.0000	-4.0017	3.2167
823.0000	90.0000	-4.0018	3.1048
824.0000	90.0000	-4.0021	3.0001
825.0000	90.0000	-4.0021	2.9450
826.0000	90.0000	-4.0021	2.9422
827.0000	90.0000	-4.0023	2.8803
828.0000	90.0000	-4.0024	2.7540
829.0000	90.0000	-4.0027	2.5843
830.0000	90.0000	-4.0028	2.4041
831.0000	90.0000	-4.0029	2.2694
832.0000	90.0000	-4.0032	2.1216
833.0000	90.0000	-4.0034	1.9481
834.0000	90.0000	-4.0036	1.7453
835.0000	90.0000	-4.0039	1.5119
836.0000	90.0000	-4.0043	1.2476
837.0000	90.0000	-4.0044	0.9764
838.0000	90.0000	-4.0045	0.7518
839.0000	90.0000	-4.0048	0.5199
840.0000	90.0000	-4.0050	0.2854
841.0000	90.0000	-4.0052	0.0667
842.0000	90.0000	-4.0063	-0.1544
843.0000	90.0000	-4.0089	-0.3770
844.0000	90.0000	-4.0157	-0.6054
845.0000	90.0000	-4.0288	-0.8437
846.0000	90.0000	-4.0460	-1.0897
847.0000	90.0000	-4.0696	-1.3291
848.0000	90.0000	-4.0996	-1.5842
849.0000	90.0000	-4.1307	-1.8772
850.0000	90.0000	-4.1671	-2.2247
851.0000	90.0000	-4.2048	-2.6294
852.0000	90.0000	-4.2282	-2.9115
853.0000	90.0000	-4.2369	-2.9681
854.0000	90.0000	-4.2399	-3.0312
855.0000	90.0000	-4.2405	-3.0993
856.0000	90.0000	-4.2405	-3.0982
857.0000	90.0000	-4.2395	-3.0967
858.0000	90.0000	-4.2387	-3.0958
859.0000	90.0000	-4.2383	-3.0962
860.0000	90.0000	-4.2379	-3.0970
861.0000	90.0000	-4.2379	-3.0968
862.0000	90.0000	-4.2378	-3.0968
863.0000	90.0000	-4.2379	-3.0968
864.0000	90.0000	-4.2378	-3.0969
865.0000	90.0000	-4.2378	-3.0967
866.0000	90.0000	-4.2376	-3.1051
867.0000	90.0000	-4.2380	-3.1453
868.0000	90.0000	-4.2372	-3.2541
869.0000	90.0000	-4.2338	-3.4393
870.0000	90.0000	-4.2253	-3.6755
871.0000	90.0000	-4.2126	-3.9302
872.0000	90.0000	-4.1823	-4.2455
873.0000	90.0000	-4.1412	-4.5823
874.0000	90.0000	-4.0924	-4.9071
875.0000	90.0000	-4.0142	-5.2668
876.0000	90.0000	-3.9197	-5.6493
877.0000	90.0000	-3.8190	-6.0220
878.0000	90.0000	-3.6981	-6.3740
879.0000	90.0000	-3.5405	-6.7194
880.0000	90.0000	-3.4811	-6.8591
881.0000	90.0000	-3.4800	-6.8678
882.0000	90.0000	-3.4705	-6.8782
883.0000	90.0000	-3.4552	-6.8956
884.0000	90.0000	-3.4366	-6.9191
885.0000	90.0000	-3.4103	-6.9576
886.0000	90.0000	-3.3842	-6.9968
887.0000	90.0000	-3.3559	-7.0399
888.0000	90.0000	-3.3241	-7.0887
889.0000	90.0000	-3.2902	-7.1406
890.0000	90.0000	-3.2573	-7.1911
891.0000	90.0000	-3.2217	-7.2457
892.0000	90.0000	-3.1834	-7.3043
893.0000	90.0000	-3.1528	-7.3511
894.0000	90.0000	-3.1242	-7.3949
895.0000	90.0000	-3.0933	-7.4422
896.0000	90.0000	-3.0834	-7.4571
897.0000	90.0000	-3.0831	-7.4575
898.0000	90.0000	-3.0825	-7.4583
899.0000	90.0000	-3.0822	-7.4588
900.0000	90.0000	-3.0820	-7.4591
901.0000	90.0000	-3.0820	-7.4592
902.0000	90.0000	-3.0819	-7.4592
903.0000	90.0000	-3.0819	-7.4593
904.0000	90.0000	-3.0819	-7.4593
905.0000	90.0000	-3.0819	-7.4593
906.0000	90.0000	-3.0819	-7.4593
907.0000	90.0000	-3.0820	-7.4591
908.0000	90.0000	-3.0788	-7.4642
909.0000	90.0000	-3.0556	-7.5012
910.0000	90.0000	-3.0030	-7.5940
911.0000	90.0000	-2.9008	-7.7571
912.0000	90.0000	-2.7340	-7.9928
913.0000	90.0000	-2.5403	-8.2724
914.0000	90.0000	-2.2645	-8.6003
915.0000	90.0000	-1.9771	-8.9310
916.0000	90.0000	-1.7426	-9.2061
917.0000	90.0000	-1.4469	-9.4876
918.0000	90.0000	-1.1582	-9.7617
919.0000	90.0000	-0.9132	-9.9729
920.0000	90.0000	-0.6314	-10.1883
921.0000	90.0000	-0.3218	-10.4243
922.0000	90.0000	0.0149	-10.6770
923.0000	90.0000	0.3494	-10.9252
924.0000	90.0000	0.7155	-11.1584
925.0000	90.0000	1.0359	-11.3885
926.0000	90.0000	1.3675	-11.6087
927.0000	90.0000	1.7174	-11.8189
928.0000	90.0000	2.0672	-12.0566
929.0000	90.0000	2.4769	-12.2817
930.0000	90.0000	2.7505	-12.4433
931.0000	90.0000	2.8964	-12.4999
932.0000	90.0000	3.0264	-12.5351
933.0000	90.0000	3.1625	-12.5696
934.0000	90.0000	3.3030	-12.6045
935.0000	90.0000	3.4472	-12.6406
936.0000	90.0000	3.5954	-12.6788
937.0000	90.0000	3.7473	-12.7188
938.0000	90.0000	3.9001	-12.7596
939.0000	90.0000	4.0748	-12.8094
940.0000	90.0000	4.2693	-12.8757
941.0000	90.0000	4.4587	-12.9297
942.0000	90.0000	4.6431	-12.9799
943.0000	90.0000	4.8325	-13.0304
944.0000	90.0000	5.0263	-13.0817
945.0000	90.0000	5.2241	-13.1338
946.0000	90.0000	5.4235	-13.1864
947.0000	90.0000	5.6385	-13.2433
948.0000	90.0000	5.8596	-13.3019
949.0000	90.0000	6.0855	-13.3618
950.0000	90.0000	6.3161	-13.4230
951.0000	90.0000	6.5513	-13.4854
952.0000	90.0000	6.7910	-13.5490
953.0000	90.0000	7.0351	-13.6137
954.0000	90.0000	7.2835	-13.6795
955.0000	90.0000	7.5324	-13.7454
956.0000	90.0000	7.7926	-13.8142
957.0000	90.0000	8.0616	-13.8854
958.0000	90.0000	8.3353	-13.9579
959.0000	90.0000	8.6137	-14.0316
960.0000	90.0000	8.8965	-14.1065
961.0000	90.0000	9.1838	-14.1826
962.0000	90.0000	9.4753	-14.2598
963.0000	90.0000	9.7711	-14.3382
964.0000	90.0000	10.0710	-14.4177
965.0000	90.0000	10.3750	-14.4982
966.0000	90.0000	10.6798	-14.5790
967.0000	90.0000	10.9927	-14.6618
968.0000	90.0000	11.3153	-14.7472
969.0000	90.0000	11.6427	-14.8338
970.0000	90.0000	11.9744	-14.9215
971.0000	90.0000	12.3104	-15.0104
972.0000	90.0000	12.6505	-15.1004
973.0000	90.0000	12.9947	-15.1915
974.0000	90.0000	13.3428	-15.2836
975.0000	90.0000	13.6948	-15.3768
976.0000	90.0000	14.0507	-15.4710
977.0000	90.0000	14.4104	-15.5662
978.0000	90.0000	14.7737	-15.6624
979.0000	90.0000	15.1405	-15.7596
980.0000	90.0000	15.5069	-15.8566
981.0000	90.0000	15.8832	-15.9562
982.0000	90.0000	16.2667	-16.0578
983.0000	90.0000	16.6545	-16.1605
984.0000	90.0000	17.0461	-16.2643
985.0000	90.0000	17.4416	-16.3691
986.0000	90.0000	17.8408	-16.4749
987.0000	90.0000	18.2436	-16.5816
988.0000	90.0000	18.6500	-16.6893
989.0000	90.0000	19.0599	-16.7979
990.0000	90.0000	19.4733	-16.9075
991.0000	90.0000	19.8901	-17.0179
992.0000	90.0000	20.3102	-17.1293
993.0000	90.0000	20.7336	-17.2415
994.0000	90.0000	21.1602	-17.3546
995.0000	90.0000	21.5900	-17.4686
996.0000	90.0000	22.0228	-17.5835
997.0000	90.0000	22.4635	-17.6928
998.0000	90.0000	22.9419	-17.7687
999.0000	90.0000	23.4791	-17.8117
