0.0000	43.0000	10.0493	-50.4755
0.0000	137.0000	-17.9785	-60.3894
1.0000	43.0000	10.0522	-51.8715
1.0000	137.0000	-17.9744	-63.0974
2.0000	43.0000	10.0547	-53.2731
2.0000	137.0000	-17.9707	-65.8107
3.0000	43.0000	10.0566	-54.6804
3.0000	137.0000	-17.9676	-68.5294
4.0000	43.0000	10.0581	-56.0931
4.0000	137.0000	-17.9649	-71.2532
5.0000	43.0000	10.0591	-57.5112
5.0000	137.0000	-17.9628	-73.9823
6.0000	43.0000	10.0597	-58.9348
6.0000	137.0000	-17.9610	-76.7165
7.0000	43.0000	10.0608	-60.3634
8.0000	43.0000	10.0606	-61.7974
9.0000	43.0000	10.0603	-63.2366
10.0000	43.0000	10.0598	-64.6808
11.0000	43.0000	10.0595	-66.1299
12.0000	43.0000	10.0586	-67.5840
13.0000	43.0000	10.0574	-69.0431
14.0000	43.0000	10.0565	-70.5068
15.0000	43.0000	10.0548	-71.9755
15.0000	135.0000	-43.5745	66.4894
16.0000	43.0000	10.0530	-73.4488
16.0000	135.0000	-43.1336	64.0320
17.0000	43.0000	10.0517	-74.9266
17.0000	135.0000	-42.6959	61.5640
18.0000	43.0000	10.0506	-76.4090
18.0000	135.0000	-42.2601	59.0866
19.0000	43.0000	10.0482	-77.8961
19.0000	135.0000	-41.8248	56.5992
20.0000	135.0000	-41.3911	54.1029
21.0000	135.0000	-40.9610	51.5973
22.0000	135.0000	-40.5330	49.0818
23.0000	135.0000	-40.1098	46.5558
24.0000	135.0000	-39.6911	44.0200
25.0000	135.0000	-39.2748	41.4752
26.0000	135.0000	-38.8611	38.9207
27.0000	135.0000	-38.4523	36.3545
28.0000	135.0000	-38.0505	33.7712
29.0000	135.0000	-37.6570	31.1714
30.0000	135.0000	-37.2691	28.5584
31.0000	135.0000	-36.8820	25.9319
32.0000	135.0000	-36.4962	23.2920
33.0000	135.0000	-36.1138	20.6461
34.0000	135.0000	-35.7342	17.9931
35.0000	135.0000	-35.3496	15.3368
36.0000	135.0000	-34.9771	12.6586
37.0000	135.0000	-34.6125	9.9622
38.0000	135.0000	-34.2448	7.2631
39.0000	135.0000	-33.8734	4.5501
40.0000	135.0000	-33.5025	1.8321
41.0000	135.0000	-33.1348	-0.8876
42.0000	86.0000	-10.6948	77.2785
42.0000	135.0000	-32.7707	-3.5807
43.0000	86.0000	-10.7411	74.4906
43.0000	135.0000	-32.4071	-6.2575
44.0000	86.0000	-10.7819	71.7101
44.0000	135.0000	-32.0469	-8.9356
45.0000	86.0000	-10.8195	68.9298
45.0000	135.0000	-31.6892	-11.6115
46.0000	86.0000	-10.8544	66.1471
46.0000	135.0000	-31.3279	-14.2937
47.0000	86.0000	-10.8852	63.3613
47.0000	135.0000	-30.9744	-16.9914
48.0000	86.0000	-10.9136	60.5709
48.0000	135.0000	-30.6118	-19.6875
49.0000	86.0000	-10.9358	57.7774
49.0000	135.0000	-30.2629	-22.4033
50.0000	86.0000	-10.9606	54.9773
50.0000	135.0000	-29.9140	-25.1323
51.0000	86.0000	-10.9831	52.1696
51.0000	135.0000	-29.5733	-27.8667
52.0000	86.0000	-11.0026	49.3561
52.0000	135.0000	-29.2392	-30.6110
53.0000	86.0000	-11.0192	46.5365
53.0000	135.0000	-28.9097	-33.3680
54.0000	86.0000	-11.0323	43.7104
54.0000	135.0000	-28.5817	-36.1347
55.0000	86.0000	-11.0428	40.8783
55.0000	135.0000	-28.2604	-38.9118
56.0000	86.0000	-11.0511	38.0411
56.0000	135.0000	-27.9554	-41.6986
57.0000	86.0000	-11.0577	35.1974
57.0000	135.0000	-27.6630	-44.4951
58.0000	86.0000	-11.0628	32.3478
58.0000	135.0000	-27.3754	-47.3048
59.0000	86.0000	-11.0658	29.4921
59.0000	135.0000	-27.0865	-50.1250
60.0000	86.0000	-11.0677	26.6305
60.0000	135.0000	-26.7941	-52.9506
61.0000	86.0000	-11.0684	23.7636
61.0000	135.0000	-26.5099	-55.7855
62.0000	86.0000	-11.0682	20.8905
62.0000	135.0000	-26.2345	-58.6297
63.0000	86.0000	-11.0675	18.0129
63.0000	135.0000	-25.9673	-61.4826
64.0000	86.0000	-11.0662	15.1313
64.0000	135.0000	-25.7074	-64.3426
65.0000	86.0000	-11.0645	12.2466
65.0000	135.0000	-25.4554	-67.2100
66.0000	86.0000	-11.0628	9.3577
66.0000	135.0000	-25.2100	-70.0839
67.0000	86.0000	-11.0610	6.4659
67.0000	135.0000	-24.9734	-72.9648
68.0000	86.0000	-11.0592	3.5711
68.0000	135.0000	-24.7437	-75.8509
69.0000	86.0000	-11.0576	0.6735
70.0000	86.0000	-11.0563	-2.2265
71.0000	86.0000	-11.0554	-5.1302
72.0000	86.0000	-11.0549	-8.0353
73.0000	86.0000	-11.0549	-10.9424
74.0000	86.0000	-11.0554	-13.8509
75.0000	86.0000	-11.0562	-16.7619
76.0000	86.0000	-11.0574	-19.6745
77.0000	86.0000	-11.0593	-22.5888
78.0000	86.0000	-11.0616	-25.5049
79.0000	86.0000	-11.0644	-28.4227
80.0000	86.0000	-11.0672	-31.3432
81.0000	86.0000	-11.0702	-34.2641
82.0000	86.0000	-11.0737	-37.1865
83.0000	86.0000	-11.0772	-40.1101
84.0000	86.0000	-11.0806	-43.0355
85.0000	86.0000	-11.0845	-45.9619
86.0000	86.0000	-11.0888	-48.8896
87.0000	86.0000	-11.0932	-51.8186
88.0000	86.0000	-11.0977	-54.7496
89.0000	86.0000	-11.1014	-57.6818
90.0000	86.0000	-11.1048	-60.6144
91.0000	86.0000	-11.1086	-63.5478
92.0000	86.0000	-11.1125	-66.4823
93.0000	86.0000	-11.1163	-69.4176
94.0000	86.0000	-11.1201	-72.3537
95.0000	86.0000	-11.1226	-75.2909
96.0000	86.0000	-11.1248	-78.2293
243.0000	1.0000	-51.4826	61.0701
244.0000	1.0000	-51.5179	59.3457
245.0000	1.0000	-51.5558	57.6216
246.0000	1.0000	-51.5983	55.8975
247.0000	1.0000	-51.6468	54.1730
248.0000	1.0000	-51.6998	52.4478
249.0000	1.0000	-51.7592	50.7218
250.0000	1.0000	-51.8261	48.9948
251.0000	1.0000	-51.8986	47.2666
252.0000	1.0000	-51.9788	45.5369
253.0000	1.0000	-52.0676	43.8054
254.0000	1.0000	-52.1627	42.0722
255.0000	1.0000	-52.2664	40.3368
256.0000	1.0000	-52.3796	38.5987
257.0000	1.0000	-52.5110	36.8559
258.0000	1.0000	-52.6519	35.1098
259.0000	1.0000	-52.8147	33.3568
260.0000	1.0000	-52.9959	31.5973
261.0000	1.0000	-53.1967	29.8302
262.0000	1.0000	-53.4172	28.0547
263.0000	1.0000	-53.6708	26.2677
264.0000	1.0000	-53.9156	24.4996
265.0000	1.0000	-54.1929	22.7404
266.0000	1.0000	-54.4549	21.0305
267.0000	1.0000	-54.7157	19.3684
268.0000	1.0000	-54.9914	17.7574
269.0000	1.0000	-55.2581	16.2161
270.0000	1.0000	-55.5397	14.7346
271.0000	1.0000	-55.8407	13.3017
272.0000	1.0000	-56.1464	11.9346
273.0000	1.0000	-56.4753	10.6041
274.0000	1.0000	-56.8425	9.2896
275.0000	1.0000	-57.2239	8.0083
276.0000	1.0000	-57.6353	6.7555
277.0000	1.0000	-58.0696	5.5324
278.0000	1.0000	-58.5316	4.3233
279.0000	1.0000	-59.0231	3.1103
280.0000	1.0000	-59.5390	1.9139
281.0000	1.0000	-60.0708	0.7522
282.0000	1.0000	-60.6373	-0.4154
283.0000	1.0000	-61.2303	-1.5898
284.0000	1.0000	-61.8353	-2.7318
285.0000	1.0000	-62.4679	-3.8679
286.0000	1.0000	-63.1247	-4.9985
287.0000	1.0000	-63.7979	-6.1223
288.0000	1.0000	-64.4922	-7.2394
289.0000	1.0000	-65.2105	-8.3429
290.0000	1.0000	-65.9415	-9.4199
291.0000	1.0000	-66.6953	-10.5091
292.0000	1.0000	-67.4627	-11.5670
293.0000	1.0000	-68.2510	-12.6198
294.0000	1.0000	-69.0500	-13.6573
295.0000	1.0000	-69.8684	-14.6922
296.0000	1.0000	-70.6992	-15.6896
297.0000	1.0000	-71.5483	-16.6789
298.0000	1.0000	-72.4052	-17.6535
299.0000	1.0000	-73.2774	-18.6189
300.0000	1.0000	-74.0886	-19.5887
301.0000	1.0000	-74.6581	-20.6748
302.0000	1.0000	-75.0230	-21.8839
303.0000	1.0000	-75.3894	-23.1019
304.0000	1.0000	-75.7773	-24.3039
340.0000	218.0000	-36.4346	68.7842
341.0000	218.0000	-35.0757	66.3439
342.0000	218.0000	-33.7531	63.8836
343.0000	218.0000	-32.4792	61.3982
344.0000	218.0000	-31.2632	58.8841
345.0000	218.0000	-30.0901	56.3502
346.0000	218.0000	-28.9655	53.7946
347.0000	218.0000	-27.8974	51.2145
348.0000	218.0000	-26.8743	48.6167
349.0000	218.0000	-25.8957	46.0032
350.0000	218.0000	-24.9760	43.3673
351.0000	218.0000	-24.1102	40.7130
352.0000	218.0000	-23.2983	38.0415
353.0000	218.0000	-22.5434	35.3521
354.0000	218.0000	-21.8383	32.6506
355.0000	218.0000	-21.1883	29.9353
356.0000	218.0000	-20.5976	27.2045
357.0000	218.0000	-20.0632	24.4616
358.0000	218.0000	-19.5805	21.7116
359.0000	218.0000	-19.1551	18.9519
360.0000	218.0000	-18.7894	16.1812
361.0000	218.0000	-18.4789	13.4057
362.0000	218.0000	-18.2258	10.6242
363.0000	218.0000	-18.0384	7.8260
364.0000	218.0000	-17.9148	5.0058
365.0000	218.0000	-17.8493	2.1627
366.0000	218.0000	-17.8337	-0.7021
367.0000	218.0000	-17.8608	-3.5855
368.0000	218.0000	-17.9246	-6.4865
369.0000	218.0000	-18.0187	-9.4042
370.0000	218.0000	-18.1379	-12.3377
371.0000	218.0000	-18.2773	-15.2855
372.0000	218.0000	-18.4298	-18.2505
373.0000	218.0000	-18.5878	-21.2336
374.0000	218.0000	-18.7472	-24.2330
375.0000	218.0000	-18.9053	-27.2464
376.0000	218.0000	-19.0630	-30.2699
377.0000	218.0000	-19.2210	-33.3012
378.0000	218.0000	-19.3771	-36.3402
379.0000	218.0000	-19.5288	-39.3871
380.0000	218.0000	-19.6763	-42.4405
381.0000	218.0000	-19.8206	-45.4990
382.0000	218.0000	-19.9594	-48.5630
383.0000	218.0000	-20.0935	-51.6316
384.0000	218.0000	-20.2225	-54.7043
385.0000	218.0000	-20.3472	-57.7804
386.0000	31.0000	-78.2599	15.1669
386.0000	218.0000	-20.4672	-60.8598
387.0000	31.0000	-78.2603	12.7318
387.0000	218.0000	-20.5830	-63.9419
388.0000	31.0000	-78.2617	10.2888
388.0000	218.0000	-20.6961	-67.0261
389.0000	31.0000	-78.2637	7.8372
389.0000	218.0000	-20.8051	-70.1125
390.0000	31.0000	-78.2658	5.3786
390.0000	218.0000	-20.9107	-73.2007
391.0000	31.0000	-78.2676	2.9128
391.0000	218.0000	-21.0124	-76.2909
392.0000	31.0000	-78.2686	0.4408
393.0000	31.0000	-78.2686	-2.0367
394.0000	31.0000	-78.2672	-4.5190
395.0000	31.0000	-78.2643	-7.0045
396.0000	31.0000	-78.2598	-9.4923
397.0000	31.0000	-78.2536	-11.9829
398.0000	31.0000	-78.2456	-14.4758
515.0000	133.0000	-70.2120	37.7487
516.0000	133.0000	-69.9960	35.6675
517.0000	133.0000	-69.8190	33.5276
518.0000	133.0000	-69.6740	31.3361
519.0000	133.0000	-69.5534	29.0968
520.0000	133.0000	-69.4581	26.8175
521.0000	133.0000	-69.3879	24.4996
522.0000	133.0000	-69.3348	22.1463
523.0000	133.0000	-69.2955	19.7578
524.0000	133.0000	-69.2637	17.3983
525.0000	133.0000	-69.2371	15.0729
526.0000	133.0000	-69.2185	12.7239
527.0000	133.0000	-69.2059	10.3573
528.0000	133.0000	-69.1995	7.9584
529.0000	133.0000	-69.1980	5.5373
530.0000	133.0000	-69.2000	3.0959
531.0000	133.0000	-69.2034	0.6386
532.0000	133.0000	-69.2080	-1.8351
533.0000	133.0000	-69.2134	-4.3246
534.0000	133.0000	-69.2191	-6.8298
535.0000	133.0000	-69.2245	-9.3477
536.0000	133.0000	-69.2301	-11.8761
537.0000	133.0000	-69.2348	-14.4158
538.0000	133.0000	-69.2380	-16.9663
539.0000	133.0000	-69.2399	-19.5266
540.0000	133.0000	-69.2365	-22.0386
541.0000	133.0000	-69.2299	-24.5297
542.0000	133.0000	-69.2250	-27.0582
543.0000	133.0000	-69.2185	-29.5933
544.0000	133.0000	-69.2077	-32.0944
545.0000	133.0000	-69.1943	-34.5826
546.0000	133.0000	-69.1791	-37.0727
547.0000	133.0000	-69.1622	-39.5640
551.0000	135.0000	72.1736	32.4268
552.0000	135.0000	71.4992	29.8380
553.0000	135.0000	70.8134	27.2553
554.0000	135.0000	70.1238	24.6774
555.0000	135.0000	69.4455	22.1113
556.0000	135.0000	68.7668	19.5504
557.0000	135.0000	68.0762	16.9964
558.0000	135.0000	67.3892	14.4481
559.0000	135.0000	66.7120	11.9109
560.0000	135.0000	66.0282	9.3774
561.0000	135.0000	65.3364	6.8522
562.0000	135.0000	64.6547	4.3333
563.0000	135.0000	63.9779	1.8245
564.0000	135.0000	63.2901	-0.6811
565.0000	135.0000	62.6008	-3.1767
566.0000	135.0000	61.9242	-5.6674
567.0000	135.0000	61.2457	-8.1474
568.0000	135.0000	60.5563	-10.6227
569.0000	135.0000	59.8729	-13.0899
570.0000	135.0000	59.1997	-15.5503
571.0000	135.0000	58.5157	-18.0030
572.0000	135.0000	57.8334	-20.4483
573.0000	135.0000	57.1530	-22.8861
574.0000	135.0000	56.4734	-25.3178
575.0000	135.0000	55.7936	-27.7409
576.0000	135.0000	55.1137	-30.1584
577.0000	135.0000	54.4338	-32.5662
578.0000	135.0000	53.7591	-34.9689
579.0000	135.0000	53.0838	-37.3634
580.0000	135.0000	52.4066	-39.7501
581.0000	135.0000	51.7277	-42.1282
582.0000	135.0000	51.0490	-44.5006
583.0000	135.0000	50.3770	-46.8631
584.0000	135.0000	49.7042	-49.2220
585.0000	135.0000	49.0292	-51.5672
586.0000	135.0000	48.3541	-53.9082
587.0000	135.0000	47.6846	-56.2388
588.0000	135.0000	47.0182	-58.5639
589.0000	135.0000	46.3458	-60.8769
590.0000	135.0000	45.6820	-63.1846
591.0000	135.0000	45.0194	-65.4817
690.0000	30.0000	-41.5817	66.9754
691.0000	30.0000	-42.2662	63.8340
692.0000	30.0000	-43.0126	60.6472
693.0000	30.0000	-43.8450	57.3896
694.0000	30.0000	-44.7693	54.0432
695.0000	30.0000	-45.7648	50.6080
696.0000	30.0000	-46.8092	47.0863
697.0000	30.0000	-47.8782	43.4851
698.0000	30.0000	-48.9417	39.8216
699.0000	30.0000	-49.9859	36.1015
700.0000	30.0000	-51.0009	32.3275
701.0000	30.0000	-51.9704	28.5150
702.0000	30.0000	-52.8866	24.6728
703.0000	30.0000	-53.7478	20.8008
704.0000	30.0000	-54.5535	16.8956
705.0000	30.0000	-55.2992	12.9622
706.0000	30.0000	-55.9793	9.0167
707.0000	30.0000	-56.5949	5.0582
708.0000	30.0000	-57.1462	1.0863
709.0000	30.0000	-57.6332	-2.8968
710.0000	30.0000	-58.0562	-6.8838
711.0000	30.0000	-58.4160	-10.8764
712.0000	30.0000	-58.7146	-14.8667
713.0000	30.0000	-58.9518	-18.8614
714.0000	30.0000	-59.1273	-22.8618
715.0000	30.0000	-59.2437	-26.8603
716.0000	30.0000	-59.2994	-30.8621
717.0000	30.0000	-59.2962	-34.8633
718.0000	30.0000	-59.2340	-38.8643
719.0000	30.0000	-59.1146	-42.8623
720.0000	30.0000	-58.9407	-46.8540
721.0000	30.0000	-58.7069	-50.8470
983.0000	137.0000	-13.1515	75.9554
984.0000	137.0000	-13.4635	72.7882
985.0000	137.0000	-13.7276	69.6254
986.0000	137.0000	-13.9473	66.4673
987.0000	137.0000	-14.1183	63.3158
988.0000	137.0000	-14.2438	60.1714
989.0000	137.0000	-14.3317	57.0333
990.0000	137.0000	-14.3873	53.9014
991.0000	137.0000	-14.4202	50.7739
992.0000	137.0000	-14.4392	47.6490
993.0000	137.0000	-14.4498	44.5254
994.0000	137.0000	-14.4569	41.4020
995.0000	137.0000	-14.4626	38.2778
996.0000	137.0000	-14.4691	35.1519
997.0000	137.0000	-14.4746	32.0250
998.0000	137.0000	-14.4728	28.8994
999.0000	137.0000	-14.4601	25.7775
