0.0000	0.0000	-15.2668	-48.6065
0.0000	90.0000	-9.0065	-17.2469
1.0000	0.0000	-15.2663	-48.6067
1.0000	90.0000	-9.1005	-17.4677
2.0000	0.0000	-15.2660	-48.6068
2.0000	90.0000	-9.1963	-17.6928
3.0000	0.0000	-15.2658	-48.6069
3.0000	90.0000	-9.2940	-17.9222
4.0000	0.0000	-15.2657	-48.6069
4.0000	90.0000	-9.3935	-18.1558
5.0000	0.0000	-15.2656	-48.6069
5.0000	90.0000	-9.4944	-18.3929
6.0000	0.0000	-15.2656	-48.6069
6.0000	90.0000	-9.5957	-18.6310
7.0000	0.0000	-15.2656	-48.6069
7.0000	90.0000	-9.7026	-18.8824
8.0000	0.0000	-15.2656	-48.6069
8.0000	90.0000	-9.8121	-19.1399
9.0000	0.0000	-15.2656	-48.6069
9.0000	90.0000	-9.9234	-19.4018
10.0000	0.0000	-15.2656	-48.6069
10.0000	90.0000	-10.0365	-19.6681
11.0000	0.0000	-15.2656	-48.6069
11.0000	90.0000	-10.1512	-19.9387
12.0000	0.0000	-15.2656	-48.6069
12.0000	90.0000	-10.2677	-20.2135
13.0000	0.0000	-15.2656	-48.6069
13.0000	90.0000	-10.3858	-20.4924
14.0000	0.0000	-15.2656	-48.6069
14.0000	90.0000	-10.5055	-20.7753
15.0000	0.0000	-15.2656	-48.6069
15.0000	90.0000	-10.6268	-21.0623
16.0000	0.0000	-15.2656	-48.6069
16.0000	90.0000	-10.7494	-21.3528
17.0000	0.0000	-15.2656	-48.6069
17.0000	90.0000	-10.8720	-21.6435
18.0000	0.0000	-15.2656	-48.6069
18.0000	90.0000	-10.9993	-21.9459
19.0000	0.0000	-15.2656	-48.6069
19.0000	90.0000	-11.1293	-22.2549
20.0000	0.0000	-15.2656	-48.6069
20.0000	90.0000	-11.2609	-22.5684
21.0000	0.0000	-15.2656	-48.6069
21.0000	90.0000	-11.3942	-22.8860
22.0000	0.0000	-15.2656	-48.6069
22.0000	90.0000	-11.5289	-23.2077
23.0000	0.0000	-15.2656	-48.6069
23.0000	90.0000	-11.6652	-23.5334
24.0000	0.0000	-15.2656	-48.6069
24.0000	90.0000	-11.8029	-23.8629
25.0000	0.0000	-15.2656	-48.6069
25.0000	90.0000	-11.9420	-24.1964
26.0000	0.0000	-15.2656	-48.6069
26.0000	90.0000	-12.0825	-24.5335
27.0000	0.0000	-15.2656	-48.6069
27.0000	90.0000	-12.2243	-24.8745
28.0000	0.0000	-15.2656	-48.6069
28.0000	90.0000	-12.3362	-25.1434
29.0000	0.0000	-15.2656	-48.6069
29.0000	90.0000	-12.3607	-25.2024
30.0000	0.0000	-15.2656	-48.6069
30.0000	90.0000	-12.3938	-25.2823
31.0000	0.0000	-15.2656	-48.6069
31.0000	90.0000	-12.4594	-25.4409
32.0000	0.0000	-15.2656	-48.6069
32.0000	90.0000	-12.5284	-25.6079
33.0000	0.0000	-15.2656	-48.6069
33.0000	90.0000	-12.5996	-25.7803
34.0000	0.0000	-15.2656	-48.6069
34.0000	90.0000	-12.6724	-25.9569
35.0000	0.0000	-15.2656	-48.6069
35.0000	90.0000	-12.7427	-26.1273
36.0000	0.0000	-15.2656	-48.6069
36.0000	90.0000	-12.8102	-26.2911
37.0000	0.0000	-15.2656	-48.6069
37.0000	90.0000	-12.8797	-26.4600
38.0000	0.0000	-15.2656	-48.6069
38.0000	90.0000	-12.9511	-26.6340
39.0000	0.0000	-15.2656	-48.6069
39.0000	90.0000	-13.0242	-26.8118
40.0000	0.0000	-15.2656	-48.6069
40.0000	90.0000	-13.0952	-26.9849
41.0000	0.0000	-15.2657	-48.6069
41.0000	90.0000	-13.1604	-27.1439
42.0000	0.0000	-15.2624	-48.6083
42.0000	90.0000	-13.2273	-27.3070
43.0000	0.0000	-15.2619	-48.6085
43.0000	90.0000	-13.2957	-27.4744
44.0000	0.0000	-15.2620	-48.6085
44.0000	90.0000	-13.3379	-27.5773
45.0000	0.0000	-15.2619	-48.6085
45.0000	90.0000	-13.3380	-27.5776
46.0000	0.0000	-15.2619	-48.6086
46.0000	90.0000	-13.3708	-27.6578
47.0000	0.0000	-15.2619	-48.6086
47.0000	90.0000	-13.4139	-27.7631
48.0000	0.0000	-15.2619	-48.6086
48.0000	90.0000	-13.4575	-27.8700
49.0000	0.0000	-15.2619	-48.6086
49.0000	90.0000	-13.5033	-27.9821
50.0000	0.0000	-15.2619	-48.6086
50.0000	90.0000	-13.5512	-28.0993
51.0000	0.0000	-15.2619	-48.6086
51.0000	90.0000	-13.5788	-28.1667
52.0000	0.0000	-15.2619	-48.6086
52.0000	90.0000	-13.5786	-28.1665
53.0000	0.0000	-15.2620	-48.6085
53.0000	90.0000	-13.5795	-28.1685
54.0000	0.0000	-15.2588	-48.6099
54.0000	90.0000	-13.5800	-28.1698
55.0000	0.0000	-15.2587	-48.6100
55.0000	90.0000	-13.5804	-28.1706
56.0000	0.0000	-15.2587	-48.6100
56.0000	90.0000	-13.5847	-28.1811
57.0000	0.0000	-15.2587	-48.6100
57.0000	90.0000	-13.5908	-28.1959
58.0000	0.0000	-15.2587	-48.6100
58.0000	90.0000	-13.6004	-28.2195
59.0000	0.0000	-15.2587	-48.6100
59.0000	90.0000	-13.6127	-28.2495
60.0000	0.0000	-15.2587	-48.6100
60.0000	90.0000	-13.6278	-28.2863
61.0000	0.0000	-15.2587	-48.6100
61.0000	90.0000	-13.6454	-28.3295
62.0000	0.0000	-15.2587	-48.6100
62.0000	90.0000	-13.6501	-28.3409
63.0000	0.0000	-15.2554	-48.6114
63.0000	90.0000	-13.6527	-28.3471
64.0000	0.0000	-15.2447	-48.6159
64.0000	90.0000	-13.6618	-28.3694
65.0000	0.0000	-15.2270	-48.6233
65.0000	90.0000	-13.6731	-28.3971
66.0000	0.0000	-15.2270	-48.6233
66.0000	90.0000	-13.6871	-28.4313
67.0000	0.0000	-15.2269	-48.6233
67.0000	90.0000	-13.7038	-28.4720
68.0000	0.0000	-15.2266	-48.6235
68.0000	90.0000	-13.7229	-28.5188
69.0000	0.0000	-15.2264	-48.6235
69.0000	90.0000	-13.7446	-28.5718
70.0000	0.0000	-15.2263	-48.6236
70.0000	90.0000	-13.7687	-28.6306
71.0000	0.0000	-15.2263	-48.6236
71.0000	90.0000	-13.7948	-28.6944
72.0000	0.0000	-15.2227	-48.6250
72.0000	90.0000	-13.8224	-28.7621
73.0000	0.0000	-15.2113	-48.6297
73.0000	90.0000	-13.8524	-28.8355
74.0000	0.0000	-15.1936	-48.6372
74.0000	90.0000	-13.8847	-28.9145
75.0000	0.0000	-15.1678	-48.6479
75.0000	90.0000	-13.9193	-28.9990
76.0000	0.0000	-15.1345	-48.6618
76.0000	90.0000	-13.9559	-29.0888
77.0000	0.0000	-15.0943	-48.6785
77.0000	90.0000	-13.9948	-29.1838
78.0000	0.0000	-15.0474	-48.6981
78.0000	90.0000	-14.0124	-29.2267
79.0000	0.0000	-14.9936	-48.7205
79.0000	90.0000	-14.0172	-29.2387
80.0000	0.0000	-14.9331	-48.7457
80.0000	90.0000	-14.0370	-29.2871
81.0000	0.0000	-14.8655	-48.7739
81.0000	90.0000	-14.0571	-29.3363
82.0000	0.0000	-14.7911	-48.8049
82.0000	90.0000	-14.0794	-29.3908
83.0000	0.0000	-14.7098	-48.8387
83.0000	90.0000	-14.1040	-29.4511
84.0000	0.0000	-14.6217	-48.8754
84.0000	90.0000	-14.1303	-29.5155
85.0000	0.0000	-14.5271	-48.9148
85.0000	90.0000	-14.1585	-29.5847
86.0000	0.0000	-14.4258	-48.9569
86.0000	90.0000	-14.1890	-29.6595
87.0000	0.0000	-14.3182	-49.0016
87.0000	90.0000	-14.2218	-29.7399
88.0000	0.0000	-14.2043	-49.0489
88.0000	90.0000	-14.2567	-29.8257
89.0000	0.0000	-14.0842	-49.0989
89.0000	90.0000	-14.2939	-29.9168
90.0000	0.0000	-13.9579	-49.1514
90.0000	90.0000	-14.3104	-29.9572
91.0000	0.0000	-13.8256	-49.2064
91.0000	90.0000	-14.3104	-29.9574
92.0000	0.0000	-13.6873	-49.2639
92.0000	90.0000	-14.3111	-29.9590
93.0000	0.0000	-13.5432	-49.3237
93.0000	90.0000	-14.3115	-29.9599
94.0000	0.0000	-13.3933	-49.3859
94.0000	90.0000	-14.3117	-29.9604
95.0000	0.0000	-13.2377	-49.4504
95.0000	90.0000	-14.3118	-29.9607
96.0000	0.0000	-13.0765	-49.5172
96.0000	90.0000	-14.3118	-29.9608
97.0000	0.0000	-12.9098	-49.5863
97.0000	90.0000	-14.3118	-29.9608
98.0000	0.0000	-12.7377	-49.6576
98.0000	90.0000	-14.3119	-29.9608
99.0000	0.0000	-12.5601	-49.7312
99.0000	90.0000	-14.3119	-29.9609
100.0000	0.0000	-12.3772	-49.8067
100.0000	90.0000	-14.3119	-29.9609
101.0000	0.0000	-12.1890	-49.8844
101.0000	90.0000	-14.3119	-29.9608
102.0000	0.0000	-11.9955	-49.9642
102.0000	90.0000	-14.3118	-29.9608
103.0000	0.0000	-11.7970	-50.0461
103.0000	90.0000	-14.3125	-29.9625
104.0000	0.0000	-11.5933	-50.1301
104.0000	90.0000	-14.3153	-29.9702
105.0000	0.0000	-11.3847	-50.2162
105.0000	90.0000	-14.3205	-29.9822
106.0000	0.0000	-11.2402	-50.2757
106.0000	90.0000	-14.3289	-30.0030
107.0000	0.0000	-11.1833	-50.2991
107.0000	90.0000	-14.3402	-30.0308
108.0000	0.0000	-11.0689	-50.3462
108.0000	90.0000	-14.3542	-30.0654
109.0000	0.0000	-10.9550	-50.3930
109.0000	90.0000	-14.3710	-30.1065
110.0000	0.0000	-10.8532	-50.4349
110.0000	90.0000	-14.3902	-30.1539
111.0000	0.0000	-10.7505	-50.4771
111.0000	90.0000	-14.3960	-30.1680
112.0000	0.0000	-10.6415	-50.5220
112.0000	90.0000	-14.3962	-30.1684
113.0000	0.0000	-10.5263	-50.5693
113.0000	90.0000	-14.3965	-30.1691
114.0000	0.0000	-10.4053	-50.6191
114.0000	90.0000	-14.3967	-30.1696
115.0000	0.0000	-10.2782	-50.6713
115.0000	90.0000	-14.3968	-30.1698
116.0000	0.0000	-10.1451	-50.7260
116.0000	90.0000	-14.3968	-30.1699
117.0000	0.0000	-10.0062	-50.7831
117.0000	90.0000	-14.3968	-30.1700
118.0000	0.0000	-9.8613	-50.8426
118.0000	90.0000	-14.3968	-30.1700
119.0000	0.0000	-9.7107	-50.9043
119.0000	90.0000	-14.3968	-30.1700
120.0000	0.0000	-9.5544	-50.9682
120.0000	90.0000	-14.3968	-30.1700
121.0000	0.0000	-9.4602	-51.0068
121.0000	90.0000	-14.3968	-30.1700
122.0000	0.0000	-9.4427	-51.0140
122.0000	90.0000	-14.3968	-30.1700
123.0000	0.0000	-9.3690	-51.0442
123.0000	90.0000	-14.3968	-30.1700
124.0000	0.0000	-9.2924	-51.0755
124.0000	90.0000	-14.3968	-30.1700
125.0000	0.0000	-9.2106	-51.1090
125.0000	90.0000	-14.3968	-30.1700
126.0000	0.0000	-9.1224	-51.1451
126.0000	90.0000	-14.3968	-30.1700
127.0000	0.0000	-9.0910	-51.1580
127.0000	90.0000	-14.3968	-30.1700
128.0000	0.0000	-9.0910	-51.1580
128.0000	90.0000	-14.3968	-30.1700
129.0000	0.0000	-9.0892	-51.1587
129.0000	90.0000	-14.3968	-30.1700
130.0000	0.0000	-9.0879	-51.1593
130.0000	90.0000	-14.3968	-30.1700
131.0000	0.0000	-9.0872	-51.1595
131.0000	90.0000	-14.3968	-30.1700
132.0000	0.0000	-9.0869	-51.1597
132.0000	90.0000	-14.3968	-30.1700
133.0000	0.0000	-9.0867	-51.1598
133.0000	90.0000	-14.3968	-30.1700
134.0000	0.0000	-9.0866	-51.1598
134.0000	90.0000	-14.3968	-30.1700
135.0000	0.0000	-9.0866	-51.1598
135.0000	90.0000	-14.3968	-30.1700
136.0000	0.0000	-9.0865	-51.1598
136.0000	90.0000	-14.3968	-30.1700
137.0000	0.0000	-9.0865	-51.1598
137.0000	90.0000	-14.3968	-30.1700
138.0000	0.0000	-9.0865	-51.1598
138.0000	90.0000	-14.3968	-30.1700
139.0000	0.0000	-9.0865	-51.1598
139.0000	90.0000	-14.3968	-30.1700
140.0000	0.0000	-9.0866	-51.1598
140.0000	90.0000	-14.3968	-30.1700
141.0000	0.0000	-9.0834	-51.1612
141.0000	90.0000	-14.3968	-30.1700
142.0000	0.0000	-9.0734	-51.1652
142.0000	90.0000	-14.3968	-30.1700
143.0000	0.0000	-9.0550	-51.1727
143.0000	90.0000	-14.3968	-30.1700
144.0000	0.0000	-9.0297	-51.1830
144.0000	90.0000	-14.3968	-30.1700
145.0000	0.0000	-8.9972	-51.1963
145.0000	90.0000	-14.3968	-30.1700
146.0000	0.0000	-8.9577	-51.2125
146.0000	90.0000	-14.3968	-30.1700
147.0000	0.0000	-8.9112	-51.2315
147.0000	90.0000	-14.3968	-30.1700
148.0000	0.0000	-8.8579	-51.2533
148.0000	90.0000	-14.3968	-30.1700
149.0000	0.0000	-8.7979	-51.2779
149.0000	90.0000	-14.3968	-30.1700
150.0000	0.0000	-8.7308	-51.3054
150.0000	90.0000	-14.3968	-30.1700
151.0000	0.0000	-8.6568	-51.3357
151.0000	90.0000	-14.3968	-30.1700
152.0000	0.0000	-8.5759	-51.3687
152.0000	90.0000	-14.3968	-30.1700
153.0000	0.0000	-8.4882	-51.4045
153.0000	90.0000	-14.3968	-30.1700
154.0000	0.0000	-8.3939	-51.4430
154.0000	90.0000	-14.3968	-30.1700
155.0000	0.0000	-8.2930	-51.4841
155.0000	90.0000	-14.3968	-30.1700
156.0000	0.0000	-8.1857	-51.5279
156.0000	90.0000	-14.3968	-30.1700
157.0000	0.0000	-8.0720	-51.5742
157.0000	90.0000	-14.3968	-30.1700
158.0000	0.0000	-7.9521	-51.6231
158.0000	90.0000	-14.3968	-30.1700
159.0000	0.0000	-7.8260	-51.6745
159.0000	90.0000	-14.3968	-30.1700
160.0000	0.0000	-7.6939	-51.7283
160.0000	90.0000	-14.3968	-30.1699
161.0000	0.0000	-7.5558	-51.7846
161.0000	90.0000	-14.3975	-30.1716
162.0000	0.0000	-7.4119	-51.8434
162.0000	90.0000	-14.3996	-30.1769
163.0000	0.0000	-7.2621	-51.9045
163.0000	90.0000	-14.4051	-30.1908
164.0000	0.0000	-7.1067	-51.9679
164.0000	90.0000	-14.4130	-30.2100
165.0000	0.0000	-6.9457	-52.0336
165.0000	90.0000	-14.4243	-30.2377
166.0000	0.0000	-6.7790	-52.1014
166.0000	90.0000	-14.4383	-30.2722
167.0000	0.0000	-6.6069	-52.1715
167.0000	90.0000	-14.4549	-30.3132
168.0000	0.0000	-6.4294	-52.2437
168.0000	90.0000	-14.4596	-30.3247
169.0000	0.0000	-6.2466	-52.3181
169.0000	90.0000	-14.4597	-30.3250
170.0000	0.0000	-6.0584	-52.3947
170.0000	90.0000	-14.4600	-30.3257
171.0000	0.0000	-5.8651	-52.4734
171.0000	90.0000	-14.4602	-30.3261
172.0000	0.0000	-5.6667	-52.5543
172.0000	90.0000	-14.4602	-30.3263
173.0000	0.0000	-5.4631	-52.6372
173.0000	90.0000	-14.4603	-30.3264
174.0000	0.0000	-5.2546	-52.7221
174.0000	90.0000	-14.4603	-30.3264
175.0000	0.0000	-5.0411	-52.8091
175.0000	90.0000	-14.4603	-30.3264
176.0000	0.0000	-4.8236	-52.8975
176.0000	90.0000	-14.4603	-30.3264
177.0000	0.0000	-4.6074	-52.9854
177.0000	90.0000	-14.4603	-30.3264
178.0000	0.0000	-4.3925	-53.0728
178.0000	90.0000	-14.4603	-30.3264
179.0000	0.0000	-4.1789	-53.1595
179.0000	90.0000	-14.4603	-30.3264
180.0000	0.0000	-3.9668	-53.2457
180.0000	90.0000	-14.4603	-30.3264
181.0000	0.0000	-3.7551	-53.3318
181.0000	90.0000	-14.4610	-30.3280
182.0000	0.0000	-3.5374	-53.4202
182.0000	90.0000	-14.4640	-30.3354
183.0000	0.0000	-3.3142	-53.5110
183.0000	90.0000	-14.4690	-30.3478
184.0000	0.0000	-3.0855	-53.6040
184.0000	90.0000	-14.4776	-30.3690
185.0000	0.0000	-2.9304	-53.6671
185.0000	90.0000	-14.4888	-30.3967
186.0000	0.0000	-2.8831	-53.6863
186.0000	90.0000	-14.4905	-30.4009
187.0000	0.0000	-2.7732	-53.7311
187.0000	90.0000	-14.4906	-30.4011
188.0000	0.0000	-2.7285	-53.7493
188.0000	90.0000	-14.4908	-30.4016
189.0000	0.0000	-2.7284	-53.7493
189.0000	90.0000	-14.4909	-30.4018
190.0000	0.0000	-2.7262	-53.7502
190.0000	90.0000	-14.4909	-30.4019
191.0000	0.0000	-2.7246	-53.7508
191.0000	90.0000	-14.4910	-30.4020
192.0000	0.0000	-2.7238	-53.7512
192.0000	90.0000	-14.4910	-30.4020
193.0000	0.0000	-2.7231	-53.7514
193.0000	90.0000	-14.4910	-30.4020
194.0000	0.0000	-2.7173	-53.7537
194.0000	90.0000	-14.4910	-30.4020
195.0000	0.0000	-2.7045	-53.7590
195.0000	90.0000	-14.4910	-30.4020
196.0000	0.0000	-2.6839	-53.7674
196.0000	90.0000	-14.4910	-30.4020
197.0000	0.0000	-2.6626	-53.7761
197.0000	90.0000	-14.4910	-30.4020
198.0000	0.0000	-2.6414	-53.7847
198.0000	90.0000	-14.4910	-30.4020
199.0000	0.0000	-2.6203	-53.7934
199.0000	90.0000	-14.4910	-30.4020
200.0000	0.0000	-2.5991	-53.8020
200.0000	90.0000	-14.4910	-30.4020
201.0000	0.0000	-2.5783	-53.8106
201.0000	90.0000	-14.4910	-30.4020
202.0000	0.0000	-2.5562	-53.8196
202.0000	90.0000	-14.4910	-30.4020
203.0000	0.0000	-2.5274	-53.8314
203.0000	90.0000	-14.4910	-30.4020
204.0000	0.0000	-2.4908	-53.8462
204.0000	90.0000	-14.4910	-30.4020
205.0000	0.0000	-2.4469	-53.8640
205.0000	90.0000	-14.4910	-30.4020
206.0000	0.0000	-2.3957	-53.8847
206.0000	90.0000	-14.4910	-30.4020
207.0000	0.0000	-2.3374	-53.9084
207.0000	90.0000	-14.4910	-30.4020
208.0000	0.0000	-2.2720	-53.9350
208.0000	90.0000	-14.4910	-30.4020
209.0000	0.0000	-2.1998	-53.9643
209.0000	90.0000	-14.4910	-30.4020
210.0000	0.0000	-2.1208	-53.9964
210.0000	90.0000	-14.4910	-30.4020
211.0000	0.0000	-2.0351	-54.0313
211.0000	90.0000	-14.4910	-30.4020
212.0000	0.0000	-2.0027	-54.0445
212.0000	90.0000	-14.4910	-30.4020
213.0000	0.0000	-2.0029	-54.0444
213.0000	90.0000	-14.4910	-30.4020
214.0000	0.0000	-2.0011	-54.0451
214.0000	90.0000	-14.4910	-30.4020
215.0000	0.0000	-1.9999	-54.0457
215.0000	90.0000	-14.4910	-30.4020
216.0000	0.0000	-1.9992	-54.0459
216.0000	90.0000	-14.4910	-30.4020
217.0000	0.0000	-1.9988	-54.0461
217.0000	90.0000	-14.4910	-30.4020
218.0000	0.0000	-1.9987	-54.0461
218.0000	90.0000	-14.4910	-30.4020
219.0000	0.0000	-1.9986	-54.0462
219.0000	90.0000	-14.4910	-30.4020
220.0000	0.0000	-1.9985	-54.0462
220.0000	90.0000	-14.4910	-30.4020
221.0000	0.0000	-1.9985	-54.0462
221.0000	90.0000	-14.4910	-30.4020
222.0000	0.0000	-1.9986	-54.0462
222.0000	90.0000	-14.4910	-30.4020
223.0000	0.0000	-1.9955	-54.0474
223.0000	90.0000	-14.4910	-30.4020
224.0000	0.0000	-1.9849	-54.0517
224.0000	90.0000	-14.4910	-30.4020
225.0000	0.0000	-1.9677	-54.0587
225.0000	90.0000	-14.4910	-30.4020
226.0000	0.0000	-1.9422	-54.0691
226.0000	90.0000	-14.4910	-30.4020
227.0000	0.0000	-1.9096	-54.0824
227.0000	90.0000	-14.4910	-30.4020
228.0000	0.0000	-1.8700	-54.0985
228.0000	90.0000	-14.4910	-30.4020
229.0000	0.0000	-1.8234	-54.1174
229.0000	90.0000	-14.4910	-30.4020
230.0000	0.0000	-1.7700	-54.1391
230.0000	90.0000	-14.4910	-30.4020
231.0000	0.0000	-1.7098	-54.1636
231.0000	90.0000	-14.4910	-30.4020
232.0000	0.0000	-1.6426	-54.1909
232.0000	90.0000	-14.4910	-30.4020
233.0000	0.0000	-1.5684	-54.2210
233.0000	90.0000	-14.4910	-30.4020
234.0000	0.0000	-1.4874	-54.2540
234.0000	90.0000	-14.4909	-30.4019
235.0000	0.0000	-1.3996	-54.2897
235.0000	90.0000	-14.4916	-30.4036
236.0000	0.0000	-1.3052	-54.3282
236.0000	90.0000	-14.4938	-30.4086
237.0000	0.0000	-1.2042	-54.3693
237.0000	90.0000	-14.4991	-30.4217
238.0000	0.0000	-1.0968	-54.4131
238.0000	90.0000	-14.5069	-30.4410
239.0000	0.0000	-0.9831	-54.4594
239.0000	90.0000	-14.5181	-30.4687
240.0000	0.0000	-0.8631	-54.5083
240.0000	90.0000	-14.5198	-30.4729
241.0000	0.0000	-0.7370	-54.5597
241.0000	90.0000	-14.5214	-30.4770
242.0000	0.0000	-0.6047	-54.6136
242.0000	90.0000	-14.5219	-30.4781
243.0000	0.0000	-0.4665	-54.6697
243.0000	90.0000	-14.5220	-30.4783
244.0000	0.0000	-0.3224	-54.7283
244.0000	90.0000	-14.5220	-30.4785
245.0000	0.0000	-0.1725	-54.7892
245.0000	90.0000	-14.5221	-30.4785
246.0000	0.0000	-0.0852	-54.8248
246.0000	90.0000	-14.5221	-30.4786
247.0000	0.0000	-0.0872	-54.8240
247.0000	90.0000	-14.5221	-30.4786
248.0000	0.0000	-0.0842	-54.8252
248.0000	90.0000	-14.5221	-30.4786
249.0000	0.0000	-0.0817	-54.8262
249.0000	90.0000	-14.5221	-30.4786
250.0000	0.0000	-0.0804	-54.8267
250.0000	90.0000	-14.5220	-30.4785
251.0000	0.0000	-0.0797	-54.8270
251.0000	90.0000	-14.5227	-30.4802
252.0000	0.0000	-0.0794	-54.8271
252.0000	90.0000	-14.5253	-30.4861
253.0000	0.0000	-0.0792	-54.8272
253.0000	90.0000	-14.5308	-30.4999
254.0000	0.0000	-0.0791	-54.8272
254.0000	90.0000	-14.5393	-30.5208
255.0000	0.0000	-0.0791	-54.8273
255.0000	90.0000	-14.5506	-30.5486
256.0000	0.0000	-0.0790	-54.8273
256.0000	90.0000	-14.5646	-30.5833
257.0000	0.0000	-0.0791	-54.8272
257.0000	90.0000	-14.5814	-30.6244
258.0000	0.0000	-0.0760	-54.8285
258.0000	90.0000	-14.6006	-30.6718
259.0000	0.0000	-0.0648	-54.8330
259.0000	90.0000	-14.6223	-30.7254
260.0000	0.0000	-0.0468	-54.8404
260.0000	90.0000	-14.6295	-30.7430
261.0000	0.0000	-0.0215	-54.8507
261.0000	90.0000	-14.6325	-30.7503
262.0000	0.0000	0.0110	-54.8638
262.0000	90.0000	-14.6426	-30.7752
263.0000	0.0000	0.0507	-54.8800
263.0000	90.0000	-14.6543	-30.8040
264.0000	0.0000	0.0974	-54.8989
264.0000	90.0000	-14.6684	-30.8388
265.0000	0.0000	0.1508	-54.9205
265.0000	90.0000	-14.6850	-30.8796
266.0000	0.0000	0.2110	-54.9450
266.0000	90.0000	-14.7041	-30.9265
267.0000	0.0000	0.2799	-54.9721
267.0000	90.0000	-14.7087	-30.9403
268.0000	0.0000	0.3312	-55.0068
268.0000	90.0000	-14.7211	-30.9386
269.0000	0.0000	0.2418	-55.0652
269.0000	90.0000	-14.8126	-30.9153
270.0000	0.0000	0.0370	-55.1629
270.0000	90.0000	-14.9729	-30.9038
271.0000	0.0000	-0.3283	-55.3015
271.0000	90.0000	-15.2237	-30.8877
272.0000	0.0000	-0.8674	-55.4537
272.0000	90.0000	-15.5724	-30.8407
273.0000	0.0000	-1.4566	-55.6163
273.0000	90.0000	-15.9520	-30.7934
274.0000	0.0000	-2.1638	-55.7937
274.0000	90.0000	-16.3978	-30.7326
275.0000	0.0000	-3.1312	-55.9624
275.0000	90.0000	-16.9823	-30.5987
276.0000	0.0000	-3.8640	-56.1398
276.0000	90.0000	-17.4475	-30.5410
277.0000	0.0000	-4.7287	-56.3108
277.0000	90.0000	-17.9847	-30.4479
278.0000	0.0000	-5.8864	-56.4511
278.0000	90.0000	-18.6730	-30.2580
279.0000	0.0000	-6.9950	-56.5783
279.0000	90.0000	-19.3350	-30.0735
280.0000	0.0000	-7.8760	-56.7255
280.0000	90.0000	-19.8843	-29.9682
281.0000	0.0000	-9.0685	-56.8080
281.0000	90.0000	-20.5912	-29.7353
282.0000	0.0000	-9.7092	-56.9211
282.0000	90.0000	-21.0262	-29.6565
283.0000	0.0000	-9.9212	-57.0173
283.0000	90.0000	-21.2565	-29.6521
284.0000	0.0000	-9.8291	-57.0820
284.0000	90.0000	-21.2806	-29.6866
285.0000	0.0000	-9.8099	-57.0956
285.0000	90.0000	-21.2885	-29.6960
286.0000	0.0000	-9.7387	-57.1459
286.0000	90.0000	-21.3155	-29.7332
287.0000	0.0000	-9.6669	-57.1966
287.0000	90.0000	-21.3446	-29.7739
288.0000	0.0000	-9.5969	-57.2460
288.0000	90.0000	-21.3771	-29.8196
289.0000	0.0000	-9.5222	-57.2988
289.0000	90.0000	-21.4132	-29.8707
290.0000	0.0000	-9.4416	-57.3557
290.0000	90.0000	-21.4531	-29.9270
291.0000	0.0000	-9.3552	-57.4167
291.0000	90.0000	-21.4966	-29.9885
292.0000	0.0000	-9.2632	-57.4816
292.0000	90.0000	-21.5436	-30.0551
293.0000	0.0000	-9.1656	-57.5504
293.0000	90.0000	-21.5941	-30.1267
294.0000	0.0000	-9.1225	-57.5808
294.0000	90.0000	-21.6480	-30.2030
295.0000	0.0000	-9.1231	-57.5804
295.0000	90.0000	-21.7052	-30.2840
296.0000	0.0000	-9.1211	-57.5818
296.0000	90.0000	-21.7307	-30.3202
297.0000	0.0000	-9.1196	-57.5829
297.0000	90.0000	-21.7380	-30.3306
298.0000	0.0000	-9.1188	-57.5834
298.0000	90.0000	-21.7665	-30.3710
299.0000	0.0000	-9.1186	-57.5836
299.0000	90.0000	-21.7962	-30.4130
300.0000	0.0000	-9.1128	-57.5877
300.0000	90.0000	-21.8293	-30.4599
301.0000	0.0000	-9.1008	-57.5962
301.0000	90.0000	-21.8662	-30.5121
302.0000	0.0000	-9.0822	-57.6094
302.0000	90.0000	-21.9068	-30.5696
303.0000	0.0000	-9.0569	-57.6272
303.0000	90.0000	-21.9510	-30.6322
304.0000	0.0000	-9.0256	-57.6494
304.0000	90.0000	-21.9987	-30.6998
305.0000	0.0000	-8.9879	-57.6760
305.0000	90.0000	-22.0499	-30.7723
306.0000	0.0000	-8.9443	-57.7068
306.0000	90.0000	-22.1045	-30.8496
307.0000	0.0000	-8.8946	-57.7418
307.0000	90.0000	-22.1623	-30.9316
308.0000	0.0000	-8.8388	-57.7811
308.0000	90.0000	-22.2234	-31.0181
309.0000	0.0000	-8.7770	-57.8248
309.0000	90.0000	-22.2876	-31.1090
310.0000	0.0000	-8.7090	-57.8728
310.0000	90.0000	-22.3549	-31.2043
311.0000	0.0000	-8.6876	-57.8879
311.0000	90.0000	-22.4251	-31.3038
312.0000	0.0000	-8.6875	-57.8880
312.0000	90.0000	-22.4983	-31.4075
313.0000	0.0000	-8.6852	-57.8897
313.0000	90.0000	-22.5744	-31.5153
314.0000	0.0000	-8.6681	-57.9018
314.0000	90.0000	-22.6532	-31.6271
315.0000	0.0000	-8.6674	-57.9023
315.0000	90.0000	-22.7349	-31.7427
316.0000	0.0000	-8.6672	-57.9025
316.0000	90.0000	-22.8192	-31.8623
317.0000	0.0000	-8.6669	-57.9027
317.0000	90.0000	-22.9062	-31.9855
318.0000	0.0000	-8.6600	-57.9076
318.0000	90.0000	-22.9958	-32.1124
319.0000	0.0000	-8.6467	-57.9170
319.0000	90.0000	-23.0867	-32.2414
320.0000	0.0000	-8.6468	-57.9170
320.0000	90.0000	-23.1824	-32.3771
321.0000	0.0000	-8.6467	-57.9170
321.0000	90.0000	-23.2858	-32.5235
322.0000	0.0000	-8.6465	-57.9172
322.0000	90.0000	-23.3918	-32.6738
323.0000	0.0000	-8.6464	-57.9173
323.0000	90.0000	-23.5007	-32.8281
324.0000	0.0000	-8.6421	-57.9203
324.0000	90.0000	-23.6123	-32.9864
325.0000	0.0000	-8.6313	-57.9279
325.0000	90.0000	-23.7267	-33.1485
326.0000	0.0000	-8.6142	-57.9400
326.0000	90.0000	-23.8437	-33.3144
327.0000	0.0000	-8.5900	-57.9571
327.0000	90.0000	-23.9614	-33.4812
328.0000	0.0000	-8.5595	-57.9786
328.0000	90.0000	-24.0857	-33.6575
329.0000	0.0000	-8.5228	-58.0045
329.0000	90.0000	-24.2162	-33.8425
330.0000	0.0000	-8.4801	-58.0347
330.0000	90.0000	-24.3495	-34.0315
331.0000	0.0000	-8.4313	-58.0691
331.0000	90.0000	-24.4857	-34.2246
332.0000	0.0000	-8.3765	-58.1077
332.0000	90.0000	-24.6244	-34.4218
333.0000	0.0000	-8.3155	-58.1508
333.0000	90.0000	-24.7647	-34.6237
334.0000	0.0000	-8.2485	-58.1981
334.0000	90.0000	-24.9067	-34.8300
335.0000	0.0000	-8.1754	-58.2498
335.0000	90.0000	-25.0474	-35.0426
336.0000	0.0000	-8.0963	-58.3057
336.0000	90.0000	-25.1888	-35.2579
337.0000	0.0000	-8.0115	-58.3657
337.0000	90.0000	-25.3251	-35.4818
338.0000	0.0000	-7.9209	-58.4298
338.0000	90.0000	-25.4588	-35.7222
339.0000	0.0000	-7.8246	-58.4978
339.0000	90.0000	-25.5967	-35.9663
340.0000	0.0000	-7.7228	-58.5699
340.0000	90.0000	-25.6859	-36.1517
341.0000	0.0000	-7.6155	-58.6458
341.0000	90.0000	-25.7222	-36.1990
342.0000	0.0000	-7.5028	-58.7255
342.0000	90.0000	-25.7517	-36.2529
343.0000	0.0000	-7.3849	-58.8090
343.0000	90.0000	-25.8014	-36.3580
344.0000	0.0000	-7.2617	-58.8962
344.0000	90.0000	-25.8579	-36.4662
345.0000	0.0000	-7.1332	-58.9870
345.0000	90.0000	-25.9118	-36.5824
346.0000	0.0000	-6.9996	-59.0814
346.0000	90.0000	-25.9693	-36.7037
347.0000	0.0000	-6.8611	-59.1792
347.0000	90.0000	-26.0252	-36.8254
348.0000	0.0000	-6.7177	-59.2806
348.0000	90.0000	-26.0755	-36.9374
349.0000	0.0000	-6.5693	-59.3854
349.0000	90.0000	-26.1255	-37.0547
350.0000	0.0000	-6.4163	-59.4937
350.0000	90.0000	-26.1764	-37.1777
351.0000	0.0000	-6.2585	-59.6055
351.0000	90.0000	-26.2277	-37.3064
352.0000	0.0000	-6.0961	-59.7206
352.0000	90.0000	-26.2781	-37.4368
353.0000	0.0000	-5.9290	-59.8389
353.0000	90.0000	-26.3173	-37.5546
354.0000	0.0000	-5.7574	-59.9605
354.0000	90.0000	-26.3654	-37.6705
355.0000	0.0000	-5.5813	-60.0853
355.0000	90.0000	-26.4040	-37.7951
356.0000	0.0000	-5.4007	-60.2133
356.0000	90.0000	-26.4459	-37.9232
357.0000	0.0000	-5.2157	-60.3444
357.0000	90.0000	-26.4866	-38.0566
358.0000	0.0000	-5.0263	-60.4786
358.0000	90.0000	-26.5210	-38.1961
359.0000	0.0000	-4.8348	-60.6142
359.0000	90.0000	-26.5640	-38.3383
360.0000	0.0000	-4.6448	-60.7489
360.0000	90.0000	-26.5994	-38.4871
361.0000	0.0000	-4.4559	-60.8827
361.0000	90.0000	-26.6365	-38.6396
362.0000	0.0000	-4.2683	-61.0157
362.0000	90.0000	-26.6697	-38.7951
363.0000	0.0000	-4.0819	-61.1478
363.0000	90.0000	-26.7043	-38.9676
364.0000	0.0000	-3.8944	-61.2809
364.0000	90.0000	-26.7283	-39.1470
365.0000	0.0000	-3.7014	-61.4180
365.0000	90.0000	-26.7649	-39.3296
366.0000	0.0000	-3.5035	-61.5585
366.0000	90.0000	-26.7802	-39.5197
367.0000	0.0000	-3.3008	-61.7024
367.0000	90.0000	-26.8098	-39.7129
368.0000	0.0000	-3.0932	-61.8497
368.0000	90.0000	-26.8175	-39.9126
369.0000	0.0000	-2.8808	-62.0004
369.0000	90.0000	-26.8388	-40.1143
370.0000	0.0000	-2.6637	-62.1546
370.0000	90.0000	-26.8367	-40.3210
371.0000	0.0000	-2.4418	-62.3121
371.0000	90.0000	-26.8489	-40.5430
372.0000	0.0000	-2.2153	-62.4729
372.0000	90.0000	-26.8363	-40.7703
373.0000	0.0000	-1.9842	-62.6370
373.0000	90.0000	-26.8269	-41.0023
374.0000	0.0000	-1.7486	-62.8045
374.0000	90.0000	-26.8037	-41.2381
375.0000	0.0000	-1.5085	-62.9752
375.0000	90.0000	-26.7804	-41.4789
376.0000	0.0000	-1.2639	-63.1491
376.0000	90.0000	-26.7402	-41.7220
377.0000	0.0000	-1.0153	-63.3258
377.0000	90.0000	-26.7006	-41.9699
378.0000	0.0000	-0.7630	-63.5051
378.0000	90.0000	-26.6565	-42.2219
379.0000	0.0000	-0.5088	-63.6858
379.0000	90.0000	-26.5883	-42.4688
380.0000	0.0000	-0.2563	-63.8653
380.0000	90.0000	-26.5238	-42.7299
381.0000	0.0000	-0.0055	-64.0435
381.0000	90.0000	-26.4203	-42.9848
382.0000	0.0000	0.2435	-64.2206
382.0000	90.0000	-26.3247	-43.2455
383.0000	0.0000	0.4909	-64.3964
383.0000	90.0000	-26.2219	-43.5107
384.0000	0.0000	0.7368	-64.5714
384.0000	90.0000	-26.0971	-43.7719
385.0000	0.0000	0.9855	-64.7484
385.0000	90.0000	-25.9519	-44.0266
386.0000	0.0000	1.2388	-64.9287
386.0000	90.0000	-25.8121	-44.2898
387.0000	0.0000	1.4969	-65.1124
387.0000	90.0000	-25.6485	-44.5442
388.0000	0.0000	1.6830	-65.2449
388.0000	90.0000	-25.4881	-44.8064
389.0000	0.0000	1.6956	-65.2538
389.0000	90.0000	-25.3073	-45.0603
390.0000	0.0000	1.7000	-65.2569
390.0000	90.0000	-25.1237	-45.3146
391.0000	0.0000	1.7044	-65.2601
391.0000	90.0000	-24.9235	-45.5623
392.0000	0.0000	1.7071	-65.2620
392.0000	90.0000	-24.7196	-45.8229
393.0000	0.0000	1.7085	-65.2630
393.0000	90.0000	-24.4918	-46.0696
394.0000	0.0000	1.7092	-65.2635
394.0000	90.0000	-24.2755	-46.3325
395.0000	0.0000	1.7096	-65.2638
395.0000	90.0000	-24.0337	-46.5778
396.0000	0.0000	1.7098	-65.2639
396.0000	90.0000	-23.7930	-46.8300
397.0000	0.0000	1.7099	-65.2640
397.0000	90.0000	-23.5392	-47.0753
398.0000	0.0000	1.7099	-65.2640
398.0000	90.0000	-23.2824	-47.3236
399.0000	0.0000	1.7099	-65.2640
399.0000	90.0000	-23.0150	-47.5667
400.0000	0.0000	1.7099	-65.2640
400.0000	90.0000	-22.7446	-47.8126
401.0000	0.0000	1.7099	-65.2640
401.0000	90.0000	-22.4638	-48.0526
402.0000	0.0000	1.7099	-65.2640
402.0000	90.0000	-22.1817	-48.2972
403.0000	0.0000	1.7099	-65.2640
403.0000	90.0000	-21.8896	-48.5359
404.0000	0.0000	1.7099	-65.2640
404.0000	90.0000	-21.5973	-48.7775
405.0000	0.0000	1.7099	-65.2640
405.0000	90.0000	-21.2979	-49.0146
406.0000	0.0000	1.7099	-65.2640
406.0000	90.0000	-20.9896	-49.2588
407.0000	0.0000	1.7099	-65.2640
407.0000	90.0000	-20.6742	-49.5025
408.0000	0.0000	1.7099	-65.2640
408.0000	90.0000	-20.3548	-49.7478
409.0000	0.0000	1.7099	-65.2640
409.0000	90.0000	-20.0300	-49.9926
410.0000	0.0000	1.7099	-65.2640
410.0000	90.0000	-19.7011	-50.2385
411.0000	0.0000	1.7099	-65.2640
411.0000	90.0000	-19.3681	-50.4853
412.0000	0.0000	1.7099	-65.2640
412.0000	90.0000	-19.0308	-50.7325
413.0000	0.0000	1.7099	-65.2640
413.0000	90.0000	-18.6900	-50.9810
414.0000	0.0000	1.7099	-65.2640
414.0000	90.0000	-18.3453	-51.2304
415.0000	0.0000	1.7099	-65.2640
415.0000	90.0000	-17.9968	-51.4805
416.0000	0.0000	1.7099	-65.2640
416.0000	90.0000	-17.6451	-51.7322
417.0000	0.0000	1.7099	-65.2640
417.0000	90.0000	-17.2899	-51.9850
418.0000	0.0000	1.7099	-65.2640
418.0000	90.0000	-16.9313	-52.2388
419.0000	0.0000	1.7099	-65.2640
419.0000	90.0000	-16.5697	-52.4941
420.0000	0.0000	1.7099	-65.2640
420.0000	90.0000	-16.2050	-52.7507
421.0000	0.0000	1.7099	-65.2640
421.0000	90.0000	-15.8371	-53.0085
422.0000	0.0000	1.7099	-65.2640
422.0000	90.0000	-15.4698	-53.2658
423.0000	0.0000	1.7099	-65.2640
423.0000	90.0000	-15.0910	-53.5297
424.0000	0.0000	1.7099	-65.2640
424.0000	90.0000	-14.7026	-53.8007
425.0000	0.0000	1.7099	-65.2640
425.0000	90.0000	-14.3099	-54.0741
426.0000	0.0000	1.7099	-65.2640
426.0000	90.0000	-13.9137	-54.3494
427.0000	0.0000	1.7099	-65.2640
427.0000	90.0000	-13.5145	-54.6264
428.0000	0.0000	1.7099	-65.2640
428.0000	90.0000	-13.1123	-54.9053
429.0000	0.0000	1.7099	-65.2640
429.0000	90.0000	-12.7073	-55.1859
430.0000	0.0000	1.7099	-65.2640
430.0000	90.0000	-12.2995	-55.4682
431.0000	0.0000	1.7099	-65.2640
431.0000	90.0000	-11.8890	-55.7521
432.0000	0.0000	1.7099	-65.2640
432.0000	90.0000	-11.4758	-56.0377
433.0000	0.0000	1.7099	-65.2640
433.0000	90.0000	-11.0600	-56.3248
434.0000	0.0000	1.7099	-65.2640
434.0000	90.0000	-10.6416	-56.6136
435.0000	0.0000	1.7099	-65.2640
435.0000	90.0000	-10.2207	-56.9039
436.0000	0.0000	1.7099	-65.2640
436.0000	90.0000	-9.7973	-57.1957
437.0000	0.0000	1.7099	-65.2640
437.0000	90.0000	-9.3714	-57.4889
438.0000	0.0000	1.7099	-65.2640
438.0000	90.0000	-8.9432	-57.7838
439.0000	0.0000	1.7099	-65.2640
439.0000	90.0000	-8.5818	-58.0324
440.0000	0.0000	1.7099	-65.2640
440.0000	90.0000	-8.4063	-58.1531
441.0000	0.0000	1.7099	-65.2640
441.0000	90.0000	-8.2425	-58.2657
442.0000	0.0000	1.7099	-65.2640
442.0000	90.0000	-8.1146	-58.3536
443.0000	0.0000	1.7099	-65.2640
443.0000	90.0000	-8.0993	-58.3642
444.0000	0.0000	1.7099	-65.2640
444.0000	90.0000	-8.0462	-58.4006
445.0000	0.0000	1.7099	-65.2640
445.0000	90.0000	-7.9859	-58.4419
446.0000	0.0000	1.7099	-65.2640
446.0000	90.0000	-7.9260	-58.4830
447.0000	0.0000	1.7099	-65.2640
447.0000	90.0000	-7.8635	-58.5259
448.0000	0.0000	1.7099	-65.2640
448.0000	90.0000	-7.7945	-58.5732
449.0000	0.0000	1.7099	-65.2640
449.0000	90.0000	-7.7187	-58.6252
450.0000	0.0000	1.7099	-65.2640
450.0000	90.0000	-7.6365	-58.6817
451.0000	0.0000	1.7099	-65.2640
451.0000	90.0000	-7.5531	-58.7389
452.0000	0.0000	1.7099	-65.2640
452.0000	90.0000	-7.4717	-58.7948
453.0000	0.0000	1.7099	-65.2640
453.0000	90.0000	-7.3853	-58.8540
454.0000	0.0000	1.7099	-65.2640
454.0000	90.0000	-7.2929	-58.9175
455.0000	0.0000	1.7099	-65.2640
455.0000	90.0000	-7.1947	-58.9848
456.0000	0.0000	1.7099	-65.2640
456.0000	90.0000	-7.0945	-59.0536
457.0000	0.0000	1.7099	-65.2640
457.0000	90.0000	-6.9991	-59.1190
458.0000	0.0000	1.7099	-65.2640
458.0000	90.0000	-6.9017	-59.1859
459.0000	0.0000	1.7099	-65.2640
459.0000	90.0000	-6.8560	-59.2172
460.0000	0.0000	1.7099	-65.2640
460.0000	90.0000	-6.8474	-59.2232
461.0000	0.0000	1.7099	-65.2640
461.0000	90.0000	-6.8159	-59.2450
462.0000	0.0000	1.7099	-65.2640
462.0000	90.0000	-6.7850	-59.2663
463.0000	0.0000	1.7099	-65.2640
463.0000	90.0000	-6.7491	-59.2911
464.0000	0.0000	1.7099	-65.2640
464.0000	90.0000	-6.7071	-59.3200
465.0000	0.0000	1.7099	-65.2640
465.0000	90.0000	-6.6591	-59.3531
466.0000	0.0000	1.7099	-65.2640
466.0000	90.0000	-6.6068	-59.3893
467.0000	0.0000	1.7099	-65.2640
467.0000	90.0000	-6.5564	-59.4242
468.0000	0.0000	1.7099	-65.2640
468.0000	90.0000	-6.5062	-59.4588
469.0000	0.0000	1.7099	-65.2640
469.0000	90.0000	-6.4509	-59.4970
470.0000	0.0000	1.7099	-65.2640
470.0000	90.0000	-6.3923	-59.5375
471.0000	0.0000	1.7099	-65.2640
471.0000	90.0000	-6.3293	-59.5811
472.0000	0.0000	1.7099	-65.2640
472.0000	90.0000	-6.2614	-59.6280
473.0000	0.0000	1.7099	-65.2640
473.0000	90.0000	-6.1886	-59.6783
474.0000	0.0000	1.7099	-65.2640
474.0000	90.0000	-6.1110	-59.7319
475.0000	0.0000	1.7099	-65.2640
475.0000	90.0000	-6.0287	-59.7888
476.0000	0.0000	1.7099	-65.2640
476.0000	90.0000	-5.9419	-59.8489
477.0000	0.0000	1.7098	-65.2640
477.0000	90.0000	-5.8507	-59.9120
478.0000	0.0000	1.7125	-65.2658
478.0000	90.0000	-5.7550	-59.9782
479.0000	0.0000	1.7213	-65.2721
479.0000	90.0000	-5.6552	-60.0474
480.0000	0.0000	1.7370	-65.2834
480.0000	90.0000	-5.5512	-60.1196
481.0000	0.0000	1.7595	-65.2993
481.0000	90.0000	-5.4430	-60.1945
482.0000	0.0000	1.7880	-65.3196
482.0000	90.0000	-5.3308	-60.2722
483.0000	0.0000	1.8228	-65.3444
483.0000	90.0000	-5.2147	-60.3527
484.0000	0.0000	1.8637	-65.3734
484.0000	90.0000	-5.0948	-60.4360
485.0000	0.0000	1.9106	-65.4067
485.0000	90.0000	-4.9711	-60.5219
486.0000	0.0000	1.9635	-65.4443
486.0000	90.0000	-4.8438	-60.6104
487.0000	0.0000	2.0225	-65.4863
487.0000	90.0000	-4.7142	-60.7006
488.0000	0.0000	2.0876	-65.5327
488.0000	90.0000	-4.5793	-60.7946
489.0000	0.0000	2.1588	-65.5834
489.0000	90.0000	-4.4325	-60.8968
490.0000	0.0000	2.2360	-65.6383
490.0000	90.0000	-4.2819	-61.0019
491.0000	0.0000	2.3189	-65.6974
491.0000	90.0000	-4.1273	-61.1098
492.0000	0.0000	2.4076	-65.7607
492.0000	90.0000	-3.9688	-61.2206
493.0000	0.0000	2.5020	-65.8279
493.0000	90.0000	-3.8065	-61.3342
494.0000	0.0000	2.6020	-65.8991
494.0000	90.0000	-3.6405	-61.4504
495.0000	0.0000	2.7074	-65.9742
495.0000	90.0000	-3.4730	-61.5679
496.0000	0.0000	2.8183	-66.0531
496.0000	90.0000	-3.2979	-61.6908
497.0000	0.0000	2.9345	-66.1359
497.0000	90.0000	-3.1733	-61.7783
498.0000	0.0000	3.0560	-66.2224
498.0000	90.0000	-3.1357	-61.8047
499.0000	0.0000	3.1826	-66.3125
499.0000	90.0000	-3.0558	-61.8609
500.0000	0.0000	3.3144	-66.4063
500.0000	90.0000	-2.9733	-61.9190
501.0000	0.0000	3.4511	-66.5036
501.0000	90.0000	-2.8949	-61.9742
502.0000	0.0000	3.5928	-66.6044
502.0000	90.0000	-2.8181	-62.0282
503.0000	0.0000	3.7393	-66.7089
503.0000	90.0000	-2.7366	-62.0856
504.0000	0.0000	3.8906	-66.8168
504.0000	90.0000	-2.6499	-62.1467
505.0000	0.0000	4.0467	-66.9281
505.0000	90.0000	-2.5591	-62.2107
506.0000	0.0000	4.2074	-67.0426
506.0000	90.0000	-2.4711	-62.2727
507.0000	0.0000	4.3728	-67.1605
507.0000	90.0000	-2.3902	-62.3299
508.0000	0.0000	4.5428	-67.2816
508.0000	90.0000	-2.3050	-62.3901
509.0000	0.0000	4.7173	-67.4060
509.0000	90.0000	-2.2156	-62.4534
510.0000	0.0000	4.8962	-67.5335
510.0000	90.0000	-2.1220	-62.5196
511.0000	0.0000	5.0796	-67.6642
511.0000	90.0000	-2.0243	-62.5887
512.0000	0.0000	5.2674	-67.7979
512.0000	90.0000	-1.9224	-62.6608
513.0000	0.0000	5.4585	-67.9341
513.0000	90.0000	-1.8165	-62.7358
514.0000	0.0000	5.6487	-68.0695
514.0000	90.0000	-1.7065	-62.8137
515.0000	0.0000	5.8376	-68.2041
515.0000	90.0000	-1.5926	-62.8943
516.0000	0.0000	6.0253	-68.3378
516.0000	90.0000	-1.4750	-62.9778
517.0000	0.0000	6.2117	-68.4707
517.0000	90.0000	-1.3536	-63.0640
518.0000	0.0000	6.3979	-68.6033
518.0000	90.0000	-1.2285	-63.1528
519.0000	0.0000	6.5892	-68.7396
519.0000	90.0000	-1.1001	-63.2439
520.0000	0.0000	6.7854	-68.8795
520.0000	90.0000	-0.9702	-63.3362
521.0000	0.0000	6.9864	-69.0228
521.0000	90.0000	-0.8264	-63.4383
522.0000	0.0000	7.1922	-69.1696
522.0000	90.0000	-0.6782	-63.5438
523.0000	0.0000	7.4028	-69.3199
523.0000	90.0000	-0.5260	-63.6521
524.0000	0.0000	7.6182	-69.4735
524.0000	90.0000	-0.3698	-63.7632
525.0000	0.0000	7.8384	-69.6305
525.0000	90.0000	-0.2099	-63.8771
526.0000	0.0000	8.0632	-69.7908
526.0000	90.0000	-0.1164	-63.9437
527.0000	0.0000	8.2927	-69.9544
527.0000	90.0000	-0.1175	-63.9429
528.0000	0.0000	8.5267	-70.1212
528.0000	90.0000	-0.1133	-63.9459
529.0000	0.0000	8.7653	-70.2913
529.0000	90.0000	-0.0588	-63.9848
530.0000	0.0000	9.0083	-70.4646
530.0000	90.0000	0.0029	-64.0287
531.0000	0.0000	9.2556	-70.6408
531.0000	90.0000	0.0684	-64.0753
532.0000	0.0000	9.5066	-70.8197
532.0000	90.0000	0.0936	-64.0934
533.0000	0.0000	9.7605	-71.0006
533.0000	90.0000	0.0939	-64.0934
534.0000	0.0000	10.0134	-71.1808
534.0000	90.0000	0.0949	-64.0942
535.0000	0.0000	10.2643	-71.3600
535.0000	90.0000	0.0955	-64.0947
536.0000	0.0000	10.5125	-71.5395
536.0000	90.0000	0.0959	-64.0950
537.0000	0.0000	10.7573	-71.7200
537.0000	90.0000	0.0960	-64.0951
538.0000	0.0000	10.9989	-71.9011
538.0000	90.0000	0.0997	-64.0976
539.0000	0.0000	11.2371	-72.0893
539.0000	90.0000	0.1073	-64.1029
540.0000	0.0000	11.4727	-72.2891
540.0000	90.0000	0.1207	-64.1126
541.0000	0.0000	11.7070	-72.4986
541.0000	90.0000	0.1406	-64.1268
542.0000	0.0000	11.9313	-72.7261
542.0000	90.0000	0.1655	-64.1446
543.0000	0.0000	12.1608	-72.9566
543.0000	90.0000	0.1958	-64.1662
544.0000	0.0000	12.3657	-73.2152
544.0000	90.0000	0.2315	-64.1917
545.0000	0.0000	12.5903	-73.4653
545.0000	90.0000	0.2727	-64.2210
546.0000	0.0000	12.7815	-73.7475
546.0000	90.0000	0.3191	-64.2541
547.0000	0.0000	12.9592	-74.0427
547.0000	90.0000	0.3709	-64.2910
548.0000	0.0000	13.1258	-74.3496
548.0000	90.0000	0.4279	-64.3318
549.0000	0.0000	13.2705	-74.6717
549.0000	90.0000	0.4902	-64.3761
550.0000	0.0000	13.4009	-75.0039
550.0000	90.0000	0.5574	-64.4241
551.0000	0.0000	13.5180	-75.3452
551.0000	90.0000	0.6294	-64.4756
552.0000	0.0000	13.5895	-75.6998
552.0000	90.0000	0.7062	-64.5305
553.0000	0.0000	13.6825	-76.0534
553.0000	90.0000	0.7877	-64.5887
554.0000	0.0000	13.7297	-76.4136
554.0000	90.0000	0.8737	-64.6501
555.0000	0.0000	13.7323	-76.7727
555.0000	90.0000	0.9641	-64.7147
556.0000	0.0000	13.7633	-77.1288
556.0000	90.0000	1.0588	-64.7825
557.0000	0.0000	13.7394	-77.4804
557.0000	90.0000	1.1578	-64.8532
558.0000	0.0000	13.6868	-77.8250
558.0000	90.0000	1.2609	-64.9269
559.0000	0.0000	13.6680	-78.1741
559.0000	90.0000	1.3681	-65.0035
560.0000	0.0000	13.6255	-78.4237
560.0000	90.0000	1.4792	-65.0829
561.0000	0.0000	13.6218	-78.5048
561.0000	90.0000	1.5942	-65.1652
562.0000	0.0000	13.5987	-78.6528
562.0000	90.0000	1.7130	-65.2503
563.0000	0.0000	13.5837	-78.7197
563.0000	90.0000	1.8355	-65.3379
564.0000	0.0000	13.5831	-78.7326
564.0000	90.0000	1.9617	-65.4283
565.0000	0.0000	13.5729	-78.7809
565.0000	90.0000	2.0899	-65.5200
566.0000	0.0000	13.5584	-78.8375
566.0000	90.0000	2.2248	-65.6166
567.0000	90.0000	2.3704	-65.7209
568.0000	90.0000	2.5198	-65.8279
569.0000	90.0000	2.6732	-65.9378
570.0000	90.0000	2.8306	-66.0504
571.0000	90.0000	2.9918	-66.1658
572.0000	90.0000	3.1566	-66.2840
573.0000	90.0000	3.3229	-66.4032
574.0000	90.0000	3.4968	-66.5279
575.0000	90.0000	3.6806	-66.6596
576.0000	90.0000	3.8686	-66.7942
577.0000	90.0000	4.0005	-66.8888
578.0000	90.0000	4.0086	-66.8945
579.0000	90.0000	4.0116	-66.8967
580.0000	90.0000	4.0139	-66.8983
581.0000	90.0000	4.0155	-66.8995
582.0000	90.0000	4.0326	-66.9117
583.0000	90.0000	4.0558	-66.9284
584.0000	90.0000	4.0583	-66.9302
585.0000	90.0000	4.0585	-66.9303
586.0000	90.0000	4.0589	-66.9306
587.0000	90.0000	4.0659	-66.9356
588.0000	90.0000	4.0666	-66.9361
589.0000	90.0000	4.0666	-66.9361
590.0000	90.0000	4.0667	-66.9362
591.0000	90.0000	4.0668	-66.9362
592.0000	90.0000	4.0668	-66.9363
593.0000	90.0000	4.0668	-66.9363
594.0000	90.0000	4.0668	-66.9363
595.0000	90.0000	4.0668	-66.9363
596.0000	90.0000	4.0668	-66.9363
597.0000	90.0000	4.0668	-66.9363
598.0000	90.0000	4.0668	-66.9363
599.0000	90.0000	4.0668	-66.9363
600.0000	90.0000	4.0668	-66.9363
601.0000	90.0000	4.0668	-66.9363
602.0000	90.0000	4.0668	-66.9363
603.0000	90.0000	4.0668	-66.9363
604.0000	90.0000	4.0668	-66.9363
605.0000	90.0000	4.0668	-66.9363
606.0000	90.0000	4.0668	-66.9363
607.0000	90.0000	4.0668	-66.9363
608.0000	90.0000	4.0668	-66.9363
609.0000	90.0000	4.0668	-66.9363
610.0000	90.0000	4.0668	-66.9363
611.0000	90.0000	4.0668	-66.9363
612.0000	90.0000	4.0668	-66.9363
613.0000	90.0000	4.0668	-66.9363
614.0000	90.0000	4.0668	-66.9363
615.0000	90.0000	4.0668	-66.9363
616.0000	90.0000	4.0668	-66.9363
617.0000	90.0000	4.0668	-66.9363
618.0000	90.0000	4.0668	-66.9363
619.0000	90.0000	4.0668	-66.9363
620.0000	90.0000	4.0668	-66.9363
621.0000	90.0000	4.0668	-66.9363
622.0000	90.0000	4.0668	-66.9363
623.0000	90.0000	4.0668	-66.9363
624.0000	90.0000	4.0668	-66.9363
625.0000	90.0000	4.0668	-66.9363
626.0000	90.0000	4.0668	-66.9363
627.0000	90.0000	4.0668	-66.9363
628.0000	90.0000	4.0668	-66.9363
629.0000	90.0000	4.0668	-66.9363
630.0000	90.0000	4.0668	-66.9363
631.0000	90.0000	4.0668	-66.9363
632.0000	90.0000	4.0668	-66.9363
633.0000	90.0000	4.0668	-66.9363
634.0000	90.0000	4.0668	-66.9363
635.0000	90.0000	4.0668	-66.9363
636.0000	90.0000	4.0668	-66.9363
637.0000	90.0000	4.0668	-66.9363
638.0000	90.0000	4.0668	-66.9363
639.0000	90.0000	4.0668	-66.9363
640.0000	90.0000	4.0668	-66.9363
641.0000	90.0000	4.0668	-66.9363
642.0000	90.0000	4.0668	-66.9363
643.0000	90.0000	4.0668	-66.9363
644.0000	90.0000	4.0668	-66.9363
645.0000	90.0000	4.0668	-66.9363
646.0000	90.0000	4.0668	-66.9363
647.0000	90.0000	4.0668	-66.9363
648.0000	90.0000	4.0668	-66.9363
649.0000	90.0000	4.0668	-66.9363
650.0000	90.0000	4.0668	-66.9363
651.0000	90.0000	4.0668	-66.9363
652.0000	90.0000	4.0668	-66.9363
653.0000	90.0000	4.0668	-66.9363
654.0000	90.0000	4.0668	-66.9363
655.0000	90.0000	4.0667	-66.9362
656.0000	90.0000	4.0681	-66.9372
657.0000	90.0000	4.0749	-66.9414
658.0000	90.0000	4.0754	-66.9421
659.0000	90.0000	4.0754	-66.9421
660.0000	90.0000	4.0755	-66.9421
661.0000	90.0000	4.0794	-66.9449
662.0000	90.0000	4.0895	-66.9520
663.0000	90.0000	4.0901	-66.9524
664.0000	90.0000	4.0917	-66.9536
665.0000	90.0000	4.0998	-66.9600
666.0000	90.0000	4.1119	-66.9684
667.0000	90.0000	4.1303	-66.9815
668.0000	90.0000	4.1552	-66.9993
669.0000	90.0000	4.1844	-67.0203
670.0000	90.0000	4.2191	-67.0453
671.0000	90.0000	4.2593	-67.0740
672.0000	90.0000	4.3048	-67.1067
673.0000	90.0000	4.3556	-67.1431
674.0000	90.0000	4.4117	-67.1832
675.0000	90.0000	4.4729	-67.2271
676.0000	90.0000	4.5392	-67.2746
677.0000	90.0000	4.6104	-67.3256
678.0000	90.0000	4.6863	-67.3800
679.0000	90.0000	4.7669	-67.4378
680.0000	90.0000	4.8520	-67.4988
681.0000	90.0000	4.9416	-67.5630
682.0000	90.0000	5.0355	-67.6303
683.0000	90.0000	5.0831	-67.6644
684.0000	90.0000	5.0829	-67.6643
685.0000	90.0000	5.0846	-67.6655
686.0000	90.0000	5.0856	-67.6662
687.0000	90.0000	5.0861	-67.6666
688.0000	90.0000	5.0864	-67.6668
689.0000	90.0000	5.0904	-67.6694
690.0000	90.0000	5.0990	-67.6758
691.0000	90.0000	5.1131	-67.6859
692.0000	90.0000	5.1341	-67.7008
693.0000	90.0000	5.1599	-67.7194
694.0000	90.0000	5.1911	-67.7419
695.0000	90.0000	5.2279	-67.7682
696.0000	90.0000	5.2699	-67.7984
697.0000	90.0000	5.3174	-67.8325
698.0000	90.0000	5.3701	-67.8703
699.0000	90.0000	5.4281	-67.9119
700.0000	90.0000	5.4912	-67.9572
701.0000	90.0000	5.5154	-67.9747
702.0000	90.0000	5.5157	-67.9749
703.0000	90.0000	5.5168	-67.9757
704.0000	90.0000	5.5174	-67.9761
705.0000	90.0000	5.5178	-67.9764
706.0000	90.0000	5.5179	-67.9765
707.0000	90.0000	5.5180	-67.9765
708.0000	90.0000	5.5180	-67.9766
709.0000	90.0000	5.5180	-67.9766
710.0000	90.0000	5.5181	-67.9766
711.0000	90.0000	5.5180	-67.9765
712.0000	90.0000	5.5195	-67.9776
713.0000	90.0000	5.5241	-67.9808
714.0000	90.0000	5.5363	-67.9899
715.0000	90.0000	5.5531	-68.0019
716.0000	90.0000	5.5775	-68.0195
717.0000	90.0000	5.6079	-68.0413
718.0000	90.0000	5.6440	-68.0673
719.0000	90.0000	5.6856	-68.0972
720.0000	90.0000	5.7324	-68.1310
721.0000	90.0000	5.7845	-68.1684
722.0000	90.0000	5.8412	-68.2093
723.0000	90.0000	5.9013	-68.2525
724.0000	90.0000	5.9661	-68.2991
725.0000	90.0000	6.0358	-68.3493
726.0000	90.0000	6.1103	-68.4028
727.0000	90.0000	6.1895	-68.4598
728.0000	90.0000	6.2732	-68.5200
729.0000	90.0000	6.3614	-68.5834
730.0000	90.0000	6.4539	-68.6500
731.0000	90.0000	6.5507	-68.7197
732.0000	90.0000	6.6517	-68.7923
733.0000	90.0000	6.7568	-68.8679
734.0000	90.0000	6.8659	-68.9463
735.0000	90.0000	6.9789	-69.0276
736.0000	90.0000	7.0957	-69.1117
737.0000	90.0000	7.2163	-69.1985
738.0000	90.0000	7.3406	-69.2880
739.0000	90.0000	7.4683	-69.3798
740.0000	90.0000	7.5970	-69.4723
741.0000	90.0000	7.7393	-69.5747
742.0000	90.0000	7.8868	-69.6808
743.0000	90.0000	8.0381	-69.7897
744.0000	90.0000	8.1934	-69.9013
745.0000	90.0000	8.3526	-70.0158
746.0000	90.0000	8.5156	-70.1329
747.0000	90.0000	8.6816	-70.2522
748.0000	90.0000	8.8498	-70.3730
749.0000	90.0000	9.0309	-70.5032
750.0000	90.0000	9.2168	-70.6369
751.0000	90.0000	9.4067	-70.7733
752.0000	90.0000	9.6006	-70.9126
753.0000	90.0000	9.7984	-71.0547
754.0000	90.0000	9.9999	-71.1995
755.0000	90.0000	10.2052	-71.3468
756.0000	90.0000	10.4140	-71.4967
757.0000	90.0000	10.6229	-71.6470
758.0000	90.0000	10.8423	-71.8052
759.0000	90.0000	11.0640	-71.9736
760.0000	90.0000	11.2917	-72.1448
761.0000	90.0000	11.4691	-72.3409
762.0000	90.0000	11.4294	-72.6039
763.0000	90.0000	11.1423	-72.9554
764.0000	90.0000	10.4807	-73.4027
765.0000	90.0000	9.6584	-73.8987
766.0000	90.0000	9.0586	-74.3710
767.0000	90.0000	8.9463	-74.7056
768.0000	90.0000	9.1135	-74.9672
769.0000	90.0000	9.2633	-75.2516
770.0000	90.0000	9.3776	-75.5585
771.0000	90.0000	9.5220	-75.8592
772.0000	90.0000	9.6375	-76.1766
773.0000	90.0000	9.6955	-76.5125
774.0000	90.0000	9.7763	-76.8478
775.0000	90.0000	9.8093	-77.1928
776.0000	90.0000	9.8418	-77.5418
777.0000	90.0000	9.8687	-77.8972
778.0000	90.0000	9.8148	-78.1681
779.0000	90.0000	9.8303	-78.2147
780.0000	90.0000	9.8469	-78.2837
781.0000	90.0000	9.8422	-78.3668
782.0000	90.0000	9.8393	-78.3655
783.0000	90.0000	9.8374	-78.3678
784.0000	90.0000	9.8362	-78.3833
785.0000	90.0000	9.8354	-78.4006
786.0000	90.0000	9.8346	-78.4269
787.0000	90.0000	9.8328	-78.4613
788.0000	90.0000	9.8315	-78.5038
789.0000	90.0000	9.8283	-78.5530
790.0000	90.0000	9.8287	-78.5626
791.0000	90.0000	9.8283	-78.5686
792.0000	90.0000	9.8268	-78.5936
793.0000	90.0000	9.8250	-78.6248
794.0000	90.0000	9.8229	-78.6636
795.0000	90.0000	9.8195	-78.7033
796.0000	90.0000	9.8194	-78.7117
797.0000	90.0000	9.8193	-78.7159
798.0000	90.0000	9.8176	-78.7346
799.0000	90.0000	9.8157	-78.7590
800.0000	90.0000	9.8134	-78.7900
801.0000	90.0000	9.8132	-78.7938
802.0000	90.0000	9.8130	-78.7976
803.0000	90.0000	9.8112	-78.8136
804.0000	90.0000	9.8090	-78.8363
805.0000	90.0000	9.8064	-78.8674
806.0000	90.0000	9.8014	-78.9053
807.0000	90.0000	9.7978	-78.9503
808.0000	90.0000	9.7902	-79.0016
809.0000	90.0000	9.7821	-79.0590
810.0000	90.0000	9.7727	-79.1203
811.0000	90.0000	9.7615	-79.1869
812.0000	90.0000	9.7472	-79.2593
813.0000	90.0000	9.7311	-79.3374
