0.0000	23.0000	66.6534	40.7526
0.0000	44.0000	0.6984	28.0332
0.0000	50.0000	-3.6327	15.0483
0.0000	104.0000	66.1343	16.4327
1.0000	23.0000	66.6534	40.7526
1.0000	44.0000	0.6984	28.0332
1.0000	50.0000	-3.6327	15.0483
1.0000	104.0000	66.1343	16.4327
2.0000	23.0000	66.6534	40.7526
2.0000	44.0000	0.6984	28.0332
2.0000	50.0000	-3.6327	15.0483
2.0000	104.0000	66.1343	16.4327
3.0000	23.0000	66.6534	40.7526
3.0000	44.0000	0.6984	28.0332
3.0000	50.0000	-3.6327	15.0483
3.0000	104.0000	66.1343	16.4327
4.0000	23.0000	66.6534	40.7526
4.0000	44.0000	0.6984	28.0332
4.0000	50.0000	-3.6327	15.0483
4.0000	104.0000	66.1343	16.4327
5.0000	23.0000	66.6534	40.7526
5.0000	44.0000	0.6984	28.0332
5.0000	50.0000	-3.6327	15.0483
5.0000	104.0000	66.1343	16.4327
6.0000	23.0000	66.6534	40.7526
6.0000	44.0000	0.6984	28.0332
6.0000	50.0000	-3.6327	15.0483
6.0000	104.0000	66.1343	16.4327
7.0000	23.0000	66.6535	40.7555
7.0000	44.0000	0.6984	28.0332
7.0000	50.0000	-3.6327	15.0483
7.0000	104.0000	66.1343	16.4327
8.0000	23.0000	66.6535	40.7559
8.0000	44.0000	0.6984	28.0332
8.0000	50.0000	-3.6327	15.0483
8.0000	104.0000	66.1343	16.4327
9.0000	23.0000	66.6535	40.7559
9.0000	44.0000	0.6984	28.0332
9.0000	50.0000	-3.6327	15.0483
9.0000	104.0000	66.1343	16.4327
10.0000	23.0000	66.6535	40.7561
10.0000	44.0000	0.6984	28.0332
10.0000	50.0000	-3.6327	15.0483
10.0000	104.0000	66.1343	16.4327
11.0000	23.0000	66.6535	40.7561
11.0000	44.0000	0.6984	28.0332
11.0000	50.0000	-3.6327	15.0483
11.0000	104.0000	66.1343	16.4327
12.0000	23.0000	66.6535	40.7561
12.0000	44.0000	0.6984	28.0332
12.0000	50.0000	-3.6327	15.0483
12.0000	104.0000	66.1343	16.4327
13.0000	23.0000	66.6535	40.7561
13.0000	44.0000	0.6984	28.0332
13.0000	50.0000	-3.6327	15.0483
13.0000	104.0000	66.1343	16.4327
14.0000	23.0000	66.6535	40.7561
14.0000	44.0000	0.6984	28.0332
14.0000	50.0000	-3.6327	15.0483
14.0000	104.0000	66.1343	16.4327
15.0000	23.0000	66.6535	40.7561
15.0000	44.0000	0.6984	28.0332
15.0000	50.0000	-3.6327	15.0483
15.0000	104.0000	66.1343	16.4327
16.0000	23.0000	66.6535	40.7561
16.0000	44.0000	0.6984	28.0332
16.0000	50.0000	-3.6327	15.0483
16.0000	104.0000	66.1343	16.4327
17.0000	23.0000	66.6535	40.7561
17.0000	44.0000	0.6984	28.0332
17.0000	50.0000	-3.6327	15.0483
17.0000	104.0000	66.1343	16.4327
18.0000	23.0000	66.6535	40.7561
18.0000	44.0000	0.6984	28.0332
18.0000	50.0000	-3.6327	15.0483
18.0000	104.0000	66.1343	16.4327
19.0000	23.0000	66.6535	40.7561
19.0000	44.0000	0.6984	28.0332
19.0000	50.0000	-3.6327	15.0483
19.0000	104.0000	66.1343	16.4327
20.0000	23.0000	66.6535	40.7561
20.0000	44.0000	0.6984	28.0332
20.0000	50.0000	-3.6327	15.0483
20.0000	104.0000	66.1343	16.4327
21.0000	23.0000	66.6535	40.7561
21.0000	44.0000	0.6984	28.0332
21.0000	50.0000	-3.6327	15.0483
21.0000	104.0000	66.1343	16.4327
22.0000	23.0000	66.6535	40.7561
22.0000	44.0000	0.6984	28.0332
22.0000	50.0000	-3.6327	15.0483
22.0000	104.0000	66.1343	16.4327
23.0000	23.0000	66.6535	40.7561
23.0000	44.0000	0.6984	28.0332
23.0000	50.0000	-3.6327	15.0483
23.0000	104.0000	66.1343	16.4327
24.0000	23.0000	66.6535	40.7561
24.0000	44.0000	0.6984	28.0332
24.0000	50.0000	-3.6327	15.0483
24.0000	104.0000	66.1343	16.4327
25.0000	23.0000	66.6535	40.7560
25.0000	44.0000	0.6984	28.0332
25.0000	50.0000	-3.6327	15.0483
25.0000	104.0000	66.1343	16.4327
26.0000	23.0000	66.6536	40.7571
26.0000	44.0000	0.6984	28.0332
26.0000	50.0000	-3.6327	15.0483
26.0000	104.0000	66.1343	16.4327
27.0000	23.0000	66.6536	40.7590
27.0000	44.0000	0.6984	28.0332
27.0000	50.0000	-3.6327	15.0483
27.0000	104.0000	66.1343	16.4327
28.0000	23.0000	66.6536	40.7583
28.0000	44.0000	0.6984	28.0332
28.0000	50.0000	-3.6327	15.0483
28.0000	104.0000	66.1343	16.4327
29.0000	23.0000	66.6536	40.7583
29.0000	44.0000	0.6984	28.0332
29.0000	50.0000	-3.6327	15.0483
29.0000	104.0000	66.1343	16.4327
30.0000	23.0000	66.6536	40.7583
30.0000	44.0000	0.6984	28.0332
30.0000	50.0000	-3.6327	15.0483
30.0000	104.0000	66.1343	16.4327
31.0000	23.0000	66.6536	40.7584
31.0000	44.0000	0.6984	28.0332
31.0000	50.0000	-3.6327	15.0483
31.0000	104.0000	66.1343	16.4327
32.0000	23.0000	66.6536	40.7584
32.0000	44.0000	0.6984	28.0332
32.0000	50.0000	-3.6327	15.0483
32.0000	104.0000	66.1343	16.4327
33.0000	23.0000	66.6536	40.7584
33.0000	44.0000	0.6984	28.0332
33.0000	50.0000	-3.6327	15.0483
33.0000	104.0000	66.1343	16.4327
34.0000	23.0000	66.6536	40.7584
34.0000	44.0000	0.6984	28.0332
34.0000	50.0000	-3.6327	15.0483
34.0000	104.0000	66.1343	16.4327
35.0000	23.0000	66.6536	40.7584
35.0000	44.0000	0.6984	28.0332
35.0000	50.0000	-3.6327	15.0483
35.0000	104.0000	66.1343	16.4327
36.0000	23.0000	66.6536	40.7584
36.0000	44.0000	0.6984	28.0332
36.0000	50.0000	-3.6327	15.0483
36.0000	104.0000	66.1343	16.4327
37.0000	23.0000	66.6536	40.7584
37.0000	44.0000	0.6984	28.0332
37.0000	50.0000	-3.6327	15.0483
37.0000	104.0000	66.1343	16.4327
38.0000	23.0000	66.6536	40.7584
38.0000	44.0000	0.6984	28.0332
38.0000	50.0000	-3.6327	15.0483
38.0000	104.0000	66.1343	16.4327
39.0000	23.0000	66.6536	40.7584
39.0000	44.0000	0.6984	28.0332
39.0000	50.0000	-3.6327	15.0483
39.0000	104.0000	66.1343	16.4327
40.0000	23.0000	66.6536	40.7584
40.0000	44.0000	0.6984	28.0332
40.0000	50.0000	-3.6327	15.0483
40.0000	104.0000	66.1343	16.4327
41.0000	23.0000	66.6536	40.7584
41.0000	44.0000	0.6984	28.0332
41.0000	50.0000	-3.6327	15.0483
41.0000	104.0000	66.1343	16.4327
42.0000	23.0000	66.6536	40.7584
42.0000	44.0000	0.6984	28.0332
42.0000	50.0000	-3.6327	15.0483
42.0000	104.0000	66.1343	16.4327
43.0000	23.0000	66.6536	40.7584
43.0000	44.0000	0.6984	28.0332
43.0000	50.0000	-3.6327	15.0483
43.0000	104.0000	66.1343	16.4327
44.0000	23.0000	66.6536	40.7584
44.0000	44.0000	0.6984	28.0332
44.0000	50.0000	-3.6327	15.0483
44.0000	104.0000	66.1343	16.4327
45.0000	23.0000	66.6536	40.7584
45.0000	44.0000	0.6984	28.0332
45.0000	50.0000	-3.6327	15.0483
45.0000	104.0000	66.1343	16.4327
46.0000	23.0000	66.6536	40.7584
46.0000	44.0000	0.6984	28.0332
46.0000	50.0000	-3.6327	15.0483
46.0000	104.0000	66.1343	16.4327
47.0000	23.0000	66.6536	40.7584
47.0000	44.0000	0.6984	28.0332
47.0000	50.0000	-3.6327	15.0483
47.0000	104.0000	66.1343	16.4327
48.0000	23.0000	66.6536	40.7584
48.0000	44.0000	0.6984	28.0332
48.0000	50.0000	-3.6327	15.0483
48.0000	104.0000	66.1343	16.4327
49.0000	23.0000	66.6536	40.7584
49.0000	44.0000	0.6984	28.0332
49.0000	50.0000	-3.6327	15.0483
49.0000	104.0000	66.1343	16.4327
50.0000	23.0000	66.6536	40.7584
50.0000	44.0000	0.6984	28.0332
50.0000	50.0000	-3.6327	15.0483
50.0000	104.0000	66.1343	16.4327
51.0000	23.0000	66.6536	40.7583
51.0000	44.0000	0.6984	28.0332
51.0000	50.0000	-3.6327	15.0483
51.0000	104.0000	66.1343	16.4327
52.0000	23.0000	66.6537	40.7593
52.0000	44.0000	0.6984	28.0332
52.0000	50.0000	-3.6327	15.0483
52.0000	104.0000	66.1343	16.4327
53.0000	23.0000	66.6537	40.7593
53.0000	44.0000	0.6984	28.0332
53.0000	50.0000	-3.6327	15.0483
53.0000	104.0000	66.1343	16.4327
54.0000	23.0000	66.6537	40.7593
54.0000	44.0000	0.6984	28.0332
54.0000	50.0000	-3.6327	15.0483
54.0000	104.0000	66.1343	16.4327
55.0000	23.0000	66.6537	40.7593
55.0000	44.0000	0.6984	28.0332
55.0000	50.0000	-3.6327	15.0484
55.0000	104.0000	66.1343	16.4327
56.0000	23.0000	66.6537	40.7593
56.0000	44.0000	0.6984	28.0332
56.0000	50.0000	-3.6328	15.0466
56.0000	104.0000	66.1343	16.4327
57.0000	23.0000	66.6537	40.7593
57.0000	44.0000	0.6984	28.0332
57.0000	50.0000	-3.6330	15.0411
57.0000	104.0000	66.1343	16.4327
58.0000	23.0000	66.6537	40.7593
58.0000	44.0000	0.6984	28.0332
58.0000	50.0000	-3.6331	15.0265
58.0000	104.0000	66.1343	16.4327
59.0000	23.0000	66.6537	40.7593
59.0000	44.0000	0.6984	28.0332
59.0000	50.0000	-3.6333	15.0034
59.0000	104.0000	66.1343	16.4327
60.0000	23.0000	66.6537	40.7593
60.0000	44.0000	0.6984	28.0332
60.0000	50.0000	-3.6338	14.9735
60.0000	104.0000	66.1343	16.4327
61.0000	23.0000	66.6537	40.7592
61.0000	44.0000	0.6984	28.0332
61.0000	50.0000	-3.6338	14.9703
61.0000	104.0000	66.1343	16.4327
62.0000	23.0000	66.6537	40.7603
62.0000	44.0000	0.6984	28.0332
62.0000	50.0000	-3.6338	14.9699
62.0000	104.0000	66.1343	16.4327
63.0000	23.0000	66.6537	40.7602
63.0000	44.0000	0.6984	28.0332
63.0000	50.0000	-3.6339	14.9695
63.0000	104.0000	66.1343	16.4327
64.0000	23.0000	66.6537	40.7603
64.0000	44.0000	0.6984	28.0332
64.0000	50.0000	-3.6339	14.9692
64.0000	104.0000	66.1343	16.4327
65.0000	23.0000	66.6537	40.7603
65.0000	44.0000	0.6984	28.0332
65.0000	50.0000	-3.6339	14.9690
65.0000	104.0000	66.1343	16.4327
66.0000	23.0000	66.6537	40.7603
66.0000	44.0000	0.6984	28.0332
66.0000	50.0000	-3.6339	14.9690
66.0000	104.0000	66.1343	16.4327
67.0000	23.0000	66.6537	40.7602
67.0000	44.0000	0.6984	28.0332
67.0000	50.0000	-3.6339	14.9689
67.0000	104.0000	66.1343	16.4327
68.0000	23.0000	66.6537	40.7612
68.0000	44.0000	0.6984	28.0332
68.0000	50.0000	-3.6339	14.9689
68.0000	104.0000	66.1343	16.4327
69.0000	23.0000	66.6537	40.7612
69.0000	44.0000	0.6984	28.0332
69.0000	50.0000	-3.6339	14.9689
69.0000	104.0000	66.1343	16.4327
70.0000	23.0000	66.6537	40.7612
70.0000	44.0000	0.6984	28.0332
70.0000	50.0000	-3.6339	14.9689
70.0000	104.0000	66.1343	16.4327
71.0000	23.0000	66.6537	40.7612
71.0000	44.0000	0.6984	28.0332
71.0000	50.0000	-3.6339	14.9689
71.0000	104.0000	66.1343	16.4327
72.0000	23.0000	66.6537	40.7612
72.0000	44.0000	0.6984	28.0332
72.0000	50.0000	-3.6339	14.9689
72.0000	104.0000	66.1343	16.4327
73.0000	23.0000	66.6537	40.7612
73.0000	44.0000	0.6984	28.0332
73.0000	50.0000	-3.6339	14.9690
73.0000	104.0000	66.1343	16.4327
74.0000	23.0000	66.6537	40.7612
74.0000	44.0000	0.6984	28.0332
74.0000	50.0000	-3.6339	14.9670
74.0000	104.0000	66.1343	16.4327
75.0000	23.0000	66.6537	40.7612
75.0000	44.0000	0.6984	28.0332
75.0000	50.0000	-3.6341	14.9591
75.0000	104.0000	66.1343	16.4327
76.0000	23.0000	66.6537	40.7612
76.0000	44.0000	0.6984	28.0332
76.0000	50.0000	-3.6340	14.9580
76.0000	104.0000	66.1343	16.4327
77.0000	23.0000	66.6537	40.7612
77.0000	44.0000	0.6984	28.0332
77.0000	50.0000	-3.6340	14.9580
77.0000	104.0000	66.1343	16.4327
78.0000	23.0000	66.6537	40.7612
78.0000	44.0000	0.6984	28.0332
78.0000	50.0000	-3.6340	14.9579
78.0000	104.0000	66.1343	16.4327
79.0000	23.0000	66.6537	40.7612
79.0000	44.0000	0.6984	28.0332
79.0000	50.0000	-3.6340	14.9578
79.0000	104.0000	66.1343	16.4327
80.0000	23.0000	66.6537	40.7612
80.0000	44.0000	0.6984	28.0332
80.0000	50.0000	-3.6340	14.9578
80.0000	104.0000	66.1343	16.4327
81.0000	23.0000	66.6537	40.7612
81.0000	44.0000	0.6984	28.0332
81.0000	50.0000	-3.6340	14.9578
81.0000	104.0000	66.1343	16.4327
82.0000	23.0000	66.6537	40.7612
82.0000	44.0000	0.6984	28.0332
82.0000	50.0000	-3.6340	14.9578
82.0000	104.0000	66.1343	16.4327
83.0000	23.0000	66.6537	40.7612
83.0000	44.0000	0.6984	28.0332
83.0000	50.0000	-3.6340	14.9578
83.0000	104.0000	66.1343	16.4327
84.0000	23.0000	66.6537	40.7612
84.0000	44.0000	0.6984	28.0332
84.0000	50.0000	-3.6340	14.9578
84.0000	104.0000	66.1343	16.4327
85.0000	23.0000	66.6537	40.7612
85.0000	44.0000	0.6984	28.0332
85.0000	50.0000	-3.6340	14.9578
85.0000	104.0000	66.1343	16.4327
86.0000	23.0000	66.6537	40.7612
86.0000	44.0000	0.6984	28.0332
86.0000	50.0000	-3.6340	14.9578
86.0000	104.0000	66.1343	16.4327
87.0000	23.0000	66.6537	40.7612
87.0000	44.0000	0.6984	28.0332
87.0000	50.0000	-3.6340	14.9578
87.0000	104.0000	66.1343	16.4327
88.0000	23.0000	66.6537	40.7612
88.0000	44.0000	0.6984	28.0332
88.0000	50.0000	-3.6340	14.9578
88.0000	104.0000	66.1343	16.4327
89.0000	23.0000	66.6537	40.7612
89.0000	44.0000	0.6984	28.0332
89.0000	50.0000	-3.6340	14.9578
89.0000	104.0000	66.1343	16.4327
90.0000	23.0000	66.6537	40.7612
90.0000	44.0000	0.6984	28.0332
90.0000	50.0000	-3.6340	14.9578
90.0000	104.0000	66.1343	16.4327
91.0000	23.0000	66.6538	40.7642
91.0000	44.0000	0.6984	28.0332
91.0000	50.0000	-3.6340	14.9578
91.0000	104.0000	66.1343	16.4327
92.0000	23.0000	66.6546	40.7711
92.0000	44.0000	0.6984	28.0332
92.0000	50.0000	-3.6340	14.9578
92.0000	104.0000	66.1343	16.4327
93.0000	23.0000	66.6544	40.7708
93.0000	44.0000	0.6984	28.0332
93.0000	50.0000	-3.6340	14.9578
93.0000	104.0000	66.1343	16.4327
94.0000	23.0000	66.6543	40.7709
94.0000	44.0000	0.6984	28.0332
94.0000	50.0000	-3.6340	14.9578
94.0000	104.0000	66.1343	16.4327
95.0000	23.0000	66.6543	40.7712
95.0000	44.0000	0.6984	28.0332
95.0000	50.0000	-3.6340	14.9578
95.0000	104.0000	66.1343	16.4327
96.0000	23.0000	66.6543	40.7716
96.0000	44.0000	0.6984	28.0332
96.0000	50.0000	-3.6340	14.9578
96.0000	104.0000	66.1343	16.4327
97.0000	23.0000	66.6544	40.7716
97.0000	44.0000	0.6984	28.0332
97.0000	50.0000	-3.6340	14.9578
97.0000	104.0000	66.1343	16.4327
98.0000	23.0000	66.6544	40.7716
98.0000	44.0000	0.6984	28.0332
98.0000	50.0000	-3.6340	14.9578
98.0000	104.0000	66.1343	16.4327
99.0000	23.0000	66.6544	40.7716
99.0000	44.0000	0.6984	28.0332
99.0000	50.0000	-3.6340	14.9578
99.0000	104.0000	66.1343	16.4327
100.0000	23.0000	66.6544	40.7715
100.0000	44.0000	0.6984	28.0332
100.0000	50.0000	-3.6340	14.9578
100.0000	104.0000	66.1343	16.4327
101.0000	23.0000	66.6545	40.7746
101.0000	44.0000	0.6984	28.0332
101.0000	50.0000	-3.6340	14.9578
101.0000	104.0000	66.1343	16.4327
102.0000	23.0000	66.6559	40.7838
102.0000	44.0000	0.6984	28.0332
102.0000	50.0000	-3.6340	14.9578
102.0000	104.0000	66.1343	16.4327
103.0000	23.0000	66.6573	40.7962
103.0000	44.0000	0.6984	28.0332
103.0000	50.0000	-3.6340	14.9578
103.0000	104.0000	66.1343	16.4327
104.0000	23.0000	66.6583	40.8136
104.0000	44.0000	0.6984	28.0332
104.0000	50.0000	-3.6340	14.9578
104.0000	104.0000	66.1343	16.4327
105.0000	23.0000	66.6591	40.8376
105.0000	44.0000	0.6984	28.0332
105.0000	50.0000	-3.6340	14.9578
105.0000	104.0000	66.1343	16.4327
106.0000	23.0000	66.6604	40.8697
106.0000	44.0000	0.6984	28.0332
106.0000	50.0000	-3.6340	14.9578
106.0000	104.0000	66.1343	16.4327
107.0000	23.0000	66.6596	40.8673
107.0000	44.0000	0.6984	28.0332
107.0000	50.0000	-3.6340	14.9578
107.0000	104.0000	66.1343	16.4327
108.0000	23.0000	66.6597	40.8686
108.0000	44.0000	0.6984	28.0332
108.0000	50.0000	-3.6340	14.9578
108.0000	104.0000	66.1343	16.4327
109.0000	23.0000	66.6602	40.8724
109.0000	44.0000	0.6984	28.0332
109.0000	50.0000	-3.6340	14.9578
109.0000	104.0000	66.1343	16.4327
110.0000	23.0000	66.6613	40.9121
110.0000	44.0000	0.6984	28.0332
110.0000	50.0000	-3.6340	14.9578
110.0000	104.0000	66.1343	16.4327
111.0000	23.0000	66.6610	40.9475
111.0000	44.0000	0.6984	28.0332
111.0000	50.0000	-3.6340	14.9578
111.0000	104.0000	66.1343	16.4327
112.0000	23.0000	66.6617	40.9891
112.0000	44.0000	0.6984	28.0332
112.0000	50.0000	-3.6340	14.9578
112.0000	104.0000	66.1343	16.4327
113.0000	23.0000	66.6630	41.0383
113.0000	44.0000	0.6984	28.0332
113.0000	50.0000	-3.6340	14.9578
113.0000	104.0000	66.1343	16.4327
114.0000	23.0000	66.6653	41.1156
114.0000	44.0000	0.6984	28.0332
114.0000	50.0000	-3.6340	14.9578
114.0000	104.0000	66.1343	16.4327
115.0000	23.0000	66.6655	41.1115
115.0000	44.0000	0.6984	28.0332
115.0000	50.0000	-3.6340	14.9578
115.0000	104.0000	66.1343	16.4327
116.0000	23.0000	66.6666	41.1504
116.0000	44.0000	0.6984	28.0332
116.0000	50.0000	-3.6340	14.9578
116.0000	104.0000	66.1343	16.4327
117.0000	23.0000	66.6695	41.2263
117.0000	44.0000	0.6984	28.0332
117.0000	50.0000	-3.6340	14.9578
117.0000	104.0000	66.1343	16.4327
118.0000	23.0000	66.6724	41.2965
118.0000	44.0000	0.6984	28.0332
118.0000	50.0000	-3.6340	14.9578
118.0000	104.0000	66.1343	16.4327
119.0000	23.0000	66.6748	41.3713
119.0000	44.0000	0.6984	28.0332
119.0000	50.0000	-3.6340	14.9578
119.0000	104.0000	66.1343	16.4327
120.0000	23.0000	66.6772	41.4536
120.0000	44.0000	0.6984	28.0332
120.0000	50.0000	-3.6340	14.9578
120.0000	104.0000	66.1343	16.4327
121.0000	23.0000	66.6798	41.5944
121.0000	44.0000	0.6984	28.0332
121.0000	50.0000	-3.6340	14.9578
121.0000	104.0000	66.1343	16.4327
122.0000	23.0000	66.6798	41.6054
122.0000	44.0000	0.6984	28.0332
122.0000	50.0000	-3.6340	14.9578
122.0000	104.0000	66.1343	16.4327
123.0000	23.0000	66.6818	41.6572
123.0000	44.0000	0.6984	28.0332
123.0000	50.0000	-3.6340	14.9578
123.0000	104.0000	66.1343	16.4327
124.0000	23.0000	66.6826	41.6677
124.0000	44.0000	0.6984	28.0332
124.0000	50.0000	-3.6340	14.9578
124.0000	104.0000	66.1343	16.4327
125.0000	23.0000	66.6831	41.6692
125.0000	44.0000	0.6984	28.0332
125.0000	50.0000	-3.6340	14.9578
125.0000	104.0000	66.1343	16.4327
126.0000	23.0000	66.6832	41.6739
126.0000	44.0000	0.6984	28.0332
126.0000	50.0000	-3.6340	14.9578
126.0000	104.0000	66.1343	16.4327
127.0000	23.0000	66.6831	41.6756
127.0000	44.0000	0.6984	28.0332
127.0000	50.0000	-3.6340	14.9578
127.0000	104.0000	66.1343	16.4327
128.0000	23.0000	66.6828	41.6768
128.0000	44.0000	0.6984	28.0332
128.0000	50.0000	-3.6340	14.9578
128.0000	104.0000	66.1343	16.4327
129.0000	23.0000	66.6828	41.6773
129.0000	44.0000	0.6984	28.0332
129.0000	50.0000	-3.6340	14.9578
129.0000	104.0000	66.1343	16.4327
130.0000	23.0000	66.6827	41.6782
130.0000	44.0000	0.6984	28.0332
130.0000	50.0000	-3.6340	14.9578
130.0000	104.0000	66.1343	16.4327
131.0000	23.0000	66.6828	41.6832
131.0000	44.0000	0.6984	28.0332
131.0000	50.0000	-3.6340	14.9579
131.0000	104.0000	66.1343	16.4327
132.0000	23.0000	66.6840	41.6939
132.0000	44.0000	0.6984	28.0332
132.0000	50.0000	-3.6341	14.9561
132.0000	104.0000	66.1343	16.4327
133.0000	23.0000	66.6852	41.7094
133.0000	44.0000	0.6984	28.0332
133.0000	50.0000	-3.6343	14.9491
133.0000	104.0000	66.1343	16.4327
134.0000	23.0000	66.6860	41.7309
134.0000	44.0000	0.6984	28.0332
134.0000	50.0000	-3.6343	14.9366
134.0000	104.0000	66.1343	16.4327
135.0000	23.0000	66.6866	41.7602
135.0000	44.0000	0.6984	28.0332
135.0000	50.0000	-3.6344	14.9144
135.0000	104.0000	66.1343	16.4327
136.0000	23.0000	66.6877	41.8128
136.0000	44.0000	0.6984	28.0332
136.0000	50.0000	-3.6348	14.8876
136.0000	104.0000	66.1343	16.4327
137.0000	23.0000	66.6888	41.8815
137.0000	44.0000	0.6984	28.0332
137.0000	50.0000	-3.6353	14.8536
137.0000	104.0000	66.1343	16.4327
138.0000	23.0000	66.6902	41.9925
138.0000	44.0000	0.6984	28.0332
138.0000	50.0000	-3.6358	14.8130
138.0000	104.0000	66.1343	16.4327
139.0000	23.0000	66.6903	42.0115
139.0000	44.0000	0.6984	28.0332
139.0000	50.0000	-3.6364	14.7658
139.0000	104.0000	66.1343	16.4327
140.0000	23.0000	66.6907	42.0319
140.0000	44.0000	0.6984	28.0332
140.0000	50.0000	-3.6370	14.7120
140.0000	104.0000	66.1343	16.4327
141.0000	23.0000	66.6916	42.1235
141.0000	44.0000	0.6984	28.0332
141.0000	50.0000	-3.6378	14.6517
141.0000	104.0000	66.1343	16.4327
142.0000	23.0000	66.6914	42.2004
142.0000	44.0000	0.6984	28.0332
142.0000	50.0000	-3.6386	14.5849
142.0000	104.0000	66.1343	16.4327
143.0000	23.0000	66.6923	42.2812
143.0000	44.0000	0.6984	28.0332
143.0000	50.0000	-3.6395	14.5116
143.0000	104.0000	66.1343	16.4327
144.0000	23.0000	66.6931	42.3648
144.0000	44.0000	0.6984	28.0332
144.0000	50.0000	-3.6406	14.4321
144.0000	104.0000	66.1343	16.4326
145.0000	23.0000	66.6943	42.4522
145.0000	44.0000	0.6984	28.0332
145.0000	50.0000	-3.6417	14.3465
145.0000	104.0000	66.1344	16.4343
146.0000	23.0000	66.6960	42.5433
146.0000	44.0000	0.6984	28.0332
146.0000	50.0000	-3.6428	14.2550
146.0000	104.0000	66.1346	16.4399
147.0000	23.0000	66.6999	42.6608
147.0000	44.0000	0.6984	28.0332
147.0000	50.0000	-3.6441	14.1577
147.0000	104.0000	66.1347	16.4550
148.0000	23.0000	66.7057	42.7926
148.0000	44.0000	0.6984	28.0332
148.0000	50.0000	-3.6454	14.0548
148.0000	104.0000	66.1354	16.4783
149.0000	23.0000	66.7113	42.9262
149.0000	44.0000	0.6984	28.0332
149.0000	50.0000	-3.6468	13.9464
149.0000	104.0000	66.1361	16.5082
150.0000	23.0000	66.7182	43.0691
150.0000	44.0000	0.6984	28.0332
150.0000	50.0000	-3.6483	13.8327
150.0000	104.0000	66.1370	16.5454
151.0000	23.0000	66.7251	43.2233
151.0000	44.0000	0.6984	28.0332
151.0000	50.0000	-3.6499	13.7136
151.0000	104.0000	66.1381	16.5897
152.0000	23.0000	66.7357	43.3779
152.0000	44.0000	0.6984	28.0332
152.0000	50.0000	-3.6516	13.5894
152.0000	104.0000	66.1393	16.6407
153.0000	23.0000	66.7487	43.5348
153.0000	44.0000	0.6984	28.0332
153.0000	50.0000	-3.6533	13.4602
153.0000	104.0000	66.1406	16.6983
154.0000	23.0000	66.7645	43.7052
154.0000	44.0000	0.6984	28.0332
154.0000	50.0000	-3.6551	13.3260
154.0000	104.0000	66.1421	16.7623
155.0000	23.0000	66.7817	43.8788
155.0000	44.0000	0.6984	28.0332
155.0000	50.0000	-3.6569	13.1870
155.0000	104.0000	66.1426	16.7837
156.0000	44.0000	0.6984	28.0332
156.0000	50.0000	-3.6589	13.0433
156.0000	104.0000	66.1426	16.7843
157.0000	44.0000	0.6984	28.0332
157.0000	50.0000	-3.6610	12.8949
157.0000	104.0000	66.1427	16.7855
158.0000	44.0000	0.6984	28.0332
158.0000	50.0000	-3.6631	12.7419
158.0000	104.0000	66.1427	16.7862
159.0000	44.0000	0.6984	28.0332
159.0000	50.0000	-3.6654	12.5849
159.0000	104.0000	66.1427	16.7866
160.0000	44.0000	0.6984	28.0332
160.0000	50.0000	-3.6677	12.4266
160.0000	104.0000	66.1427	16.7868
161.0000	44.0000	0.6984	28.0332
161.0000	50.0000	-3.6704	12.2513
161.0000	104.0000	66.1428	16.7901
162.0000	44.0000	0.6984	28.0332
162.0000	50.0000	-3.6730	12.0699
162.0000	104.0000	66.1432	16.7983
163.0000	44.0000	0.6984	28.0332
163.0000	50.0000	-3.6759	11.8837
163.0000	104.0000	66.1437	16.8160
164.0000	44.0000	0.6984	28.0332
164.0000	50.0000	-3.6789	11.6927
164.0000	104.0000	66.1443	16.8416
165.0000	44.0000	0.6984	28.0332
165.0000	50.0000	-3.6820	11.4968
165.0000	104.0000	66.1451	16.8740
166.0000	44.0000	0.6984	28.0332
166.0000	50.0000	-3.6852	11.2963
166.0000	104.0000	66.1462	16.9137
167.0000	44.0000	0.6984	28.0332
167.0000	50.0000	-3.6886	11.0919
167.0000	104.0000	66.1474	16.9603
168.0000	44.0000	0.6984	28.0332
168.0000	50.0000	-3.6919	10.8857
168.0000	104.0000	66.1487	17.0136
169.0000	44.0000	0.6984	28.0332
169.0000	50.0000	-3.6956	10.6632
169.0000	104.0000	66.1491	17.0286
170.0000	44.0000	0.6984	28.0332
170.0000	50.0000	-3.6994	10.4346
170.0000	104.0000	66.1492	17.0291
171.0000	44.0000	0.6984	28.0332
171.0000	50.0000	-3.7035	10.2010
171.0000	104.0000	66.1492	17.0303
172.0000	44.0000	0.6984	28.0332
172.0000	50.0000	-3.7077	9.9625
172.0000	104.0000	66.1495	17.0443
173.0000	44.0000	0.6984	28.0331
173.0000	50.0000	-3.7120	9.7192
173.0000	104.0000	66.1500	17.0644
174.0000	44.0000	0.6984	28.0348
174.0000	50.0000	-3.7166	9.4713
174.0000	104.0000	66.1507	17.0917
175.0000	44.0000	0.6986	28.0404
175.0000	50.0000	-3.7211	9.2188
175.0000	104.0000	66.1516	17.1263
176.0000	44.0000	0.6987	28.0557
176.0000	50.0000	-3.7260	8.9619
176.0000	104.0000	66.1527	17.1680
177.0000	44.0000	0.6991	28.0759
177.0000	50.0000	-3.7308	8.7046
177.0000	104.0000	66.1539	17.2165
178.0000	44.0000	0.6997	28.1030
178.0000	50.0000	-3.7361	8.4354
178.0000	104.0000	66.1553	17.2717
179.0000	44.0000	0.7002	28.1369
179.0000	50.0000	-3.7415	8.1572
179.0000	104.0000	66.1569	17.3333
180.0000	44.0000	0.7009	28.1775
180.0000	50.0000	-3.7471	7.8741
180.0000	104.0000	66.1586	17.4012
181.0000	44.0000	0.7018	28.2247
181.0000	50.0000	-3.7529	7.5863
181.0000	104.0000	66.1604	17.4733
182.0000	44.0000	0.7027	28.2785
182.0000	50.0000	-3.7589	7.2937
182.0000	104.0000	66.1624	17.5507
183.0000	44.0000	0.7038	28.3388
183.0000	50.0000	-3.7650	6.9967
183.0000	104.0000	66.1632	17.5803
184.0000	44.0000	0.7050	28.4057
184.0000	50.0000	-3.7712	6.6952
184.0000	104.0000	66.1636	17.5994
185.0000	44.0000	0.7063	28.4789
185.0000	50.0000	-3.7776	6.3893
185.0000	104.0000	66.1648	17.6434
186.0000	44.0000	0.7077	28.5584
186.0000	50.0000	-3.7842	6.0791
186.0000	104.0000	66.1661	17.6921
187.0000	44.0000	0.7093	28.6440
187.0000	50.0000	-3.7908	5.7647
187.0000	104.0000	66.1676	17.7470
188.0000	44.0000	0.7110	28.7355
188.0000	50.0000	-3.7977	5.4496
188.0000	104.0000	66.1692	17.8083
189.0000	44.0000	0.7127	28.8327
189.0000	50.0000	-3.8047	5.1259
189.0000	104.0000	66.1709	17.8725
190.0000	44.0000	0.7146	28.9356
190.0000	50.0000	-3.8120	4.7922
190.0000	104.0000	66.1725	17.9319
191.0000	44.0000	0.7165	29.0440
191.0000	50.0000	-3.8194	4.4537
191.0000	104.0000	66.1742	17.9947
192.0000	44.0000	0.7186	29.1578
192.0000	50.0000	-3.8270	4.1107
192.0000	104.0000	66.1760	18.0635
193.0000	44.0000	0.7208	29.2768
193.0000	50.0000	-3.8348	3.7632
193.0000	104.0000	66.1779	18.1362
194.0000	44.0000	0.7231	29.4010
194.0000	50.0000	-3.8427	3.4115
194.0000	104.0000	66.1800	18.2143
195.0000	44.0000	0.7255	29.5302
195.0000	50.0000	-3.8508	3.0557
195.0000	104.0000	66.1822	18.2984
196.0000	44.0000	0.7278	29.6644
196.0000	50.0000	-3.8590	2.6957
196.0000	104.0000	66.1845	18.3884
197.0000	44.0000	0.7302	29.8034
197.0000	50.0000	-3.8673	2.3316
197.0000	104.0000	66.1871	18.4841
198.0000	44.0000	0.7328	29.9471
198.0000	50.0000	-3.8757	1.9637
198.0000	104.0000	66.1881	18.5253
199.0000	44.0000	0.7354	30.0955
199.0000	50.0000	-3.8843	1.5918
199.0000	104.0000	66.1881	18.5255
200.0000	44.0000	0.7382	30.2484
200.0000	50.0000	-3.8931	1.2161
200.0000	104.0000	66.1882	18.5276
201.0000	44.0000	0.7410	30.4055
201.0000	50.0000	-3.9019	0.8367
201.0000	104.0000	66.1882	18.5288
202.0000	44.0000	0.7439	30.5637
202.0000	50.0000	-3.9108	0.4578
202.0000	104.0000	66.1882	18.5293
203.0000	44.0000	0.7471	30.7390
203.0000	50.0000	-3.9199	0.0686
203.0000	104.0000	66.1882	18.5296
204.0000	44.0000	0.7503	30.9204
204.0000	50.0000	-3.9291	-0.3280
204.0000	104.0000	66.1883	18.5309
205.0000	44.0000	0.7536	31.1066
205.0000	50.0000	-3.9386	-0.7290
205.0000	104.0000	66.1883	18.5319
206.0000	44.0000	0.7570	31.2977
206.0000	50.0000	-3.9482	-1.1340
206.0000	104.0000	66.1885	18.5361
207.0000	44.0000	0.7605	31.4935
207.0000	50.0000	-3.9579	-1.5430
207.0000	104.0000	66.1888	18.5458
208.0000	44.0000	0.7640	31.6940
208.0000	50.0000	-3.9677	-1.9559
208.0000	104.0000	66.1892	18.5648
209.0000	44.0000	0.7677	31.8984
209.0000	50.0000	-3.9775	-2.3725
209.0000	104.0000	66.1899	18.5912
210.0000	44.0000	0.7714	32.1045
210.0000	50.0000	-3.9875	-2.7928
210.0000	104.0000	66.1907	18.6250
211.0000	44.0000	0.7741	32.2523
211.0000	50.0000	-3.9975	-3.2167
211.0000	104.0000	66.1918	18.6660
212.0000	44.0000	0.7740	32.2586
212.0000	50.0000	-4.0077	-3.6442
212.0000	104.0000	66.1931	18.7138
213.0000	44.0000	0.7741	32.2628
213.0000	50.0000	-4.0181	-4.0752
213.0000	104.0000	66.1945	18.7683
214.0000	44.0000	0.7742	32.2659
214.0000	50.0000	-4.0285	-4.5097
214.0000	104.0000	66.1961	18.8293
215.0000	44.0000	0.7743	32.2675
215.0000	50.0000	-4.0390	-4.9476
215.0000	104.0000	66.1978	18.8965
216.0000	44.0000	0.7743	32.2683
216.0000	50.0000	-4.0496	-5.3888
216.0000	104.0000	66.1991	18.9461
217.0000	44.0000	0.7743	32.2687
217.0000	50.0000	-4.0603	-5.8334
217.0000	104.0000	66.1991	18.9478
218.0000	44.0000	0.7743	32.2688
218.0000	50.0000	-4.0710	-6.2812
218.0000	104.0000	66.1992	18.9491
219.0000	44.0000	0.7743	32.2689
219.0000	50.0000	-4.0818	-6.7305
219.0000	104.0000	66.1992	18.9502
220.0000	44.0000	0.7743	32.2689
220.0000	50.0000	-4.0926	-7.1842
220.0000	104.0000	66.1992	18.9507
221.0000	44.0000	0.7743	32.2690
221.0000	50.0000	-4.1038	-7.6546
221.0000	104.0000	66.1994	18.9570
222.0000	44.0000	0.7743	32.2690
222.0000	50.0000	-4.1152	-8.1312
222.0000	104.0000	66.1998	18.9700
223.0000	44.0000	0.7743	32.2690
223.0000	50.0000	-4.1266	-8.6120
223.0000	104.0000	66.2003	18.9919
224.0000	44.0000	0.7743	32.2690
224.0000	50.0000	-4.1382	-9.0965
224.0000	104.0000	66.2010	19.0206
225.0000	44.0000	0.7743	32.2690
225.0000	50.0000	-4.1500	-9.5844
225.0000	104.0000	66.2019	19.0567
226.0000	44.0000	0.7743	32.2690
226.0000	50.0000	-4.1619	-10.0757
226.0000	104.0000	66.2030	19.0998
227.0000	44.0000	0.7743	32.2690
227.0000	50.0000	-4.1738	-10.5702
227.0000	104.0000	66.2043	19.1498
228.0000	44.0000	0.7743	32.2690
228.0000	50.0000	-4.1859	-11.0679
228.0000	104.0000	66.2057	19.2063
229.0000	44.0000	0.7743	32.2690
229.0000	50.0000	-4.1979	-11.5688
229.0000	104.0000	66.2073	19.2693
230.0000	44.0000	0.7743	32.2690
230.0000	50.0000	-4.2101	-12.0729
230.0000	104.0000	66.2091	19.3383
231.0000	44.0000	0.7743	32.2690
231.0000	50.0000	-4.2223	-12.5800
231.0000	104.0000	66.2109	19.4113
232.0000	44.0000	0.7743	32.2690
232.0000	50.0000	-4.2346	-13.0900
232.0000	104.0000	66.2128	19.4901
233.0000	44.0000	0.7743	32.2690
233.0000	50.0000	-4.2469	-13.6029
233.0000	104.0000	66.2150	19.5748
234.0000	44.0000	0.7743	32.2690
234.0000	50.0000	-4.2593	-14.1187
234.0000	104.0000	66.2173	19.6654
235.0000	44.0000	0.7743	32.2690
235.0000	50.0000	-4.2718	-14.6374
235.0000	104.0000	66.2197	19.7619
236.0000	44.0000	0.7743	32.2690
236.0000	50.0000	-4.2843	-15.1588
236.0000	104.0000	66.2223	19.8639
237.0000	44.0000	0.7743	32.2690
237.0000	50.0000	-4.2969	-15.6831
237.0000	104.0000	66.2250	19.9714
238.0000	44.0000	0.7743	32.2690
238.0000	50.0000	-4.3096	-16.2101
238.0000	104.0000	66.2263	20.0224
239.0000	44.0000	0.7743	32.2690
239.0000	50.0000	-4.3223	-16.7399
239.0000	104.0000	66.2263	20.0223
240.0000	44.0000	0.7743	32.2690
240.0000	50.0000	-4.3350	-17.2723
240.0000	104.0000	66.2264	20.0245
241.0000	44.0000	0.7743	32.2690
241.0000	50.0000	-4.3479	-17.8074
241.0000	104.0000	66.2264	20.0259
242.0000	44.0000	0.7743	32.2690
242.0000	50.0000	-4.3607	-18.3450
242.0000	104.0000	66.2264	20.0266
243.0000	44.0000	0.7743	32.2690
243.0000	50.0000	-4.3737	-18.8852
243.0000	104.0000	66.2264	20.0269
244.0000	44.0000	0.7743	32.2690
244.0000	50.0000	-4.3867	-19.4280
244.0000	104.0000	66.2264	20.0271
245.0000	44.0000	0.7743	32.2690
245.0000	50.0000	-4.3997	-19.9732
245.0000	104.0000	66.2264	20.0271
246.0000	44.0000	0.7743	32.2690
246.0000	50.0000	-4.4128	-20.5208
246.0000	104.0000	66.2264	20.0272
247.0000	44.0000	0.7743	32.2690
247.0000	50.0000	-4.4260	-21.0709
247.0000	104.0000	66.2264	20.0272
248.0000	44.0000	0.7743	32.2690
248.0000	50.0000	-4.4391	-21.6196
248.0000	104.0000	66.2264	20.0272
249.0000	44.0000	0.7743	32.2690
249.0000	50.0000	-4.4524	-22.1807
249.0000	104.0000	66.2264	20.0272
250.0000	44.0000	0.7743	32.2690
250.0000	50.0000	-4.4661	-22.7555
250.0000	104.0000	66.2264	20.0272
251.0000	44.0000	0.7743	32.2690
251.0000	50.0000	-4.4798	-23.3353
251.0000	104.0000	66.2264	20.0272
252.0000	44.0000	0.7743	32.2690
252.0000	50.0000	-4.4935	-23.9187
252.0000	104.0000	66.2264	20.0272
253.0000	44.0000	0.7743	32.2690
253.0000	50.0000	-4.5072	-24.5050
253.0000	104.0000	66.2264	20.0272
254.0000	44.0000	0.7743	32.2690
254.0000	50.0000	-4.5210	-25.0939
254.0000	104.0000	66.2264	20.0272
255.0000	44.0000	0.7743	32.2690
255.0000	50.0000	-4.5349	-25.6854
255.0000	104.0000	66.2264	20.0272
256.0000	44.0000	0.7743	32.2690
256.0000	50.0000	-4.5488	-26.2793
256.0000	104.0000	66.2264	20.0272
257.0000	44.0000	0.7743	32.2690
257.0000	50.0000	-4.5627	-26.8756
257.0000	104.0000	66.2264	20.0272
258.0000	44.0000	0.7743	32.2690
258.0000	50.0000	-4.5767	-27.4742
258.0000	104.0000	66.2264	20.0272
259.0000	44.0000	0.7743	32.2690
259.0000	50.0000	-4.5905	-28.0751
259.0000	104.0000	66.2264	20.0272
260.0000	44.0000	0.7743	32.2690
260.0000	50.0000	-4.6044	-28.6783
260.0000	104.0000	66.2264	20.0272
261.0000	44.0000	0.7743	32.2690
261.0000	50.0000	-4.6184	-29.2838
261.0000	104.0000	66.2264	20.0272
262.0000	44.0000	0.7743	32.2690
262.0000	50.0000	-4.6324	-29.8914
262.0000	104.0000	66.2264	20.0272
263.0000	44.0000	0.7743	32.2690
263.0000	50.0000	-4.6465	-30.5013
263.0000	104.0000	66.2264	20.0272
264.0000	44.0000	0.7743	32.2690
264.0000	50.0000	-4.6605	-31.1133
264.0000	104.0000	66.2264	20.0272
265.0000	44.0000	0.7743	32.2690
265.0000	50.0000	-4.6744	-31.7274
265.0000	104.0000	66.2264	20.0272
266.0000	44.0000	0.7743	32.2691
266.0000	50.0000	-4.6884	-32.3434
266.0000	104.0000	66.2264	20.0273
267.0000	44.0000	0.7771	32.2661
267.0000	50.0000	-4.7050	-32.9642
267.0000	104.0000	66.2282	20.0191
268.0000	44.0000	0.7849	32.2536
268.0000	50.0000	-4.7267	-33.5958
268.0000	104.0000	66.2332	19.9912
269.0000	44.0000	0.8100	32.2222
269.0000	50.0000	-4.7650	-34.2454
269.0000	104.0000	66.2491	19.9114
270.0000	44.0000	0.8010	32.1672
270.0000	50.0000	-4.7737	-34.9259
270.0000	104.0000	66.2429	19.8710
271.0000	44.0000	0.7969	32.0768
271.0000	50.0000	-4.7886	-35.6429
271.0000	104.0000	66.2394	19.7842
272.0000	44.0000	0.7913	31.9620
272.0000	50.0000	-4.8033	-36.3863
272.0000	104.0000	66.2348	19.6747
273.0000	44.0000	0.7851	31.8310
273.0000	50.0000	-4.8179	-37.1478
273.0000	104.0000	66.2297	19.5496
274.0000	44.0000	0.7779	31.6839
274.0000	50.0000	-4.8320	-37.9275
274.0000	104.0000	66.2239	19.4094
275.0000	44.0000	0.7701	31.5216
275.0000	50.0000	-4.8459	-38.7242
275.0000	104.0000	66.2175	19.2548
276.0000	44.0000	0.7616	31.3479
276.0000	50.0000	-4.8598	-39.5343
276.0000	104.0000	66.2106	19.0891
277.0000	44.0000	0.7530	31.1720
277.0000	50.0000	-4.8735	-40.3483
277.0000	104.0000	66.2036	18.9234
278.0000	44.0000	0.7456	31.0253
278.0000	50.0000	-4.8869	-41.1347
278.0000	104.0000	66.1977	18.7917
279.0000	44.0000	0.7407	30.9339
279.0000	50.0000	-4.9002	-41.8670
279.0000	104.0000	66.1942	18.7209
280.0000	44.0000	0.7403	30.9241
280.0000	50.0000	-4.9143	-42.5189
280.0000	104.0000	66.1944	18.7347
281.0000	44.0000	0.7460	30.9120
281.0000	50.0000	-4.9357	-43.1744
281.0000	104.0000	66.1987	18.7409
282.0000	44.0000	0.7389	30.8802
282.0000	50.0000	-4.9425	-43.8527
282.0000	104.0000	66.1949	18.7591
283.0000	44.0000	0.7322	30.8248
283.0000	50.0000	-4.9510	-44.5553
283.0000	104.0000	66.1912	18.7587
284.0000	44.0000	0.7245	30.7422
284.0000	50.0000	-4.9597	-45.2861
284.0000	104.0000	66.1869	18.7383
285.0000	44.0000	0.7146	30.6800
285.0000	50.0000	-4.9640	-45.9977
285.0000	104.0000	66.1814	18.7503
286.0000	44.0000	0.7119	30.6029
286.0000	50.0000	-4.9783	-46.7239
286.0000	104.0000	66.1806	18.7387
287.0000	44.0000	0.7089	30.5022
287.0000	50.0000	-4.9931	-47.4743
287.0000	104.0000	66.1795	18.7064
288.0000	44.0000	0.7037	30.3739
288.0000	50.0000	-5.0067	-48.2531
288.0000	104.0000	66.1765	18.6438
289.0000	44.0000	0.6976	30.2283
289.0000	50.0000	-5.0199	-49.0499
289.0000	104.0000	66.1728	18.5639
290.0000	44.0000	0.6912	30.0724
290.0000	50.0000	-5.0329	-49.8575
290.0000	104.0000	66.1690	18.4792
291.0000	44.0000	0.6844	29.9043
291.0000	50.0000	-5.0461	-50.6777
291.0000	104.0000	66.1649	18.3880
292.0000	44.0000	0.6772	29.7292
292.0000	50.0000	-5.0591	-51.5055
292.0000	104.0000	66.1606	18.2964
293.0000	44.0000	0.6707	29.5795
293.0000	50.0000	-5.0715	-52.3080
293.0000	104.0000	66.1572	18.2361
294.0000	44.0000	0.6662	29.4827
294.0000	50.0000	-5.0835	-53.0575
294.0000	104.0000	66.1555	18.2330
295.0000	44.0000	0.6653	29.4670
295.0000	50.0000	-5.0963	-53.7255
295.0000	104.0000	66.1570	18.3133
296.0000	44.0000	0.6653	29.4680
296.0000	50.0000	-5.1094	-54.3782
296.0000	104.0000	66.1595	18.4151
297.0000	44.0000	0.6654	29.4689
297.0000	50.0000	-5.1223	-55.0310
297.0000	104.0000	66.1621	18.5223
298.0000	44.0000	0.6654	29.4695
298.0000	50.0000	-5.1353	-55.6843
298.0000	104.0000	66.1647	18.6347
299.0000	44.0000	0.6655	29.4698
299.0000	50.0000	-5.1483	-56.3378
299.0000	104.0000	66.1662	18.6894
300.0000	44.0000	0.6655	29.4699
300.0000	50.0000	-5.1613	-56.9916
300.0000	104.0000	66.1660	18.6894
301.0000	44.0000	0.6655	29.4700
301.0000	50.0000	-5.1743	-57.6456
301.0000	104.0000	66.1661	18.6917
302.0000	44.0000	0.6655	29.4700
302.0000	50.0000	-5.1873	-58.2997
302.0000	104.0000	66.1661	18.6932
303.0000	44.0000	0.6655	29.4700
303.0000	50.0000	-5.2004	-58.9540
303.0000	104.0000	66.1662	18.6939
304.0000	44.0000	0.6655	29.4700
304.0000	50.0000	-5.2134	-59.6084
304.0000	104.0000	66.1662	18.6943
305.0000	44.0000	0.6655	29.4700
305.0000	50.0000	-5.2264	-60.2628
305.0000	104.0000	66.1662	18.6945
306.0000	44.0000	0.6655	29.4700
306.0000	50.0000	-5.2394	-60.9174
306.0000	104.0000	66.1662	18.6945
307.0000	44.0000	0.6655	29.4700
307.0000	50.0000	-5.2524	-61.5719
307.0000	104.0000	66.1662	18.6945
308.0000	44.0000	0.6655	29.4700
308.0000	50.0000	-5.2654	-62.2266
308.0000	104.0000	66.1662	18.6946
309.0000	44.0000	0.6655	29.4700
309.0000	50.0000	-5.2785	-62.8813
309.0000	104.0000	66.1662	18.6946
310.0000	44.0000	0.6655	29.4700
310.0000	50.0000	-5.2915	-63.5361
310.0000	104.0000	66.1662	18.6946
311.0000	44.0000	0.6655	29.4700
311.0000	50.0000	-5.3045	-64.1908
311.0000	104.0000	66.1662	18.6946
312.0000	44.0000	0.6655	29.4700
312.0000	50.0000	-5.3158	-64.7619
312.0000	104.0000	66.1662	18.6946
313.0000	44.0000	0.6655	29.4700
313.0000	50.0000	-5.3229	-65.1202
313.0000	104.0000	66.1662	18.6946
314.0000	44.0000	0.6655	29.4700
314.0000	50.0000	-5.3298	-65.4766
314.0000	104.0000	66.1662	18.6946
315.0000	44.0000	0.6655	29.4700
315.0000	50.0000	-5.3366	-65.8254
315.0000	104.0000	66.1662	18.6946
316.0000	44.0000	0.6655	29.4700
316.0000	50.0000	-5.3433	-66.1730
316.0000	104.0000	66.1662	18.6946
317.0000	44.0000	0.6655	29.4700
317.0000	50.0000	-5.3501	-66.5234
317.0000	104.0000	66.1662	18.6946
318.0000	44.0000	0.6655	29.4700
318.0000	50.0000	-5.3570	-66.8778
318.0000	104.0000	66.1662	18.6946
319.0000	44.0000	0.6655	29.4700
319.0000	50.0000	-5.3640	-67.2368
319.0000	104.0000	66.1662	18.6946
320.0000	44.0000	0.6655	29.4700
320.0000	50.0000	-5.3710	-67.6006
320.0000	104.0000	66.1662	18.6946
321.0000	44.0000	0.6655	29.4700
321.0000	50.0000	-5.3782	-67.9692
321.0000	104.0000	66.1662	18.6946
322.0000	44.0000	0.6655	29.4700
322.0000	50.0000	-5.3836	-68.2497
322.0000	104.0000	66.1662	18.6946
323.0000	44.0000	0.6655	29.4700
323.0000	50.0000	-5.3843	-68.2850
323.0000	104.0000	66.1662	18.6946
324.0000	44.0000	0.6655	29.4700
324.0000	50.0000	-5.3865	-68.3971
324.0000	104.0000	66.1662	18.6946
325.0000	44.0000	0.6655	29.4700
325.0000	50.0000	-5.3881	-68.4801
325.0000	104.0000	66.1662	18.6946
326.0000	44.0000	0.6655	29.4700
326.0000	50.0000	-5.3882	-68.4789
326.0000	104.0000	66.1662	18.6946
327.0000	44.0000	0.6655	29.4700
327.0000	50.0000	-5.3882	-68.4816
327.0000	104.0000	66.1662	18.6946
328.0000	44.0000	0.6655	29.4700
328.0000	50.0000	-5.3882	-68.4832
328.0000	104.0000	66.1662	18.6946
329.0000	44.0000	0.6655	29.4700
329.0000	50.0000	-5.3885	-68.4981
329.0000	104.0000	66.1662	18.6946
330.0000	44.0000	0.6655	29.4700
330.0000	50.0000	-5.3890	-68.5213
330.0000	104.0000	66.1662	18.6946
331.0000	44.0000	0.6655	29.4700
331.0000	50.0000	-5.3895	-68.5538
331.0000	104.0000	66.1662	18.6946
332.0000	44.0000	0.6655	29.4700
332.0000	50.0000	-5.3902	-68.5950
332.0000	104.0000	66.1662	18.6946
333.0000	44.0000	0.6655	29.4700
333.0000	50.0000	-5.3909	-68.6398
333.0000	104.0000	66.1662	18.6946
334.0000	44.0000	0.6655	29.4700
334.0000	50.0000	-5.3917	-68.6863
334.0000	104.0000	66.1662	18.6945
335.0000	44.0000	0.6655	29.4700
335.0000	50.0000	-5.3926	-68.7400
335.0000	104.0000	66.1662	18.6962
336.0000	44.0000	0.6655	29.4700
336.0000	50.0000	-5.3928	-68.7553
336.0000	104.0000	66.1662	18.6972
337.0000	44.0000	0.6655	29.4700
337.0000	50.0000	-5.3929	-68.7558
337.0000	104.0000	66.1662	18.6972
338.0000	44.0000	0.6655	29.4700
338.0000	50.0000	-5.3929	-68.7568
338.0000	104.0000	66.1662	18.6972
339.0000	44.0000	0.6655	29.4700
339.0000	50.0000	-5.3929	-68.7575
339.0000	104.0000	66.1663	18.7005
340.0000	44.0000	0.6655	29.4700
340.0000	50.0000	-5.3929	-68.7578
340.0000	104.0000	66.1663	18.7016
341.0000	44.0000	0.6655	29.4700
341.0000	50.0000	-5.3929	-68.7580
341.0000	104.0000	66.1663	18.7016
342.0000	44.0000	0.6655	29.4700
342.0000	50.0000	-5.3929	-68.7580
342.0000	104.0000	66.1663	18.7016
343.0000	44.0000	0.6655	29.4700
343.0000	50.0000	-5.3929	-68.7581
343.0000	104.0000	66.1663	18.7016
344.0000	44.0000	0.6655	29.4700
344.0000	50.0000	-5.3929	-68.7581
344.0000	104.0000	66.1663	18.7016
345.0000	44.0000	0.6655	29.4700
345.0000	50.0000	-5.3927	-68.7606
345.0000	104.0000	66.1663	18.7016
346.0000	44.0000	0.6655	29.4700
346.0000	50.0000	-5.3930	-68.7710
346.0000	104.0000	66.1663	18.7016
347.0000	44.0000	0.6655	29.4700
347.0000	50.0000	-5.3930	-68.7718
347.0000	104.0000	66.1663	18.7016
348.0000	44.0000	0.6655	29.4700
348.0000	50.0000	-5.3930	-68.7718
348.0000	104.0000	66.1663	18.7016
349.0000	44.0000	0.6655	29.4700
349.0000	50.0000	-5.3931	-68.7726
349.0000	104.0000	66.1663	18.7016
350.0000	44.0000	0.6655	29.4700
350.0000	50.0000	-5.3932	-68.7802
350.0000	104.0000	66.1663	18.7016
351.0000	44.0000	0.6655	29.4700
351.0000	50.0000	-5.3933	-68.7936
351.0000	104.0000	66.1663	18.7016
352.0000	44.0000	0.6655	29.4700
352.0000	50.0000	-5.3938	-68.8167
352.0000	104.0000	66.1663	18.7016
353.0000	44.0000	0.6655	29.4700
353.0000	50.0000	-5.3944	-68.8461
353.0000	104.0000	66.1663	18.7016
354.0000	44.0000	0.6655	29.4700
354.0000	50.0000	-5.3952	-68.8829
354.0000	104.0000	66.1663	18.7016
355.0000	44.0000	0.6655	29.4700
355.0000	50.0000	-5.3961	-68.9266
355.0000	104.0000	66.1663	18.7016
356.0000	44.0000	0.6655	29.4700
356.0000	50.0000	-5.3971	-68.9773
356.0000	104.0000	66.1663	18.7016
357.0000	44.0000	0.6655	29.4700
357.0000	50.0000	-5.3983	-69.0344
357.0000	104.0000	66.1663	18.7016
358.0000	44.0000	0.6655	29.4700
358.0000	50.0000	-5.3986	-69.0513
358.0000	104.0000	66.1663	18.7016
359.0000	44.0000	0.6655	29.4700
359.0000	50.0000	-5.3988	-69.0597
359.0000	104.0000	66.1663	18.7016
360.0000	44.0000	0.6655	29.4700
360.0000	50.0000	-5.3993	-69.0878
360.0000	104.0000	66.1663	18.7016
361.0000	44.0000	0.6655	29.4700
361.0000	50.0000	-5.3994	-69.0905
361.0000	104.0000	66.1663	18.7016
362.0000	44.0000	0.6655	29.4700
362.0000	50.0000	-5.3994	-69.0909
362.0000	104.0000	66.1663	18.7016
363.0000	44.0000	0.6655	29.4700
363.0000	50.0000	-5.3994	-69.0914
363.0000	104.0000	66.1663	18.7016
364.0000	44.0000	0.6655	29.4700
364.0000	50.0000	-5.3995	-69.0917
364.0000	104.0000	66.1663	18.7016
365.0000	44.0000	0.6655	29.4700
365.0000	50.0000	-5.3995	-69.0918
365.0000	104.0000	66.1663	18.7016
366.0000	44.0000	0.6655	29.4700
366.0000	50.0000	-5.3995	-69.0919
366.0000	104.0000	66.1663	18.7016
367.0000	44.0000	0.6655	29.4700
367.0000	50.0000	-5.3995	-69.0919
367.0000	104.0000	66.1663	18.7015
368.0000	44.0000	0.6655	29.4700
368.0000	50.0000	-5.3995	-69.0918
368.0000	104.0000	66.1664	18.7033
369.0000	44.0000	0.6655	29.4700
369.0000	50.0000	-5.3995	-69.0938
369.0000	104.0000	66.1664	18.7043
370.0000	44.0000	0.6655	29.4700
370.0000	50.0000	-5.3995	-69.0997
370.0000	104.0000	66.1664	18.7043
371.0000	44.0000	0.6655	29.4700
371.0000	50.0000	-5.3998	-69.1133
371.0000	104.0000	66.1664	18.7043
372.0000	44.0000	0.6655	29.4700
372.0000	50.0000	-5.4003	-69.1368
372.0000	104.0000	66.1664	18.7074
373.0000	44.0000	0.6655	29.4700
373.0000	50.0000	-5.4009	-69.1671
373.0000	104.0000	66.1665	18.7078
374.0000	44.0000	0.6655	29.4700
374.0000	50.0000	-5.4017	-69.2047
374.0000	104.0000	66.1665	18.7078
375.0000	44.0000	0.6655	29.4700
375.0000	50.0000	-5.4026	-69.2493
375.0000	104.0000	66.1665	18.7078
376.0000	44.0000	0.6655	29.4700
376.0000	50.0000	-5.4036	-69.3008
376.0000	104.0000	66.1665	18.7078
377.0000	44.0000	0.6655	29.4700
377.0000	50.0000	-5.4048	-69.3587
377.0000	104.0000	66.1665	18.7078
378.0000	44.0000	0.6655	29.4700
378.0000	50.0000	-5.4061	-69.4230
378.0000	104.0000	66.1665	18.7078
379.0000	44.0000	0.6655	29.4700
379.0000	50.0000	-5.4075	-69.4927
379.0000	104.0000	66.1665	18.7078
380.0000	44.0000	0.6655	29.4700
380.0000	50.0000	-5.4089	-69.5668
380.0000	104.0000	66.1665	18.7078
381.0000	44.0000	0.6655	29.4700
381.0000	50.0000	-5.4105	-69.6468
381.0000	104.0000	66.1665	18.7078
382.0000	44.0000	0.6655	29.4700
382.0000	50.0000	-5.4121	-69.7329
382.0000	104.0000	66.1665	18.7078
383.0000	44.0000	0.6655	29.4700
383.0000	50.0000	-5.4139	-69.8248
383.0000	104.0000	66.1665	18.7078
384.0000	44.0000	0.6655	29.4700
384.0000	50.0000	-5.4158	-69.9224
384.0000	104.0000	66.1665	18.7078
385.0000	44.0000	0.6655	29.4700
385.0000	50.0000	-5.4179	-70.0257
385.0000	104.0000	66.1665	18.7078
386.0000	44.0000	0.6655	29.4700
386.0000	50.0000	-5.4200	-70.1345
386.0000	104.0000	66.1665	18.7078
387.0000	44.0000	0.6655	29.4700
387.0000	50.0000	-5.4221	-70.2486
387.0000	104.0000	66.1665	18.7078
388.0000	44.0000	0.6655	29.4700
388.0000	50.0000	-5.4244	-70.3680
388.0000	104.0000	66.1665	18.7078
389.0000	44.0000	0.6655	29.4700
389.0000	50.0000	-5.4268	-70.4925
389.0000	104.0000	66.1665	18.7078
390.0000	44.0000	0.6655	29.4700
390.0000	50.0000	-5.4292	-70.6220
390.0000	104.0000	66.1665	18.7078
391.0000	44.0000	0.6655	29.4700
391.0000	50.0000	-5.4318	-70.7566
391.0000	104.0000	66.1665	18.7078
392.0000	44.0000	0.6655	29.4700
392.0000	50.0000	-5.4344	-70.8959
392.0000	104.0000	66.1665	18.7078
393.0000	44.0000	0.6655	29.4700
393.0000	50.0000	-5.4372	-71.0399
393.0000	104.0000	66.1665	18.7077
394.0000	44.0000	0.6655	29.4700
394.0000	50.0000	-5.4400	-71.1886
394.0000	104.0000	66.1665	18.7095
395.0000	44.0000	0.6655	29.4700
395.0000	50.0000	-5.4430	-71.3418
395.0000	104.0000	66.1666	18.7105
396.0000	44.0000	0.6655	29.4700
396.0000	50.0000	-5.4460	-71.4992
396.0000	104.0000	66.1666	18.7105
397.0000	44.0000	0.6655	29.4700
397.0000	50.0000	-5.4491	-71.6577
397.0000	104.0000	66.1666	18.7105
398.0000	44.0000	0.6655	29.4700
398.0000	50.0000	-5.4525	-71.8334
398.0000	104.0000	66.1668	18.7142
399.0000	44.0000	0.6655	29.4700
399.0000	50.0000	-5.4560	-72.0151
399.0000	104.0000	66.1667	18.7146
400.0000	44.0000	0.6655	29.4700
400.0000	50.0000	-5.4596	-72.2016
400.0000	104.0000	66.1667	18.7146
401.0000	44.0000	0.6655	29.4700
401.0000	50.0000	-5.4634	-72.3930
401.0000	104.0000	66.1667	18.7146
402.0000	44.0000	0.6655	29.4700
402.0000	50.0000	-5.4672	-72.5891
402.0000	104.0000	66.1667	18.7147
403.0000	44.0000	0.6655	29.4700
403.0000	50.0000	-5.4711	-72.7899
403.0000	104.0000	66.1667	18.7147
404.0000	44.0000	0.6655	29.4700
404.0000	50.0000	-5.4751	-72.9943
404.0000	104.0000	66.1667	18.7147
405.0000	44.0000	0.6655	29.4700
405.0000	50.0000	-5.4791	-73.2015
405.0000	104.0000	66.1667	18.7147
406.0000	44.0000	0.6655	29.4700
406.0000	50.0000	-5.4835	-73.4248
406.0000	104.0000	66.1667	18.7147
407.0000	44.0000	0.6655	29.4700
407.0000	50.0000	-5.4880	-73.6538
407.0000	104.0000	66.1667	18.7147
408.0000	44.0000	0.6655	29.4700
408.0000	50.0000	-5.4926	-73.8877
408.0000	104.0000	66.1667	18.7147
409.0000	44.0000	0.6655	29.4700
409.0000	50.0000	-5.4973	-74.1265
409.0000	104.0000	66.1667	18.7147
410.0000	44.0000	0.6655	29.4700
410.0000	50.0000	-5.5020	-74.3701
410.0000	104.0000	66.1667	18.7147
411.0000	44.0000	0.6655	29.4700
411.0000	50.0000	-5.5067	-74.6183
411.0000	104.0000	66.1667	18.7147
412.0000	44.0000	0.6655	29.4700
412.0000	50.0000	-5.5115	-74.8711
412.0000	104.0000	66.1667	18.7147
413.0000	44.0000	0.6655	29.4700
413.0000	50.0000	-5.5163	-75.1281
413.0000	104.0000	66.1667	18.7147
414.0000	44.0000	0.6655	29.4700
414.0000	50.0000	-5.5212	-75.3855
414.0000	104.0000	66.1667	18.7147
415.0000	44.0000	0.6655	29.4700
415.0000	50.0000	-5.5264	-75.6561
415.0000	104.0000	66.1667	18.7147
416.0000	44.0000	0.6655	29.4700
416.0000	50.0000	-5.5317	-75.9347
416.0000	104.0000	66.1667	18.7147
417.0000	44.0000	0.6655	29.4700
417.0000	50.0000	-5.5371	-76.2181
417.0000	104.0000	66.1667	18.7147
418.0000	44.0000	0.6655	29.4700
418.0000	50.0000	-5.5426	-76.5063
418.0000	104.0000	66.1667	18.7147
419.0000	44.0000	0.6655	29.4700
419.0000	50.0000	-5.5482	-76.7992
419.0000	104.0000	66.1667	18.7147
420.0000	44.0000	0.6655	29.4700
420.0000	50.0000	-5.5539	-77.0966
420.0000	104.0000	66.1667	18.7147
421.0000	44.0000	0.6655	29.4700
421.0000	50.0000	-5.5597	-77.3984
421.0000	104.0000	66.1667	18.7147
422.0000	44.0000	0.6655	29.4700
422.0000	50.0000	-5.5656	-77.7046
422.0000	104.0000	66.1667	18.7147
423.0000	44.0000	0.6655	29.4700
423.0000	50.0000	-5.5716	-78.0151
423.0000	104.0000	66.1667	18.7146
424.0000	44.0000	0.6655	29.4700
424.0000	50.0000	-5.5776	-78.3297
424.0000	104.0000	66.1667	18.7163
425.0000	44.0000	0.6655	29.4700
425.0000	50.0000	-5.5837	-78.6445
425.0000	104.0000	66.1667	18.7173
426.0000	44.0000	0.6655	29.4700
426.0000	50.0000	-5.5900	-78.9698
426.0000	104.0000	66.1667	18.7173
427.0000	44.0000	0.6655	29.4700
427.0000	50.0000	-5.5964	-79.3039
427.0000	104.0000	66.1667	18.7174
428.0000	44.0000	0.6655	29.4700
428.0000	50.0000	-5.6030	-79.6428
428.0000	104.0000	66.1667	18.7174
429.0000	44.0000	0.6655	29.4700
429.0000	104.0000	66.1667	18.7174
430.0000	44.0000	0.6655	29.4700
430.0000	104.0000	66.1667	18.7174
431.0000	44.0000	0.6655	29.4700
431.0000	104.0000	66.1667	18.7174
432.0000	44.0000	0.6655	29.4700
432.0000	104.0000	66.1667	18.7174
433.0000	44.0000	0.6655	29.4700
433.0000	104.0000	66.1667	18.7174
434.0000	44.0000	0.6655	29.4700
434.0000	104.0000	66.1667	18.7174
435.0000	44.0000	0.6655	29.4700
435.0000	104.0000	66.1667	18.7174
436.0000	44.0000	0.6655	29.4700
436.0000	104.0000	66.1667	18.7174
437.0000	44.0000	0.6655	29.4700
437.0000	104.0000	66.1667	18.7174
438.0000	44.0000	0.6655	29.4700
438.0000	104.0000	66.1667	18.7174
439.0000	44.0000	0.6655	29.4700
439.0000	104.0000	66.1667	18.7174
440.0000	44.0000	0.6655	29.4700
440.0000	104.0000	66.1667	18.7174
441.0000	44.0000	0.6655	29.4700
441.0000	104.0000	66.1667	18.7174
442.0000	44.0000	0.6655	29.4700
442.0000	104.0000	66.1667	18.7174
443.0000	44.0000	0.6655	29.4700
443.0000	104.0000	66.1667	18.7174
444.0000	44.0000	0.6655	29.4700
444.0000	104.0000	66.1667	18.7174
445.0000	44.0000	0.6655	29.4700
445.0000	104.0000	66.1667	18.7174
446.0000	44.0000	0.6655	29.4700
446.0000	104.0000	66.1667	18.7174
447.0000	44.0000	0.6655	29.4700
447.0000	104.0000	66.1667	18.7174
448.0000	44.0000	0.6655	29.4700
448.0000	104.0000	66.1667	18.7174
449.0000	44.0000	0.6655	29.4700
449.0000	104.0000	66.1667	18.7174
450.0000	44.0000	0.6655	29.4699
450.0000	104.0000	66.1667	18.7174
451.0000	44.0000	0.6655	29.4717
451.0000	104.0000	66.1667	18.7174
452.0000	44.0000	0.6657	29.4797
452.0000	104.0000	66.1667	18.7174
453.0000	44.0000	0.6660	29.4958
453.0000	104.0000	66.1667	18.7174
454.0000	44.0000	0.6664	29.5185
454.0000	104.0000	66.1667	18.7174
455.0000	44.0000	0.6669	29.5485
455.0000	104.0000	66.1667	18.7174
456.0000	44.0000	0.6674	29.5857
456.0000	104.0000	66.1667	18.7174
457.0000	44.0000	0.6682	29.6301
457.0000	104.0000	66.1667	18.7174
458.0000	44.0000	0.6690	29.6811
458.0000	104.0000	66.1667	18.7174
459.0000	44.0000	0.6700	29.7387
459.0000	104.0000	66.1667	18.7174
460.0000	44.0000	0.6711	29.8027
460.0000	104.0000	66.1667	18.7174
461.0000	44.0000	0.6723	29.8724
461.0000	104.0000	66.1667	18.7174
462.0000	44.0000	0.6735	29.9462
462.0000	104.0000	66.1667	18.7174
463.0000	44.0000	0.6749	30.0259
463.0000	104.0000	66.1667	18.7174
464.0000	44.0000	0.6754	30.0559
464.0000	104.0000	66.1667	18.7174
465.0000	44.0000	0.6754	30.0564
465.0000	104.0000	66.1667	18.7174
466.0000	44.0000	0.6754	30.0580
466.0000	104.0000	66.1667	18.7174
467.0000	44.0000	0.6754	30.0590
467.0000	104.0000	66.1667	18.7174
468.0000	44.0000	0.6755	30.0595
468.0000	104.0000	66.1667	18.7174
469.0000	44.0000	0.6755	30.0597
469.0000	104.0000	66.1667	18.7174
470.0000	44.0000	0.6755	30.0598
470.0000	104.0000	66.1667	18.7174
471.0000	44.0000	0.6755	30.0599
471.0000	104.0000	66.1667	18.7174
472.0000	44.0000	0.6755	30.0599
472.0000	104.0000	66.1667	18.7174
473.0000	44.0000	0.6755	30.0599
473.0000	104.0000	66.1667	18.7174
474.0000	44.0000	0.6755	30.0599
474.0000	104.0000	66.1667	18.7174
475.0000	44.0000	0.6755	30.0599
475.0000	104.0000	66.1667	18.7174
476.0000	44.0000	0.6755	30.0599
476.0000	104.0000	66.1667	18.7174
477.0000	44.0000	0.6755	30.0599
477.0000	104.0000	66.1667	18.7174
478.0000	44.0000	0.6755	30.0599
478.0000	104.0000	66.1667	18.7174
479.0000	44.0000	0.6755	30.0599
479.0000	104.0000	66.1667	18.7174
480.0000	44.0000	0.6755	30.0599
480.0000	104.0000	66.1667	18.7174
481.0000	44.0000	0.6755	30.0599
481.0000	104.0000	66.1667	18.7174
482.0000	44.0000	0.6755	30.0599
482.0000	104.0000	66.1667	18.7174
483.0000	44.0000	0.6755	30.0599
483.0000	104.0000	66.1667	18.7174
484.0000	44.0000	0.6755	30.0599
484.0000	104.0000	66.1667	18.7174
485.0000	44.0000	0.6755	30.0599
485.0000	104.0000	66.1667	18.7174
486.0000	44.0000	0.6755	30.0599
486.0000	104.0000	66.1667	18.7174
487.0000	44.0000	0.6755	30.0599
487.0000	104.0000	66.1667	18.7174
488.0000	44.0000	0.6755	30.0599
488.0000	104.0000	66.1667	18.7174
489.0000	44.0000	0.6755	30.0599
489.0000	104.0000	66.1667	18.7174
490.0000	44.0000	0.6755	30.0599
490.0000	104.0000	66.1667	18.7174
491.0000	44.0000	0.6755	30.0599
491.0000	104.0000	66.1667	18.7174
492.0000	44.0000	0.6755	30.0599
492.0000	104.0000	66.1667	18.7174
493.0000	44.0000	0.6755	30.0599
493.0000	104.0000	66.1667	18.7174
494.0000	44.0000	0.6755	30.0599
494.0000	104.0000	66.1667	18.7174
495.0000	44.0000	0.6755	30.0599
495.0000	104.0000	66.1667	18.7174
496.0000	44.0000	0.6755	30.0599
496.0000	104.0000	66.1667	18.7174
497.0000	44.0000	0.6755	30.0599
497.0000	104.0000	66.1667	18.7174
498.0000	44.0000	0.6755	30.0599
498.0000	104.0000	66.1667	18.7174
499.0000	44.0000	0.6755	30.0599
499.0000	104.0000	66.1667	18.7174
500.0000	44.0000	0.6755	30.0599
500.0000	104.0000	66.1667	18.7174
501.0000	44.0000	0.6755	30.0599
501.0000	104.0000	66.1667	18.7174
502.0000	44.0000	0.6755	30.0599
502.0000	104.0000	66.1667	18.7174
503.0000	44.0000	0.6755	30.0599
503.0000	104.0000	66.1667	18.7174
504.0000	44.0000	0.6755	30.0599
504.0000	104.0000	66.1667	18.7174
505.0000	44.0000	0.6755	30.0599
505.0000	104.0000	66.1667	18.7174
506.0000	44.0000	0.6755	30.0599
506.0000	104.0000	66.1667	18.7174
507.0000	44.0000	0.6755	30.0599
507.0000	104.0000	66.1667	18.7174
508.0000	44.0000	0.6755	30.0599
508.0000	104.0000	66.1667	18.7174
509.0000	44.0000	0.6755	30.0599
509.0000	104.0000	66.1667	18.7174
510.0000	44.0000	0.6755	30.0599
510.0000	104.0000	66.1667	18.7174
511.0000	44.0000	0.6755	30.0599
511.0000	104.0000	66.1667	18.7174
512.0000	44.0000	0.6755	30.0599
512.0000	104.0000	66.1667	18.7174
513.0000	44.0000	0.6755	30.0599
513.0000	104.0000	66.1667	18.7174
514.0000	44.0000	0.6755	30.0599
514.0000	104.0000	66.1667	18.7174
515.0000	44.0000	0.6755	30.0599
515.0000	104.0000	66.1667	18.7174
516.0000	44.0000	0.6755	30.0599
516.0000	104.0000	66.1667	18.7174
517.0000	44.0000	0.6755	30.0599
517.0000	104.0000	66.1667	18.7174
518.0000	44.0000	0.6755	30.0599
518.0000	104.0000	66.1667	18.7174
519.0000	44.0000	0.6755	30.0599
519.0000	104.0000	66.1667	18.7174
520.0000	44.0000	0.6755	30.0599
520.0000	104.0000	66.1667	18.7174
521.0000	44.0000	0.6755	30.0599
521.0000	104.0000	66.1667	18.7174
522.0000	44.0000	0.6755	30.0599
522.0000	104.0000	66.1667	18.7174
523.0000	44.0000	0.6755	30.0599
523.0000	104.0000	66.1667	18.7174
524.0000	44.0000	0.6755	30.0599
524.0000	104.0000	66.1667	18.7174
525.0000	44.0000	0.6755	30.0599
525.0000	104.0000	66.1667	18.7174
526.0000	44.0000	0.6755	30.0599
526.0000	104.0000	66.1667	18.7174
527.0000	44.0000	0.6755	30.0599
527.0000	104.0000	66.1667	18.7174
528.0000	44.0000	0.6755	30.0599
528.0000	104.0000	66.1667	18.7174
529.0000	44.0000	0.6755	30.0599
529.0000	104.0000	66.1667	18.7174
530.0000	44.0000	0.6755	30.0599
530.0000	104.0000	66.1667	18.7174
531.0000	44.0000	0.6755	30.0599
531.0000	104.0000	66.1667	18.7174
532.0000	44.0000	0.6755	30.0599
532.0000	104.0000	66.1667	18.7174
533.0000	44.0000	0.6755	30.0599
533.0000	104.0000	66.1667	18.7174
534.0000	44.0000	0.6755	30.0599
534.0000	104.0000	66.1667	18.7174
535.0000	44.0000	0.6755	30.0599
535.0000	104.0000	66.1667	18.7174
536.0000	44.0000	0.6755	30.0599
536.0000	104.0000	66.1667	18.7174
537.0000	44.0000	0.6755	30.0599
537.0000	104.0000	66.1667	18.7174
538.0000	44.0000	0.6755	30.0599
538.0000	104.0000	66.1667	18.7174
539.0000	44.0000	0.6755	30.0599
539.0000	104.0000	66.1667	18.7174
540.0000	44.0000	0.6755	30.0599
540.0000	104.0000	66.1667	18.7174
541.0000	44.0000	0.6755	30.0599
541.0000	104.0000	66.1667	18.7174
542.0000	44.0000	0.6755	30.0599
542.0000	104.0000	66.1667	18.7174
543.0000	44.0000	0.6755	30.0599
543.0000	104.0000	66.1667	18.7174
544.0000	44.0000	0.6755	30.0599
544.0000	104.0000	66.1667	18.7174
545.0000	44.0000	0.6755	30.0599
545.0000	104.0000	66.1667	18.7174
546.0000	44.0000	0.6755	30.0599
546.0000	104.0000	66.1667	18.7174
547.0000	44.0000	0.6755	30.0599
547.0000	104.0000	66.1667	18.7174
548.0000	44.0000	0.6755	30.0599
548.0000	104.0000	66.1667	18.7174
549.0000	44.0000	0.6755	30.0599
549.0000	104.0000	66.1667	18.7174
550.0000	44.0000	0.6755	30.0599
550.0000	104.0000	66.1667	18.7174
551.0000	44.0000	0.6755	30.0599
551.0000	104.0000	66.1667	18.7174
552.0000	44.0000	0.6755	30.0599
552.0000	104.0000	66.1667	18.7174
553.0000	44.0000	0.6755	30.0599
553.0000	104.0000	66.1667	18.7174
554.0000	44.0000	0.6755	30.0599
554.0000	104.0000	66.1667	18.7174
555.0000	44.0000	0.6755	30.0599
555.0000	104.0000	66.1667	18.7174
556.0000	44.0000	0.6755	30.0599
556.0000	104.0000	66.1667	18.7174
557.0000	44.0000	0.6755	30.0599
557.0000	104.0000	66.1667	18.7174
558.0000	44.0000	0.6755	30.0599
558.0000	104.0000	66.1667	18.7174
559.0000	44.0000	0.6755	30.0599
559.0000	104.0000	66.1667	18.7174
560.0000	44.0000	0.6755	30.0599
560.0000	104.0000	66.1667	18.7174
561.0000	44.0000	0.6755	30.0599
561.0000	104.0000	66.1667	18.7174
562.0000	44.0000	0.6755	30.0599
562.0000	104.0000	66.1667	18.7174
563.0000	44.0000	0.6755	30.0599
563.0000	104.0000	66.1667	18.7174
564.0000	44.0000	0.6755	30.0599
564.0000	104.0000	66.1667	18.7173
565.0000	44.0000	0.6755	30.0599
565.0000	104.0000	66.1668	18.7190
566.0000	44.0000	0.6755	30.0599
566.0000	104.0000	66.1668	18.7200
567.0000	44.0000	0.6755	30.0599
567.0000	104.0000	66.1668	18.7200
568.0000	44.0000	0.6755	30.0599
568.0000	104.0000	66.1668	18.7200
569.0000	44.0000	0.6755	30.0599
569.0000	104.0000	66.1668	18.7234
570.0000	44.0000	0.6755	30.0599
570.0000	104.0000	66.1668	18.7244
571.0000	44.0000	0.6755	30.0599
571.0000	104.0000	66.1668	18.7244
572.0000	44.0000	0.6755	30.0599
572.0000	104.0000	66.1668	18.7245
573.0000	44.0000	0.6755	30.0599
573.0000	104.0000	66.1668	18.7245
574.0000	44.0000	0.6755	30.0599
574.0000	104.0000	66.1668	18.7245
575.0000	44.0000	0.6755	30.0599
575.0000	104.0000	66.1668	18.7245
576.0000	44.0000	0.6755	30.0599
576.0000	104.0000	66.1668	18.7245
577.0000	44.0000	0.6755	30.0599
577.0000	104.0000	66.1668	18.7245
578.0000	44.0000	0.6755	30.0599
578.0000	104.0000	66.1668	18.7245
579.0000	44.0000	0.6755	30.0599
579.0000	104.0000	66.1668	18.7245
580.0000	44.0000	0.6755	30.0599
580.0000	104.0000	66.1668	18.7245
581.0000	44.0000	0.6755	30.0599
581.0000	104.0000	66.1668	18.7245
582.0000	44.0000	0.6755	30.0599
582.0000	104.0000	66.1668	18.7245
583.0000	44.0000	0.6755	30.0599
583.0000	104.0000	66.1668	18.7245
584.0000	44.0000	0.6755	30.0599
584.0000	104.0000	66.1668	18.7245
585.0000	44.0000	0.6755	30.0599
585.0000	104.0000	66.1668	18.7245
586.0000	44.0000	0.6755	30.0599
586.0000	104.0000	66.1668	18.7245
587.0000	44.0000	0.6755	30.0599
587.0000	104.0000	66.1668	18.7245
588.0000	44.0000	0.6755	30.0599
588.0000	104.0000	66.1668	18.7245
589.0000	44.0000	0.6755	30.0599
589.0000	104.0000	66.1668	18.7245
590.0000	44.0000	0.6755	30.0599
590.0000	104.0000	66.1668	18.7245
591.0000	44.0000	0.6755	30.0599
591.0000	104.0000	66.1668	18.7245
592.0000	44.0000	0.6755	30.0599
592.0000	104.0000	66.1668	18.7245
593.0000	44.0000	0.6755	30.0599
593.0000	104.0000	66.1668	18.7245
594.0000	44.0000	0.6755	30.0599
594.0000	104.0000	66.1668	18.7245
595.0000	44.0000	0.6755	30.0599
595.0000	104.0000	66.1668	18.7245
596.0000	44.0000	0.6755	30.0599
596.0000	104.0000	66.1668	18.7245
597.0000	44.0000	0.6755	30.0599
597.0000	104.0000	66.1668	18.7245
598.0000	44.0000	0.6755	30.0599
598.0000	104.0000	66.1668	18.7245
599.0000	44.0000	0.6755	30.0599
599.0000	104.0000	66.1668	18.7245
600.0000	44.0000	0.6755	30.0599
600.0000	104.0000	66.1668	18.7245
601.0000	44.0000	0.6755	30.0599
601.0000	104.0000	66.1668	18.7245
602.0000	44.0000	0.6755	30.0599
602.0000	104.0000	66.1668	18.7245
603.0000	44.0000	0.6755	30.0599
603.0000	104.0000	66.1668	18.7245
604.0000	44.0000	0.6755	30.0599
604.0000	104.0000	66.1668	18.7245
605.0000	44.0000	0.6755	30.0599
605.0000	104.0000	66.1668	18.7245
606.0000	44.0000	0.6755	30.0599
606.0000	104.0000	66.1668	18.7245
607.0000	44.0000	0.6755	30.0599
607.0000	104.0000	66.1668	18.7245
608.0000	44.0000	0.6755	30.0599
608.0000	104.0000	66.1668	18.7245
609.0000	44.0000	0.6755	30.0599
609.0000	104.0000	66.1668	18.7245
610.0000	44.0000	0.6755	30.0599
610.0000	104.0000	66.1668	18.7245
611.0000	44.0000	0.6755	30.0599
611.0000	104.0000	66.1668	18.7245
612.0000	44.0000	0.6755	30.0599
612.0000	104.0000	66.1668	18.7245
613.0000	44.0000	0.6755	30.0599
613.0000	104.0000	66.1668	18.7245
614.0000	44.0000	0.6755	30.0599
614.0000	104.0000	66.1668	18.7245
615.0000	44.0000	0.6755	30.0599
615.0000	104.0000	66.1668	18.7245
616.0000	44.0000	0.6755	30.0599
616.0000	104.0000	66.1668	18.7245
617.0000	44.0000	0.6755	30.0599
617.0000	104.0000	66.1668	18.7245
618.0000	44.0000	0.6755	30.0599
618.0000	104.0000	66.1668	18.7245
619.0000	44.0000	0.6755	30.0599
619.0000	104.0000	66.1668	18.7245
620.0000	44.0000	0.6755	30.0599
620.0000	104.0000	66.1668	18.7245
621.0000	44.0000	0.6755	30.0599
621.0000	104.0000	66.1668	18.7245
622.0000	44.0000	0.6755	30.0599
622.0000	104.0000	66.1668	18.7245
623.0000	44.0000	0.6755	30.0599
623.0000	104.0000	66.1668	18.7245
624.0000	44.0000	0.6755	30.0599
624.0000	104.0000	66.1668	18.7245
625.0000	44.0000	0.6755	30.0599
625.0000	104.0000	66.1668	18.7245
626.0000	44.0000	0.6755	30.0599
626.0000	104.0000	66.1668	18.7245
627.0000	44.0000	0.6755	30.0599
627.0000	104.0000	66.1668	18.7245
628.0000	44.0000	0.6755	30.0599
628.0000	104.0000	66.1668	18.7245
629.0000	44.0000	0.6755	30.0599
629.0000	104.0000	66.1668	18.7245
630.0000	44.0000	0.6755	30.0599
630.0000	104.0000	66.1668	18.7245
631.0000	44.0000	0.6755	30.0599
631.0000	104.0000	66.1668	18.7245
632.0000	44.0000	0.6755	30.0599
632.0000	104.0000	66.1668	18.7245
633.0000	44.0000	0.6755	30.0599
633.0000	104.0000	66.1668	18.7245
634.0000	44.0000	0.6755	30.0599
634.0000	104.0000	66.1668	18.7245
635.0000	44.0000	0.6755	30.0599
635.0000	104.0000	66.1668	18.7245
636.0000	44.0000	0.6755	30.0599
636.0000	104.0000	66.1668	18.7245
637.0000	44.0000	0.6755	30.0599
637.0000	104.0000	66.1668	18.7245
638.0000	44.0000	0.6755	30.0599
638.0000	104.0000	66.1668	18.7245
639.0000	44.0000	0.6755	30.0599
639.0000	104.0000	66.1668	18.7245
640.0000	44.0000	0.6755	30.0599
640.0000	104.0000	66.1668	18.7245
641.0000	44.0000	0.6755	30.0599
641.0000	104.0000	66.1668	18.7245
642.0000	44.0000	0.6755	30.0599
642.0000	104.0000	66.1668	18.7245
643.0000	44.0000	0.6755	30.0599
643.0000	104.0000	66.1668	18.7245
644.0000	44.0000	0.6755	30.0599
644.0000	104.0000	66.1668	18.7245
645.0000	44.0000	0.6755	30.0599
645.0000	104.0000	66.1668	18.7245
646.0000	44.0000	0.6755	30.0599
646.0000	104.0000	66.1668	18.7245
647.0000	44.0000	0.6755	30.0599
647.0000	104.0000	66.1668	18.7245
648.0000	44.0000	0.6755	30.0599
648.0000	104.0000	66.1668	18.7245
649.0000	44.0000	0.6755	30.0599
649.0000	104.0000	66.1668	18.7245
650.0000	44.0000	0.6755	30.0599
650.0000	104.0000	66.1668	18.7245
651.0000	44.0000	0.6755	30.0599
651.0000	104.0000	66.1668	18.7245
652.0000	44.0000	0.6755	30.0599
652.0000	104.0000	66.1668	18.7245
653.0000	44.0000	0.6755	30.0599
653.0000	104.0000	66.1668	18.7245
654.0000	44.0000	0.6755	30.0599
654.0000	104.0000	66.1668	18.7245
655.0000	44.0000	0.6755	30.0599
655.0000	104.0000	66.1668	18.7245
656.0000	44.0000	0.6755	30.0599
656.0000	104.0000	66.1668	18.7245
657.0000	44.0000	0.6755	30.0599
657.0000	104.0000	66.1668	18.7245
658.0000	44.0000	0.6755	30.0599
658.0000	104.0000	66.1668	18.7245
659.0000	44.0000	0.6755	30.0599
659.0000	104.0000	66.1668	18.7245
660.0000	44.0000	0.6755	30.0599
660.0000	104.0000	66.1668	18.7245
661.0000	44.0000	0.6755	30.0599
661.0000	104.0000	66.1668	18.7245
662.0000	44.0000	0.6755	30.0599
662.0000	104.0000	66.1668	18.7245
663.0000	44.0000	0.6755	30.0599
663.0000	104.0000	66.1668	18.7245
664.0000	44.0000	0.6755	30.0599
664.0000	104.0000	66.1668	18.7245
665.0000	44.0000	0.6755	30.0599
665.0000	104.0000	66.1668	18.7245
666.0000	44.0000	0.6755	30.0599
666.0000	104.0000	66.1668	18.7245
667.0000	44.0000	0.6755	30.0599
667.0000	104.0000	66.1668	18.7245
668.0000	44.0000	0.6755	30.0599
668.0000	104.0000	66.1668	18.7245
669.0000	44.0000	0.6755	30.0599
669.0000	104.0000	66.1668	18.7245
670.0000	44.0000	0.6755	30.0599
670.0000	104.0000	66.1668	18.7245
671.0000	44.0000	0.6755	30.0599
671.0000	104.0000	66.1668	18.7245
672.0000	44.0000	0.6755	30.0599
672.0000	104.0000	66.1668	18.7245
673.0000	44.0000	0.6755	30.0599
673.0000	104.0000	66.1668	18.7245
674.0000	44.0000	0.6755	30.0599
674.0000	104.0000	66.1668	18.7245
675.0000	44.0000	0.6755	30.0599
675.0000	104.0000	66.1668	18.7245
676.0000	44.0000	0.6755	30.0599
676.0000	104.0000	66.1668	18.7245
677.0000	44.0000	0.6755	30.0599
677.0000	104.0000	66.1668	18.7245
678.0000	44.0000	0.6755	30.0599
678.0000	104.0000	66.1668	18.7245
679.0000	44.0000	0.6755	30.0599
679.0000	104.0000	66.1668	18.7245
680.0000	44.0000	0.6755	30.0599
680.0000	104.0000	66.1668	18.7245
681.0000	44.0000	0.6755	30.0599
681.0000	104.0000	66.1668	18.7245
682.0000	44.0000	0.6755	30.0599
682.0000	104.0000	66.1668	18.7245
683.0000	44.0000	0.6755	30.0599
683.0000	104.0000	66.1668	18.7245
684.0000	44.0000	0.6755	30.0599
684.0000	104.0000	66.1668	18.7245
685.0000	44.0000	0.6755	30.0599
685.0000	104.0000	66.1668	18.7245
686.0000	44.0000	0.6755	30.0599
686.0000	104.0000	66.1668	18.7245
687.0000	44.0000	0.6755	30.0599
687.0000	104.0000	66.1668	18.7245
688.0000	44.0000	0.6755	30.0599
688.0000	104.0000	66.1668	18.7245
689.0000	44.0000	0.6755	30.0599
689.0000	104.0000	66.1668	18.7245
690.0000	44.0000	0.6755	30.0599
690.0000	104.0000	66.1668	18.7245
691.0000	44.0000	0.6755	30.0599
691.0000	104.0000	66.1668	18.7245
692.0000	44.0000	0.6755	30.0599
692.0000	104.0000	66.1668	18.7245
693.0000	44.0000	0.6755	30.0599
693.0000	104.0000	66.1668	18.7245
694.0000	44.0000	0.6755	30.0599
694.0000	104.0000	66.1668	18.7245
695.0000	44.0000	0.6755	30.0599
695.0000	104.0000	66.1668	18.7245
696.0000	44.0000	0.6755	30.0599
696.0000	104.0000	66.1668	18.7245
697.0000	44.0000	0.6755	30.0599
697.0000	104.0000	66.1668	18.7245
698.0000	44.0000	0.6755	30.0599
698.0000	104.0000	66.1668	18.7245
699.0000	44.0000	0.6755	30.0599
699.0000	104.0000	66.1668	18.7245
700.0000	44.0000	0.6755	30.0599
700.0000	104.0000	66.1668	18.7245
701.0000	44.0000	0.6755	30.0599
701.0000	104.0000	66.1668	18.7245
702.0000	44.0000	0.6755	30.0599
702.0000	104.0000	66.1668	18.7245
703.0000	44.0000	0.6755	30.0599
703.0000	104.0000	66.1668	18.7245
704.0000	44.0000	0.6755	30.0599
704.0000	104.0000	66.1668	18.7245
705.0000	44.0000	0.6755	30.0599
705.0000	104.0000	66.1668	18.7245
706.0000	44.0000	0.6755	30.0599
706.0000	104.0000	66.1668	18.7245
707.0000	44.0000	0.6755	30.0599
707.0000	104.0000	66.1668	18.7245
708.0000	44.0000	0.6755	30.0599
708.0000	104.0000	66.1668	18.7245
709.0000	44.0000	0.6755	30.0599
709.0000	104.0000	66.1668	18.7245
710.0000	44.0000	0.6755	30.0599
710.0000	104.0000	66.1668	18.7245
711.0000	44.0000	0.6755	30.0599
711.0000	104.0000	66.1668	18.7245
712.0000	44.0000	0.6755	30.0599
712.0000	104.0000	66.1668	18.7245
713.0000	44.0000	0.6755	30.0599
713.0000	104.0000	66.1668	18.7245
714.0000	44.0000	0.6755	30.0599
714.0000	104.0000	66.1668	18.7245
715.0000	44.0000	0.6755	30.0599
715.0000	104.0000	66.1668	18.7245
716.0000	44.0000	0.6755	30.0599
716.0000	104.0000	66.1668	18.7245
717.0000	44.0000	0.6755	30.0599
717.0000	104.0000	66.1668	18.7245
718.0000	44.0000	0.6755	30.0599
718.0000	104.0000	66.1668	18.7245
719.0000	44.0000	0.6755	30.0599
719.0000	104.0000	66.1668	18.7245
720.0000	44.0000	0.6755	30.0599
720.0000	104.0000	66.1668	18.7245
721.0000	44.0000	0.6755	30.0599
721.0000	104.0000	66.1668	18.7245
722.0000	44.0000	0.6755	30.0599
722.0000	104.0000	66.1668	18.7245
723.0000	44.0000	0.6755	30.0599
723.0000	104.0000	66.1668	18.7245
724.0000	44.0000	0.6755	30.0599
724.0000	104.0000	66.1668	18.7245
725.0000	44.0000	0.6755	30.0599
725.0000	104.0000	66.1668	18.7245
726.0000	44.0000	0.6755	30.0599
726.0000	104.0000	66.1668	18.7245
727.0000	44.0000	0.6755	30.0599
727.0000	104.0000	66.1668	18.7245
728.0000	44.0000	0.6755	30.0599
728.0000	104.0000	66.1668	18.7245
729.0000	44.0000	0.6755	30.0599
729.0000	104.0000	66.1668	18.7245
730.0000	44.0000	0.6755	30.0599
730.0000	104.0000	66.1668	18.7245
731.0000	44.0000	0.6755	30.0599
731.0000	104.0000	66.1668	18.7245
732.0000	44.0000	0.6755	30.0599
732.0000	104.0000	66.1668	18.7245
733.0000	44.0000	0.6755	30.0599
733.0000	104.0000	66.1668	18.7245
734.0000	44.0000	0.6755	30.0599
734.0000	104.0000	66.1668	18.7245
735.0000	44.0000	0.6755	30.0599
735.0000	104.0000	66.1668	18.7245
736.0000	44.0000	0.6755	30.0599
736.0000	104.0000	66.1668	18.7245
737.0000	44.0000	0.6755	30.0599
737.0000	104.0000	66.1668	18.7245
738.0000	44.0000	0.6755	30.0599
738.0000	104.0000	66.1668	18.7245
739.0000	44.0000	0.6755	30.0599
739.0000	104.0000	66.1668	18.7245
740.0000	44.0000	0.6755	30.0599
740.0000	104.0000	66.1668	18.7245
741.0000	44.0000	0.6755	30.0599
741.0000	104.0000	66.1668	18.7245
742.0000	44.0000	0.6755	30.0599
742.0000	104.0000	66.1668	18.7245
743.0000	44.0000	0.6755	30.0599
743.0000	104.0000	66.1668	18.7245
744.0000	44.0000	0.6755	30.0599
744.0000	104.0000	66.1668	18.7245
745.0000	44.0000	0.6755	30.0599
745.0000	104.0000	66.1668	18.7245
746.0000	44.0000	0.6755	30.0599
746.0000	104.0000	66.1668	18.7245
747.0000	44.0000	0.6755	30.0599
747.0000	104.0000	66.1668	18.7245
748.0000	44.0000	0.6755	30.0599
748.0000	104.0000	66.1668	18.7245
749.0000	44.0000	0.6755	30.0599
749.0000	104.0000	66.1668	18.7245
750.0000	44.0000	0.6755	30.0599
750.0000	104.0000	66.1668	18.7245
751.0000	44.0000	0.6755	30.0599
751.0000	104.0000	66.1668	18.7245
752.0000	44.0000	0.6755	30.0599
752.0000	104.0000	66.1668	18.7245
753.0000	44.0000	0.6755	30.0599
753.0000	104.0000	66.1668	18.7245
754.0000	44.0000	0.6755	30.0599
754.0000	104.0000	66.1668	18.7245
755.0000	44.0000	0.6755	30.0599
755.0000	104.0000	66.1668	18.7245
756.0000	44.0000	0.6755	30.0599
756.0000	104.0000	66.1668	18.7245
757.0000	44.0000	0.6755	30.0599
757.0000	104.0000	66.1668	18.7245
758.0000	44.0000	0.6755	30.0599
758.0000	104.0000	66.1668	18.7245
759.0000	44.0000	0.6755	30.0599
759.0000	104.0000	66.1668	18.7245
760.0000	44.0000	0.6755	30.0599
760.0000	104.0000	66.1668	18.7245
761.0000	44.0000	0.6755	30.0599
761.0000	104.0000	66.1668	18.7245
762.0000	44.0000	0.6755	30.0599
762.0000	104.0000	66.1668	18.7245
763.0000	44.0000	0.6755	30.0599
763.0000	104.0000	66.1668	18.7245
764.0000	44.0000	0.6755	30.0599
764.0000	104.0000	66.1668	18.7245
765.0000	44.0000	0.6755	30.0599
765.0000	104.0000	66.1668	18.7245
766.0000	44.0000	0.6755	30.0599
766.0000	104.0000	66.1668	18.7245
767.0000	44.0000	0.6755	30.0599
767.0000	104.0000	66.1668	18.7245
768.0000	44.0000	0.6755	30.0599
768.0000	104.0000	66.1668	18.7245
769.0000	44.0000	0.6755	30.0599
769.0000	104.0000	66.1668	18.7245
770.0000	44.0000	0.6755	30.0599
770.0000	104.0000	66.1668	18.7245
771.0000	44.0000	0.6755	30.0599
771.0000	104.0000	66.1668	18.7245
772.0000	44.0000	0.6755	30.0599
772.0000	104.0000	66.1668	18.7245
773.0000	44.0000	0.6755	30.0599
773.0000	104.0000	66.1668	18.7245
774.0000	44.0000	0.6755	30.0599
774.0000	104.0000	66.1668	18.7245
775.0000	44.0000	0.6755	30.0599
775.0000	104.0000	66.1668	18.7245
776.0000	44.0000	0.6755	30.0599
776.0000	104.0000	66.1668	18.7245
777.0000	44.0000	0.6755	30.0599
777.0000	104.0000	66.1668	18.7245
778.0000	44.0000	0.6755	30.0599
778.0000	104.0000	66.1668	18.7245
779.0000	44.0000	0.6755	30.0599
779.0000	104.0000	66.1668	18.7245
780.0000	44.0000	0.6755	30.0599
780.0000	104.0000	66.1668	18.7245
781.0000	44.0000	0.6755	30.0599
781.0000	104.0000	66.1668	18.7245
782.0000	44.0000	0.6755	30.0599
782.0000	104.0000	66.1668	18.7245
783.0000	44.0000	0.6755	30.0599
783.0000	104.0000	66.1668	18.7245
784.0000	44.0000	0.6755	30.0599
784.0000	104.0000	66.1668	18.7245
785.0000	44.0000	0.6755	30.0599
785.0000	104.0000	66.1668	18.7245
786.0000	44.0000	0.6755	30.0599
786.0000	104.0000	66.1668	18.7245
787.0000	44.0000	0.6755	30.0599
787.0000	104.0000	66.1668	18.7245
788.0000	44.0000	0.6755	30.0599
788.0000	104.0000	66.1668	18.7245
789.0000	44.0000	0.6755	30.0599
789.0000	104.0000	66.1668	18.7245
790.0000	44.0000	0.6755	30.0599
790.0000	104.0000	66.1668	18.7245
791.0000	44.0000	0.6755	30.0599
791.0000	104.0000	66.1668	18.7245
792.0000	44.0000	0.6755	30.0599
792.0000	104.0000	66.1668	18.7245
793.0000	44.0000	0.6755	30.0599
793.0000	104.0000	66.1668	18.7245
794.0000	44.0000	0.6755	30.0599
794.0000	104.0000	66.1668	18.7245
795.0000	44.0000	0.6755	30.0599
795.0000	104.0000	66.1668	18.7245
796.0000	44.0000	0.6755	30.0599
796.0000	104.0000	66.1668	18.7245
797.0000	44.0000	0.6755	30.0599
797.0000	104.0000	66.1668	18.7245
798.0000	44.0000	0.6755	30.0599
798.0000	104.0000	66.1668	18.7245
799.0000	44.0000	0.6755	30.0598
799.0000	104.0000	66.1668	18.7245
800.0000	44.0000	0.6755	30.0615
800.0000	104.0000	66.1668	18.7245
801.0000	44.0000	0.6758	30.0673
801.0000	104.0000	66.1668	18.7245
802.0000	44.0000	0.6762	30.0819
802.0000	104.0000	66.1668	18.7245
803.0000	44.0000	0.6763	30.1029
803.0000	104.0000	66.1668	18.7245
804.0000	44.0000	0.6767	30.1329
804.0000	104.0000	66.1668	18.7245
805.0000	44.0000	0.6773	30.1700
805.0000	104.0000	66.1668	18.7245
806.0000	44.0000	0.6781	30.2143
806.0000	104.0000	66.1668	18.7245
807.0000	44.0000	0.6789	30.2653
807.0000	104.0000	66.1668	18.7245
808.0000	44.0000	0.6799	30.3229
808.0000	104.0000	66.1668	18.7245
809.0000	44.0000	0.6808	30.3868
809.0000	104.0000	66.1668	18.7245
810.0000	44.0000	0.6818	30.4567
810.0000	104.0000	66.1668	18.7245
811.0000	44.0000	0.6830	30.5305
811.0000	104.0000	66.1668	18.7245
812.0000	44.0000	0.6842	30.6102
812.0000	104.0000	66.1668	18.7245
813.0000	44.0000	0.6856	30.6960
813.0000	104.0000	66.1668	18.7245
814.0000	44.0000	0.6870	30.7876
814.0000	104.0000	66.1668	18.7245
815.0000	44.0000	0.6885	30.8849
815.0000	104.0000	66.1668	18.7245
816.0000	44.0000	0.6901	30.9879
816.0000	104.0000	66.1668	18.7245
817.0000	44.0000	0.6918	31.0963
817.0000	104.0000	66.1668	18.7245
818.0000	44.0000	0.6936	31.2102
818.0000	104.0000	66.1668	18.7245
819.0000	44.0000	0.6954	31.3292
819.0000	104.0000	66.1668	18.7245
820.0000	44.0000	0.6974	31.4535
820.0000	104.0000	66.1668	18.7245
821.0000	44.0000	0.6995	31.5827
821.0000	104.0000	66.1668	18.7245
822.0000	44.0000	0.7016	31.7169
822.0000	104.0000	66.1668	18.7245
823.0000	44.0000	0.7039	31.8560
823.0000	104.0000	66.1668	18.7245
824.0000	44.0000	0.7062	31.9998
824.0000	104.0000	66.1668	18.7245
825.0000	44.0000	0.7085	32.1482
825.0000	104.0000	66.1668	18.7245
826.0000	44.0000	0.7109	32.3012
826.0000	104.0000	66.1668	18.7245
827.0000	44.0000	0.7133	32.4583
827.0000	104.0000	66.1668	18.7245
828.0000	44.0000	0.7158	32.6166
828.0000	104.0000	66.1668	18.7245
829.0000	44.0000	0.7186	32.7919
829.0000	104.0000	66.1668	18.7245
830.0000	44.0000	0.7215	32.9734
830.0000	104.0000	66.1668	18.7245
831.0000	44.0000	0.7246	33.1596
831.0000	104.0000	66.1668	18.7245
832.0000	44.0000	0.7277	33.3508
832.0000	104.0000	66.1668	18.7245
833.0000	44.0000	0.7310	33.5466
833.0000	104.0000	66.1668	18.7245
834.0000	44.0000	0.7343	33.7472
834.0000	104.0000	66.1668	18.7245
835.0000	44.0000	0.7377	33.9516
835.0000	104.0000	66.1668	18.7245
836.0000	44.0000	0.7412	34.1578
836.0000	104.0000	66.1668	18.7245
837.0000	44.0000	0.7449	34.3803
837.0000	104.0000	66.1668	18.7245
838.0000	44.0000	0.7486	34.6090
838.0000	104.0000	66.1668	18.7245
839.0000	44.0000	0.7527	34.8426
839.0000	104.0000	66.1668	18.7245
840.0000	44.0000	0.7568	35.0811
840.0000	104.0000	66.1668	18.7245
841.0000	44.0000	0.7610	35.3244
841.0000	104.0000	66.1668	18.7245
842.0000	44.0000	0.7653	35.5724
842.0000	104.0000	66.1668	18.7245
843.0000	44.0000	0.7697	35.8249
843.0000	104.0000	66.1668	18.7245
844.0000	44.0000	0.7742	36.0819
844.0000	104.0000	66.1668	18.7245
845.0000	44.0000	0.7787	36.3393
845.0000	104.0000	66.1668	18.7245
846.0000	44.0000	0.7834	36.6085
846.0000	104.0000	66.1668	18.7245
847.0000	44.0000	0.7883	36.8867
847.0000	104.0000	66.1668	18.7245
848.0000	44.0000	0.7934	37.1699
848.0000	104.0000	66.1668	18.7245
849.0000	44.0000	0.7985	37.4578
849.0000	104.0000	66.1668	18.7245
850.0000	44.0000	0.8023	37.6683
850.0000	104.0000	66.1668	18.7245
851.0000	44.0000	0.8025	37.6771
851.0000	104.0000	66.1668	18.7245
852.0000	44.0000	0.8041	37.7643
852.0000	104.0000	66.1668	18.7245
853.0000	44.0000	0.8069	37.9217
853.0000	104.0000	66.1668	18.7245
854.0000	44.0000	0.8099	38.0835
854.0000	104.0000	66.1668	18.7246
855.0000	44.0000	0.8163	38.2481
855.0000	104.0000	66.1686	18.7163
856.0000	44.0000	0.8102	38.4060
856.0000	104.0000	66.1637	18.7183
857.0000	44.0000	0.7850	38.5327
857.0000	104.0000	66.1487	18.7314
858.0000	44.0000	0.7926	38.6341
858.0000	104.0000	66.1505	18.6673
859.0000	44.0000	0.8048	38.7216
859.0000	104.0000	66.1544	18.5760
860.0000	44.0000	0.8033	38.8470
860.0000	104.0000	66.1515	18.5408
861.0000	44.0000	0.8113	38.9535
861.0000	104.0000	66.1532	18.4684
862.0000	44.0000	0.8099	39.0213
862.0000	104.0000	66.1501	18.3837
863.0000	44.0000	0.8082	39.0621
863.0000	104.0000	66.1465	18.2799
864.0000	44.0000	0.8049	39.1712
864.0000	104.0000	66.1429	18.2440
865.0000	44.0000	0.8080	39.3277
865.0000	104.0000	66.1430	18.2433
866.0000	44.0000	0.8342	39.4732
866.0000	104.0000	66.1543	18.1928
867.0000	44.0000	0.8507	39.5244
867.0000	104.0000	66.1612	18.1349
868.0000	44.0000	0.8330	39.4677
868.0000	104.0000	66.1518	18.0981
869.0000	44.0000	0.8296	39.3692
869.0000	104.0000	66.1489	17.9983
870.0000	44.0000	0.8248	39.2479
870.0000	104.0000	66.1450	17.8781
871.0000	23.0000	67.4601	42.9686
871.0000	44.0000	0.8205	39.1623
871.0000	104.0000	66.1418	17.7949
872.0000	23.0000	67.4601	42.9620
872.0000	44.0000	0.8204	39.1565
872.0000	104.0000	66.1416	17.7883
873.0000	23.0000	67.4502	42.9634
873.0000	44.0000	0.8114	39.1441
873.0000	104.0000	66.1371	17.7894
874.0000	23.0000	67.4500	42.9266
874.0000	44.0000	0.8111	39.1081
874.0000	104.0000	66.1366	17.7527
875.0000	23.0000	67.4474	42.8583
875.0000	44.0000	0.8086	39.0385
875.0000	104.0000	66.1346	17.6845
876.0000	23.0000	67.4501	42.7541
876.0000	44.0000	0.8109	38.9417
876.0000	104.0000	66.1345	17.5805
877.0000	23.0000	67.4496	42.7258
877.0000	44.0000	0.8103	38.9135
877.0000	104.0000	66.1338	17.5519
878.0000	23.0000	67.4496	42.7257
878.0000	44.0000	0.8104	38.9135
878.0000	104.0000	66.1338	17.5518
879.0000	23.0000	67.4509	42.7161
879.0000	44.0000	0.8116	38.9061
879.0000	104.0000	66.1343	17.5423
880.0000	23.0000	67.4505	42.6878
880.0000	44.0000	0.8111	38.8781
880.0000	104.0000	66.1338	17.5141
881.0000	23.0000	67.4673	42.6490
881.0000	44.0000	0.8264	38.8645
881.0000	104.0000	66.1411	17.4758
882.0000	23.0000	67.4671	42.6475
882.0000	44.0000	0.8263	38.8628
882.0000	104.0000	66.1409	17.4743
883.0000	23.0000	67.4884	42.6008
883.0000	44.0000	0.8458	38.8479
883.0000	104.0000	66.1502	17.4282
884.0000	23.0000	67.5077	42.5362
884.0000	44.0000	0.8634	38.8131
884.0000	104.0000	66.1583	17.3644
885.0000	23.0000	67.5128	42.4663
885.0000	44.0000	0.8675	38.7512
885.0000	104.0000	66.1596	17.2939
886.0000	23.0000	67.5082	42.3697
886.0000	44.0000	0.8631	38.6513
886.0000	104.0000	66.1563	17.1972
887.0000	23.0000	67.5030	42.2416
887.0000	44.0000	0.8581	38.5200
887.0000	104.0000	66.1523	17.0691
888.0000	23.0000	67.4967	42.0949
888.0000	44.0000	0.8521	38.3692
888.0000	104.0000	66.1476	16.9223
889.0000	23.0000	67.4900	41.9537
889.0000	44.0000	0.8456	38.2232
889.0000	104.0000	66.1426	16.7808
890.0000	23.0000	67.4837	41.8044
890.0000	44.0000	0.8395	38.0700
890.0000	104.0000	66.1378	16.6315
891.0000	23.0000	67.4768	41.6401
891.0000	44.0000	0.8328	37.9013
891.0000	104.0000	66.1325	16.4671
892.0000	23.0000	67.4693	41.4636
892.0000	44.0000	0.8257	37.7199
892.0000	104.0000	66.1269	16.2905
893.0000	23.0000	67.4619	41.2798
893.0000	44.0000	0.8185	37.5315
893.0000	104.0000	66.1212	16.1066
894.0000	23.0000	67.4541	41.0897
894.0000	44.0000	0.8110	37.3365
894.0000	104.0000	66.1153	15.9164
895.0000	23.0000	67.4462	40.8924
895.0000	44.0000	0.8034	37.1341
895.0000	104.0000	66.1093	15.7189
896.0000	23.0000	67.4381	40.6896
896.0000	44.0000	0.7956	36.9274
896.0000	104.0000	66.1030	15.5161
897.0000	23.0000	67.4299	40.4827
897.0000	44.0000	0.7877	36.7165
897.0000	104.0000	66.0967	15.3091
898.0000	23.0000	67.4219	40.2719
898.0000	44.0000	0.7799	36.5036
898.0000	104.0000	66.0904	15.0982
899.0000	23.0000	67.4135	40.0582
899.0000	44.0000	0.7720	36.2950
899.0000	104.0000	66.0839	14.8843
900.0000	23.0000	67.4054	39.8477
900.0000	44.0000	0.7642	36.0801
900.0000	104.0000	66.0776	14.6737
901.0000	23.0000	67.3980	39.6688
901.0000	44.0000	0.7571	35.8964
901.0000	104.0000	66.0721	14.4946
902.0000	23.0000	67.3924	39.5411
902.0000	44.0000	0.7517	35.7650
902.0000	104.0000	66.0680	14.3668
903.0000	23.0000	67.3892	39.4725
903.0000	44.0000	0.7486	35.6940
903.0000	104.0000	66.0656	14.2982
904.0000	23.0000	67.3892	39.4702
904.0000	44.0000	0.7486	35.6929
904.0000	104.0000	66.0656	14.2959
905.0000	23.0000	67.3893	39.4715
905.0000	44.0000	0.7487	35.6942
905.0000	104.0000	66.0656	14.2971
906.0000	23.0000	67.3893	39.4723
906.0000	44.0000	0.7487	35.6951
906.0000	104.0000	66.0657	14.2980
907.0000	23.0000	67.3894	39.4726
907.0000	44.0000	0.7488	35.6956
907.0000	104.0000	66.0657	14.2985
908.0000	23.0000	67.3899	39.4738
908.0000	44.0000	0.7488	35.6959
908.0000	104.0000	66.0658	14.2987
909.0000	23.0000	67.3899	39.4739
909.0000	44.0000	0.7488	35.6960
909.0000	104.0000	66.0658	14.2988
910.0000	23.0000	67.3899	39.4739
910.0000	44.0000	0.7488	35.6961
910.0000	104.0000	66.0658	14.2989
911.0000	23.0000	67.3899	39.4740
911.0000	44.0000	0.7488	35.6961
911.0000	104.0000	66.0658	14.2989
912.0000	23.0000	67.3899	39.4740
912.0000	44.0000	0.7488	35.6960
912.0000	104.0000	66.0658	14.2989
913.0000	23.0000	67.3899	39.4740
913.0000	44.0000	0.7489	35.6979
913.0000	104.0000	66.0658	14.2989
914.0000	23.0000	67.3899	39.4740
914.0000	44.0000	0.7492	35.7049
914.0000	104.0000	66.0658	14.2989
915.0000	23.0000	67.3899	39.4740
915.0000	44.0000	0.7492	35.7056
915.0000	104.0000	66.0658	14.2989
916.0000	23.0000	67.3899	39.4740
916.0000	44.0000	0.7492	35.7056
916.0000	104.0000	66.0658	14.2989
917.0000	23.0000	67.3899	39.4740
917.0000	44.0000	0.7492	35.7057
917.0000	104.0000	66.0658	14.2989
918.0000	23.0000	67.3899	39.4740
918.0000	44.0000	0.7492	35.7057
918.0000	104.0000	66.0658	14.2989
919.0000	23.0000	67.3899	39.4740
919.0000	44.0000	0.7492	35.7091
919.0000	104.0000	66.0658	14.2989
920.0000	23.0000	67.3899	39.4740
920.0000	44.0000	0.7496	35.7177
920.0000	104.0000	66.0658	14.2989
921.0000	23.0000	67.3899	39.4740
921.0000	44.0000	0.7499	35.7334
921.0000	104.0000	66.0658	14.2989
922.0000	23.0000	67.3899	39.4740
922.0000	44.0000	0.7500	35.7338
922.0000	104.0000	66.0658	14.2989
923.0000	23.0000	67.3899	39.4740
923.0000	44.0000	0.7500	35.7340
923.0000	104.0000	66.0658	14.2989
924.0000	23.0000	67.3899	39.4740
924.0000	44.0000	0.7500	35.7342
924.0000	104.0000	66.0658	14.2989
925.0000	23.0000	67.3899	39.4740
925.0000	44.0000	0.7500	35.7343
925.0000	104.0000	66.0658	14.2989
926.0000	23.0000	67.3899	39.4740
926.0000	44.0000	0.7500	35.7344
926.0000	104.0000	66.0658	14.2989
927.0000	23.0000	67.3899	39.4740
927.0000	44.0000	0.7500	35.7344
927.0000	104.0000	66.0658	14.2989
928.0000	23.0000	67.3899	39.4740
928.0000	44.0000	0.7500	35.7344
928.0000	104.0000	66.0658	14.2989
929.0000	23.0000	67.3899	39.4740
929.0000	44.0000	0.7500	35.7344
929.0000	104.0000	66.0658	14.2989
930.0000	23.0000	67.3899	39.4740
930.0000	44.0000	0.7500	35.7344
930.0000	104.0000	66.0658	14.2989
931.0000	23.0000	67.3899	39.4739
931.0000	44.0000	0.7500	35.7343
931.0000	104.0000	66.0658	14.2989
932.0000	23.0000	67.3904	39.4748
932.0000	44.0000	0.7500	35.7362
932.0000	104.0000	66.0658	14.2989
933.0000	23.0000	67.3904	39.4748
933.0000	44.0000	0.7502	35.7436
933.0000	104.0000	66.0658	14.2989
934.0000	23.0000	67.3904	39.4748
934.0000	44.0000	0.7505	35.7592
934.0000	104.0000	66.0658	14.2989
935.0000	23.0000	67.3904	39.4748
935.0000	44.0000	0.7510	35.7820
935.0000	104.0000	66.0658	14.2989
936.0000	23.0000	67.3904	39.4748
936.0000	44.0000	0.7516	35.8120
936.0000	104.0000	66.0658	14.2989
937.0000	23.0000	67.3904	39.4748
937.0000	44.0000	0.7524	35.8494
937.0000	104.0000	66.0658	14.2989
938.0000	23.0000	67.3904	39.4748
938.0000	44.0000	0.7534	35.8938
938.0000	104.0000	66.0658	14.2989
939.0000	23.0000	67.3904	39.4748
939.0000	44.0000	0.7544	35.9450
939.0000	104.0000	66.0658	14.2989
940.0000	23.0000	67.3904	39.4748
940.0000	44.0000	0.7558	36.0027
940.0000	104.0000	66.0658	14.2989
941.0000	23.0000	67.3904	39.4748
941.0000	44.0000	0.7574	36.0667
941.0000	104.0000	66.0658	14.2989
942.0000	23.0000	67.3904	39.4748
942.0000	44.0000	0.7590	36.1356
942.0000	104.0000	66.0658	14.2989
943.0000	23.0000	67.3904	39.4748
943.0000	44.0000	0.7608	36.2093
943.0000	104.0000	66.0658	14.2989
944.0000	23.0000	67.3904	39.4748
944.0000	44.0000	0.7630	36.2891
944.0000	104.0000	66.0658	14.2989
945.0000	23.0000	67.3904	39.4748
945.0000	44.0000	0.7652	36.3748
945.0000	104.0000	66.0658	14.2989
946.0000	23.0000	67.3904	39.4748
946.0000	44.0000	0.7679	36.4665
946.0000	104.0000	66.0658	14.2989
947.0000	23.0000	67.3904	39.4748
947.0000	44.0000	0.7708	36.5639
947.0000	104.0000	66.0658	14.2989
948.0000	23.0000	67.3904	39.4748
948.0000	44.0000	0.7724	36.6058
948.0000	104.0000	66.0658	14.2989
949.0000	23.0000	67.3904	39.4748
949.0000	44.0000	0.7719	36.6061
949.0000	104.0000	66.0658	14.2989
950.0000	23.0000	67.3904	39.4748
950.0000	44.0000	0.7720	36.6082
950.0000	104.0000	66.0658	14.2989
951.0000	23.0000	67.3904	39.4748
951.0000	44.0000	0.7722	36.6094
951.0000	104.0000	66.0658	14.2989
952.0000	23.0000	67.3904	39.4748
952.0000	44.0000	0.7722	36.6100
952.0000	104.0000	66.0658	14.2989
953.0000	23.0000	67.3904	39.4748
953.0000	44.0000	0.7722	36.6103
953.0000	104.0000	66.0658	14.2989
954.0000	23.0000	67.3904	39.4748
954.0000	44.0000	0.7722	36.6104
954.0000	104.0000	66.0658	14.2989
955.0000	23.0000	67.3904	39.4748
955.0000	44.0000	0.7722	36.6105
955.0000	104.0000	66.0658	14.2989
956.0000	23.0000	67.3904	39.4748
956.0000	44.0000	0.7722	36.6105
956.0000	104.0000	66.0658	14.2989
957.0000	23.0000	67.3904	39.4748
957.0000	44.0000	0.7722	36.6105
957.0000	104.0000	66.0658	14.2989
958.0000	23.0000	67.3904	39.4748
958.0000	44.0000	0.7722	36.6105
958.0000	104.0000	66.0658	14.2989
959.0000	23.0000	67.3904	39.4748
959.0000	44.0000	0.7722	36.6104
959.0000	104.0000	66.0658	14.2989
960.0000	23.0000	67.3904	39.4748
960.0000	44.0000	0.7723	36.6123
960.0000	104.0000	66.0658	14.2989
961.0000	23.0000	67.3904	39.4748
961.0000	44.0000	0.7725	36.6208
961.0000	104.0000	66.0658	14.2989
962.0000	23.0000	67.3904	39.4748
962.0000	44.0000	0.7731	36.6374
962.0000	104.0000	66.0658	14.2989
963.0000	23.0000	67.3904	39.4748
963.0000	44.0000	0.7738	36.6607
963.0000	104.0000	66.0658	14.2989
964.0000	23.0000	67.3904	39.4748
964.0000	44.0000	0.7739	36.6623
964.0000	104.0000	66.0658	14.2989
965.0000	23.0000	67.3904	39.4748
965.0000	44.0000	0.7739	36.6626
965.0000	104.0000	66.0658	14.2989
966.0000	23.0000	67.3904	39.4748
966.0000	44.0000	0.7739	36.6630
966.0000	104.0000	66.0658	14.2989
967.0000	23.0000	67.3904	39.4748
967.0000	44.0000	0.7739	36.6632
967.0000	104.0000	66.0658	14.2989
968.0000	23.0000	67.3904	39.4748
968.0000	44.0000	0.7741	36.6679
968.0000	104.0000	66.0658	14.2989
969.0000	23.0000	67.3904	39.4748
969.0000	44.0000	0.7741	36.6691
969.0000	104.0000	66.0658	14.2989
970.0000	23.0000	67.3904	39.4748
970.0000	44.0000	0.7741	36.6692
970.0000	104.0000	66.0658	14.2989
971.0000	23.0000	67.3904	39.4748
971.0000	44.0000	0.7741	36.6692
971.0000	104.0000	66.0658	14.2989
972.0000	23.0000	67.3904	39.4748
972.0000	44.0000	0.7741	36.6693
972.0000	104.0000	66.0658	14.2989
973.0000	23.0000	67.3904	39.4748
973.0000	44.0000	0.7741	36.6693
973.0000	104.0000	66.0658	14.2989
974.0000	23.0000	67.3904	39.4748
974.0000	44.0000	0.7741	36.6693
974.0000	104.0000	66.0658	14.2989
975.0000	23.0000	67.3904	39.4750
975.0000	44.0000	0.7741	36.6694
975.0000	104.0000	66.0658	14.2990
976.0000	23.0000	67.3939	39.4664
976.0000	44.0000	0.7774	36.6665
976.0000	104.0000	66.0671	14.2906
977.0000	23.0000	67.3928	39.4554
977.0000	44.0000	0.7763	36.6542
977.0000	104.0000	66.0666	14.2796
978.0000	23.0000	67.4494	39.3337
978.0000	44.0000	0.8292	36.6235
978.0000	104.0000	66.0888	14.1599
979.0000	23.0000	67.4717	39.2433
979.0000	44.0000	0.8495	36.5689
979.0000	104.0000	66.0968	14.0694
980.0000	23.0000	67.4683	39.1520
980.0000	44.0000	0.8463	36.4756
980.0000	104.0000	66.0942	13.9782
981.0000	23.0000	67.4638	39.0396
981.0000	44.0000	0.8418	36.3621
981.0000	104.0000	66.0907	13.8657
982.0000	23.0000	67.4591	38.9141
982.0000	44.0000	0.8375	36.2424
982.0000	104.0000	66.0870	13.7401
983.0000	23.0000	67.4540	38.7724
983.0000	44.0000	0.8329	36.1121
983.0000	104.0000	66.0829	13.5982
984.0000	23.0000	67.4479	38.6137
984.0000	44.0000	0.8279	35.9716
984.0000	104.0000	66.0782	13.4394
985.0000	23.0000	67.4416	38.4434
985.0000	44.0000	0.8228	35.8277
985.0000	104.0000	66.0733	13.2691
986.0000	23.0000	67.4349	38.2735
986.0000	44.0000	0.8163	35.6575
986.0000	104.0000	66.0682	13.0990
987.0000	23.0000	67.4287	38.1340
987.0000	44.0000	0.8104	35.5138
987.0000	104.0000	66.0637	12.9594
988.0000	23.0000	67.4247	38.0506
988.0000	44.0000	0.8065	35.4276
988.0000	104.0000	66.0609	12.8758
989.0000	23.0000	67.4244	38.0445
989.0000	44.0000	0.8062	35.4217
989.0000	104.0000	66.0606	12.8698
990.0000	23.0000	67.4244	38.0456
990.0000	44.0000	0.8063	35.4230
990.0000	104.0000	66.0607	12.8709
991.0000	23.0000	67.4245	38.0465
991.0000	44.0000	0.8063	35.4240
991.0000	104.0000	66.0607	12.8717
992.0000	23.0000	67.4245	38.0470
992.0000	44.0000	0.8064	35.4245
992.0000	104.0000	66.0607	12.8722
993.0000	23.0000	67.4245	38.0472
993.0000	44.0000	0.8064	35.4248
993.0000	104.0000	66.0608	12.8725
994.0000	23.0000	67.4245	38.0473
994.0000	44.0000	0.8064	35.4249
994.0000	104.0000	66.0608	12.8726
995.0000	23.0000	67.4245	38.0474
995.0000	44.0000	0.8064	35.4250
995.0000	104.0000	66.0608	12.8727
996.0000	23.0000	67.4246	38.0474
996.0000	44.0000	0.8064	35.4250
996.0000	104.0000	66.0608	12.8727
997.0000	23.0000	67.4246	38.0474
997.0000	44.0000	0.8064	35.4250
997.0000	104.0000	66.0608	12.8727
998.0000	23.0000	67.4245	38.0476
998.0000	44.0000	0.8064	35.4250
998.0000	104.0000	66.0608	12.8729
999.0000	23.0000	67.4281	38.0386
999.0000	44.0000	0.8098	35.4240
999.0000	104.0000	66.0621	12.8641
