0.0000	44.0000	-38.0262	-12.5326
0.0000	50.0000	-4.0546	9.1672
1.0000	44.0000	-38.0262	-12.5326
1.0000	50.0000	-4.0549	9.1134
2.0000	44.0000	-38.0262	-12.5326
2.0000	50.0000	-4.0551	9.0531
3.0000	44.0000	-38.0262	-12.5326
3.0000	50.0000	-4.0553	9.0338
4.0000	44.0000	-38.0262	-12.5326
4.0000	50.0000	-4.0554	9.0243
5.0000	44.0000	-38.0262	-12.5326
5.0000	50.0000	-4.0556	8.9938
6.0000	44.0000	-38.0262	-12.5326
6.0000	50.0000	-4.0557	8.9584
7.0000	44.0000	-38.0263	-12.5326
7.0000	50.0000	-4.0559	8.9165
8.0000	44.0000	-38.0246	-12.5326
8.0000	50.0000	-4.0562	8.8682
9.0000	44.0000	-38.0190	-12.5325
9.0000	50.0000	-4.0564	8.8132
10.0000	44.0000	-38.0063	-12.5326
10.0000	50.0000	-4.0567	8.7517
11.0000	44.0000	-37.9860	-12.5327
11.0000	50.0000	-4.0571	8.6837
12.0000	44.0000	-37.9574	-12.5327
12.0000	50.0000	-4.0574	8.6094
13.0000	44.0000	-37.9237	-12.5329
13.0000	50.0000	-4.0578	8.5288
14.0000	44.0000	-37.8832	-12.5330
14.0000	50.0000	-4.0582	8.4422
15.0000	44.0000	-37.8360	-12.5332
15.0000	50.0000	-4.0586	8.3498
16.0000	44.0000	-37.8233	-12.5334
16.0000	50.0000	-4.0591	8.2515
17.0000	44.0000	-37.8229	-12.5334
17.0000	50.0000	-4.0592	8.2089
18.0000	44.0000	-37.8218	-12.5334
18.0000	50.0000	-4.0593	8.2087
19.0000	44.0000	-37.8075	-12.5334
19.0000	50.0000	-4.0593	8.2066
20.0000	44.0000	-37.7884	-12.5334
20.0000	50.0000	-4.0593	8.2053
21.0000	44.0000	-37.7632	-12.5380
21.0000	50.0000	-4.0594	8.1842
22.0000	44.0000	-37.7311	-12.5609
22.0000	50.0000	-4.0592	8.1386
23.0000	44.0000	-37.6916	-12.5697
23.0000	50.0000	-4.0601	8.1037
24.0000	44.0000	-37.6463	-12.5702
24.0000	50.0000	-4.0602	8.0673
25.0000	44.0000	-37.5943	-12.5704
25.0000	50.0000	-4.0604	8.0242
26.0000	44.0000	-37.5358	-12.5705
26.0000	50.0000	-4.0607	7.9744
27.0000	44.0000	-37.4708	-12.5762
27.0000	50.0000	-4.0609	7.9125
28.0000	44.0000	-37.3993	-12.5774
28.0000	50.0000	-4.0611	7.8486
29.0000	44.0000	-37.3739	-12.5790
29.0000	50.0000	-4.0614	7.7788
30.0000	44.0000	-37.3555	-12.5797
30.0000	50.0000	-4.0617	7.7054
31.0000	44.0000	-37.3142	-12.5799
31.0000	50.0000	-4.0620	7.6268
32.0000	44.0000	-37.2680	-12.5800
32.0000	50.0000	-4.0624	7.5422
33.0000	44.0000	-37.2155	-12.5806
33.0000	50.0000	-4.0627	7.4510
34.0000	44.0000	-37.1565	-12.5808
34.0000	50.0000	-4.0631	7.3547
35.0000	44.0000	-37.0945	-12.5810
35.0000	50.0000	-4.0635	7.2526
36.0000	44.0000	-37.0382	-12.5812
36.0000	50.0000	-4.0638	7.1451
37.0000	44.0000	-36.9797	-12.5814
37.0000	50.0000	-4.0642	7.0321
38.0000	44.0000	-36.9148	-12.5816
38.0000	50.0000	-4.0646	6.9139
39.0000	44.0000	-36.8451	-12.5818
39.0000	50.0000	-4.0650	6.7906
40.0000	44.0000	-36.7711	-12.5871
40.0000	50.0000	-4.0654	6.6570
41.0000	44.0000	-36.6914	-12.6069
41.0000	50.0000	-4.0655	6.5030
42.0000	44.0000	-36.6049	-12.6141
42.0000	50.0000	-4.0661	6.4193
43.0000	44.0000	-36.5131	-12.6146
43.0000	50.0000	-4.0660	6.4050
44.0000	44.0000	-36.4155	-12.6149
44.0000	50.0000	-4.0660	6.3419
45.0000	44.0000	-36.3123	-12.6152
45.0000	50.0000	-4.0665	6.3227
46.0000	44.0000	-36.2037	-12.6155
46.0000	50.0000	-4.0667	6.3141
47.0000	44.0000	-36.1517	-12.6157
47.0000	50.0000	-4.0669	6.2830
48.0000	44.0000	-36.1518	-12.6157
48.0000	50.0000	-4.0671	6.2486
49.0000	44.0000	-36.1495	-12.6157
49.0000	50.0000	-4.0673	6.2076
50.0000	44.0000	-36.1481	-12.6157
50.0000	50.0000	-4.0675	6.1599
51.0000	44.0000	-36.1475	-12.6157
51.0000	50.0000	-4.0677	6.1058
52.0000	44.0000	-36.1471	-12.6157
52.0000	50.0000	-4.0680	6.0450
53.0000	44.0000	-36.1470	-12.6157
53.0000	50.0000	-4.0682	5.9778
54.0000	44.0000	-36.1469	-12.6157
54.0000	50.0000	-4.0685	5.9042
55.0000	44.0000	-36.1469	-12.6157
55.0000	50.0000	-4.0688	5.8244
56.0000	44.0000	-36.1468	-12.6157
56.0000	50.0000	-4.0691	5.7385
57.0000	44.0000	-36.1468	-12.6157
57.0000	50.0000	-4.0695	5.6466
58.0000	44.0000	-36.1468	-12.6156
58.0000	50.0000	-4.0698	5.5492
59.0000	44.0000	-36.1469	-12.6159
59.0000	50.0000	-4.0702	5.4455
60.0000	44.0000	-36.1469	-12.6159
60.0000	50.0000	-4.0706	5.3368
61.0000	44.0000	-36.1469	-12.6159
61.0000	50.0000	-4.0709	5.2228
62.0000	44.0000	-36.1469	-12.6159
62.0000	50.0000	-4.0713	5.1034
63.0000	44.0000	-36.1469	-12.6158
63.0000	50.0000	-4.0716	4.9791
64.0000	44.0000	-36.1469	-12.6162
64.0000	50.0000	-4.0720	4.8492
65.0000	44.0000	-36.1469	-12.6162
65.0000	50.0000	-4.0723	4.7147
66.0000	44.0000	-36.1469	-12.6162
66.0000	50.0000	-4.0726	4.5755
67.0000	44.0000	-36.1469	-12.6162
67.0000	50.0000	-4.0730	4.4314
68.0000	44.0000	-36.1469	-12.6162
68.0000	50.0000	-4.0732	4.2828
69.0000	44.0000	-36.1469	-12.6162
69.0000	50.0000	-4.0736	4.1296
70.0000	44.0000	-36.1469	-12.6162
70.0000	50.0000	-4.0738	3.9723
71.0000	44.0000	-36.1469	-12.6162
71.0000	50.0000	-4.0740	3.8138
72.0000	44.0000	-36.1469	-12.6162
72.0000	50.0000	-4.0743	3.6382
73.0000	44.0000	-36.1469	-12.6162
73.0000	50.0000	-4.0745	3.4566
74.0000	44.0000	-36.1469	-12.6162
74.0000	50.0000	-4.0747	3.2701
75.0000	44.0000	-36.1469	-12.6162
75.0000	50.0000	-4.0748	3.0788
76.0000	44.0000	-36.1469	-12.6162
76.0000	50.0000	-4.0750	2.8827
77.0000	44.0000	-36.1469	-12.6161
77.0000	50.0000	-4.0751	2.6820
78.0000	44.0000	-36.1469	-12.6206
78.0000	50.0000	-4.0751	2.4731
79.0000	44.0000	-36.1457	-12.6471
79.0000	50.0000	-4.0757	2.2430
80.0000	44.0000	-36.1460	-12.6957
80.0000	50.0000	-4.0755	1.9702
81.0000	44.0000	-36.1461	-12.7804
81.0000	50.0000	-4.0753	1.6560
82.0000	44.0000	-36.1465	-12.9024
82.0000	50.0000	-4.0750	1.2987
83.0000	44.0000	-36.1468	-13.0594
83.0000	50.0000	-4.0748	0.9829
84.0000	44.0000	-36.1475	-13.2457
84.0000	50.0000	-4.0745	0.7936
85.0000	44.0000	-36.1481	-13.4612
85.0000	50.0000	-4.0742	0.4797
86.0000	44.0000	-36.1487	-13.6946
86.0000	50.0000	-4.0737	0.1022
87.0000	44.0000	-36.1493	-13.9156
87.0000	50.0000	-4.0736	-0.2643
88.0000	44.0000	-36.1499	-14.1390
88.0000	50.0000	-4.0732	-0.6392
89.0000	44.0000	-36.1506	-14.3740
89.0000	50.0000	-4.0729	-1.0275
90.0000	44.0000	-36.1512	-14.6098
90.0000	50.0000	-4.0726	-1.3996
91.0000	44.0000	-36.1518	-14.8363
91.0000	50.0000	-4.0724	-1.7640
92.0000	44.0000	-36.1525	-15.0636
92.0000	50.0000	-4.0722	-2.1338
93.0000	44.0000	-36.1530	-15.3013
93.0000	50.0000	-4.0721	-2.5180
94.0000	44.0000	-36.1537	-15.5384
94.0000	50.0000	-4.0720	-2.9064
95.0000	44.0000	-36.1545	-15.7680
95.0000	50.0000	-4.0721	-3.2916
96.0000	44.0000	-36.1551	-15.9992
96.0000	50.0000	-4.0721	-3.6819
97.0000	44.0000	-36.1556	-16.2301
97.0000	50.0000	-4.0723	-4.0741
98.0000	44.0000	-36.1562	-16.4173
98.0000	50.0000	-4.0726	-4.4395
99.0000	44.0000	-36.1565	-16.5283
99.0000	50.0000	-4.0744	-4.7337
100.0000	44.0000	-36.1561	-16.5525
100.0000	50.0000	-4.0777	-4.9441
101.0000	44.0000	-36.1561	-16.5518
101.0000	50.0000	-4.0817	-5.1350
102.0000	44.0000	-36.1561	-16.5503
102.0000	50.0000	-4.0852	-5.2363
103.0000	44.0000	-36.1561	-16.5491
103.0000	50.0000	-4.0831	-5.2342
104.0000	44.0000	-36.1561	-16.5483
104.0000	50.0000	-4.0832	-5.2393
105.0000	44.0000	-36.1562	-16.5479
105.0000	50.0000	-4.0842	-5.2539
106.0000	44.0000	-36.1544	-16.5523
106.0000	50.0000	-4.0842	-5.2592
107.0000	44.0000	-36.1478	-16.5770
107.0000	50.0000	-4.0841	-5.2823
108.0000	44.0000	-36.1303	-16.6341
108.0000	50.0000	-4.0834	-5.3332
109.0000	44.0000	-36.1069	-16.7232
109.0000	50.0000	-4.0839	-5.4305
110.0000	44.0000	-36.0773	-16.8491
110.0000	50.0000	-4.0843	-5.5705
111.0000	44.0000	-36.0405	-17.0077
111.0000	50.0000	-4.0850	-5.7513
112.0000	44.0000	-35.9967	-17.1964
112.0000	50.0000	-4.0859	-5.9693
113.0000	44.0000	-35.9462	-17.4139
113.0000	50.0000	-4.0876	-6.2224
114.0000	44.0000	-35.8892	-17.6592
114.0000	50.0000	-4.0889	-6.5102
115.0000	44.0000	-35.8257	-17.9325
115.0000	50.0000	-4.0907	-6.8323
116.0000	44.0000	-35.7569	-18.2335
116.0000	50.0000	-4.0943	-7.1881
117.0000	44.0000	-35.6835	-18.5616
117.0000	50.0000	-4.0964	-7.5774
118.0000	44.0000	-35.6040	-18.9163
118.0000	50.0000	-4.1007	-7.9994
119.0000	44.0000	-35.5185	-19.2967
119.0000	50.0000	-4.1017	-8.4020
120.0000	44.0000	-35.4271	-19.7030
120.0000	50.0000	-4.1012	-8.8089
121.0000	44.0000	-35.3299	-20.1345
121.0000	50.0000	-4.1016	-9.2417
122.0000	44.0000	-35.2271	-20.5787
122.0000	50.0000	-4.1020	-9.6865
123.0000	44.0000	-35.1188	-21.0222
123.0000	50.0000	-4.1023	-10.1304
124.0000	44.0000	-35.0052	-21.4649
124.0000	50.0000	-4.1025	-10.5744
125.0000	44.0000	-34.8864	-21.9067
125.0000	50.0000	-4.1025	-11.0162
126.0000	44.0000	-34.7623	-22.3478
126.0000	50.0000	-4.1026	-11.4571
127.0000	44.0000	-34.6333	-22.8058
127.0000	50.0000	-4.1028	-11.9150
128.0000	44.0000	-34.4992	-23.2992
128.0000	50.0000	-4.1028	-12.4081
129.0000	44.0000	-34.3603	-23.8205
129.0000	50.0000	-4.1029	-12.9291
130.0000	44.0000	-34.2166	-24.3660
130.0000	50.0000	-4.1030	-13.4741
131.0000	44.0000	-34.0682	-24.9335
131.0000	50.0000	-4.1030	-14.0412
132.0000	44.0000	-33.9153	-25.5219
132.0000	50.0000	-4.1031	-14.6294
133.0000	44.0000	-33.7583	-26.1309
133.0000	50.0000	-4.1031	-15.2379
134.0000	44.0000	-33.6001	-26.7601
134.0000	50.0000	-4.1032	-15.8679
135.0000	44.0000	-33.4256	-27.4092
135.0000	50.0000	-4.1033	-16.5166
136.0000	44.0000	-33.2513	-28.0781
136.0000	50.0000	-4.1033	-17.1852
137.0000	44.0000	-33.0830	-28.7666
137.0000	50.0000	-4.1034	-17.8733
138.0000	44.0000	-32.9108	-29.4746
138.0000	50.0000	-4.1034	-18.5809
139.0000	44.0000	-32.7377	-30.2020
139.0000	50.0000	-4.1034	-19.3078
140.0000	44.0000	-32.5845	-30.9485
140.0000	50.0000	-4.1034	-20.0540
141.0000	44.0000	-32.4894	-31.7138
141.0000	50.0000	-4.1035	-20.8191
142.0000	44.0000	-32.4869	-32.4979
142.0000	50.0000	-4.1035	-21.6030
143.0000	44.0000	-32.4821	-33.3006
143.0000	50.0000	-4.1035	-22.4058
144.0000	44.0000	-32.4432	-34.1200
144.0000	50.0000	-4.1036	-23.2252
145.0000	44.0000	-32.4001	-34.9411
145.0000	50.0000	-4.1036	-24.0463
146.0000	44.0000	-32.3511	-35.7609
146.0000	50.0000	-4.1037	-24.8660
147.0000	44.0000	-32.2956	-36.5791
147.0000	50.0000	-4.1038	-25.6863
148.0000	44.0000	-32.2337	-37.3851
148.0000	50.0000	-4.1039	-26.4932
149.0000	44.0000	-32.1659	-38.1550
149.0000	50.0000	-4.1040	-27.2630
150.0000	44.0000	-32.0941	-38.9399
150.0000	50.0000	-4.1040	-28.0477
151.0000	44.0000	-32.0163	-39.7437
151.0000	50.0000	-4.1040	-28.8513
152.0000	44.0000	-31.9326	-40.5642
152.0000	50.0000	-4.1042	-29.6747
153.0000	44.0000	-31.8428	-41.4000
153.0000	50.0000	-4.1047	-30.5195
154.0000	44.0000	-31.7473	-42.2504
154.0000	50.0000	-4.1056	-31.3856
155.0000	44.0000	-31.6461	-43.1150
155.0000	50.0000	-4.1069	-32.2713
156.0000	44.0000	-31.5393	-43.9936
156.0000	50.0000	-4.1085	-33.1797
157.0000	44.0000	-31.4271	-44.8861
157.0000	50.0000	-4.1120	-34.1069
158.0000	44.0000	-31.3096	-45.7924
158.0000	50.0000	-4.1142	-35.0547
159.0000	44.0000	-31.1869	-46.7123
159.0000	50.0000	-4.1145	-35.9837
160.0000	44.0000	-31.0591	-47.6459
160.0000	50.0000	-4.1148	-36.9240
161.0000	44.0000	-30.9263	-48.5931
161.0000	50.0000	-4.1171	-37.8962
162.0000	44.0000	-30.7885	-49.5538
162.0000	50.0000	-4.1193	-38.8877
163.0000	44.0000	-30.6460	-50.5280
163.0000	50.0000	-4.1221	-39.8995
164.0000	44.0000	-30.4987	-51.5156
164.0000	50.0000	-4.1262	-40.9315
165.0000	44.0000	-30.3468	-52.5165
165.0000	50.0000	-4.1298	-41.9836
166.0000	44.0000	-30.1904	-53.5307
166.0000	50.0000	-4.1357	-43.0553
167.0000	44.0000	-30.0326	-54.5579
167.0000	50.0000	-4.1419	-44.1444
168.0000	44.0000	-29.8622	-55.5983
168.0000	50.0000	-4.1476	-45.2520
169.0000	44.0000	-29.6870	-56.6517
169.0000	50.0000	-4.1566	-46.3786
170.0000	44.0000	-29.5244	-57.7182
170.0000	50.0000	-4.1661	-47.5243
171.0000	44.0000	-29.3607	-58.7976
171.0000	50.0000	-4.1769	-48.6888
172.0000	44.0000	-29.1942	-59.8899
172.0000	50.0000	-4.1893	-49.8718
173.0000	44.0000	-29.0403	-60.9951
173.0000	50.0000	-4.2061	-51.0726
174.0000	44.0000	-28.8945	-62.1130
174.0000	50.0000	-4.2206	-52.2922
175.0000	44.0000	-28.7436	-63.2436
175.0000	50.0000	-4.2393	-53.5294
176.0000	44.0000	-28.5886	-64.3869
176.0000	50.0000	-4.2629	-54.7835
177.0000	44.0000	-28.4299	-65.5429
177.0000	50.0000	-4.2836	-56.0562
178.0000	44.0000	-28.2701	-66.7113
178.0000	50.0000	-4.3137	-57.3444
179.0000	44.0000	-28.0941	-67.8922
179.0000	50.0000	-4.3391	-58.6514
180.0000	44.0000	-27.9183	-69.0856
180.0000	50.0000	-4.3759	-59.9728
181.0000	44.0000	-27.8175	-70.2912
181.0000	50.0000	-4.4117	-61.3116
182.0000	44.0000	-27.8164	-71.5093
182.0000	50.0000	-4.4532	-62.6658
183.0000	44.0000	-27.8114	-72.7395
183.0000	50.0000	-4.4976	-64.0361
184.0000	44.0000	-27.8076	-73.9819
184.0000	50.0000	-4.5472	-65.4216
185.0000	50.0000	-4.6004	-66.8219
186.0000	50.0000	-4.6578	-68.2350
187.0000	50.0000	-4.7254	-69.6740
188.0000	50.0000	-4.7977	-71.1289
189.0000	50.0000	-4.8830	-72.5906
190.0000	50.0000	-4.9614	-74.0599
191.0000	50.0000	-5.0087	-75.4437
192.0000	50.0000	-5.0006	-76.7381
193.0000	50.0000	-5.0006	-78.0311
194.0000	50.0000	-5.0009	-79.3227
