0.0000	0.0000	-10.2185	71.3724
1.0000	0.0000	-10.2185	71.3724
2.0000	0.0000	-10.2185	71.3724
3.0000	0.0000	-10.2185	71.3724
4.0000	0.0000	-10.2185	71.3724
5.0000	0.0000	-10.2185	71.3724
6.0000	0.0000	-10.2185	71.3724
7.0000	0.0000	-10.2185	71.3724
8.0000	0.0000	-10.2185	71.3724
9.0000	0.0000	-10.2185	71.3724
10.0000	0.0000	-10.2185	71.3724
11.0000	0.0000	-10.2185	71.3724
12.0000	0.0000	-10.2185	71.3724
13.0000	0.0000	-10.2185	71.3724
14.0000	0.0000	-10.2185	71.3724
15.0000	0.0000	-10.2185	71.3724
16.0000	0.0000	-10.2185	71.3724
17.0000	0.0000	-10.2185	71.3724
18.0000	0.0000	-10.2185	71.3724
19.0000	0.0000	-10.2185	71.3724
20.0000	0.0000	-10.2185	71.3724
21.0000	0.0000	-10.2185	71.3724
22.0000	0.0000	-10.2185	71.3724
23.0000	0.0000	-10.2185	71.3724
24.0000	0.0000	-10.2185	71.3724
25.0000	0.0000	-10.2185	71.3724
26.0000	0.0000	-10.2185	71.3724
27.0000	0.0000	-10.2185	71.3724
28.0000	0.0000	-10.2185	71.3724
29.0000	0.0000	-10.2185	71.3724
30.0000	0.0000	-10.2200	71.3723
31.0000	0.0000	-10.2168	71.3720
32.0000	0.0000	-10.2168	71.3720
33.0000	0.0000	-10.2168	71.3720
34.0000	0.0000	-10.2181	71.3720
35.0000	0.0000	-10.2008	71.3712
36.0000	0.0000	-10.1349	71.3616
37.0000	0.0000	-9.8450	71.3472
38.0000	0.0000	-9.3469	71.3194
39.0000	0.0000	-8.7361	71.2604
40.0000	0.0000	-7.7692	71.2019
41.0000	0.0000	-6.8516	71.1057
42.0000	0.0000	-5.8451	71.0161
43.0000	0.0000	-4.9308	70.9004
44.0000	0.0000	-3.7542	70.7677
45.0000	0.0000	-2.6402	70.5890
46.0000	0.0000	-1.2141	70.3750
47.0000	0.0000	0.4580	70.1079
48.0000	0.0000	2.5152	69.7754
49.0000	0.0000	4.0019	69.4412
50.0000	0.0000	4.7645	69.1822
51.0000	0.0000	5.5124	68.9814
52.0000	0.0000	5.9519	68.8730
53.0000	0.0000	5.9521	68.8729
54.0000	0.0000	5.9510	68.8727
55.0000	0.0000	5.9972	68.8618
56.0000	0.0000	6.0124	68.8586
57.0000	0.0000	6.0124	68.8587
58.0000	0.0000	6.0112	68.8584
59.0000	0.0000	6.0136	68.8578
60.0000	0.0000	6.0136	68.8578
61.0000	0.0000	6.0135	68.8578
62.0000	0.0000	6.0135	68.8578
63.0000	0.0000	6.0134	68.8578
64.0000	0.0000	6.0133	68.8578
65.0000	0.0000	6.0133	68.8578
66.0000	0.0000	6.0133	68.8578
67.0000	0.0000	6.0117	68.8581
68.0000	0.0000	6.0292	68.8533
69.0000	0.0000	6.1525	68.8302
70.0000	0.0000	6.4132	68.7662
71.0000	0.0000	6.8711	68.6369
72.0000	0.0000	7.6152	68.4322
73.0000	0.0000	8.4890	68.1720
74.0000	0.0000	9.4864	67.8560
75.0000	0.0000	10.7343	67.4618
76.0000	0.0000	12.0146	67.0208
77.0000	0.0000	13.2341	66.5782
78.0000	0.0000	14.4225	66.1273
79.0000	0.0000	15.4098	65.7360
80.0000	0.0000	16.0237	65.4747
81.0000	0.0000	16.2286	65.3913
82.0000	0.0000	16.2285	65.3914
83.0000	0.0000	16.2284	65.3914
84.0000	0.0000	16.2284	65.3914
85.0000	0.0000	16.2284	65.3914
86.0000	0.0000	16.2285	65.3914
87.0000	0.0000	16.2285	65.3914
88.0000	0.0000	16.2285	65.3914
89.0000	0.0000	16.2270	65.3918
90.0000	0.0000	16.2463	65.3841
91.0000	0.0000	16.2511	65.3824
92.0000	0.0000	16.2511	65.3824
93.0000	0.0000	16.2511	65.3824
94.0000	0.0000	16.2511	65.3824
95.0000	0.0000	16.2512	65.3824
96.0000	0.0000	16.2512	65.3824
97.0000	0.0000	16.2512	65.3824
98.0000	0.0000	16.2512	65.3824
99.0000	0.0000	16.2512	65.3824
100.0000	0.0000	16.2512	65.3824
101.0000	0.0000	16.2512	65.3824
102.0000	0.0000	16.2496	65.3829
103.0000	0.0000	16.2675	65.3754
104.0000	0.0000	16.3208	65.3497
105.0000	0.0000	16.5325	65.2541
106.0000	0.0000	16.9975	65.0537
107.0000	0.0000	17.7171	64.7451
108.0000	0.0000	18.5247	64.3790
109.0000	0.0000	19.2739	64.0268
110.0000	0.0000	20.0718	63.6419
111.0000	0.0000	21.0827	63.1580
112.0000	0.0000	22.0551	62.6429
113.0000	0.0000	23.3003	61.9899
114.0000	0.0000	24.6025	61.2615
115.0000	0.0000	26.1724	60.3685
116.0000	0.0000	28.1285	59.2356
117.0000	0.0000	29.9994	58.0602
118.0000	0.0000	31.5173	56.9926
119.0000	0.0000	32.9566	55.9160
120.0000	0.0000	34.5429	54.7054
121.0000	0.0000	35.8500	53.6062
122.0000	0.0000	37.4969	52.2055
123.0000	0.0000	39.9237	50.1260
124.0000	0.0000	42.1448	48.0016
125.0000	0.0000	44.4395	45.6055
126.0000	0.0000	46.5920	43.1104
127.0000	0.0000	48.8787	40.2214
128.0000	0.0000	50.5193	37.8038
129.0000	0.0000	52.2917	34.9914
130.0000	0.0000	53.7553	32.3545
131.0000	0.0000	54.9673	29.8725
132.0000	0.0000	56.0788	27.3475
133.0000	0.0000	57.0499	24.8667
134.0000	0.0000	57.7978	22.6422
135.0000	0.0000	58.4749	20.3963
136.0000	0.0000	59.0299	18.2760
137.0000	0.0000	59.4738	16.3070
138.0000	0.0000	59.8372	14.4558
139.0000	0.0000	60.1296	12.7277
140.0000	0.0000	60.3676	11.0962
141.0000	0.0000	60.5594	9.5581
142.0000	0.0000	60.7153	8.0784
143.0000	0.0000	60.8316	6.6843
144.0000	0.0000	60.9231	5.3284
145.0000	0.0000	60.9969	3.9902
146.0000	0.0000	61.0498	2.7199
147.0000	0.0000	61.0895	1.4741
148.0000	0.0000	61.1163	0.2774
149.0000	0.0000	61.1342	-0.8986
150.0000	0.0000	61.1446	-2.0495
151.0000	0.0000	61.1486	-3.1560
152.0000	0.0000	61.1481	-4.2496
153.0000	0.0000	61.1439	-5.3259
154.0000	0.0000	61.1377	-6.3692
155.0000	0.0000	61.1287	-7.4134
156.0000	0.0000	61.1194	-8.4288
157.0000	0.0000	61.1094	-9.4301
158.0000	0.0000	61.0988	-10.4176
159.0000	0.0000	61.0883	-11.3886
160.0000	0.0000	61.0783	-12.3450
161.0000	0.0000	61.0680	-13.2945
162.0000	0.0000	61.0588	-14.2332
163.0000	0.0000	61.0505	-15.1745
164.0000	0.0000	61.0443	-16.1103
165.0000	0.0000	61.0381	-17.0489
166.0000	0.0000	61.0327	-17.9862
167.0000	0.0000	61.0275	-18.9239
168.0000	0.0000	61.0231	-19.8608
169.0000	0.0000	61.0192	-20.7978
170.0000	0.0000	61.0153	-21.7371
171.0000	0.0000	61.0112	-22.6785
172.0000	0.0000	61.0071	-23.6218
173.0000	0.0000	61.0023	-24.5683
174.0000	0.0000	60.9971	-25.5174
175.0000	0.0000	60.9925	-26.4660
176.0000	0.0000	60.9891	-27.4125
177.0000	0.0000	60.9874	-28.3558
178.0000	0.0000	60.9880	-29.2947
179.0000	0.0000	60.9913	-30.2287
180.0000	0.0000	60.9972	-31.1581
181.0000	0.0000	61.0062	-32.0822
182.0000	0.0000	61.0182	-33.0014
183.0000	0.0000	61.0336	-33.9156
184.0000	0.0000	61.0521	-34.8251
185.0000	0.0000	61.0736	-35.7305
186.0000	0.0000	61.0983	-36.6319
187.0000	0.0000	61.1255	-37.5304
188.0000	0.0000	61.1555	-38.4258
189.0000	0.0000	61.1875	-39.3195
190.0000	0.0000	61.2218	-40.2111
191.0000	0.0000	61.2574	-41.1034
192.0000	0.0000	61.2944	-42.0032
193.0000	0.0000	61.3317	-42.9173
194.0000	0.0000	61.3704	-43.8384
195.0000	0.0000	61.4079	-44.7205
196.0000	0.0000	61.4505	-45.5040
197.0000	0.0000	61.5057	-46.1741
198.0000	0.0000	61.5622	-46.7638
199.0000	0.0000	61.6264	-47.2733
200.0000	0.0000	61.6853	-47.7666
201.0000	0.0000	61.7468	-48.2098
202.0000	0.0000	61.8149	-48.6189
203.0000	0.0000	61.8776	-48.9998
204.0000	0.0000	61.9389	-49.3643
205.0000	0.0000	61.9879	-49.6920
206.0000	0.0000	62.0771	-49.8774
207.0000	0.0000	62.1963	-49.9266
208.0000	0.0000	62.2316	-49.9929
209.0000	0.0000	62.2412	-49.9993
210.0000	0.0000	62.2412	-49.9985
211.0000	0.0000	62.2412	-49.9978
212.0000	0.0000	62.2413	-49.9973
213.0000	0.0000	62.2413	-49.9971
214.0000	0.0000	62.2413	-49.9970
215.0000	0.0000	62.2413	-49.9969
216.0000	0.0000	62.2413	-49.9969
217.0000	0.0000	62.2413	-49.9968
218.0000	0.0000	62.2413	-49.9968
219.0000	0.0000	62.2413	-49.9968
220.0000	0.0000	62.2413	-49.9968
221.0000	0.0000	62.2413	-49.9968
222.0000	0.0000	62.2413	-49.9968
223.0000	0.0000	62.2413	-49.9968
224.0000	0.0000	62.2413	-49.9968
225.0000	0.0000	62.2413	-49.9968
226.0000	0.0000	62.2413	-49.9968
227.0000	0.0000	62.2413	-49.9968
228.0000	0.0000	62.2413	-49.9968
229.0000	0.0000	62.2413	-49.9968
230.0000	0.0000	62.2413	-49.9968
231.0000	0.0000	62.2413	-49.9968
232.0000	0.0000	62.2413	-49.9968
233.0000	0.0000	62.2413	-49.9968
234.0000	0.0000	62.2413	-49.9968
235.0000	0.0000	62.2413	-49.9968
236.0000	0.0000	62.2413	-49.9968
237.0000	0.0000	62.2413	-49.9968
238.0000	0.0000	62.2413	-49.9968
239.0000	0.0000	62.2413	-49.9968
240.0000	0.0000	62.2413	-49.9968
241.0000	0.0000	62.2413	-49.9968
242.0000	0.0000	62.2413	-49.9968
243.0000	0.0000	62.2413	-49.9968
244.0000	0.0000	62.2412	-49.9968
245.0000	0.0000	62.2424	-49.9989
246.0000	0.0000	62.2556	-49.9906
247.0000	0.0000	62.2813	-49.9981
248.0000	0.0000	62.3167	-49.9992
249.0000	0.0000	62.3166	-49.9996
250.0000	0.0000	62.3166	-49.9995
251.0000	0.0000	62.3167	-49.9994
252.0000	0.0000	62.3166	-49.9993
253.0000	0.0000	62.3166	-49.9993
254.0000	0.0000	62.3166	-49.9993
255.0000	0.0000	62.3166	-49.9993
256.0000	0.0000	62.3166	-49.9992
257.0000	0.0000	62.3178	-50.0015
258.0000	0.0000	62.3308	-49.9961
259.0000	0.0000	62.3814	-49.9711
260.0000	0.0000	62.3957	-50.0361
853.0000	0.0000	-1.0325	79.5197
854.0000	0.0000	-1.0153	78.5362
855.0000	0.0000	-0.9968	77.5406
856.0000	0.0000	-0.9758	76.5348
857.0000	0.0000	-0.9534	75.5205
858.0000	0.0000	-0.9309	74.4978
859.0000	0.0000	-0.9087	73.4677
860.0000	0.0000	-0.8868	72.4299
861.0000	0.0000	-0.8658	71.3849
862.0000	0.0000	-0.8449	70.3325
863.0000	0.0000	-0.8235	69.2726
864.0000	0.0000	-0.8008	68.2052
865.0000	0.0000	-0.7770	67.1303
866.0000	0.0000	-0.7518	66.0567
867.0000	0.0000	-0.7265	65.0363
868.0000	0.0000	-0.7025	64.1136
869.0000	0.0000	-0.6807	63.3018
870.0000	0.0000	-0.6611	62.6044
871.0000	0.0000	-0.6439	62.0045
872.0000	0.0000	-0.6277	61.4667
873.0000	0.0000	-0.6127	61.0136
874.0000	0.0000	-0.5984	60.6073
875.0000	0.0000	-0.5844	60.2436
876.0000	0.0000	-0.5709	59.9417
877.0000	0.0000	-0.5573	59.6622
878.0000	0.0000	-0.5431	59.3864
879.0000	0.0000	-0.5285	59.1023
880.0000	0.0000	-0.5133	58.8050
881.0000	0.0000	-0.4974	58.4926
882.0000	0.0000	-0.4808	58.1643
883.0000	0.0000	-0.4636	57.8307
884.0000	0.0000	-0.4466	57.4742
885.0000	0.0000	-0.4273	57.0668
886.0000	0.0000	-0.4066	56.6710
887.0000	0.0000	-0.3890	56.2748
888.0000	0.0000	-0.3707	55.9081
889.0000	0.0000	-0.3503	55.5605
890.0000	0.0000	-0.3324	55.2268
891.0000	0.0000	-0.3126	54.9286
892.0000	0.0000	-0.2922	54.6333
893.0000	0.0000	-0.2749	54.3425
894.0000	0.0000	-0.2564	54.0559
895.0000	0.0000	-0.2399	53.7778
896.0000	0.0000	-0.2227	53.5122
897.0000	0.0000	-0.2032	53.2474
898.0000	0.0000	-0.1870	52.9792
899.0000	0.0000	-0.1719	52.7151
900.0000	0.0000	-0.1554	52.4561
901.0000	0.0000	-0.1388	52.1969
902.0000	0.0000	-0.1244	51.9374
903.0000	0.0000	-0.1086	51.6801
904.0000	0.0000	-0.0950	51.4241
905.0000	0.0000	-0.0801	51.1679
906.0000	0.0000	-0.0674	50.9124
907.0000	0.0000	-0.0532	50.6577
908.0000	0.0000	-0.0411	50.4034
909.0000	0.0000	-0.0285	50.1603
910.0000	0.0000	-0.0215	49.9809
911.0000	0.0000	-0.0198	49.9062
912.0000	0.0000	-0.0195	49.9045
913.0000	0.0000	-0.0196	49.9047
914.0000	0.0000	-0.0196	49.9048
915.0000	0.0000	-0.0032	49.8947
916.0000	0.0000	-0.0133	49.8528
917.0000	0.0000	-0.0122	49.7747
918.0000	0.0000	-0.0081	49.6651
919.0000	0.0000	-0.0047	49.5483
920.0000	0.0000	0.0041	49.5211
921.0000	0.0000	0.0042	49.5212
922.0000	0.0000	0.0041	49.5212
923.0000	0.0000	0.0041	49.5212
924.0000	0.0000	0.0041	49.5212
925.0000	0.0000	0.0041	49.5212
926.0000	0.0000	0.0041	49.5212
927.0000	0.0000	0.0041	49.5212
928.0000	0.0000	0.0041	49.5212
929.0000	0.0000	0.0041	49.5212
930.0000	0.0000	0.0041	49.5212
931.0000	0.0000	0.0041	49.5212
932.0000	0.0000	0.0041	49.5212
933.0000	0.0000	0.0041	49.5212
934.0000	0.0000	0.0041	49.5212
935.0000	0.0000	0.0042	49.5209
936.0000	0.0000	0.0042	49.5188
937.0000	0.0000	0.0066	49.5054
938.0000	0.0000	0.0041	49.4561
939.0000	0.0000	0.0084	49.3641
940.0000	0.0000	0.0111	49.2505
941.0000	0.0000	0.0158	49.1317
942.0000	0.0000	0.0210	48.9969
943.0000	0.0000	0.0249	48.8384
944.0000	0.0000	0.0290	48.6713
945.0000	0.0000	0.0340	48.4991
946.0000	0.0000	0.0385	48.3129
947.0000	0.0000	0.0429	48.1167
948.0000	0.0000	0.0487	47.9205
949.0000	0.0000	0.0535	47.7186
950.0000	0.0000	0.0585	47.5061
951.0000	0.0000	0.0633	47.2934
952.0000	0.0000	0.0667	47.0825
953.0000	0.0000	0.0708	46.8650
954.0000	0.0000	0.0749	46.6491
955.0000	0.0000	0.0782	46.4711
956.0000	0.0000	0.0803	46.3525
957.0000	0.0000	0.0822	46.3126
958.0000	0.0000	0.0822	46.3127
959.0000	0.0000	0.0822	46.3129
960.0000	0.0000	0.0822	46.3130
961.0000	0.0000	0.0822	46.3130
962.0000	0.0000	0.0822	46.3130
963.0000	0.0000	0.0822	46.3130
964.0000	0.0000	0.0822	46.3130
965.0000	0.0000	0.0822	46.3130
966.0000	0.0000	0.0822	46.3130
967.0000	0.0000	0.0822	46.3130
968.0000	0.0000	0.0822	46.3130
969.0000	0.0000	0.0822	46.3130
970.0000	0.0000	0.0822	46.3130
971.0000	0.0000	0.0822	46.3130
972.0000	0.0000	0.0822	46.3130
973.0000	0.0000	0.0822	46.3130
974.0000	0.0000	0.0822	46.3130
975.0000	0.0000	0.0822	46.3130
976.0000	0.0000	0.0822	46.3130
977.0000	0.0000	0.0822	46.3130
978.0000	0.0000	0.0822	46.3130
979.0000	0.0000	0.0822	46.3130
980.0000	0.0000	0.0822	46.3130
981.0000	0.0000	0.0822	46.3130
982.0000	0.0000	0.0822	46.3130
983.0000	0.0000	0.0822	46.3130
984.0000	0.0000	0.0822	46.3130
985.0000	0.0000	0.0822	46.3130
986.0000	0.0000	0.0822	46.3130
987.0000	0.0000	0.0822	46.3130
988.0000	0.0000	0.0822	46.3130
989.0000	0.0000	0.0822	46.3130
990.0000	0.0000	0.0822	46.3130
991.0000	0.0000	0.0822	46.3130
992.0000	0.0000	0.0822	46.3130
993.0000	0.0000	0.0822	46.3130
994.0000	0.0000	0.0822	46.3130
995.0000	0.0000	0.0822	46.3130
996.0000	0.0000	0.0822	46.3130
997.0000	0.0000	0.0822	46.3130
998.0000	0.0000	0.0822	46.3130
999.0000	0.0000	0.0822	46.3130
