0.0000	44.0000	0.0966	42.4373
1.0000	44.0000	0.0942	42.4365
2.0000	44.0000	0.0920	42.4216
3.0000	44.0000	0.0893	42.3794
4.0000	44.0000	0.0861	42.3027
5.0000	44.0000	0.0824	42.2039
6.0000	44.0000	0.0796	42.0936
7.0000	44.0000	0.0766	42.0016
8.0000	44.0000	0.0731	41.9118
9.0000	44.0000	0.0698	41.7963
10.0000	44.0000	0.0674	41.6594
11.0000	44.0000	0.0652	41.5081
12.0000	44.0000	0.0626	41.3599
13.0000	44.0000	0.0597	41.2153
14.0000	44.0000	0.0568	41.0608
15.0000	44.0000	0.0540	40.9008
16.0000	44.0000	0.0516	40.7419
17.0000	44.0000	0.0493	40.4894
18.0000	44.0000	0.0471	40.1602
19.0000	44.0000	0.0438	39.9185
20.0000	44.0000	0.0396	39.7892
21.0000	44.0000	0.0372	39.6666
22.0000	44.0000	0.0345	39.5286
23.0000	44.0000	0.0313	39.3695
24.0000	44.0000	0.0283	39.1877
25.0000	44.0000	0.0266	38.9929
26.0000	44.0000	0.0247	38.8173
27.0000	44.0000	0.0218	38.6422
28.0000	44.0000	0.0190	38.4528
29.0000	44.0000	0.0170	38.1812
30.0000	44.0000	0.0159	37.8314
31.0000	44.0000	0.0146	37.4561
32.0000	44.0000	0.0135	37.0615
33.0000	44.0000	0.0124	36.7027
34.0000	44.0000	0.0098	36.4519
35.0000	44.0000	0.0066	36.2913
36.0000	44.0000	0.0049	36.1546
37.0000	44.0000	0.0030	36.0249
38.0000	44.0000	0.0015	35.9122
39.0000	44.0000	0.0005	35.8385
40.0000	44.0000	0.0005	35.8718
41.0000	44.0000	0.0005	35.9305
42.0000	44.0000	0.0004	35.9954
43.0000	44.0000	0.0004	36.0657
44.0000	44.0000	0.0005	36.1402
45.0000	44.0000	0.0005	36.2207
46.0000	44.0000	0.0006	36.3074
47.0000	44.0000	0.0006	36.3958
48.0000	44.0000	-0.0021	36.4807
49.0000	44.0000	-0.0027	36.5379
50.0000	44.0000	-0.0014	36.5587
51.0000	44.0000	-0.0025	36.5413
52.0000	44.0000	-0.0038	36.4946
53.0000	44.0000	-0.0059	36.4235
54.0000	44.0000	-0.0078	36.3299
55.0000	44.0000	-0.0096	36.2145
56.0000	44.0000	-0.0112	36.0779
57.0000	44.0000	-0.0123	35.8613
58.0000	44.0000	-0.0129	35.5652
59.0000	44.0000	-0.0141	35.3330
60.0000	44.0000	-0.0160	35.1380
61.0000	44.0000	-0.0178	34.9645
62.0000	44.0000	-0.0193	34.8647
63.0000	44.0000	-0.0203	34.8071
64.0000	44.0000	-0.0214	34.7481
65.0000	44.0000	-0.0223	34.6875
66.0000	44.0000	-0.0228	34.6722
67.0000	44.0000	-0.0227	34.7532
68.0000	44.0000	-0.0227	34.8692
69.0000	44.0000	-0.0226	34.9272
70.0000	44.0000	-0.0227	34.9404
71.0000	44.0000	-0.0227	34.9982
72.0000	44.0000	-0.0227	35.0575
73.0000	44.0000	-0.0264	35.1166
74.0000	44.0000	-0.0624	35.1615
75.0000	44.0000	-0.0757	35.1846
76.0000	44.0000	-0.0763	35.1728
77.0000	44.0000	-0.0771	35.1251
78.0000	44.0000	-0.0779	35.0123
79.0000	44.0000	-0.0780	34.9499
80.0000	44.0000	-0.0779	34.9970
81.0000	44.0000	-0.0781	35.0485
82.0000	44.0000	-0.0782	35.1059
83.0000	44.0000	-0.0785	35.1547
84.0000	44.0000	-0.0757	35.1630
85.0000	44.0000	-0.0767	35.0802
86.0000	44.0000	-0.0774	34.9557
87.0000	44.0000	-0.0781	34.8179
88.0000	44.0000	-0.0789	34.6653
89.0000	44.0000	-0.0798	34.5295
90.0000	44.0000	-0.0805	34.4069
91.0000	44.0000	-0.0807	34.3285
92.0000	44.0000	-0.0808	34.3177
93.0000	44.0000	-0.0806	34.3154
94.0000	44.0000	-0.0748	34.2967
95.0000	44.0000	-0.0726	34.3661
96.0000	44.0000	-0.0726	34.4578
97.0000	44.0000	-0.0803	34.5396
98.0000	44.0000	-0.1008	34.5918
99.0000	44.0000	-0.1011	34.5953
100.0000	44.0000	-0.1016	34.5674
101.0000	44.0000	-0.1022	34.4514
102.0000	44.0000	-0.1025	34.2508
103.0000	44.0000	-0.1029	34.0257
104.0000	44.0000	-0.1033	33.7731
105.0000	44.0000	-0.1034	33.4939
106.0000	44.0000	-0.1032	33.1891
107.0000	44.0000	-0.1031	32.8745
108.0000	44.0000	-0.1030	32.5603
109.0000	44.0000	-0.1030	32.2466
110.0000	44.0000	-0.1029	31.9334
111.0000	44.0000	-0.1029	31.6206
112.0000	44.0000	-0.1029	31.2813
113.0000	44.0000	-0.1029	30.9084
114.0000	44.0000	-0.1028	30.5606
115.0000	44.0000	-0.1026	30.2825
116.0000	44.0000	-0.1024	30.0865
117.0000	44.0000	-0.1023	29.9749
118.0000	44.0000	-0.1053	29.9540
119.0000	44.0000	-0.0853	29.9372
120.0000	44.0000	-0.0642	29.8912
121.0000	44.0000	-0.0751	29.8383
122.0000	44.0000	-0.0751	29.8344
123.0000	44.0000	-0.0570	29.8047
124.0000	44.0000	-0.0557	29.7395
125.0000	44.0000	-0.0595	29.6545
126.0000	44.0000	-0.0593	29.6453
127.0000	44.0000	-0.0593	29.6454
128.0000	44.0000	-0.0593	29.6454
129.0000	44.0000	-0.0593	29.6455
130.0000	44.0000	-0.0593	29.6455
131.0000	44.0000	-0.0593	29.6455
132.0000	44.0000	-0.0592	29.6435
133.0000	44.0000	-0.0583	29.6318
134.0000	44.0000	-0.0769	29.5892
135.0000	44.0000	-0.0757	29.4999
136.0000	44.0000	-0.0757	29.3659
137.0000	44.0000	-0.0757	29.1998
138.0000	44.0000	-0.0758	29.0048
139.0000	44.0000	-0.0759	28.7825
140.0000	44.0000	-0.0758	28.5335
141.0000	44.0000	-0.0758	28.2584
142.0000	44.0000	-0.0759	27.9580
143.0000	44.0000	-0.0759	27.6326
144.0000	44.0000	-0.0758	27.2831
145.0000	44.0000	-0.0757	26.9103
146.0000	44.0000	-0.0757	26.5154
147.0000	44.0000	-0.0755	26.1151
148.0000	44.0000	-0.0752	25.7800
149.0000	44.0000	-0.0748	25.5491
150.0000	44.0000	-0.0747	25.4031
151.0000	44.0000	-0.0746	25.2848
152.0000	44.0000	-0.0744	25.2633
153.0000	44.0000	-0.0744	25.2627
154.0000	44.0000	-0.0744	25.2618
155.0000	44.0000	-0.0744	25.2619
156.0000	44.0000	-0.0744	25.2621
157.0000	44.0000	-0.0643	25.2494
158.0000	44.0000	-0.0668	25.2454
159.0000	44.0000	-0.0668	25.2454
160.0000	44.0000	-0.0668	25.2455
161.0000	44.0000	-0.0642	25.2364
162.0000	44.0000	-0.0571	25.2039
163.0000	44.0000	-0.0464	25.1899
164.0000	44.0000	-0.0464	25.1899
165.0000	44.0000	-0.0464	25.1900
166.0000	44.0000	-0.0443	25.1792
167.0000	44.0000	-0.0433	25.1774
168.0000	44.0000	-0.0433	25.1774
169.0000	44.0000	-0.0433	25.1774
170.0000	44.0000	-0.0433	25.1774
171.0000	44.0000	-0.0433	25.1774
172.0000	44.0000	-0.0433	25.1762
173.0000	44.0000	-0.0424	25.1656
174.0000	44.0000	-0.0650	25.1264
175.0000	44.0000	-0.0648	25.0446
176.0000	44.0000	-0.0635	24.9289
177.0000	44.0000	-0.0641	24.8218
178.0000	44.0000	-0.0648	24.7016
179.0000	44.0000	-0.0648	24.5523
180.0000	44.0000	-0.0647	24.3742
181.0000	44.0000	-0.0646	24.1684
182.0000	44.0000	-0.0644	23.9438
183.0000	44.0000	-0.0641	23.7445
184.0000	23.0000	65.5542	45.8109
184.0000	44.0000	-0.0639	23.6011
185.0000	23.0000	65.5506	45.7578
185.0000	44.0000	-0.0657	23.5223
186.0000	23.0000	65.5489	45.8504
186.0000	44.0000	-0.0655	23.5202
187.0000	44.0000	-0.0656	23.5201
188.0000	44.0000	-0.0656	23.5199
189.0000	44.0000	-0.0656	23.5200
190.0000	44.0000	-0.0656	23.5200
191.0000	44.0000	-0.0656	23.5201
192.0000	44.0000	-0.0648	23.5195
193.0000	44.0000	-0.0633	23.5189
194.0000	44.0000	-0.0650	23.5140
195.0000	44.0000	-0.0628	23.4870
196.0000	44.0000	-0.0561	23.4283
197.0000	44.0000	-0.0561	23.3181
198.0000	44.0000	-0.0559	23.1707
199.0000	44.0000	-0.0558	22.9930
200.0000	44.0000	-0.0557	22.7873
201.0000	23.0000	65.5590	45.8206
201.0000	44.0000	-0.0555	22.5627
202.0000	23.0000	65.5592	45.7124
202.0000	44.0000	-0.0553	22.3634
203.0000	23.0000	65.5604	45.6474
203.0000	44.0000	-0.0550	22.2200
204.0000	23.0000	65.5549	45.6706
204.0000	44.0000	-0.0578	22.1423
205.0000	23.0000	65.5524	45.8044
205.0000	44.0000	-0.0577	22.1401
206.0000	44.0000	-0.0577	22.1404
207.0000	44.0000	-0.0577	22.1405
208.0000	44.0000	-0.0577	22.1407
209.0000	44.0000	-0.0577	22.1374
210.0000	44.0000	-0.0526	22.1197
211.0000	44.0000	-0.0392	22.0670
212.0000	44.0000	-0.0462	21.9958
213.0000	44.0000	-0.0439	21.9870
214.0000	44.0000	-0.0407	21.9391
215.0000	44.0000	-0.0352	21.8676
216.0000	44.0000	-0.0350	21.8653
217.0000	44.0000	-0.0350	21.8654
218.0000	44.0000	-0.0350	21.8655
219.0000	44.0000	-0.0350	21.8655
220.0000	44.0000	-0.0350	21.8655
221.0000	44.0000	-0.0350	21.8655
222.0000	44.0000	-0.0350	21.8655
223.0000	44.0000	-0.0350	21.8656
224.0000	44.0000	-0.0350	21.8657
225.0000	44.0000	-0.0350	21.8619
226.0000	44.0000	-0.0360	21.8500
227.0000	44.0000	-0.0422	21.8075
228.0000	44.0000	-0.0416	21.7193
229.0000	44.0000	-0.0419	21.5872
230.0000	44.0000	-0.0417	21.4217
231.0000	44.0000	-0.0416	21.2359
232.0000	44.0000	-0.0413	21.0754
233.0000	44.0000	-0.0413	20.9695
234.0000	44.0000	-0.0411	20.9529
235.0000	44.0000	-0.0239	20.9296
236.0000	44.0000	-0.0184	20.8680
237.0000	44.0000	-0.0183	20.7647
238.0000	44.0000	-0.0179	20.6244
239.0000	44.0000	-0.0179	20.4616
240.0000	44.0000	-0.0178	20.2863
241.0000	44.0000	-0.0177	20.1283
242.0000	44.0000	-0.0175	19.9848
243.0000	44.0000	-0.0173	19.8859
244.0000	44.0000	-0.0173	19.8654
245.0000	44.0000	-0.0171	19.9225
246.0000	44.0000	-0.0188	19.9700
247.0000	44.0000	-0.0235	19.9893
248.0000	44.0000	-0.0233	19.9652
249.0000	44.0000	-0.0231	19.9054
250.0000	44.0000	-0.0229	19.8196
251.0000	44.0000	-0.0226	19.7196
252.0000	44.0000	-0.0223	19.6355
253.0000	23.0000	65.6273	45.7230
253.0000	44.0000	-0.0220	19.5520
254.0000	23.0000	65.6282	45.5988
254.0000	44.0000	-0.0216	19.4577
255.0000	23.0000	65.6296	45.4817
255.0000	44.0000	-0.0213	19.3727
256.0000	23.0000	65.6317	45.4097
256.0000	44.0000	-0.0209	19.3340
257.0000	23.0000	65.6330	45.2995
257.0000	44.0000	-0.0207	19.3479
258.0000	23.0000	65.6334	45.1936
258.0000	44.0000	-0.0204	19.3671
259.0000	23.0000	65.6331	45.0612
259.0000	44.0000	-0.0202	19.3046
260.0000	23.0000	65.6326	44.9045
260.0000	44.0000	-0.0198	19.1600
261.0000	23.0000	65.6325	44.7428
261.0000	44.0000	-0.0194	19.0136
262.0000	23.0000	65.6327	44.5731
262.0000	44.0000	-0.0196	18.8534
263.0000	23.0000	65.6331	44.3918
263.0000	44.0000	-0.0197	18.6981
264.0000	23.0000	65.6336	44.2386
264.0000	44.0000	-0.0195	18.5763
265.0000	23.0000	65.6340	44.1487
265.0000	44.0000	-0.0194	18.5189
266.0000	23.0000	65.6342	44.1435
266.0000	44.0000	-0.0194	18.5574
267.0000	23.0000	65.6342	44.1433
267.0000	44.0000	-0.0193	18.6077
268.0000	23.0000	65.6342	44.1433
268.0000	44.0000	-0.0192	18.6212
269.0000	23.0000	65.6340	44.1425
269.0000	44.0000	-0.0193	18.6207
270.0000	23.0000	65.6343	44.1355
270.0000	44.0000	-0.0192	18.6152
271.0000	23.0000	65.6405	44.0938
271.0000	44.0000	-0.0164	18.5844
272.0000	23.0000	65.6481	44.0161
272.0000	44.0000	-0.0132	18.5146
273.0000	23.0000	65.6468	43.9144
273.0000	44.0000	-0.0138	18.4117
274.0000	23.0000	65.6487	43.7866
274.0000	44.0000	-0.0129	18.2867
275.0000	23.0000	65.6476	43.6730
275.0000	44.0000	-0.0133	18.1713
276.0000	23.0000	65.6465	43.5475
276.0000	44.0000	-0.0138	18.0441
277.0000	23.0000	65.6466	43.3959
277.0000	44.0000	-0.0137	17.8927
278.0000	23.0000	65.6468	43.2325
278.0000	44.0000	-0.0137	17.7296
279.0000	23.0000	65.6470	43.0638
279.0000	44.0000	-0.0136	17.5610
280.0000	23.0000	65.6472	42.8848
280.0000	44.0000	-0.0135	17.3793
281.0000	23.0000	65.6489	42.7010
281.0000	44.0000	-0.0134	17.1915
282.0000	23.0000	65.6486	42.5467
282.0000	44.0000	-0.0133	17.0373
283.0000	23.0000	65.6484	42.4530
283.0000	44.0000	-0.0132	16.9434
284.0000	23.0000	65.6486	42.4475
284.0000	44.0000	-0.0131	16.9379
285.0000	23.0000	65.6486	42.4480
285.0000	44.0000	-0.0131	16.9383
286.0000	23.0000	65.6487	42.4481
286.0000	44.0000	-0.0131	16.9386
287.0000	23.0000	65.6488	42.4481
287.0000	44.0000	-0.0131	16.9387
288.0000	23.0000	65.6488	42.4482
288.0000	44.0000	-0.0131	16.9387
289.0000	23.0000	65.6488	42.4482
289.0000	44.0000	-0.0131	16.9388
290.0000	23.0000	65.6488	42.4482
290.0000	44.0000	-0.0131	16.9388
291.0000	23.0000	65.6488	42.4482
291.0000	44.0000	-0.0131	16.9388
292.0000	23.0000	65.6488	42.4482
292.0000	44.0000	-0.0131	16.9388
293.0000	23.0000	65.6488	42.4483
293.0000	44.0000	-0.0131	16.9389
294.0000	23.0000	65.6488	42.4475
294.0000	44.0000	-0.0131	16.9382
295.0000	23.0000	65.6488	42.4475
295.0000	44.0000	-0.0131	16.9382
296.0000	23.0000	65.6488	42.4475
296.0000	44.0000	-0.0131	16.9382
297.0000	23.0000	65.6488	42.4475
297.0000	44.0000	-0.0131	16.9382
298.0000	23.0000	65.6488	42.4475
298.0000	44.0000	-0.0131	16.9382
299.0000	23.0000	65.6488	42.4475
299.0000	44.0000	-0.0131	16.9382
300.0000	23.0000	65.6488	42.4475
300.0000	44.0000	-0.0131	16.9382
301.0000	23.0000	65.6488	42.4475
301.0000	44.0000	-0.0131	16.9382
302.0000	23.0000	65.6488	42.4475
302.0000	44.0000	-0.0131	16.9382
303.0000	23.0000	65.6488	42.4474
303.0000	44.0000	-0.0131	16.9382
304.0000	23.0000	65.6489	42.4504
304.0000	44.0000	-0.0131	16.9382
305.0000	23.0000	65.6487	42.4553
305.0000	44.0000	-0.0131	16.9382
306.0000	23.0000	65.6475	42.4628
306.0000	44.0000	-0.0131	16.9382
307.0000	23.0000	65.6483	42.4625
307.0000	44.0000	-0.0131	16.9382
308.0000	23.0000	65.6488	42.4627
308.0000	44.0000	-0.0131	16.9382
309.0000	23.0000	65.6487	42.4631
309.0000	44.0000	-0.0131	16.9382
310.0000	23.0000	65.6485	42.4633
310.0000	44.0000	-0.0131	16.9382
311.0000	23.0000	65.6483	42.4634
311.0000	44.0000	-0.0131	16.9382
312.0000	23.0000	65.6483	42.4634
312.0000	44.0000	-0.0131	16.9382
313.0000	23.0000	65.6482	42.4634
313.0000	44.0000	-0.0131	16.9382
314.0000	23.0000	65.6483	42.4634
314.0000	44.0000	-0.0131	16.9382
315.0000	23.0000	65.6483	42.4634
315.0000	44.0000	-0.0131	16.9382
316.0000	23.0000	65.6483	42.4634
316.0000	44.0000	-0.0131	16.9382
317.0000	23.0000	65.6483	42.4634
317.0000	44.0000	-0.0131	16.9382
318.0000	23.0000	65.6483	42.4634
318.0000	44.0000	-0.0131	16.9382
319.0000	23.0000	65.6483	42.4633
319.0000	44.0000	-0.0131	16.9382
320.0000	23.0000	65.6483	42.4643
320.0000	44.0000	-0.0131	16.9382
321.0000	23.0000	65.6483	42.4643
321.0000	44.0000	-0.0131	16.9382
322.0000	23.0000	65.6483	42.4643
322.0000	44.0000	-0.0131	16.9382
323.0000	23.0000	65.6483	42.4643
323.0000	44.0000	-0.0131	16.9382
324.0000	23.0000	65.6484	42.4654
324.0000	44.0000	-0.0131	16.9382
325.0000	23.0000	65.6484	42.4653
325.0000	44.0000	-0.0131	16.9382
326.0000	23.0000	65.6484	42.4654
326.0000	44.0000	-0.0131	16.9382
327.0000	23.0000	65.6484	42.4654
327.0000	44.0000	-0.0131	16.9382
328.0000	23.0000	65.6484	42.4654
328.0000	44.0000	-0.0131	16.9382
329.0000	23.0000	65.6484	42.4653
329.0000	44.0000	-0.0131	16.9382
330.0000	23.0000	65.6484	42.4663
330.0000	44.0000	-0.0131	16.9382
331.0000	23.0000	65.6484	42.4663
331.0000	44.0000	-0.0131	16.9382
332.0000	23.0000	65.6484	42.4663
332.0000	44.0000	-0.0131	16.9382
333.0000	23.0000	65.6484	42.4663
333.0000	44.0000	-0.0131	16.9382
334.0000	23.0000	65.6484	42.4663
334.0000	44.0000	-0.0131	16.9382
335.0000	23.0000	65.6484	42.4663
335.0000	44.0000	-0.0131	16.9382
336.0000	23.0000	65.6484	42.4663
336.0000	44.0000	-0.0131	16.9382
337.0000	23.0000	65.6484	42.4663
337.0000	44.0000	-0.0131	16.9382
338.0000	23.0000	65.6484	42.4663
338.0000	44.0000	-0.0131	16.9382
339.0000	23.0000	65.6484	42.4665
339.0000	44.0000	-0.0131	16.9384
340.0000	23.0000	65.6485	42.4657
340.0000	44.0000	-0.0130	16.9377
341.0000	23.0000	65.6485	42.4646
341.0000	44.0000	-0.0130	16.9366
342.0000	23.0000	65.6485	42.4652
342.0000	44.0000	-0.0130	16.9363
343.0000	23.0000	65.6486	42.4672
343.0000	44.0000	-0.0130	16.9363
344.0000	23.0000	65.6486	42.4664
344.0000	44.0000	-0.0130	16.9363
345.0000	23.0000	65.6485	42.4665
345.0000	44.0000	-0.0130	16.9364
346.0000	23.0000	65.6486	42.4658
346.0000	44.0000	-0.0130	16.9357
347.0000	23.0000	65.6486	42.4658
347.0000	44.0000	-0.0130	16.9357
348.0000	23.0000	65.6486	42.4658
348.0000	44.0000	-0.0130	16.9357
349.0000	23.0000	65.6486	42.4658
349.0000	44.0000	-0.0130	16.9357
350.0000	23.0000	65.6486	42.4658
350.0000	44.0000	-0.0130	16.9357
351.0000	23.0000	65.6486	42.4658
351.0000	44.0000	-0.0130	16.9357
352.0000	23.0000	65.6486	42.4657
352.0000	44.0000	-0.0130	16.9357
353.0000	23.0000	65.6487	42.4668
353.0000	44.0000	-0.0130	16.9357
354.0000	23.0000	65.6487	42.4667
354.0000	44.0000	-0.0130	16.9357
355.0000	23.0000	65.6487	42.4668
355.0000	44.0000	-0.0130	16.9357
356.0000	23.0000	65.6487	42.4668
356.0000	44.0000	-0.0130	16.9357
357.0000	23.0000	65.6487	42.4668
357.0000	44.0000	-0.0130	16.9357
358.0000	23.0000	65.6487	42.4668
358.0000	44.0000	-0.0130	16.9357
359.0000	23.0000	65.6487	42.4668
359.0000	44.0000	-0.0130	16.9357
360.0000	23.0000	65.6487	42.4668
360.0000	44.0000	-0.0130	16.9357
361.0000	23.0000	65.6487	42.4668
361.0000	44.0000	-0.0130	16.9357
362.0000	23.0000	65.6487	42.4668
362.0000	44.0000	-0.0130	16.9357
363.0000	23.0000	65.6487	42.4668
363.0000	44.0000	-0.0130	16.9357
364.0000	23.0000	65.6487	42.4667
364.0000	44.0000	-0.0130	16.9357
365.0000	23.0000	65.6487	42.4677
365.0000	44.0000	-0.0130	16.9357
366.0000	23.0000	65.6487	42.4677
366.0000	44.0000	-0.0130	16.9357
367.0000	23.0000	65.6487	42.4677
367.0000	44.0000	-0.0130	16.9357
368.0000	23.0000	65.6487	42.4679
368.0000	44.0000	-0.0130	16.9358
369.0000	23.0000	65.6487	42.4671
369.0000	44.0000	-0.0130	16.9351
370.0000	23.0000	65.6487	42.4670
370.0000	44.0000	-0.0130	16.9351
371.0000	23.0000	65.6488	42.4680
371.0000	44.0000	-0.0130	16.9351
372.0000	23.0000	65.6487	42.4681
372.0000	44.0000	-0.0130	16.9352
373.0000	23.0000	65.6488	42.4673
373.0000	44.0000	-0.0130	16.9345
374.0000	23.0000	65.6488	42.4674
374.0000	44.0000	-0.0130	16.9345
375.0000	23.0000	65.6488	42.4674
375.0000	44.0000	-0.0130	16.9345
376.0000	23.0000	65.6488	42.4674
376.0000	44.0000	-0.0130	16.9345
377.0000	23.0000	65.6488	42.4674
377.0000	44.0000	-0.0130	16.9345
378.0000	23.0000	65.6488	42.4674
378.0000	44.0000	-0.0130	16.9345
379.0000	23.0000	65.6488	42.4674
379.0000	44.0000	-0.0130	16.9345
380.0000	23.0000	65.6488	42.4674
380.0000	44.0000	-0.0130	16.9345
381.0000	23.0000	65.6488	42.4674
381.0000	44.0000	-0.0130	16.9345
382.0000	23.0000	65.6488	42.4673
382.0000	44.0000	-0.0130	16.9344
383.0000	23.0000	65.6488	42.4683
383.0000	44.0000	-0.0130	16.9361
384.0000	23.0000	65.6488	42.4683
384.0000	44.0000	-0.0131	16.9439
385.0000	23.0000	65.6488	42.4683
385.0000	44.0000	-0.0128	16.9569
386.0000	23.0000	65.6488	42.4683
386.0000	44.0000	-0.0128	16.9774
387.0000	23.0000	65.6488	42.4683
387.0000	44.0000	-0.0128	17.0059
388.0000	23.0000	65.6488	42.4683
388.0000	44.0000	-0.0127	17.0396
389.0000	23.0000	65.6488	42.4683
389.0000	44.0000	-0.0126	17.0801
390.0000	23.0000	65.6488	42.4683
390.0000	44.0000	-0.0127	17.0895
391.0000	23.0000	65.6488	42.4682
391.0000	44.0000	-0.0127	17.0899
392.0000	23.0000	65.6489	42.4712
392.0000	44.0000	-0.0127	17.0906
393.0000	23.0000	65.6489	42.4716
393.0000	44.0000	-0.0127	17.0911
394.0000	23.0000	65.6489	42.4716
394.0000	44.0000	-0.0123	17.0984
395.0000	23.0000	65.6489	42.4717
395.0000	44.0000	-0.0124	17.1115
396.0000	23.0000	65.6489	42.4718
396.0000	44.0000	-0.0124	17.1308
397.0000	23.0000	65.6489	42.4718
397.0000	44.0000	-0.0124	17.1599
398.0000	23.0000	65.6489	42.4718
398.0000	44.0000	-0.0123	17.1962
399.0000	23.0000	65.6489	42.4718
399.0000	44.0000	-0.0122	17.2395
400.0000	23.0000	65.6489	42.4719
400.0000	44.0000	-0.0120	17.2886
401.0000	23.0000	65.6489	42.4682
401.0000	44.0000	-0.0118	17.3379
402.0000	23.0000	65.6490	42.4676
402.0000	44.0000	-0.0116	17.3967
403.0000	23.0000	65.6490	42.4706
403.0000	44.0000	-0.0114	17.4623
404.0000	23.0000	65.6490	42.4710
404.0000	44.0000	-0.0113	17.5332
405.0000	23.0000	65.6490	42.4715
405.0000	44.0000	-0.0112	17.6084
406.0000	23.0000	65.6491	42.4713
406.0000	44.0000	-0.0110	17.6894
407.0000	23.0000	65.6491	42.4714
407.0000	44.0000	-0.0108	17.7766
408.0000	23.0000	65.6491	42.4714
408.0000	44.0000	-0.0106	17.8696
409.0000	23.0000	65.6491	42.4714
409.0000	44.0000	-0.0104	17.9684
410.0000	23.0000	65.6490	42.4716
410.0000	44.0000	-0.0103	18.0115
411.0000	23.0000	65.6491	42.4707
411.0000	44.0000	-0.0103	18.0111
412.0000	23.0000	65.6491	42.4707
412.0000	44.0000	-0.0103	18.0131
413.0000	23.0000	65.6491	42.4707
413.0000	44.0000	-0.0103	18.0144
414.0000	23.0000	65.6491	42.4707
414.0000	44.0000	-0.0103	18.0149
415.0000	23.0000	65.6491	42.4707
415.0000	44.0000	-0.0103	18.0152
416.0000	23.0000	65.6491	42.4707
416.0000	44.0000	-0.0103	18.0154
417.0000	23.0000	65.6491	42.4707
417.0000	44.0000	-0.0103	18.0154
418.0000	23.0000	65.6491	42.4717
418.0000	44.0000	-0.0103	18.0155
419.0000	23.0000	65.6491	42.4717
419.0000	44.0000	-0.0103	18.0155
420.0000	23.0000	65.6491	42.4717
420.0000	44.0000	-0.0103	18.0155
421.0000	23.0000	65.6491	42.4718
421.0000	44.0000	-0.0103	18.0156
422.0000	23.0000	65.6492	42.4710
422.0000	44.0000	-0.0102	18.0149
423.0000	23.0000	65.6492	42.4710
423.0000	44.0000	-0.0102	18.0149
424.0000	23.0000	65.6492	42.4710
424.0000	44.0000	-0.0102	18.0149
425.0000	23.0000	65.6492	42.4710
425.0000	44.0000	-0.0102	18.0149
426.0000	23.0000	65.6492	42.4710
426.0000	44.0000	-0.0102	18.0149
427.0000	23.0000	65.6492	42.4710
427.0000	44.0000	-0.0102	18.0149
428.0000	23.0000	65.6492	42.4710
428.0000	44.0000	-0.0102	18.0149
429.0000	23.0000	65.6492	42.4710
429.0000	44.0000	-0.0102	18.0149
430.0000	23.0000	65.6492	42.4710
430.0000	44.0000	-0.0102	18.0149
431.0000	23.0000	65.6492	42.4710
431.0000	44.0000	-0.0102	18.0149
432.0000	23.0000	65.6492	42.4710
432.0000	44.0000	-0.0102	18.0149
433.0000	23.0000	65.6492	42.4710
433.0000	44.0000	-0.0102	18.0149
434.0000	23.0000	65.6492	42.4710
434.0000	44.0000	-0.0102	18.0149
435.0000	23.0000	65.6492	42.4710
435.0000	44.0000	-0.0102	18.0149
436.0000	23.0000	65.6492	42.4710
436.0000	44.0000	-0.0102	18.0149
437.0000	23.0000	65.6492	42.4710
437.0000	44.0000	-0.0102	18.0149
438.0000	23.0000	65.6492	42.4710
438.0000	44.0000	-0.0102	18.0149
439.0000	23.0000	65.6492	42.4710
439.0000	44.0000	-0.0102	18.0149
440.0000	23.0000	65.6492	42.4710
440.0000	44.0000	-0.0102	18.0149
441.0000	23.0000	65.6492	42.4710
441.0000	44.0000	-0.0102	18.0149
442.0000	23.0000	65.6492	42.4720
442.0000	44.0000	-0.0102	18.0149
443.0000	23.0000	65.6492	42.4720
443.0000	44.0000	-0.0102	18.0149
444.0000	23.0000	65.6492	42.4721
444.0000	44.0000	-0.0102	18.0150
445.0000	23.0000	65.6492	42.4684
445.0000	44.0000	-0.0102	18.0113
446.0000	23.0000	65.6445	42.4661
446.0000	44.0000	-0.0124	18.0021
447.0000	23.0000	65.6778	42.3790
447.0000	44.0000	0.0027	17.9641
448.0000	23.0000	65.6714	42.3274
448.0000	44.0000	-0.0002	17.9031
449.0000	23.0000	65.6716	42.3252
449.0000	44.0000	-0.0001	17.9010
450.0000	23.0000	65.6716	42.3252
450.0000	44.0000	-0.0001	17.9010
451.0000	23.0000	65.6716	42.3252
451.0000	44.0000	-0.0001	17.9011
452.0000	23.0000	65.6716	42.3252
452.0000	44.0000	-0.0001	17.9011
453.0000	23.0000	65.6716	42.3251
453.0000	44.0000	-0.0001	17.9011
454.0000	23.0000	65.6717	42.3262
454.0000	44.0000	-0.0001	17.9011
455.0000	23.0000	65.6717	42.3261
455.0000	44.0000	-0.0001	17.9011
456.0000	23.0000	65.6717	42.3263
456.0000	44.0000	-0.0001	17.9012
457.0000	23.0000	65.6718	42.3254
457.0000	44.0000	-0.0001	17.9005
458.0000	23.0000	65.6718	42.3254
458.0000	44.0000	-0.0001	17.9005
459.0000	23.0000	65.6718	42.3254
459.0000	44.0000	-0.0001	17.9005
460.0000	23.0000	65.6718	42.3255
460.0000	44.0000	-0.0001	17.9006
461.0000	23.0000	65.6718	42.3247
461.0000	44.0000	-0.0000	17.8999
462.0000	23.0000	65.6718	42.3247
462.0000	44.0000	-0.0000	17.8999
463.0000	23.0000	65.6718	42.3247
463.0000	44.0000	-0.0000	17.8999
464.0000	23.0000	65.6718	42.3248
464.0000	44.0000	-0.0000	17.9000
465.0000	23.0000	65.6718	42.3208
465.0000	44.0000	-0.0000	17.8960
466.0000	23.0000	65.6447	42.3464
466.0000	44.0000	-0.0123	17.8817
467.0000	23.0000	65.6221	42.3321
467.0000	44.0000	-0.0225	17.8341
468.0000	23.0000	65.6229	42.2394
468.0000	44.0000	-0.0220	17.7427
469.0000	23.0000	65.6228	42.1306
469.0000	44.0000	-0.0220	17.6335
470.0000	23.0000	65.6218	42.0078
470.0000	44.0000	-0.0224	17.5092
471.0000	23.0000	65.6220	41.8601
471.0000	44.0000	-0.0223	17.3616
472.0000	23.0000	65.6224	41.7040
472.0000	44.0000	-0.0221	17.2058
473.0000	23.0000	65.6227	41.5822
473.0000	44.0000	-0.0219	17.0841
474.0000	23.0000	65.6231	41.5417
474.0000	44.0000	-0.0217	17.0437
475.0000	23.0000	65.6231	41.5418
475.0000	44.0000	-0.0217	17.0439
476.0000	23.0000	65.6231	41.5421
476.0000	44.0000	-0.0217	17.0443
477.0000	23.0000	65.6230	41.5421
477.0000	44.0000	-0.0217	17.0444
478.0000	23.0000	65.6230	41.5421
478.0000	44.0000	-0.0217	17.0445
479.0000	23.0000	65.6230	41.5422
479.0000	44.0000	-0.0217	17.0445
480.0000	23.0000	65.6230	41.5422
480.0000	44.0000	-0.0217	17.0445
481.0000	23.0000	65.6230	41.5422
481.0000	44.0000	-0.0217	17.0446
482.0000	23.0000	65.6230	41.5422
482.0000	44.0000	-0.0217	17.0446
483.0000	23.0000	65.6230	41.5422
483.0000	44.0000	-0.0217	17.0446
484.0000	23.0000	65.6230	41.5422
484.0000	44.0000	-0.0217	17.0446
485.0000	23.0000	65.6230	41.5421
485.0000	44.0000	-0.0217	17.0446
486.0000	23.0000	65.6231	41.5431
486.0000	44.0000	-0.0217	17.0446
487.0000	23.0000	65.6231	41.5451
487.0000	44.0000	-0.0217	17.0446
488.0000	23.0000	65.6231	41.5444
488.0000	44.0000	-0.0217	17.0447
489.0000	23.0000	65.6232	41.5436
489.0000	44.0000	-0.0217	17.0440
490.0000	23.0000	65.6232	41.5437
490.0000	44.0000	-0.0217	17.0440
491.0000	23.0000	65.6232	41.5437
491.0000	44.0000	-0.0217	17.0440
492.0000	23.0000	65.6232	41.5437
492.0000	44.0000	-0.0217	17.0440
493.0000	23.0000	65.6232	41.5437
493.0000	44.0000	-0.0217	17.0440
494.0000	23.0000	65.6232	41.5437
494.0000	44.0000	-0.0217	17.0440
495.0000	23.0000	65.6232	41.5437
495.0000	44.0000	-0.0217	17.0440
496.0000	23.0000	65.6232	41.5437
496.0000	44.0000	-0.0217	17.0440
497.0000	23.0000	65.6232	41.5437
497.0000	44.0000	-0.0217	17.0440
498.0000	23.0000	65.6232	41.5437
498.0000	44.0000	-0.0217	17.0440
499.0000	23.0000	65.6232	41.5437
499.0000	44.0000	-0.0217	17.0440
500.0000	23.0000	65.6232	41.5438
500.0000	44.0000	-0.0217	17.0441
501.0000	23.0000	65.6232	41.5430
501.0000	44.0000	-0.0216	17.0434
502.0000	23.0000	65.6232	41.5430
502.0000	44.0000	-0.0216	17.0434
503.0000	23.0000	65.6232	41.5430
503.0000	44.0000	-0.0216	17.0434
504.0000	23.0000	65.6232	41.5430
504.0000	44.0000	-0.0216	17.0434
505.0000	23.0000	65.6232	41.5431
505.0000	44.0000	-0.0216	17.0435
506.0000	23.0000	65.6233	41.5423
506.0000	44.0000	-0.0216	17.0428
507.0000	23.0000	65.6233	41.5423
507.0000	44.0000	-0.0216	17.0428
508.0000	23.0000	65.6233	41.5423
508.0000	44.0000	-0.0216	17.0428
509.0000	23.0000	65.6233	41.5423
509.0000	44.0000	-0.0216	17.0428
510.0000	23.0000	65.6233	41.5423
510.0000	44.0000	-0.0216	17.0428
511.0000	23.0000	65.6233	41.5423
511.0000	44.0000	-0.0216	17.0428
512.0000	23.0000	65.6233	41.5423
512.0000	44.0000	-0.0216	17.0428
513.0000	23.0000	65.6233	41.5424
513.0000	44.0000	-0.0216	17.0429
514.0000	23.0000	65.6233	41.5386
514.0000	44.0000	-0.0216	17.0392
515.0000	23.0000	65.6234	41.5391
515.0000	44.0000	-0.0216	17.0387
516.0000	23.0000	65.6234	41.5390
516.0000	44.0000	-0.0216	17.0387
517.0000	23.0000	65.6234	41.5391
517.0000	44.0000	-0.0216	17.0386
518.0000	23.0000	65.6233	41.5391
518.0000	44.0000	-0.0216	17.0387
519.0000	23.0000	65.6233	41.5391
519.0000	44.0000	-0.0216	17.0387
520.0000	23.0000	65.6233	41.5391
520.0000	44.0000	-0.0216	17.0387
521.0000	23.0000	65.6233	41.5391
521.0000	44.0000	-0.0216	17.0387
522.0000	23.0000	65.6233	41.5391
522.0000	44.0000	-0.0216	17.0387
523.0000	23.0000	65.6233	41.5391
523.0000	44.0000	-0.0216	17.0387
524.0000	23.0000	65.6233	41.5391
524.0000	44.0000	-0.0216	17.0387
525.0000	23.0000	65.6233	41.5391
525.0000	44.0000	-0.0216	17.0387
526.0000	23.0000	65.6233	41.5391
526.0000	44.0000	-0.0216	17.0387
527.0000	23.0000	65.6233	41.5390
527.0000	44.0000	-0.0216	17.0387
528.0000	23.0000	65.6234	41.5401
528.0000	44.0000	-0.0216	17.0387
529.0000	23.0000	65.6234	41.5421
529.0000	44.0000	-0.0216	17.0388
530.0000	23.0000	65.6235	41.5406
530.0000	44.0000	-0.0216	17.0381
531.0000	23.0000	65.6235	41.5406
531.0000	44.0000	-0.0216	17.0381
532.0000	23.0000	65.6235	41.5406
532.0000	44.0000	-0.0216	17.0381
533.0000	23.0000	65.6235	41.5407
533.0000	44.0000	-0.0216	17.0381
534.0000	23.0000	65.6235	41.5407
534.0000	44.0000	-0.0216	17.0381
535.0000	23.0000	65.6235	41.5407
535.0000	44.0000	-0.0216	17.0381
536.0000	23.0000	65.6235	41.5407
536.0000	44.0000	-0.0216	17.0381
537.0000	23.0000	65.6235	41.5407
537.0000	44.0000	-0.0216	17.0381
538.0000	23.0000	65.6235	41.5407
538.0000	44.0000	-0.0216	17.0381
539.0000	23.0000	65.6235	41.5407
539.0000	44.0000	-0.0216	17.0381
540.0000	23.0000	65.6235	41.5407
540.0000	44.0000	-0.0216	17.0381
541.0000	23.0000	65.6235	41.5407
541.0000	44.0000	-0.0216	17.0381
542.0000	23.0000	65.6235	41.5407
542.0000	44.0000	-0.0216	17.0381
543.0000	23.0000	65.6235	41.5407
543.0000	44.0000	-0.0216	17.0381
544.0000	23.0000	65.6235	41.5407
544.0000	44.0000	-0.0216	17.0381
545.0000	23.0000	65.6235	41.5406
545.0000	44.0000	-0.0216	17.0381
546.0000	23.0000	65.6235	41.5416
546.0000	44.0000	-0.0216	17.0381
547.0000	23.0000	65.6235	41.5416
547.0000	44.0000	-0.0216	17.0381
548.0000	23.0000	65.6235	41.5416
548.0000	44.0000	-0.0216	17.0381
549.0000	23.0000	65.6235	41.5416
549.0000	44.0000	-0.0216	17.0381
550.0000	23.0000	65.6235	41.5426
550.0000	44.0000	-0.0216	17.0381
551.0000	23.0000	65.6235	41.5426
551.0000	44.0000	-0.0216	17.0381
552.0000	23.0000	65.6235	41.5426
552.0000	44.0000	-0.0216	17.0381
553.0000	23.0000	65.6235	41.5427
553.0000	44.0000	-0.0216	17.0381
554.0000	23.0000	65.6235	41.5427
554.0000	44.0000	-0.0216	17.0381
555.0000	23.0000	65.6235	41.5427
555.0000	44.0000	-0.0216	17.0381
556.0000	23.0000	65.6235	41.5427
556.0000	44.0000	-0.0216	17.0380
557.0000	23.0000	65.6235	41.5427
557.0000	44.0000	-0.0216	17.0397
558.0000	23.0000	65.6235	41.5427
558.0000	44.0000	-0.0215	17.0453
559.0000	23.0000	65.6235	41.5427
559.0000	44.0000	-0.0216	17.0590
560.0000	23.0000	65.6235	41.5427
560.0000	44.0000	-0.0215	17.0795
561.0000	23.0000	65.6235	41.5426
561.0000	44.0000	-0.0215	17.1095
562.0000	23.0000	65.6235	41.5436
562.0000	44.0000	-0.0215	17.1466
563.0000	23.0000	65.6235	41.5436
563.0000	44.0000	-0.0213	17.1909
564.0000	23.0000	65.6235	41.5436
564.0000	44.0000	-0.0212	17.2419
565.0000	23.0000	65.6235	41.5436
565.0000	44.0000	-0.0210	17.2995
566.0000	23.0000	65.6235	41.5436
566.0000	44.0000	-0.0209	17.3634
567.0000	23.0000	65.6235	41.5436
567.0000	44.0000	-0.0207	17.4331
568.0000	23.0000	65.6235	41.5436
568.0000	44.0000	-0.0206	17.5069
569.0000	23.0000	65.6235	41.5436
569.0000	44.0000	-0.0204	17.5866
570.0000	23.0000	65.6235	41.5435
570.0000	44.0000	-0.0203	17.6724
571.0000	23.0000	65.6236	41.5446
571.0000	44.0000	-0.0202	17.7640
572.0000	23.0000	65.6236	41.5445
572.0000	44.0000	-0.0200	17.8613
573.0000	23.0000	65.6236	41.5446
573.0000	44.0000	-0.0201	17.9035
574.0000	23.0000	65.6236	41.5446
574.0000	44.0000	-0.0200	17.9038
575.0000	23.0000	65.6236	41.5446
575.0000	44.0000	-0.0200	17.9058
576.0000	23.0000	65.6236	41.5446
576.0000	44.0000	-0.0200	17.9070
577.0000	23.0000	65.6236	41.5446
577.0000	44.0000	-0.0200	17.9077
578.0000	23.0000	65.6236	41.5446
578.0000	44.0000	-0.0200	17.9161
579.0000	23.0000	65.6236	41.5446
579.0000	44.0000	-0.0199	17.9170
580.0000	23.0000	65.6236	41.5446
580.0000	44.0000	-0.0199	17.9185
581.0000	23.0000	65.6236	41.5446
581.0000	44.0000	-0.0199	17.9250
582.0000	23.0000	65.6236	41.5446
582.0000	44.0000	-0.0199	17.9409
583.0000	23.0000	65.6236	41.5446
583.0000	44.0000	-0.0199	17.9644
584.0000	23.0000	65.6236	41.5446
584.0000	44.0000	-0.0199	17.9953
585.0000	23.0000	65.6236	41.5446
585.0000	44.0000	-0.0198	18.0335
586.0000	23.0000	65.6236	41.5446
586.0000	44.0000	-0.0196	18.0787
587.0000	23.0000	65.6236	41.5446
587.0000	44.0000	-0.0195	18.1291
588.0000	23.0000	65.6236	41.5445
588.0000	44.0000	-0.0193	18.1824
589.0000	23.0000	65.6236	41.5455
589.0000	44.0000	-0.0192	18.2419
590.0000	23.0000	65.6236	41.5455
590.0000	44.0000	-0.0190	18.3077
591.0000	23.0000	65.6236	41.5455
591.0000	44.0000	-0.0188	18.3786
592.0000	23.0000	65.6236	41.5455
592.0000	44.0000	-0.0187	18.4539
593.0000	23.0000	65.6236	41.5455
593.0000	44.0000	-0.0185	18.5352
594.0000	23.0000	65.6236	41.5455
594.0000	44.0000	-0.0183	18.6226
595.0000	23.0000	65.6236	41.5455
595.0000	44.0000	-0.0180	18.7157
596.0000	23.0000	65.6236	41.5455
596.0000	44.0000	-0.0178	18.8146
597.0000	23.0000	65.6236	41.5455
597.0000	44.0000	-0.0176	18.9190
598.0000	23.0000	65.6236	41.5455
598.0000	44.0000	-0.0175	18.9660
599.0000	23.0000	65.6236	41.5455
599.0000	44.0000	-0.0175	18.9662
600.0000	23.0000	65.6236	41.5455
600.0000	44.0000	-0.0175	18.9684
601.0000	23.0000	65.6236	41.5455
601.0000	44.0000	-0.0175	18.9697
602.0000	23.0000	65.6236	41.5455
602.0000	44.0000	-0.0175	18.9703
603.0000	23.0000	65.6236	41.5455
603.0000	44.0000	-0.0175	18.9706
604.0000	23.0000	65.6236	41.5455
604.0000	44.0000	-0.0175	18.9708
605.0000	23.0000	65.6236	41.5455
605.0000	44.0000	-0.0175	18.9708
606.0000	23.0000	65.6236	41.5455
606.0000	44.0000	-0.0175	18.9709
607.0000	23.0000	65.6236	41.5465
607.0000	44.0000	-0.0175	18.9709
608.0000	23.0000	65.6236	41.5465
608.0000	44.0000	-0.0175	18.9709
609.0000	23.0000	65.6236	41.5465
609.0000	44.0000	-0.0175	18.9709
610.0000	23.0000	65.6236	41.5465
610.0000	44.0000	-0.0175	18.9709
611.0000	23.0000	65.6236	41.5465
611.0000	44.0000	-0.0175	18.9709
612.0000	23.0000	65.6236	41.5465
612.0000	44.0000	-0.0175	18.9709
613.0000	23.0000	65.6236	41.5464
613.0000	44.0000	-0.0175	18.9709
614.0000	23.0000	65.6237	41.5474
614.0000	44.0000	-0.0175	18.9709
615.0000	23.0000	65.6237	41.5474
615.0000	44.0000	-0.0175	18.9709
616.0000	23.0000	65.6237	41.5474
616.0000	44.0000	-0.0175	18.9709
617.0000	23.0000	65.6237	41.5475
617.0000	44.0000	-0.0175	18.9709
618.0000	23.0000	65.6237	41.5475
618.0000	44.0000	-0.0175	18.9709
619.0000	23.0000	65.6237	41.5475
619.0000	44.0000	-0.0175	18.9709
620.0000	23.0000	65.6237	41.5475
620.0000	44.0000	-0.0175	18.9709
621.0000	23.0000	65.6237	41.5475
621.0000	44.0000	-0.0175	18.9709
622.0000	23.0000	65.6237	41.5475
622.0000	44.0000	-0.0175	18.9709
623.0000	23.0000	65.6237	41.5475
623.0000	44.0000	-0.0175	18.9709
624.0000	23.0000	65.6237	41.5475
624.0000	44.0000	-0.0175	18.9709
625.0000	23.0000	65.6237	41.5475
625.0000	44.0000	-0.0175	18.9709
626.0000	23.0000	65.6237	41.5475
626.0000	44.0000	-0.0175	18.9709
627.0000	23.0000	65.6237	41.5475
627.0000	44.0000	-0.0175	18.9710
628.0000	23.0000	65.6237	41.5468
628.0000	44.0000	-0.0175	18.9673
629.0000	23.0000	65.6140	41.5589
629.0000	44.0000	-0.0220	18.9582
630.0000	23.0000	65.5988	41.5518
630.0000	44.0000	-0.0288	18.9182
631.0000	23.0000	65.6135	41.4711
631.0000	44.0000	-0.0221	18.8591
632.0000	23.0000	65.6123	41.4749
632.0000	44.0000	-0.0232	18.8534
633.0000	23.0000	65.6524	41.3787
633.0000	44.0000	-0.0038	18.8174
634.0000	23.0000	65.6536	41.2961
634.0000	44.0000	-0.0030	18.7372
635.0000	23.0000	65.6534	41.1692
635.0000	44.0000	-0.0030	18.6101
636.0000	23.0000	65.6534	41.0172
636.0000	44.0000	-0.0030	18.4581
637.0000	23.0000	65.6536	40.8734
637.0000	44.0000	-0.0029	18.3143
638.0000	23.0000	65.6537	40.7204
638.0000	44.0000	-0.0029	18.1615
639.0000	23.0000	65.6539	40.5480
639.0000	44.0000	-0.0028	17.9892
640.0000	23.0000	65.6540	40.3671
640.0000	44.0000	-0.0027	17.8085
641.0000	23.0000	65.6542	40.1843
641.0000	44.0000	-0.0026	17.6259
642.0000	23.0000	65.6544	39.9910
642.0000	44.0000	-0.0026	17.4328
643.0000	23.0000	65.6545	39.7867
643.0000	44.0000	-0.0025	17.2288
644.0000	23.0000	65.6547	39.5821
644.0000	44.0000	-0.0024	17.0245
645.0000	23.0000	65.6548	39.3674
645.0000	44.0000	-0.0024	16.8100
646.0000	23.0000	65.6550	39.1398
646.0000	44.0000	-0.0023	16.5827
647.0000	23.0000	65.6552	38.9253
647.0000	44.0000	-0.0022	16.3684
648.0000	23.0000	65.6554	38.7183
648.0000	44.0000	-0.0021	16.1618
649.0000	23.0000	65.6557	38.5509
649.0000	44.0000	-0.0020	15.9916
650.0000	23.0000	65.6566	38.4438
650.0000	44.0000	-0.0019	15.8798
651.0000	23.0000	65.6571	38.4137
651.0000	44.0000	-0.0016	15.8508
652.0000	23.0000	65.6570	38.4140
652.0000	44.0000	-0.0016	15.8511
653.0000	23.0000	65.6570	38.4144
653.0000	44.0000	-0.0016	15.8515
654.0000	23.0000	65.6570	38.4146
654.0000	44.0000	-0.0016	15.8517
655.0000	23.0000	65.6571	38.4147
655.0000	44.0000	-0.0016	15.8518
656.0000	23.0000	65.6570	38.4147
656.0000	44.0000	-0.0016	15.8518
657.0000	23.0000	65.6570	38.4147
657.0000	44.0000	-0.0016	15.8518
658.0000	23.0000	65.6570	38.4147
658.0000	44.0000	-0.0016	15.8518
659.0000	23.0000	65.6570	38.4146
659.0000	44.0000	-0.0016	15.8519
660.0000	23.0000	65.6571	38.4176
660.0000	44.0000	-0.0016	15.8519
661.0000	23.0000	65.6581	38.4247
661.0000	44.0000	-0.0016	15.8520
662.0000	23.0000	65.6578	38.4236
662.0000	44.0000	-0.0015	15.8513
663.0000	23.0000	65.6576	38.4237
663.0000	44.0000	-0.0015	15.8513
664.0000	23.0000	65.6576	38.4240
664.0000	44.0000	-0.0015	15.8513
665.0000	23.0000	65.6577	38.4242
665.0000	44.0000	-0.0015	15.8513
666.0000	23.0000	65.6577	38.4242
666.0000	44.0000	-0.0015	15.8513
667.0000	23.0000	65.6578	38.4242
667.0000	44.0000	-0.0015	15.8513
668.0000	23.0000	65.6578	38.4243
668.0000	44.0000	-0.0015	15.8514
669.0000	23.0000	65.6579	38.4265
669.0000	44.0000	-0.0015	15.8507
670.0000	23.0000	65.6591	38.4319
670.0000	44.0000	-0.0015	15.8507
671.0000	23.0000	65.6605	38.4439
671.0000	44.0000	-0.0015	15.8507
672.0000	23.0000	65.6614	38.4611
672.0000	44.0000	-0.0015	15.8507
673.0000	23.0000	65.6621	38.4841
673.0000	44.0000	-0.0015	15.8507
674.0000	23.0000	65.6628	38.5124
674.0000	44.0000	-0.0015	15.8507
675.0000	23.0000	65.6622	38.5087
675.0000	44.0000	-0.0015	15.8507
676.0000	23.0000	65.6623	38.5101
676.0000	44.0000	-0.0015	15.8507
677.0000	23.0000	65.6629	38.5137
677.0000	44.0000	-0.0015	15.8507
678.0000	23.0000	65.6634	38.5149
678.0000	44.0000	-0.0015	15.8507
679.0000	23.0000	65.6636	38.5150
679.0000	44.0000	-0.0015	15.8507
680.0000	23.0000	65.6636	38.5152
680.0000	44.0000	-0.0015	15.8507
681.0000	23.0000	65.6635	38.5152
681.0000	44.0000	-0.0015	15.8506
682.0000	23.0000	65.6635	38.5152
682.0000	44.0000	-0.0015	15.8523
683.0000	23.0000	65.6637	38.5205
683.0000	44.0000	-0.0017	15.8579
684.0000	23.0000	65.6635	38.5205
684.0000	44.0000	-0.0013	15.8734
685.0000	23.0000	65.6635	38.5205
685.0000	44.0000	-0.0013	15.8936
686.0000	23.0000	65.6635	38.5207
686.0000	44.0000	-0.0015	15.8944
687.0000	23.0000	65.6635	38.5208
687.0000	44.0000	-0.0015	15.8947
688.0000	23.0000	65.6636	38.5208
688.0000	44.0000	-0.0015	15.8951
689.0000	23.0000	65.6636	38.5209
689.0000	44.0000	-0.0015	15.9026
690.0000	23.0000	65.6636	38.5209
690.0000	44.0000	-0.0015	15.9171
691.0000	23.0000	65.6636	38.5209
691.0000	44.0000	-0.0014	15.9365
692.0000	23.0000	65.6636	38.5209
692.0000	44.0000	-0.0014	15.9633
693.0000	23.0000	65.6636	38.5209
693.0000	44.0000	-0.0013	15.9970
694.0000	23.0000	65.6636	38.5209
694.0000	44.0000	-0.0013	16.0373
695.0000	23.0000	65.6636	38.5209
695.0000	44.0000	-0.0012	16.0842
696.0000	23.0000	65.6636	38.5209
696.0000	44.0000	-0.0011	16.1377
697.0000	23.0000	65.6636	38.5209
697.0000	44.0000	-0.0010	16.1977
698.0000	23.0000	65.6636	38.5209
698.0000	44.0000	-0.0009	16.2643
699.0000	23.0000	65.6636	38.5209
699.0000	44.0000	-0.0008	16.3373
700.0000	23.0000	65.6636	38.5209
700.0000	44.0000	-0.0007	16.4165
701.0000	23.0000	65.6636	38.5208
701.0000	44.0000	-0.0006	16.5019
702.0000	23.0000	65.6636	38.5238
702.0000	44.0000	-0.0005	16.5931
703.0000	23.0000	65.6643	38.5283
703.0000	44.0000	-0.0004	16.6902
704.0000	23.0000	65.6656	38.5396
704.0000	44.0000	-0.0002	16.7928
705.0000	23.0000	65.6646	38.5390
705.0000	44.0000	0.0001	16.9010
706.0000	23.0000	65.6642	38.5393
706.0000	44.0000	0.0003	17.0145
707.0000	23.0000	65.6643	38.5397
707.0000	44.0000	0.0005	17.1334
708.0000	23.0000	65.6646	38.5400
708.0000	44.0000	0.0007	17.2573
709.0000	23.0000	65.6649	38.5401
709.0000	44.0000	0.0009	17.3864
710.0000	23.0000	65.6649	38.5401
710.0000	44.0000	0.0011	17.5203
711.0000	23.0000	65.6649	38.5401
711.0000	44.0000	0.0013	17.6591
712.0000	23.0000	65.6649	38.5401
712.0000	44.0000	0.0015	17.8027
713.0000	23.0000	65.6649	38.5401
713.0000	44.0000	0.0017	17.9509
714.0000	23.0000	65.6649	38.5401
714.0000	44.0000	0.0019	18.1037
715.0000	23.0000	65.6649	38.5401
715.0000	44.0000	0.0021	18.2607
716.0000	23.0000	65.6649	38.5400
716.0000	44.0000	0.0022	18.3216
717.0000	23.0000	65.6649	38.5430
717.0000	44.0000	0.0022	18.3375
718.0000	23.0000	65.6656	38.5487
718.0000	44.0000	0.0023	18.4373
719.0000	23.0000	65.6653	38.5486
719.0000	44.0000	0.0026	18.5430
720.0000	23.0000	65.6651	38.5487
720.0000	44.0000	0.0028	18.6535
721.0000	23.0000	65.6651	38.5489
721.0000	44.0000	0.0030	18.7667
722.0000	23.0000	65.6651	38.5491
722.0000	44.0000	0.0031	18.8697
723.0000	23.0000	65.6652	38.5491
723.0000	44.0000	0.0033	18.9734
724.0000	23.0000	65.6653	38.5491
724.0000	44.0000	0.0035	19.0826
725.0000	23.0000	65.6653	38.5493
725.0000	44.0000	0.0036	19.1350
726.0000	23.0000	65.6653	38.5484
726.0000	44.0000	0.0036	19.1475
727.0000	23.0000	65.6653	38.5484
727.0000	44.0000	0.0036	19.1615
728.0000	23.0000	65.6653	38.5484
728.0000	44.0000	0.0037	19.1685
729.0000	23.0000	65.6653	38.5484
729.0000	44.0000	0.0036	19.1893
730.0000	23.0000	65.6654	38.5514
730.0000	44.0000	0.0037	19.1905
731.0000	23.0000	65.6662	38.5579
731.0000	44.0000	0.0037	19.1908
732.0000	23.0000	65.6675	38.5694
732.0000	44.0000	0.0037	19.1912
733.0000	23.0000	65.6665	38.5687
733.0000	44.0000	0.0037	19.1914
734.0000	23.0000	65.6661	38.5690
734.0000	44.0000	0.0037	19.1914
735.0000	23.0000	65.6662	38.5695
735.0000	44.0000	0.0037	19.1945
736.0000	23.0000	65.6665	38.5699
736.0000	44.0000	0.0035	19.2028
737.0000	23.0000	65.6667	38.5663
737.0000	44.0000	0.0037	19.2147
738.0000	23.0000	65.6770	38.5403
738.0000	44.0000	0.0091	19.2303
739.0000	23.0000	65.7089	38.4475
739.0000	44.0000	0.0259	19.2214
740.0000	23.0000	65.7077	38.3646
740.0000	44.0000	0.0254	19.1760
741.0000	23.0000	65.7077	38.2495
741.0000	44.0000	0.0257	19.1073
742.0000	23.0000	65.7079	38.1416
742.0000	44.0000	0.0261	19.0524
743.0000	23.0000	65.7079	38.0191
743.0000	44.0000	0.0264	18.9895
744.0000	23.0000	65.7080	37.8781
744.0000	44.0000	0.0268	18.9134
745.0000	23.0000	65.7081	37.7452
745.0000	44.0000	0.0271	18.8512
746.0000	23.0000	65.7082	37.6029
746.0000	44.0000	0.0274	18.7844
747.0000	23.0000	65.7082	37.4399
747.0000	44.0000	0.0277	18.7031
748.0000	23.0000	65.7083	37.2664
748.0000	44.0000	0.0280	18.6172
749.0000	23.0000	65.7083	37.0917
749.0000	44.0000	0.0284	18.5330
750.0000	23.0000	65.7074	36.9140
750.0000	44.0000	0.0287	18.4482
751.0000	23.0000	65.7066	36.7708
751.0000	44.0000	0.0292	18.3987
752.0000	23.0000	65.7065	36.6907
752.0000	44.0000	0.0297	18.4137
753.0000	23.0000	65.7067	36.7059
753.0000	44.0000	0.0303	18.5240
754.0000	23.0000	65.7070	36.7340
754.0000	44.0000	0.0307	18.6451
755.0000	23.0000	65.7072	36.7715
755.0000	44.0000	0.0311	18.7711
756.0000	23.0000	65.7080	36.8255
756.0000	44.0000	0.0316	18.9020
757.0000	23.0000	65.7089	36.8935
757.0000	44.0000	0.0321	19.0378
758.0000	23.0000	65.7101	36.9796
758.0000	44.0000	0.0327	19.1784
759.0000	23.0000	65.7131	37.1058
759.0000	44.0000	0.0332	19.3236
759.0000	50.0000	-54.0129	58.7066
760.0000	23.0000	65.7153	37.2302
760.0000	44.0000	0.0338	19.4735
760.0000	50.0000	-53.6050	58.7065
761.0000	23.0000	65.7182	37.3631
761.0000	44.0000	0.0344	19.6280
761.0000	50.0000	-53.1932	58.7063
762.0000	23.0000	65.7219	37.5004
762.0000	44.0000	0.0349	19.7818
762.0000	50.0000	-52.7777	58.7022
763.0000	23.0000	65.7279	37.6660
763.0000	44.0000	0.0355	19.9438
763.0000	50.0000	-52.3583	58.7013
764.0000	23.0000	65.7295	37.6906
764.0000	44.0000	0.0361	20.1203
764.0000	50.0000	-51.9354	58.6993
765.0000	23.0000	65.7312	37.7641
765.0000	44.0000	0.0367	20.3028
765.0000	50.0000	-51.5089	58.6983
766.0000	23.0000	65.7308	37.7754
766.0000	44.0000	0.0373	20.4905
766.0000	50.0000	-51.0788	58.6976
767.0000	23.0000	65.7311	37.7948
767.0000	44.0000	0.0379	20.6832
767.0000	50.0000	-50.6453	58.6968
768.0000	23.0000	65.7337	37.8521
768.0000	44.0000	0.0385	20.8805
768.0000	50.0000	-50.2083	58.6960
769.0000	23.0000	65.7366	37.9036
769.0000	44.0000	0.0391	21.0825
769.0000	50.0000	-49.7680	58.6951
770.0000	23.0000	65.7388	37.9594
770.0000	44.0000	0.0395	21.2076
770.0000	50.0000	-49.3244	58.6941
771.0000	23.0000	65.7407	38.0213
771.0000	44.0000	0.0395	21.2101
771.0000	50.0000	-48.8775	58.6931
772.0000	23.0000	65.7430	38.1046
772.0000	44.0000	0.0398	21.3141
772.0000	50.0000	-48.4279	58.6920
773.0000	23.0000	65.7458	38.2230
773.0000	44.0000	0.0401	21.4464
773.0000	50.0000	-47.9782	58.6909
774.0000	23.0000	65.7462	38.2398
774.0000	44.0000	0.0405	21.5790
774.0000	50.0000	-47.5110	58.6891
775.0000	23.0000	65.7473	38.2852
775.0000	44.0000	0.0408	21.7177
775.0000	50.0000	-47.0357	58.6878
776.0000	23.0000	65.7480	38.2903
776.0000	44.0000	0.0412	21.8618
776.0000	50.0000	-46.5560	58.6865
777.0000	23.0000	65.7493	38.3157
777.0000	44.0000	0.0415	22.0108
777.0000	50.0000	-46.0725	58.6851
778.0000	23.0000	65.7515	38.3463
778.0000	44.0000	0.0418	22.1052
778.0000	50.0000	-45.5855	58.6837
779.0000	23.0000	65.7527	38.3806
779.0000	44.0000	0.0418	22.1233
779.0000	50.0000	-45.0951	58.6822
780.0000	23.0000	65.7535	38.4196
780.0000	44.0000	0.0421	22.1981
780.0000	50.0000	-44.6014	58.6807
781.0000	23.0000	65.7542	38.4829
781.0000	44.0000	0.0422	22.2748
781.0000	50.0000	-44.1046	58.6792
782.0000	23.0000	65.7536	38.4783
782.0000	44.0000	0.0424	22.3567
782.0000	50.0000	-43.6045	58.6777
783.0000	23.0000	65.7543	38.5393
783.0000	44.0000	0.0426	22.4447
783.0000	50.0000	-43.1013	58.6761
784.0000	23.0000	65.7547	38.5353
784.0000	44.0000	0.0428	22.5387
784.0000	50.0000	-42.5951	58.6746
785.0000	23.0000	65.7560	38.5599
785.0000	44.0000	0.0431	22.6376
785.0000	50.0000	-42.0858	58.6724
786.0000	23.0000	65.7582	38.5921
786.0000	44.0000	0.0435	22.7428
786.0000	50.0000	-41.5737	58.6707
787.0000	23.0000	65.7591	38.6275
787.0000	44.0000	0.0436	22.7904
787.0000	50.0000	-41.0587	58.6691
788.0000	23.0000	65.7595	38.6679
788.0000	44.0000	0.0436	22.8038
788.0000	50.0000	-40.5407	58.6676
789.0000	23.0000	65.7596	38.7284
789.0000	44.0000	0.0437	22.8553
789.0000	50.0000	-40.0199	58.6619
790.0000	23.0000	65.7445	38.7332
790.0000	44.0000	0.0348	22.9001
790.0000	50.0000	-39.5178	58.6328
791.0000	23.0000	65.7280	38.7356
791.0000	44.0000	0.0247	22.9189
791.0000	50.0000	-39.0163	58.5702
792.0000	23.0000	65.7178	38.6901
792.0000	44.0000	0.0182	22.9174
792.0000	50.0000	-38.5034	58.4881
793.0000	23.0000	65.7156	38.6863
793.0000	44.0000	0.0166	22.9822
793.0000	50.0000	-37.9756	58.4759
794.0000	23.0000	65.7420	38.6055
794.0000	44.0000	0.0329	23.0221
794.0000	50.0000	-37.4023	58.4589
795.0000	23.0000	65.7391	38.5304
795.0000	44.0000	0.0311	22.9723
795.0000	50.0000	-36.8695	58.3747
796.0000	23.0000	65.7344	38.4329
796.0000	44.0000	0.0283	22.8787
796.0000	50.0000	-36.3368	58.2638
797.0000	23.0000	65.7207	38.4248
797.0000	44.0000	0.0202	22.8895
797.0000	50.0000	-35.8149	58.2204
798.0000	23.0000	65.7207	38.4243
798.0000	44.0000	0.0201	22.9321
798.0000	50.0000	-35.2702	58.2187
799.0000	23.0000	65.7130	38.4180
799.0000	44.0000	0.0154	22.9628
799.0000	50.0000	-34.7345	58.1921
800.0000	23.0000	65.7223	38.3395
800.0000	44.0000	0.0213	22.9553
800.0000	50.0000	-34.1713	58.1353
801.0000	23.0000	65.7222	38.2445
801.0000	44.0000	0.0214	22.9226
801.0000	50.0000	-33.6210	58.0390
802.0000	23.0000	65.7225	38.1411
802.0000	44.0000	0.0217	22.8546
802.0000	50.0000	-33.0669	57.9349
803.0000	23.0000	65.7238	38.0220
803.0000	44.0000	0.0223	22.7729
803.0000	50.0000	-32.4929	57.8178
804.0000	23.0000	65.7238	37.8785
804.0000	44.0000	0.0224	22.6700
804.0000	50.0000	-31.9142	57.6730
805.0000	23.0000	65.7238	37.7211
805.0000	44.0000	0.0225	22.5594
805.0000	50.0000	-31.4177	57.5146
806.0000	23.0000	65.7239	37.5697
806.0000	44.0000	0.0225	22.4609
806.0000	50.0000	-31.1376	57.3627
807.0000	23.0000	65.7240	37.4588
807.0000	44.0000	0.0226	22.4075
807.0000	50.0000	-30.8606	57.2515
808.0000	23.0000	65.7243	37.4358
808.0000	44.0000	0.0229	22.4413
808.0000	50.0000	-30.5698	57.2285
809.0000	23.0000	65.7243	37.4353
809.0000	44.0000	0.0230	22.4998
809.0000	50.0000	-30.2747	57.2274
810.0000	23.0000	65.7243	37.4354
810.0000	44.0000	0.0230	22.5647
810.0000	50.0000	-29.9754	57.2268
811.0000	23.0000	65.7243	37.4355
811.0000	44.0000	0.0232	22.6357
811.0000	50.0000	-29.6714	57.2261
812.0000	23.0000	65.7243	37.4355
812.0000	44.0000	0.0232	22.7127
812.0000	50.0000	-29.3692	57.2253
813.0000	23.0000	65.7243	37.4354
813.0000	44.0000	0.0234	22.7957
813.0000	50.0000	-29.0842	57.2246
814.0000	23.0000	65.7242	37.4350
814.0000	44.0000	0.0234	22.8842
814.0000	50.0000	-28.7997	57.2233
815.0000	23.0000	65.7242	37.4347
815.0000	44.0000	0.0235	22.9788
815.0000	50.0000	-28.5102	57.2224
816.0000	23.0000	65.7242	37.4347
816.0000	44.0000	0.0235	23.0793
816.0000	50.0000	-28.2158	57.2218
817.0000	23.0000	65.7242	37.4347
817.0000	44.0000	0.0235	23.1853
817.0000	50.0000	-27.9210	57.2211
818.0000	23.0000	65.7242	37.4348
818.0000	44.0000	0.0237	23.2341
818.0000	50.0000	-27.6400	57.2205
819.0000	23.0000	65.7243	37.4340
819.0000	44.0000	0.0236	23.2336
819.0000	50.0000	-27.3613	57.2193
820.0000	23.0000	65.7243	37.4340
820.0000	44.0000	0.0237	23.2358
820.0000	50.0000	-27.0782	57.2186
821.0000	23.0000	65.7243	37.4340
821.0000	44.0000	0.0237	23.2371
821.0000	50.0000	-26.7903	57.2180
822.0000	23.0000	65.7243	37.4340
822.0000	44.0000	0.0237	23.2378
822.0000	50.0000	-26.5910	57.2175
823.0000	23.0000	65.7243	37.4340
823.0000	44.0000	0.0237	23.2381
823.0000	50.0000	-26.5783	57.2175
824.0000	23.0000	65.7243	37.4340
824.0000	44.0000	0.0237	23.2382
824.0000	50.0000	-26.4558	57.2172
825.0000	23.0000	65.7243	37.4341
825.0000	44.0000	0.0237	23.2384
825.0000	50.0000	-26.2890	57.2170
826.0000	23.0000	65.7243	37.4302
826.0000	44.0000	0.0237	23.2347
826.0000	50.0000	-26.1170	57.2128
827.0000	23.0000	65.7244	37.4297
827.0000	44.0000	0.0238	23.2342
827.0000	50.0000	-25.9387	57.2119
828.0000	23.0000	65.7243	37.4282
828.0000	44.0000	0.0238	23.2326
828.0000	50.0000	-25.7607	57.2099
829.0000	23.0000	65.7291	37.4113
829.0000	44.0000	0.0268	23.2238
829.0000	50.0000	-25.5871	57.2038
830.0000	23.0000	65.7001	37.4567
830.0000	44.0000	0.0082	23.2209
830.0000	50.0000	-25.4600	57.1820
831.0000	23.0000	65.7001	37.4567
831.0000	44.0000	0.0082	23.2209
831.0000	50.0000	-25.2835	57.1817
832.0000	23.0000	65.7001	37.4567
832.0000	44.0000	0.0082	23.2209
832.0000	50.0000	-25.1017	57.1815
833.0000	23.0000	65.7001	37.4568
833.0000	44.0000	0.0082	23.2209
833.0000	50.0000	-25.0209	57.1814
834.0000	23.0000	65.7001	37.4568
834.0000	44.0000	0.0082	23.2209
834.0000	50.0000	-25.0057	57.1814
835.0000	23.0000	65.7001	37.4568
835.0000	44.0000	0.0082	23.2209
835.0000	50.0000	-24.9152	57.1813
836.0000	23.0000	65.7001	37.4568
836.0000	44.0000	0.0082	23.2209
836.0000	50.0000	-24.8306	57.1812
837.0000	23.0000	65.7001	37.4568
837.0000	44.0000	0.0082	23.2209
837.0000	50.0000	-24.7491	57.1810
838.0000	23.0000	65.7001	37.4568
838.0000	44.0000	0.0082	23.2209
838.0000	50.0000	-24.6656	57.1809
839.0000	23.0000	65.7001	37.4568
839.0000	44.0000	0.0082	23.2209
839.0000	50.0000	-24.5880	57.1807
840.0000	23.0000	65.7001	37.4568
840.0000	44.0000	0.0082	23.2209
840.0000	50.0000	-24.5102	57.1806
841.0000	23.0000	65.7001	37.4568
841.0000	44.0000	0.0082	23.2209
841.0000	50.0000	-24.4268	57.1805
842.0000	23.0000	65.7001	37.4567
842.0000	44.0000	0.0082	23.2209
842.0000	50.0000	-24.3378	57.1804
843.0000	23.0000	65.7001	37.4577
843.0000	44.0000	0.0082	23.2209
843.0000	50.0000	-24.2432	57.1802
844.0000	23.0000	65.7001	37.4577
844.0000	44.0000	0.0082	23.2209
844.0000	50.0000	-24.1430	57.1801
845.0000	23.0000	65.7001	37.4577
845.0000	44.0000	0.0082	23.2209
845.0000	50.0000	-24.0373	57.1799
846.0000	23.0000	65.7001	37.4577
846.0000	44.0000	0.0082	23.2209
846.0000	50.0000	-23.9262	57.1797
847.0000	23.0000	65.7001	37.4587
847.0000	44.0000	0.0082	23.2209
847.0000	50.0000	-23.8098	57.1795
848.0000	23.0000	65.7001	37.4587
848.0000	44.0000	0.0082	23.2209
848.0000	50.0000	-23.6881	57.1793
849.0000	23.0000	65.7001	37.4587
849.0000	44.0000	0.0082	23.2209
849.0000	50.0000	-23.5614	57.1791
850.0000	23.0000	65.7001	37.4588
850.0000	44.0000	0.0082	23.2209
850.0000	50.0000	-23.4297	57.1789
851.0000	23.0000	65.7001	37.4588
851.0000	44.0000	0.0082	23.2211
851.0000	50.0000	-23.2931	57.1788
852.0000	23.0000	65.7001	37.4561
852.0000	44.0000	0.0082	23.2174
852.0000	50.0000	-23.1517	57.1748
853.0000	23.0000	65.6945	37.4561
853.0000	44.0000	0.0046	23.2082
853.0000	50.0000	-23.0733	57.1622
854.0000	23.0000	65.7019	37.4017
854.0000	44.0000	0.0094	23.1662
854.0000	50.0000	-23.0614	57.1243
855.0000	23.0000	65.6835	37.3702
855.0000	44.0000	-0.0024	23.1040
855.0000	50.0000	-23.0862	57.0515
856.0000	23.0000	65.6824	37.3663
856.0000	44.0000	-0.0031	23.0981
856.0000	50.0000	-23.0858	57.0452
857.0000	23.0000	65.6554	37.3715
857.0000	44.0000	-0.0203	23.0586
857.0000	50.0000	-23.1253	56.9897
858.0000	23.0000	65.6444	37.3251
858.0000	44.0000	-0.0274	22.9939
858.0000	50.0000	-23.1412	56.9187
859.0000	23.0000	65.6397	37.3258
859.0000	44.0000	-0.0303	22.9867
859.0000	50.0000	-23.1479	56.9089
860.0000	23.0000	65.6573	37.2597
860.0000	44.0000	-0.0191	22.9498
860.0000	50.0000	-23.1217	56.8821
861.0000	23.0000	65.6603	37.1714
861.0000	44.0000	-0.0172	22.8667
861.0000	50.0000	-23.1170	56.8006
862.0000	23.0000	65.6618	37.0542
862.0000	44.0000	-0.0163	22.7521
862.0000	50.0000	-23.1147	56.6869
863.0000	23.0000	65.6815	36.9762
863.0000	44.0000	-0.0038	22.7068
863.0000	50.0000	-23.0851	56.6537
864.0000	23.0000	65.6815	36.9757
864.0000	44.0000	-0.0038	22.7063
864.0000	50.0000	-23.0851	56.6531
865.0000	23.0000	65.7100	36.9073
865.0000	44.0000	0.0143	22.6857
865.0000	50.0000	-23.0424	56.6492
866.0000	23.0000	65.7278	36.8207
866.0000	44.0000	0.0257	22.6292
866.0000	50.0000	-23.0156	56.6030
867.0000	23.0000	65.7278	36.7196
867.0000	44.0000	0.0256	22.5284
867.0000	50.0000	-23.0155	56.5021
868.0000	23.0000	65.7277	36.5857
868.0000	44.0000	0.0256	22.3945
868.0000	50.0000	-23.0155	56.3682
869.0000	23.0000	65.7277	36.4572
869.0000	44.0000	0.0256	22.2660
869.0000	50.0000	-23.0155	56.2398
870.0000	23.0000	65.7278	36.3303
870.0000	44.0000	0.0256	22.1391
870.0000	50.0000	-23.0154	56.1131
871.0000	23.0000	65.7263	36.2780
871.0000	44.0000	0.0247	22.0840
871.0000	50.0000	-23.0176	56.0575
872.0000	23.0000	65.7264	36.2775
872.0000	44.0000	0.0247	22.0836
872.0000	50.0000	-23.0176	56.0570
873.0000	23.0000	65.7320	36.2491
873.0000	44.0000	0.0283	22.0650
873.0000	50.0000	-23.0090	56.0417
874.0000	23.0000	65.7268	36.2007
874.0000	44.0000	0.0250	22.0080
874.0000	50.0000	-23.0169	55.9813
875.0000	23.0000	65.7246	36.1058
875.0000	44.0000	0.0236	21.9095
875.0000	50.0000	-23.0202	55.8814
876.0000	23.0000	65.7246	35.9650
876.0000	44.0000	0.0236	21.7688
876.0000	50.0000	-23.0202	55.7407
877.0000	23.0000	65.7246	35.7916
877.0000	44.0000	0.0235	21.5954
877.0000	50.0000	-23.0202	55.5673
878.0000	23.0000	65.7246	35.5893
878.0000	44.0000	0.0235	21.3932
878.0000	50.0000	-23.0202	55.3651
879.0000	23.0000	65.7245	35.3597
879.0000	44.0000	0.0235	21.1636
879.0000	50.0000	-23.0202	55.1355
880.0000	23.0000	65.7246	35.1114
880.0000	44.0000	0.0235	20.9154
880.0000	50.0000	-23.0201	54.8875
881.0000	23.0000	65.7246	34.8757
881.0000	44.0000	0.0235	20.6798
881.0000	50.0000	-23.0201	54.6520
882.0000	23.0000	65.7246	34.6513
882.0000	44.0000	0.0234	20.4554
882.0000	50.0000	-23.0200	54.4278
883.0000	23.0000	65.7246	34.4233
883.0000	44.0000	0.0235	20.2276
883.0000	50.0000	-23.0199	54.2001
884.0000	23.0000	65.7247	34.1854
884.0000	44.0000	0.0234	19.9898
884.0000	50.0000	-23.0199	53.9623
885.0000	23.0000	65.7247	33.9530
885.0000	44.0000	0.0234	19.7576
885.0000	50.0000	-23.0198	53.7301
886.0000	23.0000	65.7247	33.7291
886.0000	44.0000	0.0234	19.5338
886.0000	50.0000	-23.0197	53.5064
887.0000	23.0000	65.7248	33.5272
887.0000	44.0000	0.0234	19.3321
887.0000	50.0000	-23.0196	53.3049
888.0000	23.0000	65.7248	33.3251
888.0000	44.0000	0.0234	19.1301
888.0000	50.0000	-23.0196	53.1028
889.0000	23.0000	65.7247	33.1083
889.0000	44.0000	0.0234	18.9134
889.0000	50.0000	-23.0196	52.8862
890.0000	23.0000	65.7248	32.8913
890.0000	44.0000	0.0234	18.6966
890.0000	50.0000	-23.0195	52.6694
891.0000	23.0000	65.7248	32.6846
891.0000	44.0000	0.0233	18.4900
891.0000	50.0000	-23.0194	52.4629
892.0000	23.0000	65.7248	32.4738
892.0000	44.0000	0.0233	18.2793
892.0000	50.0000	-23.0194	52.2521
893.0000	23.0000	65.7248	32.2519
893.0000	44.0000	0.0233	18.0576
893.0000	50.0000	-23.0194	52.0305
894.0000	23.0000	65.7249	32.0590
894.0000	44.0000	0.0233	17.8639
894.0000	50.0000	-23.0192	51.8370
895.0000	23.0000	65.7249	31.9119
895.0000	44.0000	0.0233	17.7149
895.0000	50.0000	-23.0191	51.6882
896.0000	23.0000	65.7249	31.7645
896.0000	44.0000	0.0233	17.5655
896.0000	50.0000	-23.0191	51.5387
897.0000	23.0000	65.7249	31.5952
897.0000	44.0000	0.0233	17.3969
897.0000	50.0000	-23.0191	51.3700
898.0000	23.0000	65.7249	31.4164
898.0000	44.0000	0.0233	17.2181
898.0000	50.0000	-23.0191	51.1912
899.0000	23.0000	65.7249	31.2454
899.0000	44.0000	0.0232	17.0470
899.0000	50.0000	-23.0190	51.0202
900.0000	23.0000	65.7250	31.1154
900.0000	44.0000	0.0233	16.9171
900.0000	50.0000	-23.0189	50.8906
901.0000	23.0000	65.7252	31.0666
901.0000	44.0000	0.0234	16.8684
901.0000	50.0000	-23.0186	50.8422
902.0000	23.0000	65.7252	31.0667
902.0000	44.0000	0.0234	16.8686
902.0000	50.0000	-23.0186	50.8423
903.0000	23.0000	65.7252	31.0670
903.0000	44.0000	0.0234	16.8689
903.0000	50.0000	-23.0186	50.8426
904.0000	23.0000	65.7252	31.0671
904.0000	44.0000	0.0234	16.8691
904.0000	50.0000	-23.0186	50.8427
905.0000	23.0000	65.7252	31.0671
905.0000	44.0000	0.0234	16.8692
905.0000	50.0000	-23.0186	50.8427
906.0000	23.0000	65.7252	31.0672
906.0000	44.0000	0.0234	16.8693
906.0000	50.0000	-23.0186	50.8427
907.0000	23.0000	65.7252	31.0672
907.0000	44.0000	0.0234	16.8693
907.0000	50.0000	-23.0186	50.8427
908.0000	23.0000	65.7252	31.0672
908.0000	44.0000	0.0234	16.8693
908.0000	50.0000	-23.0186	50.8427
909.0000	23.0000	65.7252	31.0672
909.0000	44.0000	0.0234	16.8693
909.0000	50.0000	-23.0186	50.8427
910.0000	23.0000	65.7252	31.0672
910.0000	44.0000	0.0234	16.8693
910.0000	50.0000	-23.0186	50.8427
911.0000	23.0000	65.7252	31.0673
911.0000	44.0000	0.0234	16.8694
911.0000	50.0000	-23.0186	50.8429
912.0000	23.0000	65.7252	31.0665
912.0000	44.0000	0.0234	16.8687
912.0000	50.0000	-23.0185	50.8422
913.0000	23.0000	65.7252	31.0664
913.0000	44.0000	0.0234	16.8687
913.0000	50.0000	-23.0185	50.8422
914.0000	23.0000	65.7252	31.0674
914.0000	44.0000	0.0234	16.8687
914.0000	50.0000	-23.0185	50.8422
915.0000	23.0000	65.7252	31.0674
915.0000	44.0000	0.0234	16.8687
915.0000	50.0000	-23.0185	50.8422
916.0000	23.0000	65.7252	31.0674
916.0000	44.0000	0.0234	16.8687
916.0000	50.0000	-23.0185	50.8422
917.0000	23.0000	65.7252	31.0674
917.0000	44.0000	0.0234	16.8687
917.0000	50.0000	-23.0185	50.8422
918.0000	23.0000	65.7252	31.0674
918.0000	44.0000	0.0234	16.8687
918.0000	50.0000	-23.0185	50.8422
919.0000	23.0000	65.7252	31.0674
919.0000	44.0000	0.0234	16.8687
919.0000	50.0000	-23.0185	50.8422
920.0000	23.0000	65.7252	31.0674
920.0000	44.0000	0.0234	16.8687
920.0000	50.0000	-23.0185	50.8422
921.0000	23.0000	65.7252	31.0674
921.0000	44.0000	0.0234	16.8687
921.0000	50.0000	-23.0185	50.8422
922.0000	23.0000	65.7252	31.0674
922.0000	44.0000	0.0234	16.8687
922.0000	50.0000	-23.0185	50.8422
923.0000	23.0000	65.7252	31.0674
923.0000	44.0000	0.0234	16.8687
923.0000	50.0000	-23.0185	50.8422
924.0000	23.0000	65.7252	31.0674
924.0000	44.0000	0.0234	16.8687
924.0000	50.0000	-23.0185	50.8422
925.0000	23.0000	65.7252	31.0674
925.0000	44.0000	0.0234	16.8687
925.0000	50.0000	-23.0185	50.8422
926.0000	23.0000	65.7252	31.0674
926.0000	44.0000	0.0234	16.8687
926.0000	50.0000	-23.0185	50.8422
927.0000	23.0000	65.7252	31.0674
927.0000	44.0000	0.0234	16.8687
927.0000	50.0000	-23.0185	50.8422
928.0000	23.0000	65.7252	31.0674
928.0000	44.0000	0.0234	16.8687
928.0000	50.0000	-23.0185	50.8422
929.0000	23.0000	65.7252	31.0684
929.0000	44.0000	0.0234	16.8687
929.0000	50.0000	-23.0185	50.8422
930.0000	23.0000	65.7252	31.0704
930.0000	44.0000	0.0234	16.8687
930.0000	50.0000	-23.0185	50.8422
931.0000	23.0000	65.7252	31.0696
931.0000	44.0000	0.0234	16.8687
931.0000	50.0000	-23.0185	50.8422
932.0000	23.0000	65.7252	31.0705
932.0000	44.0000	0.0234	16.8687
932.0000	50.0000	-23.0185	50.8422
933.0000	23.0000	65.7252	31.0699
933.0000	44.0000	0.0234	16.8687
933.0000	50.0000	-23.0185	50.8422
934.0000	23.0000	65.7252	31.0696
934.0000	44.0000	0.0234	16.8687
934.0000	50.0000	-23.0185	50.8422
935.0000	23.0000	65.7252	31.0696
935.0000	44.0000	0.0234	16.8687
935.0000	50.0000	-23.0185	50.8422
936.0000	23.0000	65.7252	31.0696
936.0000	44.0000	0.0234	16.8687
936.0000	50.0000	-23.0185	50.8422
937.0000	23.0000	65.7252	31.0698
937.0000	44.0000	0.0234	16.8689
937.0000	50.0000	-23.0185	50.8423
938.0000	23.0000	65.7253	31.0689
938.0000	44.0000	0.0234	16.8682
938.0000	50.0000	-23.0184	50.8417
939.0000	23.0000	65.7253	31.0689
939.0000	44.0000	0.0234	16.8682
939.0000	50.0000	-23.0184	50.8417
940.0000	23.0000	65.7253	31.0689
940.0000	44.0000	0.0234	16.8682
940.0000	50.0000	-23.0184	50.8417
941.0000	23.0000	65.7253	31.0689
941.0000	44.0000	0.0234	16.8682
941.0000	50.0000	-23.0184	50.8417
942.0000	23.0000	65.7253	31.0689
942.0000	44.0000	0.0234	16.8682
942.0000	50.0000	-23.0184	50.8417
943.0000	23.0000	65.7253	31.0689
943.0000	44.0000	0.0234	16.8682
943.0000	50.0000	-23.0184	50.8417
944.0000	23.0000	65.7253	31.0689
944.0000	44.0000	0.0234	16.8682
944.0000	50.0000	-23.0185	50.8417
945.0000	23.0000	65.7253	31.0689
945.0000	44.0000	0.0234	16.8682
945.0000	50.0000	-23.0167	50.8417
946.0000	23.0000	65.7253	31.0690
946.0000	44.0000	0.0234	16.8683
946.0000	50.0000	-23.0089	50.8418
947.0000	23.0000	65.7254	31.0692
947.0000	44.0000	0.0235	16.8676
947.0000	50.0000	-22.9930	50.8411
948.0000	23.0000	65.7254	31.0691
948.0000	44.0000	0.0235	16.8676
948.0000	50.0000	-22.9698	50.8410
949.0000	23.0000	65.7254	31.0692
949.0000	44.0000	0.0235	16.8676
949.0000	50.0000	-22.9398	50.8409
950.0000	23.0000	65.7254	31.0692
950.0000	44.0000	0.0235	16.8676
950.0000	50.0000	-22.9026	50.8408
951.0000	23.0000	65.7254	31.0692
951.0000	44.0000	0.0235	16.8676
951.0000	50.0000	-22.8582	50.8407
952.0000	23.0000	65.7254	31.0692
952.0000	44.0000	0.0235	16.8676
952.0000	50.0000	-22.8072	50.8406
953.0000	23.0000	65.7254	31.0692
953.0000	44.0000	0.0235	16.8676
953.0000	50.0000	-22.7515	50.8405
954.0000	23.0000	65.7254	31.0692
954.0000	44.0000	0.0235	16.8676
954.0000	50.0000	-22.6939	50.8404
955.0000	23.0000	65.7254	31.0692
955.0000	44.0000	0.0235	16.8676
955.0000	50.0000	-22.6304	50.8402
956.0000	23.0000	65.7254	31.0693
956.0000	44.0000	0.0235	16.8677
956.0000	50.0000	-22.5611	50.8401
957.0000	23.0000	65.7254	31.0685
957.0000	44.0000	0.0235	16.8670
957.0000	50.0000	-22.4878	50.8393
958.0000	23.0000	65.7254	31.0685
958.0000	44.0000	0.0235	16.8670
958.0000	50.0000	-22.4087	50.8391
959.0000	23.0000	65.7254	31.0685
959.0000	44.0000	0.0235	16.8670
959.0000	50.0000	-22.3236	50.8389
960.0000	23.0000	65.7254	31.0685
960.0000	44.0000	0.0235	16.8670
960.0000	50.0000	-22.2326	50.8386
961.0000	23.0000	65.7254	31.0685
961.0000	44.0000	0.0235	16.8670
961.0000	50.0000	-22.1358	50.8383
962.0000	23.0000	65.7254	31.0685
962.0000	44.0000	0.0235	16.8670
962.0000	50.0000	-22.0334	50.8380
963.0000	23.0000	65.7254	31.0685
963.0000	44.0000	0.0235	16.8671
963.0000	50.0000	-21.9255	50.8379
964.0000	23.0000	65.7255	31.0706
964.0000	44.0000	0.0235	16.8664
964.0000	50.0000	-21.8742	50.8371
965.0000	23.0000	65.7255	31.0710
965.0000	44.0000	0.0235	16.8664
965.0000	50.0000	-21.8743	50.8371
966.0000	23.0000	65.7255	31.0710
966.0000	44.0000	0.0235	16.8664
966.0000	50.0000	-21.8720	50.8370
967.0000	23.0000	65.7255	31.0712
967.0000	44.0000	0.0235	16.8665
967.0000	50.0000	-21.8706	50.8371
968.0000	23.0000	65.7255	31.0705
968.0000	44.0000	0.0236	16.8658
968.0000	50.0000	-21.8698	50.8365
969.0000	23.0000	65.7255	31.0705
969.0000	44.0000	0.0236	16.8658
969.0000	50.0000	-21.8695	50.8364
970.0000	23.0000	65.7255	31.0705
970.0000	44.0000	0.0236	16.8658
970.0000	50.0000	-21.8693	50.8364
971.0000	23.0000	65.7255	31.0705
971.0000	44.0000	0.0236	16.8658
971.0000	50.0000	-21.8692	50.8364
972.0000	23.0000	65.7255	31.0705
972.0000	44.0000	0.0236	16.8658
972.0000	50.0000	-21.8692	50.8364
973.0000	23.0000	65.7255	31.0705
973.0000	44.0000	0.0236	16.8658
973.0000	50.0000	-21.8692	50.8364
974.0000	23.0000	65.7255	31.0705
974.0000	44.0000	0.0236	16.8658
974.0000	50.0000	-21.8692	50.8364
975.0000	23.0000	65.7255	31.0705
975.0000	44.0000	0.0236	16.8658
975.0000	50.0000	-21.8692	50.8364
976.0000	23.0000	65.7255	31.0706
976.0000	44.0000	0.0236	16.8659
976.0000	50.0000	-21.8692	50.8366
977.0000	23.0000	65.7256	31.0698
977.0000	44.0000	0.0236	16.8652
977.0000	50.0000	-21.8691	50.8359
978.0000	23.0000	65.7256	31.0697
978.0000	44.0000	0.0236	16.8652
978.0000	50.0000	-21.8691	50.8359
979.0000	23.0000	65.7256	31.0707
979.0000	44.0000	0.0236	16.8652
979.0000	50.0000	-21.8691	50.8359
980.0000	23.0000	65.7256	31.0707
980.0000	44.0000	0.0236	16.8652
980.0000	50.0000	-21.8691	50.8359
981.0000	23.0000	65.7256	31.0707
981.0000	44.0000	0.0236	16.8652
981.0000	50.0000	-21.8691	50.8359
982.0000	23.0000	65.7256	31.0708
982.0000	44.0000	0.0236	16.8652
982.0000	50.0000	-21.8691	50.8359
983.0000	23.0000	65.7256	31.0708
983.0000	44.0000	0.0236	16.8652
983.0000	50.0000	-21.8691	50.8359
984.0000	23.0000	65.7256	31.0708
984.0000	44.0000	0.0236	16.8652
984.0000	50.0000	-21.8691	50.8359
985.0000	23.0000	65.7256	31.0708
985.0000	44.0000	0.0236	16.8652
985.0000	50.0000	-21.8691	50.8359
986.0000	23.0000	65.7256	31.0708
986.0000	44.0000	0.0236	16.8652
986.0000	50.0000	-21.8691	50.8359
987.0000	23.0000	65.7256	31.0708
987.0000	44.0000	0.0236	16.8652
987.0000	50.0000	-21.8691	50.8359
988.0000	23.0000	65.7256	31.0707
988.0000	44.0000	0.0236	16.8652
988.0000	50.0000	-21.8691	50.8359
989.0000	23.0000	65.7256	31.0717
989.0000	44.0000	0.0236	16.8652
989.0000	50.0000	-21.8691	50.8359
990.0000	23.0000	65.7256	31.0717
990.0000	44.0000	0.0236	16.8652
990.0000	50.0000	-21.8691	50.8359
991.0000	23.0000	65.7256	31.0717
991.0000	44.0000	0.0236	16.8652
991.0000	50.0000	-21.8691	50.8359
992.0000	23.0000	65.7256	31.0717
992.0000	44.0000	0.0236	16.8652
992.0000	50.0000	-21.8691	50.8359
993.0000	23.0000	65.7256	31.0717
993.0000	44.0000	0.0236	16.8652
993.0000	50.0000	-21.8691	50.8359
994.0000	23.0000	65.7256	31.0716
994.0000	44.0000	0.0236	16.8652
994.0000	50.0000	-21.8692	50.8359
995.0000	23.0000	65.7256	31.0727
995.0000	44.0000	0.0236	16.8652
995.0000	50.0000	-21.8674	50.8359
996.0000	23.0000	65.7256	31.0726
996.0000	44.0000	0.0236	16.8652
996.0000	50.0000	-21.8619	50.8360
997.0000	23.0000	65.7256	31.0727
997.0000	44.0000	0.0236	16.8652
997.0000	50.0000	-21.8478	50.8355
998.0000	23.0000	65.7256	31.0727
998.0000	44.0000	0.0236	16.8652
998.0000	50.0000	-21.8272	50.8355
999.0000	23.0000	65.7256	31.0727
999.0000	44.0000	0.0236	16.8652
999.0000	50.0000	-21.7998	50.8353
