382.0000	31.0000	33.1518	72.6260
383.0000	31.0000	32.7485	72.3075
384.0000	31.0000	32.3436	72.0168
385.0000	31.0000	32.0150	71.7683
386.0000	31.0000	31.6596	71.6307
387.0000	31.0000	31.2444	71.5322
388.0000	31.0000	31.0019	71.3553
389.0000	31.0000	30.7466	71.1836
390.0000	31.0000	30.5009	71.0078
391.0000	31.0000	30.2648	70.8279
392.0000	31.0000	30.0364	70.6448
393.0000	31.0000	29.8187	70.4617
394.0000	31.0000	29.5470	70.2899
395.0000	31.0000	29.3640	70.0583
396.0000	31.0000	29.1722	69.8023
397.0000	31.0000	28.9695	69.5211
398.0000	31.0000	28.7417	69.2338
399.0000	31.0000	28.5231	68.9947
400.0000	31.0000	28.2494	68.8606
401.0000	31.0000	28.0247	68.7164
402.0000	31.0000	27.8185	68.5431
403.0000	31.0000	27.6701	68.3341
404.0000	31.0000	27.4910	68.1931
405.0000	31.0000	27.3951	68.1027
406.0000	31.0000	27.2920	68.0152
407.0000	31.0000	27.1684	67.9083
408.0000	31.0000	27.0458	67.7834
409.0000	31.0000	26.9236	67.6583
410.0000	31.0000	26.7883	67.5383
411.0000	31.0000	26.6693	67.4122
412.0000	31.0000	26.5514	67.2860
413.0000	31.0000	26.4386	67.1621
414.0000	31.0000	26.3187	67.0456
415.0000	31.0000	26.2468	66.9603
416.0000	31.0000	26.2386	66.9457
417.0000	31.0000	26.2388	66.9462
418.0000	31.0000	26.2284	66.9383
419.0000	31.0000	26.1962	66.9039
420.0000	31.0000	26.1311	66.8385
421.0000	31.0000	26.0396	66.7392
422.0000	31.0000	25.9192	66.6130
423.0000	31.0000	25.7863	66.4578
424.0000	31.0000	25.6297	66.2793
425.0000	31.0000	25.4576	66.0869
426.0000	31.0000	25.3269	65.9187
427.0000	31.0000	25.2417	65.8157
428.0000	31.0000	25.2077	65.7881
429.0000	31.0000	25.2077	65.7886
430.0000	31.0000	25.2078	65.7892
431.0000	31.0000	25.2078	65.7896
432.0000	31.0000	25.2079	65.7897
433.0000	31.0000	25.2079	65.7898
434.0000	31.0000	25.2080	65.7898
435.0000	31.0000	25.2079	65.7898
436.0000	31.0000	25.2080	65.7898
437.0000	31.0000	25.2080	65.7898
438.0000	31.0000	25.2080	65.7898
439.0000	31.0000	25.2080	65.7898
440.0000	31.0000	25.2080	65.7898
441.0000	31.0000	25.2080	65.7898
442.0000	31.0000	25.2080	65.7898
443.0000	31.0000	25.2080	65.7898
444.0000	31.0000	25.2080	65.7898
445.0000	31.0000	25.2080	65.7898
446.0000	31.0000	25.2080	65.7898
447.0000	31.0000	25.2080	65.7898
448.0000	31.0000	25.2080	65.7898
449.0000	31.0000	25.2080	65.7898
450.0000	31.0000	25.2080	65.7898
451.0000	31.0000	25.2082	65.7899
452.0000	31.0000	25.2053	65.7865
453.0000	31.0000	25.1797	65.7720
454.0000	31.0000	25.1337	65.7226
455.0000	31.0000	25.0656	65.6370
456.0000	31.0000	24.9661	65.5223
457.0000	31.0000	24.8498	65.3917
458.0000	31.0000	24.7704	65.2892
459.0000	31.0000	24.7696	65.2457
460.0000	31.0000	24.7502	65.2226
461.0000	31.0000	24.6973	65.1678
462.0000	31.0000	24.6206	65.0756
463.0000	31.0000	24.5142	64.9535
464.0000	31.0000	24.4027	64.8114
465.0000	31.0000	24.2990	64.6819
466.0000	31.0000	24.1781	64.5478
467.0000	31.0000	24.0512	64.3900
468.0000	31.0000	23.9019	64.2102
469.0000	31.0000	23.7493	64.0068
470.0000	31.0000	23.5927	63.8027
471.0000	31.0000	23.4365	63.5987
472.0000	31.0000	23.2810	63.3948
473.0000	31.0000	23.1124	63.1957
474.0000	31.0000	22.9522	62.9873
475.0000	31.0000	22.7900	62.7549
476.0000	31.0000	22.6460	62.5649
477.0000	31.0000	22.5492	62.4635
478.0000	31.0000	22.5355	62.4442
479.0000	31.0000	22.5573	62.4198
480.0000	31.0000	22.5126	62.3877
481.0000	31.0000	22.4522	62.3241
482.0000	31.0000	22.3690	62.2292
483.0000	31.0000	22.2580	62.1070
484.0000	31.0000	22.1444	61.9681
485.0000	31.0000	22.0694	61.8738
486.0000	31.0000	22.0615	61.8599
487.0000	31.0000	22.0691	61.8409
488.0000	31.0000	22.0674	61.7942
489.0000	31.0000	22.0102	61.7326
490.0000	31.0000	21.9515	61.6648
491.0000	31.0000	21.9134	61.6299
492.0000	31.0000	21.9134	61.6298
493.0000	31.0000	21.9134	61.6300
494.0000	31.0000	21.9121	61.6290
495.0000	31.0000	21.8886	61.6006
496.0000	31.0000	21.8340	61.5855
497.0000	31.0000	21.8340	61.5854
498.0000	31.0000	21.8340	61.5855
499.0000	31.0000	21.8339	61.5856
500.0000	31.0000	21.8339	61.5856
501.0000	31.0000	21.8339	61.5856
502.0000	31.0000	21.8338	61.5857
503.0000	31.0000	21.8338	61.5857
504.0000	31.0000	21.8338	61.5857
505.0000	31.0000	21.8338	61.5857
506.0000	31.0000	21.8338	61.5857
507.0000	31.0000	21.8340	61.5858
508.0000	31.0000	21.8310	61.5824
509.0000	31.0000	21.8058	61.5672
510.0000	31.0000	21.7782	61.5162
511.0000	31.0000	21.7035	61.4313
512.0000	31.0000	21.6017	61.3143
513.0000	31.0000	21.4720	61.1719
514.0000	31.0000	21.3286	61.0014
515.0000	31.0000	21.1604	60.8081
516.0000	31.0000	21.0125	60.5986
517.0000	31.0000	20.8499	60.4113
518.0000	31.0000	20.7522	60.2926
519.0000	31.0000	20.6995	60.2841
520.0000	31.0000	20.6997	60.2848
521.0000	31.0000	20.6526	60.2347
522.0000	31.0000	20.5533	60.1274
523.0000	31.0000	20.4382	59.9801
524.0000	31.0000	20.2963	59.8053
525.0000	31.0000	20.1413	59.6169
526.0000	31.0000	20.0228	59.4722
527.0000	31.0000	19.9798	59.4118
528.0000	31.0000	19.9802	59.4118
529.0000	31.0000	19.9486	59.4107
530.0000	31.0000	19.9473	59.3711
531.0000	31.0000	19.9035	59.3088
532.0000	31.0000	19.8293	59.2172
533.0000	31.0000	19.7269	59.0980
534.0000	31.0000	19.6219	58.9622
535.0000	31.0000	19.5549	58.8725
536.0000	31.0000	19.5516	58.8626
537.0000	31.0000	19.5516	58.8631
538.0000	31.0000	19.5516	58.8635
539.0000	31.0000	19.5516	58.8637
540.0000	31.0000	19.5516	58.8638
541.0000	31.0000	19.5484	58.8603
542.0000	31.0000	19.5047	58.8473
543.0000	31.0000	19.4451	58.8057
544.0000	31.0000	19.3762	58.7196
545.0000	31.0000	19.2780	58.5985
546.0000	31.0000	19.1523	58.4502
547.0000	31.0000	19.0226	58.2826
548.0000	31.0000	18.9184	58.1477
549.0000	31.0000	18.8551	58.0627
550.0000	31.0000	18.7854	57.9772
551.0000	31.0000	18.6942	57.8647
552.0000	31.0000	18.5892	57.7221
553.0000	31.0000	18.4498	57.5572
554.0000	31.0000	18.3206	57.3693
555.0000	31.0000	18.2052	57.2175
556.0000	31.0000	18.1431	57.1315
557.0000	31.0000	18.1439	57.1174
558.0000	31.0000	18.1439	57.1181
559.0000	31.0000	18.1441	57.1186
560.0000	31.0000	18.1375	57.1139
561.0000	31.0000	18.0849	57.0951
562.0000	31.0000	18.0293	57.0342
563.0000	31.0000	17.9542	56.9339
564.0000	31.0000	17.8506	56.8038
565.0000	31.0000	17.7425	56.6539
566.0000	31.0000	17.6599	56.5377
567.0000	31.0000	17.6334	56.4978
568.0000	31.0000	17.6046	56.4727
569.0000	31.0000	17.5491	56.4049
570.0000	31.0000	17.4927	56.3091
571.0000	31.0000	17.5102	56.2766
572.0000	31.0000	17.5102	56.2765
573.0000	31.0000	17.4838	56.2652
574.0000	31.0000	17.4463	56.2187
575.0000	31.0000	17.3795	56.1381
576.0000	31.0000	17.2889	56.0203
577.0000	31.0000	17.1827	55.8707
578.0000	31.0000	17.0544	55.6944
579.0000	31.0000	16.9042	55.4926
580.0000	31.0000	16.7663	55.2893
581.0000	31.0000	16.6754	55.1623
582.0000	31.0000	16.6652	55.1405
583.0000	31.0000	16.6652	55.1412
584.0000	31.0000	16.6652	55.1418
585.0000	31.0000	16.6336	55.1056
586.0000	31.0000	16.5556	54.9991
587.0000	31.0000	16.4426	54.8541
588.0000	31.0000	16.3140	54.6764
589.0000	31.0000	16.1615	54.4719
590.0000	31.0000	16.0149	54.2337
591.0000	31.0000	15.8702	53.9637
592.0000	31.0000	15.7030	53.6692
593.0000	31.0000	15.5220	53.3481
594.0000	31.0000	15.3198	53.0027
595.0000	31.0000	15.0968	52.6332
596.0000	31.0000	14.8538	52.2394
597.0000	31.0000	14.5918	51.8215
598.0000	31.0000	14.3092	51.3799
599.0000	31.0000	14.0156	50.9237
600.0000	31.0000	13.7334	50.4888
601.0000	31.0000	13.4508	50.0578
602.0000	31.0000	13.1781	49.6399
603.0000	31.0000	12.9253	49.2696
604.0000	31.0000	12.6911	48.9436
605.0000	31.0000	12.4622	48.6932
606.0000	31.0000	12.2245	48.4459
607.0000	31.0000	12.0399	48.1454
608.0000	31.0000	11.8711	47.8240
609.0000	31.0000	11.6967	47.5667
610.0000	31.0000	11.4819	47.4126
611.0000	31.0000	11.3687	47.2625
612.0000	31.0000	11.3016	47.1797
613.0000	31.0000	11.2992	47.1757
614.0000	31.0000	11.3078	47.1654
615.0000	31.0000	11.2803	47.1409
616.0000	31.0000	11.2224	47.0990
617.0000	31.0000	11.1604	47.0294
618.0000	31.0000	11.0845	46.9336
619.0000	31.0000	10.9888	46.8131
620.0000	31.0000	10.8871	46.6664
621.0000	31.0000	10.7722	46.4996
622.0000	31.0000	10.6570	46.3300
623.0000	31.0000	10.5298	46.1631
624.0000	31.0000	10.4177	45.9931
625.0000	31.0000	10.3070	45.8231
626.0000	31.0000	10.1986	45.6525
627.0000	31.0000	10.0864	45.4723
628.0000	31.0000	9.9621	45.2703
629.0000	31.0000	9.8374	45.0392
630.0000	31.0000	9.7121	44.7776
631.0000	31.0000	9.5950	44.4838
632.0000	31.0000	9.4603	44.1630
633.0000	31.0000	9.3170	43.8137
634.0000	31.0000	9.1573	43.4377
635.0000	31.0000	8.9814	43.0353
636.0000	31.0000	8.7906	42.6064
637.0000	31.0000	8.5855	42.1512
638.0000	31.0000	8.3641	41.6702
639.0000	31.0000	8.1270	41.1635
640.0000	31.0000	7.8748	40.6313
640.0000	223.0000	70.6172	37.0134
641.0000	31.0000	7.6074	40.0747
641.0000	223.0000	70.3694	36.8697
642.0000	31.0000	7.3458	39.5249
642.0000	223.0000	70.1264	36.7052
643.0000	31.0000	7.1138	39.0183
643.0000	223.0000	69.9090	36.5408
644.0000	31.0000	6.8773	38.5170
644.0000	223.0000	69.6852	36.3929
645.0000	31.0000	6.6421	38.0156
645.0000	223.0000	69.4610	36.2470
646.0000	31.0000	6.4083	37.5134
646.0000	223.0000	69.2361	36.1025
647.0000	31.0000	6.1631	36.9830
647.0000	223.0000	68.9982	35.9523
648.0000	31.0000	5.9119	36.4304
648.0000	223.0000	68.7523	35.7945
649.0000	31.0000	5.6898	35.9289
649.0000	223.0000	68.5328	35.6463
650.0000	31.0000	5.4964	35.5173
650.0000	223.0000	68.3400	35.5456
651.0000	31.0000	5.2918	35.1260
651.0000	223.0000	68.1344	35.4887
652.0000	31.0000	5.1109	34.7179
652.0000	223.0000	67.9509	35.3773
653.0000	31.0000	4.9355	34.3038
653.0000	223.0000	67.7717	35.2541
654.0000	31.0000	4.7646	33.9343
654.0000	223.0000	67.5959	35.1707
655.0000	31.0000	4.5899	33.6038
655.0000	223.0000	67.4147	35.1354
656.0000	31.0000	4.4327	33.2748
656.0000	223.0000	67.2504	35.0740
657.0000	31.0000	4.2927	32.9634
657.0000	223.0000	67.1030	35.0030
658.0000	31.0000	4.1301	32.6848
658.0000	223.0000	66.9307	35.0061
659.0000	31.0000	3.9936	32.4017
659.0000	223.0000	66.7849	34.9609
660.0000	31.0000	3.8730	32.1264
660.0000	223.0000	66.6554	34.8973
661.0000	31.0000	3.7268	31.8737
661.0000	223.0000	66.4972	34.9037
662.0000	31.0000	3.6202	31.6170
662.0000	223.0000	66.3811	34.8366
663.0000	31.0000	3.5140	31.3605
663.0000	223.0000	66.2648	34.7710
664.0000	31.0000	3.4111	31.1039
664.0000	223.0000	66.1515	34.7005
665.0000	31.0000	3.3009	30.8482
665.0000	223.0000	66.0296	34.6455
666.0000	31.0000	3.2042	30.5914
666.0000	223.0000	65.9218	34.5661
667.0000	31.0000	3.1147	30.3474
667.0000	223.0000	65.8217	34.4873
668.0000	31.0000	3.0027	30.1201
668.0000	223.0000	65.6955	34.4686
669.0000	31.0000	2.9220	29.8848
669.0000	223.0000	65.6042	34.3842
670.0000	31.0000	2.8285	29.6448
670.0000	223.0000	65.4977	34.3206
671.0000	31.0000	2.7488	29.4084
671.0000	223.0000	65.4066	34.2354
672.0000	31.0000	2.6608	29.1711
672.0000	223.0000	65.3054	34.1665
673.0000	31.0000	2.5835	28.9297
673.0000	223.0000	65.2160	34.0740
674.0000	31.0000	2.4985	28.6903
674.0000	223.0000	65.1173	33.9995
675.0000	31.0000	2.4247	28.4505
675.0000	223.0000	65.0311	33.9038
676.0000	31.0000	2.3429	28.2094
676.0000	223.0000	64.9350	33.8239
677.0000	31.0000	2.2709	27.9674
677.0000	223.0000	64.8500	33.7247
678.0000	31.0000	2.1918	27.7264
678.0000	223.0000	64.7562	33.6419
679.0000	31.0000	2.1219	27.4841
679.0000	223.0000	64.6728	33.5402
680.0000	31.0000	2.0448	27.2416
680.0000	223.0000	64.5804	33.4542
681.0000	31.0000	1.9810	27.0128
681.0000	223.0000	64.5036	33.3554
682.0000	31.0000	1.9384	26.8659
682.0000	223.0000	64.4520	33.2955
683.0000	31.0000	1.9334	26.8431
683.0000	223.0000	64.4459	33.2826
684.0000	31.0000	1.9334	26.8438
684.0000	223.0000	64.4459	33.2835
685.0000	31.0000	1.9334	26.8444
685.0000	223.0000	64.4460	33.2842
686.0000	31.0000	1.9334	26.8447
686.0000	223.0000	64.4460	33.2846
687.0000	31.0000	1.9334	26.8448
687.0000	223.0000	64.4460	33.2847
688.0000	31.0000	1.9334	26.8449
688.0000	223.0000	64.4460	33.2849
689.0000	31.0000	1.9334	26.8450
689.0000	223.0000	64.4460	33.2849
690.0000	31.0000	1.9334	26.8450
690.0000	223.0000	64.4460	33.2849
691.0000	31.0000	1.9334	26.8450
691.0000	223.0000	64.4460	33.2849
692.0000	31.0000	1.9334	26.8450
692.0000	223.0000	64.4460	33.2850
693.0000	31.0000	1.9334	26.8450
693.0000	223.0000	64.4460	33.2850
694.0000	31.0000	1.9334	26.8450
694.0000	223.0000	64.4460	33.2849
695.0000	31.0000	1.9334	26.8450
695.0000	223.0000	64.4460	33.2849
696.0000	31.0000	1.9334	26.8450
696.0000	223.0000	64.4460	33.2849
697.0000	31.0000	1.9334	26.8450
697.0000	223.0000	64.4460	33.2849
698.0000	31.0000	1.9334	26.8450
698.0000	223.0000	64.4460	33.2849
699.0000	31.0000	1.9334	26.8450
699.0000	223.0000	64.4460	33.2849
700.0000	31.0000	1.9334	26.8450
700.0000	223.0000	64.4460	33.2849
701.0000	31.0000	1.9334	26.8450
701.0000	223.0000	64.4460	33.2849
702.0000	31.0000	1.9334	26.8450
702.0000	223.0000	64.4460	33.2849
703.0000	31.0000	1.9334	26.8450
703.0000	223.0000	64.4460	33.2849
704.0000	31.0000	1.9334	26.8450
704.0000	223.0000	64.4460	33.2849
705.0000	31.0000	1.9334	26.8450
705.0000	223.0000	64.4460	33.2849
706.0000	31.0000	1.9334	26.8450
706.0000	223.0000	64.4460	33.2849
707.0000	31.0000	1.9334	26.8450
707.0000	223.0000	64.4460	33.2849
708.0000	31.0000	1.9334	26.8450
708.0000	223.0000	64.4460	33.2849
709.0000	31.0000	1.9334	26.8450
709.0000	223.0000	64.4460	33.2849
710.0000	31.0000	1.9334	26.8450
710.0000	223.0000	64.4460	33.2849
711.0000	31.0000	1.9334	26.8450
711.0000	223.0000	64.4460	33.2849
712.0000	31.0000	1.9334	26.8450
712.0000	223.0000	64.4460	33.2849
713.0000	31.0000	1.9334	26.8450
713.0000	223.0000	64.4460	33.2849
714.0000	31.0000	1.9334	26.8450
714.0000	223.0000	64.4460	33.2849
715.0000	31.0000	1.9334	26.8450
715.0000	223.0000	64.4460	33.2849
716.0000	31.0000	1.9334	26.8450
716.0000	223.0000	64.4460	33.2849
717.0000	31.0000	1.9334	26.8450
717.0000	223.0000	64.4460	33.2849
718.0000	31.0000	1.9334	26.8450
718.0000	223.0000	64.4460	33.2849
719.0000	31.0000	1.9334	26.8450
719.0000	223.0000	64.4460	33.2849
720.0000	31.0000	1.9334	26.8450
720.0000	223.0000	64.4460	33.2849
721.0000	31.0000	1.9334	26.8450
721.0000	223.0000	64.4460	33.2849
722.0000	31.0000	1.9334	26.8450
722.0000	223.0000	64.4460	33.2849
723.0000	31.0000	1.9334	26.8450
723.0000	223.0000	64.4460	33.2849
724.0000	31.0000	1.9334	26.8450
724.0000	223.0000	64.4460	33.2849
725.0000	31.0000	1.9334	26.8450
725.0000	223.0000	64.4460	33.2849
726.0000	31.0000	1.9334	26.8450
726.0000	223.0000	64.4460	33.2849
727.0000	31.0000	1.9334	26.8450
727.0000	223.0000	64.4460	33.2849
728.0000	31.0000	1.9334	26.8450
728.0000	223.0000	64.4460	33.2849
729.0000	31.0000	1.9334	26.8450
729.0000	223.0000	64.4460	33.2849
730.0000	31.0000	1.9334	26.8450
730.0000	223.0000	64.4460	33.2849
731.0000	31.0000	1.9334	26.8450
731.0000	223.0000	64.4460	33.2849
732.0000	31.0000	1.9334	26.8450
732.0000	223.0000	64.4460	33.2849
733.0000	31.0000	1.9334	26.8450
733.0000	223.0000	64.4460	33.2849
734.0000	31.0000	1.9334	26.8450
734.0000	223.0000	64.4460	33.2849
735.0000	31.0000	1.9334	26.8450
735.0000	223.0000	64.4460	33.2849
736.0000	31.0000	1.9334	26.8450
736.0000	223.0000	64.4460	33.2849
737.0000	31.0000	1.9334	26.8450
737.0000	223.0000	64.4460	33.2849
738.0000	31.0000	1.9334	26.8450
738.0000	223.0000	64.4460	33.2849
739.0000	31.0000	1.9334	26.8450
739.0000	223.0000	64.4460	33.2849
740.0000	31.0000	1.9334	26.8450
740.0000	223.0000	64.4460	33.2849
741.0000	31.0000	1.9334	26.8450
741.0000	223.0000	64.4460	33.2849
742.0000	31.0000	1.9334	26.8450
742.0000	223.0000	64.4460	33.2849
743.0000	31.0000	1.9334	26.8450
743.0000	223.0000	64.4460	33.2849
744.0000	31.0000	1.9334	26.8450
744.0000	223.0000	64.4460	33.2849
745.0000	31.0000	1.9334	26.8450
745.0000	223.0000	64.4460	33.2849
746.0000	31.0000	1.9334	26.8450
746.0000	223.0000	64.4460	33.2849
747.0000	31.0000	1.9334	26.8450
747.0000	223.0000	64.4460	33.2849
748.0000	31.0000	1.9334	26.8450
748.0000	223.0000	64.4460	33.2849
749.0000	31.0000	1.9334	26.8450
749.0000	223.0000	64.4460	33.2849
750.0000	31.0000	1.9334	26.8450
750.0000	223.0000	64.4460	33.2849
751.0000	31.0000	1.9334	26.8450
751.0000	223.0000	64.4460	33.2849
752.0000	31.0000	1.9334	26.8450
752.0000	223.0000	64.4460	33.2849
753.0000	31.0000	1.9334	26.8450
753.0000	223.0000	64.4460	33.2849
754.0000	31.0000	1.9334	26.8450
754.0000	223.0000	64.4460	33.2849
755.0000	31.0000	1.9334	26.8450
755.0000	223.0000	64.4460	33.2849
756.0000	31.0000	1.9334	26.8450
756.0000	223.0000	64.4460	33.2849
757.0000	31.0000	1.9334	26.8450
757.0000	223.0000	64.4460	33.2849
758.0000	31.0000	1.9334	26.8450
758.0000	223.0000	64.4460	33.2849
759.0000	31.0000	1.9334	26.8450
759.0000	223.0000	64.4457	33.2870
760.0000	31.0000	1.9334	26.8450
760.0000	223.0000	64.4435	33.2962
761.0000	31.0000	1.9334	26.8450
761.0000	223.0000	64.4408	33.3088
762.0000	31.0000	1.9334	26.8450
762.0000	223.0000	64.4357	33.3285
763.0000	31.0000	1.9334	26.8450
763.0000	223.0000	64.4362	33.3298
764.0000	31.0000	1.9334	26.8450
764.0000	223.0000	64.4363	33.3301
765.0000	31.0000	1.9334	26.8450
765.0000	223.0000	64.4361	33.3303
766.0000	31.0000	1.9334	26.8450
766.0000	223.0000	64.4359	33.3305
767.0000	31.0000	1.9334	26.8450
767.0000	223.0000	64.4358	33.3306
768.0000	31.0000	1.9334	26.8450
768.0000	223.0000	64.4358	33.3306
769.0000	31.0000	1.9334	26.8450
769.0000	223.0000	64.4358	33.3306
770.0000	31.0000	1.9334	26.8450
770.0000	223.0000	64.4358	33.3306
771.0000	31.0000	1.9334	26.8450
771.0000	223.0000	64.4358	33.3306
772.0000	31.0000	1.9334	26.8450
772.0000	223.0000	64.4358	33.3306
773.0000	31.0000	1.9334	26.8450
773.0000	223.0000	64.4358	33.3306
774.0000	31.0000	1.9334	26.8450
774.0000	223.0000	64.4358	33.3306
775.0000	31.0000	1.9334	26.8450
775.0000	223.0000	64.4358	33.3306
776.0000	31.0000	1.9334	26.8450
776.0000	223.0000	64.4358	33.3306
777.0000	31.0000	1.9334	26.8450
777.0000	223.0000	64.4358	33.3306
778.0000	31.0000	1.9334	26.8450
778.0000	223.0000	64.4358	33.3306
779.0000	31.0000	1.9334	26.8449
779.0000	223.0000	64.4358	33.3306
780.0000	31.0000	1.9335	26.8467
780.0000	223.0000	64.4358	33.3306
781.0000	31.0000	1.9340	26.8522
781.0000	223.0000	64.4358	33.3306
782.0000	31.0000	1.9348	26.8680
782.0000	223.0000	64.4358	33.3306
783.0000	31.0000	1.9363	26.8914
783.0000	223.0000	64.4358	33.3306
784.0000	31.0000	1.9382	26.9213
784.0000	223.0000	64.4358	33.3306
785.0000	31.0000	1.9406	26.9585
785.0000	223.0000	64.4358	33.3305
786.0000	31.0000	1.9434	27.0026
786.0000	223.0000	64.4356	33.3315
787.0000	31.0000	1.9464	27.0536
787.0000	223.0000	64.4356	33.3315
788.0000	31.0000	1.9499	27.1111
788.0000	223.0000	64.4356	33.3315
789.0000	31.0000	1.9539	27.1749
789.0000	223.0000	64.4356	33.3315
790.0000	31.0000	1.9581	27.2442
790.0000	223.0000	64.4356	33.3315
791.0000	31.0000	1.9626	27.3178
791.0000	223.0000	64.4356	33.3315
792.0000	31.0000	1.9675	27.3974
792.0000	223.0000	64.4356	33.3315
793.0000	31.0000	1.9728	27.4829
793.0000	223.0000	64.4356	33.3315
794.0000	31.0000	1.9785	27.5744
794.0000	223.0000	64.4356	33.3315
795.0000	31.0000	1.9845	27.6715
795.0000	223.0000	64.4356	33.3315
796.0000	31.0000	1.9909	27.7743
796.0000	223.0000	64.4356	33.3315
797.0000	31.0000	1.9976	27.8826
797.0000	223.0000	64.4356	33.3315
798.0000	31.0000	2.0046	27.9962
798.0000	223.0000	64.4356	33.3315
799.0000	31.0000	2.0119	28.1151
799.0000	223.0000	64.4356	33.3315
800.0000	31.0000	2.0196	28.2391
800.0000	223.0000	64.4356	33.3315
801.0000	31.0000	2.0274	28.3682
801.0000	223.0000	64.4356	33.3315
802.0000	31.0000	2.0356	28.5022
802.0000	223.0000	64.4356	33.3315
803.0000	31.0000	2.0442	28.6410
803.0000	223.0000	64.4356	33.3315
804.0000	31.0000	2.0530	28.7845
804.0000	223.0000	64.4356	33.3315
805.0000	31.0000	2.0621	28.9327
805.0000	223.0000	64.4356	33.3315
806.0000	31.0000	2.0715	29.0854
806.0000	223.0000	64.4356	33.3315
807.0000	31.0000	2.0811	29.2423
807.0000	223.0000	64.4356	33.3315
808.0000	31.0000	2.0909	29.4003
808.0000	223.0000	64.4356	33.3315
809.0000	31.0000	2.1017	29.5752
809.0000	223.0000	64.4356	33.3315
810.0000	31.0000	2.1129	29.7563
810.0000	223.0000	64.4356	33.3315
811.0000	31.0000	2.1245	29.9423
811.0000	223.0000	64.4356	33.3315
812.0000	31.0000	2.1363	30.1331
812.0000	223.0000	64.4356	33.3315
813.0000	31.0000	2.1485	30.3286
813.0000	223.0000	64.4356	33.3315
814.0000	31.0000	2.1608	30.5289
814.0000	223.0000	64.4356	33.3315
815.0000	31.0000	2.1733	30.7330
815.0000	223.0000	64.4356	33.3315
816.0000	31.0000	2.1859	30.9388
816.0000	223.0000	64.4356	33.3315
817.0000	31.0000	2.1995	31.1608
817.0000	223.0000	64.4356	33.3315
818.0000	31.0000	2.2136	31.3892
818.0000	223.0000	64.4354	33.3325
819.0000	31.0000	2.2280	31.6225
819.0000	223.0000	64.4354	33.3325
820.0000	31.0000	2.2427	31.8606
820.0000	223.0000	64.4354	33.3325
821.0000	31.0000	2.2576	32.1035
821.0000	223.0000	64.4354	33.3325
822.0000	31.0000	2.2681	32.2723
822.0000	223.0000	64.4354	33.3325
823.0000	31.0000	2.2682	32.2748
823.0000	223.0000	64.4354	33.3325
824.0000	31.0000	2.2740	32.3689
824.0000	223.0000	64.4354	33.3325
825.0000	31.0000	2.2830	32.5150
825.0000	223.0000	64.4354	33.3325
826.0000	31.0000	2.2922	32.6641
826.0000	223.0000	64.4354	33.3325
827.0000	31.0000	2.3017	32.8187
827.0000	223.0000	64.4354	33.3325
828.0000	31.0000	2.3113	32.9751
828.0000	223.0000	64.4354	33.3324
829.0000	31.0000	2.3199	33.1143
829.0000	223.0000	64.4350	33.3348
830.0000	31.0000	2.3285	33.2542
830.0000	223.0000	64.4334	33.3399
831.0000	31.0000	2.3373	33.3982
831.0000	223.0000	64.4335	33.3408
832.0000	31.0000	2.3429	33.4873
832.0000	223.0000	64.4336	33.3408
833.0000	31.0000	2.3430	33.4888
833.0000	223.0000	64.4335	33.3409
834.0000	31.0000	2.3432	33.4924
834.0000	223.0000	64.4335	33.3409
835.0000	31.0000	2.3453	33.5272
835.0000	223.0000	64.4334	33.3409
836.0000	31.0000	2.3476	33.5660
836.0000	223.0000	64.4334	33.3409
837.0000	31.0000	2.3504	33.6109
837.0000	223.0000	64.4334	33.3409
838.0000	31.0000	2.3536	33.6623
838.0000	223.0000	64.4334	33.3408
839.0000	31.0000	2.3573	33.7203
839.0000	223.0000	64.4329	33.3432
840.0000	31.0000	2.3612	33.7849
840.0000	223.0000	64.4312	33.3489
841.0000	31.0000	2.3655	33.8558
841.0000	223.0000	64.4277	33.3649
842.0000	31.0000	2.3703	33.9330
842.0000	223.0000	64.4226	33.3879
843.0000	31.0000	2.3755	34.0164
843.0000	223.0000	64.4160	33.4175
844.0000	31.0000	2.3810	34.1057
844.0000	223.0000	64.4153	33.4221
845.0000	31.0000	2.3869	34.2009
845.0000	223.0000	64.4155	33.4224
846.0000	31.0000	2.3932	34.3018
846.0000	223.0000	64.4153	33.4229
847.0000	31.0000	2.3998	34.4081
847.0000	223.0000	64.4151	33.4232
848.0000	31.0000	2.4028	34.4586
848.0000	223.0000	64.4150	33.4233
849.0000	31.0000	2.4036	34.4714
849.0000	223.0000	64.4150	33.4233
850.0000	31.0000	2.4067	34.5224
850.0000	223.0000	64.4150	33.4234
851.0000	31.0000	2.4096	34.5736
851.0000	223.0000	64.4150	33.4234
852.0000	31.0000	2.4130	34.6299
852.0000	223.0000	64.4150	33.4234
853.0000	31.0000	2.4167	34.6926
853.0000	223.0000	64.4150	33.4234
854.0000	31.0000	2.4208	34.7618
854.0000	223.0000	64.4150	33.4234
855.0000	31.0000	2.4254	34.8372
855.0000	223.0000	64.4150	33.4234
856.0000	31.0000	2.4305	34.9188
856.0000	223.0000	64.4151	33.4233
857.0000	31.0000	2.4340	35.0022
857.0000	223.0000	64.4136	33.4216
858.0000	31.0000	2.4363	35.0718
858.0000	223.0000	64.4103	33.4028
859.0000	31.0000	2.4062	35.1107
859.0000	223.0000	64.3759	33.4008
860.0000	31.0000	2.3792	35.1228
860.0000	223.0000	64.3442	33.3615
861.0000	31.0000	2.3447	35.1220
861.0000	223.0000	64.3052	33.3162
862.0000	31.0000	2.3003	35.1030
862.0000	223.0000	64.2566	33.2631
863.0000	31.0000	2.2461	35.0684
863.0000	223.0000	64.1988	33.2050
864.0000	31.0000	2.1948	35.0317
864.0000	223.0000	64.1436	33.1356
865.0000	31.0000	2.1398	34.9899
865.0000	223.0000	64.0849	33.0619
866.0000	31.0000	2.0711	34.9364
866.0000	223.0000	64.0131	32.9938
867.0000	31.0000	2.0068	34.8818
867.0000	223.0000	63.9457	32.9132
868.0000	31.0000	1.9478	34.8467
868.0000	223.0000	63.8833	32.8388
869.0000	31.0000	1.9120	34.8759
869.0000	223.0000	63.8430	32.7857
870.0000	31.0000	1.9116	35.0060
870.0000	223.0000	63.8359	32.7726
871.0000	31.0000	1.9186	35.1642
871.0000	223.0000	63.8360	32.7732
872.0000	31.0000	1.9260	35.3289
872.0000	223.0000	63.8360	32.7738
873.0000	31.0000	1.9337	35.5029
873.0000	223.0000	63.8360	32.7741
874.0000	31.0000	1.9411	35.6690
874.0000	223.0000	63.8360	32.7742
875.0000	31.0000	1.9487	35.8377
875.0000	223.0000	63.8356	32.7765
876.0000	31.0000	1.9563	36.0098
876.0000	223.0000	63.8353	32.7775
877.0000	31.0000	1.9636	36.1761
877.0000	223.0000	63.8353	32.7775
878.0000	31.0000	1.9702	36.3249
878.0000	223.0000	63.8353	32.7775
879.0000	31.0000	1.9770	36.4782
879.0000	223.0000	63.8353	32.7775
880.0000	31.0000	1.9840	36.6358
880.0000	223.0000	63.8353	32.7775
881.0000	31.0000	1.9911	36.7970
881.0000	223.0000	63.8353	32.7775
882.0000	31.0000	1.9940	36.8632
882.0000	223.0000	63.8353	32.7775
883.0000	31.0000	1.9940	36.8640
883.0000	223.0000	63.8353	32.7775
884.0000	31.0000	1.9942	36.8665
884.0000	223.0000	63.8353	32.7775
885.0000	31.0000	1.9942	36.8681
885.0000	223.0000	63.8353	32.7775
886.0000	31.0000	1.9943	36.8688
886.0000	223.0000	63.8351	32.7785
887.0000	31.0000	1.9944	36.8693
887.0000	223.0000	63.8352	32.7784
888.0000	31.0000	1.9928	36.8652
888.0000	223.0000	63.8337	32.7767
889.0000	31.0000	1.9777	36.8419
889.0000	223.0000	63.8202	32.7768
890.0000	31.0000	1.9744	36.8323
890.0000	223.0000	63.8172	32.7722
891.0000	31.0000	1.9744	36.8323
891.0000	223.0000	63.8172	32.7722
892.0000	31.0000	1.9745	36.8324
892.0000	223.0000	63.8173	32.7722
893.0000	31.0000	1.9683	36.8221
893.0000	223.0000	63.8118	32.7714
894.0000	31.0000	1.9841	36.7813
894.0000	223.0000	63.8258	32.7048
895.0000	31.0000	1.9545	36.7038
895.0000	223.0000	63.7992	32.6728
896.0000	31.0000	1.9158	36.6127
896.0000	223.0000	63.7644	32.6413
897.0000	31.0000	1.8824	36.5325
897.0000	223.0000	63.7343	32.6125
898.0000	31.0000	1.8820	36.5299
898.0000	223.0000	63.7339	32.6103
899.0000	31.0000	1.8820	36.5301
899.0000	223.0000	63.7339	32.6106
900.0000	31.0000	1.8820	36.5302
900.0000	223.0000	63.7339	32.6108
901.0000	31.0000	1.8820	36.5303
902.0000	31.0000	1.8821	36.5304
903.0000	31.0000	1.8720	36.5247
904.0000	31.0000	1.8788	36.4936
905.0000	31.0000	1.8575	36.4259
906.0000	31.0000	1.8376	36.3307
907.0000	31.0000	1.8331	36.3144
908.0000	31.0000	1.8094	36.2683
909.0000	31.0000	1.7692	36.1972
910.0000	31.0000	1.7555	36.1834
911.0000	31.0000	1.7142	36.1398
912.0000	31.0000	1.7295	36.0875
913.0000	31.0000	1.7027	36.0741
914.0000	31.0000	1.6675	36.0277
915.0000	31.0000	1.6359	35.9741
916.0000	31.0000	1.6359	35.9738
917.0000	31.0000	1.6359	35.9739
918.0000	31.0000	1.6359	35.9740
919.0000	31.0000	1.6359	35.9740
920.0000	31.0000	1.6359	35.9741
921.0000	31.0000	1.6359	35.9741
922.0000	31.0000	1.6360	35.9742
923.0000	31.0000	1.6341	35.9693
924.0000	31.0000	1.5998	35.9465
925.0000	31.0000	1.5683	35.8866
926.0000	31.0000	1.5316	35.7805
927.0000	31.0000	1.4769	35.6319
928.0000	31.0000	1.4187	35.4608
929.0000	31.0000	1.3593	35.3049
930.0000	31.0000	1.3024	35.1373
931.0000	31.0000	1.2387	34.9478
932.0000	31.0000	1.1744	34.7542
933.0000	31.0000	1.1130	34.5659
934.0000	31.0000	1.0501	34.3678
935.0000	31.0000	0.9830	34.1513
936.0000	31.0000	0.9169	33.9355
937.0000	31.0000	0.8548	33.7277
938.0000	31.0000	0.7927	33.5128
939.0000	31.0000	0.7283	33.2838
940.0000	31.0000	0.6760	33.0583
941.0000	31.0000	0.6195	32.8396
942.0000	31.0000	0.5637	32.6138
943.0000	31.0000	0.4968	32.3798
944.0000	31.0000	0.4633	32.1631
945.0000	31.0000	0.4258	32.0091
946.0000	31.0000	0.4150	31.9496
947.0000	31.0000	0.4150	31.9499
948.0000	31.0000	0.4151	31.9505
949.0000	31.0000	0.4151	31.9508
950.0000	31.0000	0.4151	31.9510
951.0000	31.0000	0.4152	31.9512
952.0000	31.0000	0.4121	31.9469
953.0000	31.0000	0.3766	31.9200
954.0000	31.0000	0.3560	31.8550
955.0000	31.0000	0.3412	31.7588
956.0000	31.0000	0.3153	31.6451
957.0000	31.0000	0.2942	31.5077
958.0000	31.0000	0.2692	31.3463
959.0000	31.0000	0.2383	31.1785
960.0000	31.0000	0.2124	31.0035
961.0000	31.0000	0.1852	30.8111
962.0000	31.0000	0.1440	30.6107
963.0000	31.0000	0.1227	30.4138
964.0000	31.0000	0.0984	30.2225
965.0000	31.0000	0.0780	30.0837
966.0000	31.0000	0.0744	30.0411
967.0000	31.0000	0.0744	30.0414
968.0000	31.0000	0.0745	30.0418
969.0000	31.0000	0.0744	30.0421
970.0000	31.0000	0.0745	30.0422
971.0000	31.0000	0.0745	30.0423
972.0000	31.0000	0.0745	30.0423
973.0000	31.0000	0.0745	30.0423
974.0000	31.0000	0.0745	30.0423
975.0000	31.0000	0.0745	30.0423
976.0000	31.0000	0.0745	30.0423
977.0000	31.0000	0.0745	30.0423
978.0000	31.0000	0.0745	30.0423
979.0000	31.0000	0.0745	30.0423
980.0000	31.0000	0.0745	30.0423
981.0000	31.0000	0.0745	30.0423
982.0000	31.0000	0.0745	30.0423
983.0000	31.0000	0.0745	30.0423
984.0000	31.0000	0.0745	30.0423
985.0000	31.0000	0.0745	30.0423
986.0000	31.0000	0.0745	30.0423
987.0000	31.0000	0.0745	30.0423
988.0000	31.0000	0.0745	30.0423
989.0000	31.0000	0.0745	30.0423
990.0000	31.0000	0.0745	30.0423
991.0000	31.0000	0.0745	30.0423
992.0000	31.0000	0.0745	30.0423
993.0000	31.0000	0.0745	30.0423
994.0000	31.0000	0.0745	30.0423
995.0000	31.0000	0.0745	30.0423
996.0000	31.0000	0.0745	30.0423
997.0000	31.0000	0.0745	30.0423
998.0000	31.0000	0.0745	30.0423
999.0000	31.0000	0.0745	30.0423
