0.0000	23.0000	1.0686	65.3348
0.0000	156.0000	-25.1100	67.3975
1.0000	23.0000	1.0686	65.3348
1.0000	156.0000	-25.4858	67.3944
2.0000	23.0000	1.0686	65.3348
2.0000	156.0000	-25.8653	67.3912
3.0000	23.0000	1.0686	65.3348
3.0000	156.0000	-26.2442	67.3881
4.0000	23.0000	1.0687	65.3348
4.0000	156.0000	-26.6335	67.3849
5.0000	23.0000	1.0678	65.3343
5.0000	156.0000	-27.0303	67.3818
6.0000	23.0000	1.0678	65.3343
6.0000	156.0000	-27.4314	67.3786
7.0000	23.0000	1.0678	65.3343
7.0000	156.0000	-27.8365	67.3755
8.0000	23.0000	1.0678	65.3343
8.0000	156.0000	-28.2456	67.3724
9.0000	23.0000	1.0678	65.3343
9.0000	156.0000	-28.6586	67.3695
10.0000	23.0000	1.0678	65.3343
10.0000	156.0000	-29.0753	67.3668
11.0000	23.0000	1.0678	65.3343
11.0000	156.0000	-29.4957	67.3640
12.0000	23.0000	1.0678	65.3343
12.0000	156.0000	-29.9198	67.3614
13.0000	23.0000	1.0678	65.3343
13.0000	156.0000	-30.3474	67.3592
14.0000	23.0000	1.0678	65.3343
14.0000	156.0000	-30.7785	67.3568
15.0000	23.0000	1.0678	65.3343
15.0000	156.0000	-31.2131	67.3547
16.0000	23.0000	1.0678	65.3343
16.0000	156.0000	-31.6511	67.3528
17.0000	23.0000	1.0678	65.3343
17.0000	156.0000	-32.0925	67.3511
18.0000	23.0000	1.0678	65.3343
18.0000	156.0000	-32.5372	67.3495
19.0000	23.0000	1.0678	65.3343
19.0000	156.0000	-32.9851	67.3480
20.0000	23.0000	1.0678	65.3343
20.0000	156.0000	-33.4346	67.3468
21.0000	23.0000	1.0678	65.3343
21.0000	156.0000	-33.8884	67.3457
22.0000	23.0000	1.0678	65.3343
22.0000	156.0000	-34.3590	67.3445
23.0000	23.0000	1.0678	65.3343
23.0000	156.0000	-34.8358	67.3438
24.0000	23.0000	1.0678	65.3343
24.0000	156.0000	-35.3166	67.3431
25.0000	23.0000	1.0678	65.3343
25.0000	156.0000	-35.8013	67.3426
26.0000	23.0000	1.0678	65.3343
26.0000	156.0000	-36.2893	67.3423
27.0000	23.0000	1.0678	65.3343
27.0000	156.0000	-36.7808	67.3421
28.0000	23.0000	1.0678	65.3343
28.0000	156.0000	-37.2755	67.3422
29.0000	23.0000	1.0678	65.3343
29.0000	156.0000	-37.7733	67.3422
30.0000	23.0000	1.0678	65.3343
30.0000	156.0000	-38.2744	67.3425
31.0000	23.0000	1.0678	65.3343
31.0000	156.0000	-38.7786	67.3430
32.0000	23.0000	1.0678	65.3343
32.0000	156.0000	-39.2858	67.3434
33.0000	23.0000	1.0678	65.3343
33.0000	156.0000	-39.7960	67.3441
34.0000	23.0000	1.0678	65.3343
34.0000	156.0000	-40.3091	67.3449
35.0000	23.0000	1.0678	65.3343
35.0000	156.0000	-40.8250	67.3458
36.0000	23.0000	1.0678	65.3343
36.0000	156.0000	-41.3438	67.3466
37.0000	23.0000	1.0678	65.3343
37.0000	156.0000	-41.8655	67.3478
38.0000	23.0000	1.0678	65.3343
38.0000	156.0000	-42.3899	67.3491
39.0000	23.0000	1.0678	65.3343
39.0000	156.0000	-42.9171	67.3503
40.0000	23.0000	1.0678	65.3343
41.0000	23.0000	1.0678	65.3343
42.0000	23.0000	1.0678	65.3343
43.0000	23.0000	1.0678	65.3343
44.0000	23.0000	1.0678	65.3343
45.0000	23.0000	1.0678	65.3343
46.0000	23.0000	1.0678	65.3343
47.0000	23.0000	1.0678	65.3343
48.0000	23.0000	1.0678	65.3343
49.0000	23.0000	1.0678	65.3343
50.0000	23.0000	1.0678	65.3343
51.0000	23.0000	1.0678	65.3343
52.0000	23.0000	1.0678	65.3343
53.0000	23.0000	1.0678	65.3343
54.0000	23.0000	1.0678	65.3343
55.0000	23.0000	1.0678	65.3343
56.0000	23.0000	1.0678	65.3343
57.0000	23.0000	1.0678	65.3343
58.0000	23.0000	1.0678	65.3343
59.0000	23.0000	1.0678	65.3343
60.0000	23.0000	1.0678	65.3343
61.0000	23.0000	1.0678	65.3343
62.0000	23.0000	1.0678	65.3343
63.0000	23.0000	1.0678	65.3343
64.0000	23.0000	1.0678	65.3343
65.0000	23.0000	1.0678	65.3343
66.0000	23.0000	1.0678	65.3343
67.0000	23.0000	1.0678	65.3343
68.0000	23.0000	1.0679	65.3343
69.0000	23.0000	1.0670	65.3338
70.0000	23.0000	1.0670	65.3338
71.0000	23.0000	1.0670	65.3338
72.0000	23.0000	1.0670	65.3338
73.0000	23.0000	1.0670	65.3338
74.0000	23.0000	1.0670	65.3338
75.0000	23.0000	1.0670	65.3338
76.0000	23.0000	1.0670	65.3338
77.0000	23.0000	1.0671	65.3338
78.0000	23.0000	1.0662	65.3333
79.0000	23.0000	1.0662	65.3333
80.0000	23.0000	1.0662	65.3333
81.0000	23.0000	1.0662	65.3334
82.0000	23.0000	1.0662	65.3334
83.0000	23.0000	1.0591	65.3285
84.0000	23.0000	1.0613	65.3074
85.0000	23.0000	1.0614	65.2409
86.0000	23.0000	1.0610	65.1476
87.0000	23.0000	1.0609	65.0359
88.0000	23.0000	1.0605	64.9025
89.0000	23.0000	1.0601	64.7484
90.0000	23.0000	1.0593	64.5812
91.0000	23.0000	1.0585	64.4046
92.0000	23.0000	1.0576	64.2170
93.0000	23.0000	1.0566	64.0201
94.0000	23.0000	1.0555	63.8174
95.0000	23.0000	1.0544	63.6094
96.0000	23.0000	1.0528	63.4080
97.0000	23.0000	1.0504	63.2630
98.0000	23.0000	1.0412	63.2090
99.0000	23.0000	1.0413	63.2086
100.0000	23.0000	1.0379	63.1846
101.0000	23.0000	1.0380	63.1193
102.0000	23.0000	1.0377	63.0247
103.0000	23.0000	1.0371	62.9109
104.0000	23.0000	1.0365	62.7769
105.0000	23.0000	1.0360	62.6227
106.0000	23.0000	1.0351	62.4549
107.0000	23.0000	1.0342	62.2775
108.0000	23.0000	1.0334	62.0897
109.0000	23.0000	1.0324	61.8926
110.0000	23.0000	1.0313	61.6895
111.0000	23.0000	1.0302	61.4813
112.0000	23.0000	1.0290	61.2680
113.0000	23.0000	1.0278	61.0507
114.0000	23.0000	1.0265	60.8306
115.0000	23.0000	1.0252	60.6079
116.0000	23.0000	1.0239	60.3828
117.0000	23.0000	1.0218	60.1554
118.0000	23.0000	1.0205	59.9272
119.0000	23.0000	1.0191	59.6977
119.0000	104.0000	-73.9850	30.3027
120.0000	23.0000	1.0179	59.4670
120.0000	104.0000	-73.9856	30.0707
121.0000	23.0000	1.0165	59.2356
121.0000	104.0000	-73.9864	29.8376
122.0000	23.0000	1.0151	59.0035
122.0000	104.0000	-73.9871	29.6038
123.0000	23.0000	1.0136	58.7708
123.0000	104.0000	-73.9879	29.3693
124.0000	23.0000	1.0124	58.5376
124.0000	104.0000	-73.9885	29.1346
125.0000	23.0000	1.0110	58.3040
125.0000	104.0000	-73.9893	28.8992
126.0000	23.0000	1.0096	58.0685
126.0000	104.0000	-73.9900	28.6620
127.0000	23.0000	1.0081	57.8334
127.0000	104.0000	-73.9907	28.4250
128.0000	23.0000	1.0065	57.6204
128.0000	104.0000	-73.9916	28.2100
129.0000	23.0000	1.0053	57.4015
129.0000	104.0000	-73.9921	27.9896
130.0000	23.0000	1.0044	57.1672
130.0000	104.0000	-73.9926	27.7541
131.0000	23.0000	1.0028	56.9332
131.0000	104.0000	-73.9934	27.5181
132.0000	23.0000	1.0012	56.7107
132.0000	104.0000	-73.9943	27.2937
133.0000	23.0000	0.9999	56.4885
133.0000	104.0000	-73.9950	27.0699
134.0000	23.0000	0.9989	56.2557
134.0000	104.0000	-73.9955	26.8359
135.0000	23.0000	0.9975	56.0203
135.0000	104.0000	-73.9962	26.5987
136.0000	23.0000	0.9937	55.7913
136.0000	104.0000	-73.9970	26.3689
137.0000	23.0000	0.9926	55.5649
137.0000	104.0000	-73.9975	26.1412
138.0000	23.0000	0.9914	55.3306
138.0000	104.0000	-73.9981	25.9056
138.0000	156.0000	-55.6593	57.3565
139.0000	23.0000	0.9899	55.0944
139.0000	104.0000	-73.9989	25.6675
139.0000	156.0000	-55.6629	57.1189
140.0000	23.0000	0.9887	54.8637
140.0000	104.0000	-73.9994	25.4353
140.0000	156.0000	-55.6653	56.8870
141.0000	23.0000	0.9874	54.6337
141.0000	104.0000	-74.0000	25.2037
141.0000	156.0000	-55.6671	56.6558
142.0000	23.0000	0.9862	54.3985
142.0000	104.0000	-74.0007	24.9668
142.0000	156.0000	-55.6686	56.4193
143.0000	23.0000	0.9851	54.1625
143.0000	104.0000	-74.0012	24.7294
143.0000	156.0000	-55.6699	56.1823
144.0000	23.0000	0.9833	53.9424
144.0000	104.0000	-74.0020	24.5069
144.0000	156.0000	-55.6717	55.9604
145.0000	23.0000	0.9810	53.7849
145.0000	104.0000	-74.0031	24.3463
145.0000	156.0000	-55.6741	55.8005
146.0000	23.0000	0.9810	53.7219
146.0000	104.0000	-74.0031	24.2832
146.0000	156.0000	-55.6741	55.7374
147.0000	23.0000	0.9810	53.7220
147.0000	104.0000	-74.0031	24.2834
147.0000	156.0000	-55.6741	55.7375
148.0000	23.0000	0.9811	53.7224
148.0000	104.0000	-74.0031	24.2839
148.0000	156.0000	-55.6741	55.7380
149.0000	23.0000	0.9810	53.7227
149.0000	104.0000	-74.0031	24.2842
149.0000	156.0000	-55.6741	55.7384
150.0000	23.0000	0.9810	53.7229
150.0000	104.0000	-74.0031	24.2844
150.0000	156.0000	-55.6741	55.7386
151.0000	23.0000	0.9810	53.7229
151.0000	104.0000	-74.0031	24.2844
151.0000	156.0000	-55.6741	55.7386
152.0000	23.0000	0.9810	53.7230
152.0000	104.0000	-74.0031	24.2845
152.0000	156.0000	-55.6741	55.7387
153.0000	23.0000	0.9810	53.7230
153.0000	104.0000	-74.0031	24.2845
153.0000	156.0000	-55.6741	55.7387
154.0000	23.0000	0.9810	53.7229
154.0000	104.0000	-74.0031	24.2845
154.0000	156.0000	-55.6741	55.7386
155.0000	23.0000	0.9810	53.7229
155.0000	104.0000	-74.0031	24.2845
155.0000	156.0000	-55.6741	55.7386
156.0000	23.0000	0.9810	53.7229
156.0000	104.0000	-74.0031	24.2845
156.0000	156.0000	-55.6741	55.7386
157.0000	23.0000	0.9810	53.7229
157.0000	104.0000	-74.0031	24.2845
157.0000	156.0000	-55.6741	55.7386
158.0000	23.0000	0.9810	53.7229
158.0000	104.0000	-74.0031	24.2845
158.0000	156.0000	-55.6741	55.7386
159.0000	23.0000	0.9810	53.7229
159.0000	104.0000	-74.0031	24.2845
159.0000	156.0000	-55.6741	55.7386
160.0000	23.0000	0.9810	53.7229
160.0000	104.0000	-74.0031	24.2845
160.0000	156.0000	-55.6741	55.7386
161.0000	23.0000	0.9810	53.7229
161.0000	104.0000	-74.0031	24.2845
161.0000	156.0000	-55.6741	55.7386
162.0000	23.0000	0.9811	53.7230
162.0000	104.0000	-74.0031	24.2845
162.0000	156.0000	-55.6741	55.7386
163.0000	23.0000	0.9803	53.7224
163.0000	104.0000	-74.0031	24.2845
163.0000	156.0000	-55.6741	55.7386
164.0000	23.0000	0.9803	53.7224
164.0000	104.0000	-74.0031	24.2845
164.0000	156.0000	-55.6741	55.7386
165.0000	23.0000	0.9802	53.7225
165.0000	104.0000	-74.0031	24.2845
165.0000	156.0000	-55.6741	55.7386
166.0000	23.0000	0.9802	53.7224
166.0000	104.0000	-74.0031	24.2845
166.0000	156.0000	-55.6741	55.7386
167.0000	23.0000	0.9803	53.7224
167.0000	104.0000	-74.0031	24.2845
167.0000	156.0000	-55.6741	55.7386
168.0000	23.0000	0.9795	53.7219
168.0000	104.0000	-74.0031	24.2845
168.0000	156.0000	-55.6741	55.7386
169.0000	23.0000	0.9795	53.7219
169.0000	104.0000	-74.0031	24.2845
169.0000	156.0000	-55.6741	55.7386
170.0000	23.0000	0.9794	53.7219
170.0000	104.0000	-74.0031	24.2845
170.0000	156.0000	-55.6741	55.7386
171.0000	23.0000	0.9794	53.7219
171.0000	104.0000	-74.0031	24.2845
171.0000	156.0000	-55.6741	55.7386
172.0000	23.0000	0.9794	53.7219
172.0000	104.0000	-74.0031	24.2845
172.0000	156.0000	-55.6741	55.7386
173.0000	23.0000	0.9794	53.7219
173.0000	104.0000	-74.0031	24.2845
173.0000	156.0000	-55.6741	55.7386
174.0000	23.0000	0.9794	53.7219
174.0000	104.0000	-74.0031	24.2845
174.0000	156.0000	-55.6741	55.7386
175.0000	23.0000	0.9794	53.7219
175.0000	104.0000	-74.0031	24.2845
175.0000	156.0000	-55.6740	55.7386
176.0000	23.0000	0.9794	53.7219
176.0000	104.0000	-74.0031	24.2845
176.0000	156.0000	-55.6758	55.7386
177.0000	23.0000	0.9794	53.7219
177.0000	104.0000	-74.0031	24.2845
177.0000	156.0000	-55.6818	55.7385
178.0000	23.0000	0.9794	53.7219
178.0000	104.0000	-74.0031	24.2845
178.0000	156.0000	-55.6959	55.7386
179.0000	23.0000	0.9794	53.7219
179.0000	104.0000	-74.0031	24.2845
179.0000	156.0000	-55.7159	55.7388
180.0000	23.0000	0.9794	53.7219
180.0000	104.0000	-74.0031	24.2845
180.0000	156.0000	-55.7444	55.7390
181.0000	23.0000	0.9794	53.7219
181.0000	104.0000	-74.0031	24.2845
181.0000	156.0000	-55.7780	55.7392
182.0000	23.0000	0.9794	53.7219
182.0000	104.0000	-74.0031	24.2845
182.0000	156.0000	-55.8185	55.7395
183.0000	23.0000	0.9794	53.7219
183.0000	104.0000	-74.0031	24.2845
183.0000	156.0000	-55.8657	55.7399
184.0000	23.0000	0.9794	53.7219
184.0000	104.0000	-74.0031	24.2845
184.0000	156.0000	-55.9195	55.7402
185.0000	23.0000	0.9794	53.7219
185.0000	104.0000	-74.0031	24.2845
185.0000	156.0000	-55.9799	55.7406
186.0000	23.0000	0.9794	53.7219
186.0000	104.0000	-74.0031	24.2845
186.0000	156.0000	-56.0357	55.7410
187.0000	23.0000	0.9794	53.7219
187.0000	104.0000	-74.0031	24.2845
187.0000	156.0000	-56.0877	55.7413
188.0000	23.0000	0.9794	53.7219
188.0000	104.0000	-74.0031	24.2845
188.0000	156.0000	-56.1426	55.7417
189.0000	23.0000	0.9794	53.7219
189.0000	104.0000	-74.0031	24.2845
189.0000	156.0000	-56.2032	55.7421
190.0000	23.0000	0.9794	53.7219
190.0000	104.0000	-74.0031	24.2845
190.0000	156.0000	-56.2698	55.7424
191.0000	23.0000	0.9794	53.7219
191.0000	104.0000	-74.0031	24.2845
191.0000	156.0000	-56.3427	55.7428
192.0000	23.0000	0.9794	53.7219
192.0000	104.0000	-74.0031	24.2845
192.0000	156.0000	-56.4218	55.7431
193.0000	23.0000	0.9794	53.7219
193.0000	104.0000	-74.0031	24.2845
193.0000	156.0000	-56.5069	55.7436
194.0000	23.0000	0.9794	53.7219
194.0000	104.0000	-74.0031	24.2845
194.0000	156.0000	-56.5979	55.7441
195.0000	23.0000	0.9794	53.7219
195.0000	104.0000	-74.0031	24.2845
195.0000	156.0000	-56.6947	55.7447
196.0000	23.0000	0.9794	53.7219
196.0000	104.0000	-74.0031	24.2845
196.0000	156.0000	-56.7971	55.7453
197.0000	23.0000	0.9794	53.7219
197.0000	104.0000	-74.0031	24.2845
197.0000	156.0000	-56.9050	55.7460
198.0000	23.0000	0.9795	53.7219
198.0000	104.0000	-74.0031	24.2845
198.0000	156.0000	-57.0183	55.7468
199.0000	23.0000	0.9787	53.7214
199.0000	104.0000	-74.0031	24.2845
199.0000	156.0000	-57.0736	55.7469
200.0000	23.0000	0.9787	53.7214
200.0000	104.0000	-74.0031	24.2845
200.0000	156.0000	-57.0735	55.7470
201.0000	23.0000	0.9786	53.7214
201.0000	104.0000	-74.0031	24.2845
201.0000	156.0000	-57.0759	55.7470
202.0000	23.0000	0.9786	53.7214
202.0000	104.0000	-74.0031	24.2845
202.0000	156.0000	-57.0774	55.7470
203.0000	23.0000	0.9787	53.7214
203.0000	104.0000	-74.0031	24.2845
203.0000	156.0000	-57.0781	55.7470
204.0000	23.0000	0.9752	53.7195
204.0000	104.0000	-74.0031	24.2845
204.0000	156.0000	-57.0784	55.7470
205.0000	23.0000	0.9752	53.7195
205.0000	104.0000	-74.0031	24.2845
205.0000	156.0000	-57.0786	55.7470
206.0000	23.0000	0.9752	53.7195
206.0000	104.0000	-74.0031	24.2845
206.0000	156.0000	-57.0786	55.7470
207.0000	23.0000	0.9749	53.7192
207.0000	104.0000	-74.0031	24.2845
207.0000	156.0000	-57.0787	55.7470
208.0000	23.0000	0.9749	53.7192
208.0000	104.0000	-74.0031	24.2845
208.0000	156.0000	-57.0787	55.7470
209.0000	23.0000	0.9749	53.7192
209.0000	104.0000	-74.0031	24.2845
209.0000	156.0000	-57.0787	55.7470
210.0000	23.0000	0.9748	53.7192
210.0000	104.0000	-74.0031	24.2845
210.0000	156.0000	-57.0787	55.7470
211.0000	23.0000	0.9748	53.7192
211.0000	104.0000	-74.0031	24.2845
211.0000	156.0000	-57.0787	55.7470
212.0000	23.0000	0.9748	53.7192
212.0000	104.0000	-74.0031	24.2845
212.0000	156.0000	-57.0787	55.7470
213.0000	23.0000	0.9748	53.7192
213.0000	104.0000	-74.0031	24.2845
213.0000	156.0000	-57.0787	55.7470
214.0000	23.0000	0.9748	53.7192
214.0000	104.0000	-74.0031	24.2845
214.0000	156.0000	-57.0787	55.7470
215.0000	23.0000	0.9748	53.7192
215.0000	104.0000	-74.0031	24.2845
215.0000	156.0000	-57.0787	55.7470
216.0000	23.0000	0.9748	53.7192
216.0000	104.0000	-74.0031	24.2845
216.0000	156.0000	-57.0787	55.7470
217.0000	23.0000	0.9748	53.7193
217.0000	104.0000	-74.0031	24.2845
217.0000	156.0000	-57.0787	55.7470
218.0000	23.0000	0.9691	53.7144
218.0000	104.0000	-74.0058	24.2717
218.0000	156.0000	-57.0847	55.7360
219.0000	23.0000	0.9702	53.6928
219.0000	104.0000	-74.0049	24.2532
219.0000	156.0000	-57.0827	55.7169
220.0000	23.0000	0.9702	53.6263
220.0000	104.0000	-74.0049	24.1868
220.0000	156.0000	-57.0827	55.6505
221.0000	23.0000	0.9697	53.5330
221.0000	104.0000	-74.0052	24.0928
221.0000	156.0000	-57.0832	55.5567
222.0000	23.0000	0.9694	53.4212
222.0000	104.0000	-74.0053	23.9808
222.0000	156.0000	-57.0835	55.4448
223.0000	23.0000	0.9690	53.2878
223.0000	104.0000	-74.0055	23.8468
223.0000	156.0000	-57.0839	55.3109
224.0000	23.0000	0.9685	53.1337
224.0000	104.0000	-74.0058	23.6921
224.0000	156.0000	-57.0844	55.1563
225.0000	23.0000	0.9678	52.9666
225.0000	104.0000	-74.0061	23.5240
225.0000	156.0000	-57.0852	54.9884
226.0000	23.0000	0.9671	52.7899
226.0000	104.0000	-74.0064	23.3464
226.0000	156.0000	-57.0858	54.8111
227.0000	23.0000	0.9665	52.6023
227.0000	104.0000	-74.0067	23.1579
227.0000	156.0000	-57.0865	54.6228
228.0000	23.0000	0.9655	52.4054
228.0000	104.0000	-74.0071	22.9598
228.0000	156.0000	-57.0875	54.4249
229.0000	23.0000	0.9646	52.2027
229.0000	104.0000	-74.0076	22.7557
229.0000	156.0000	-57.0885	54.2211
230.0000	23.0000	0.9637	51.9947
230.0000	104.0000	-74.0080	22.5466
230.0000	156.0000	-57.0894	54.0122
231.0000	23.0000	0.9629	51.7815
231.0000	104.0000	-74.0084	22.3324
231.0000	156.0000	-57.0902	53.7983
232.0000	23.0000	0.9620	51.5643
232.0000	104.0000	-74.0089	22.1140
232.0000	156.0000	-57.0911	53.5802
233.0000	23.0000	0.9612	51.3443
233.0000	104.0000	-74.0093	21.8928
233.0000	156.0000	-57.0921	53.3592
234.0000	23.0000	0.9594	51.1211
234.0000	104.0000	-74.0097	21.6689
234.0000	156.0000	-57.0931	53.1356
235.0000	23.0000	0.9585	50.8960
235.0000	104.0000	-74.0102	21.4425
235.0000	156.0000	-57.0940	52.9095
236.0000	23.0000	0.9577	50.6691
236.0000	104.0000	-74.0105	21.2146
236.0000	156.0000	-57.0948	52.6818
237.0000	23.0000	0.9568	50.4408
237.0000	104.0000	-74.0109	20.9850
237.0000	156.0000	-57.0958	52.4526
238.0000	23.0000	0.9559	50.2113
238.0000	104.0000	-74.0114	20.7543
238.0000	156.0000	-57.0967	52.2221
239.0000	23.0000	0.9550	49.9807
239.0000	104.0000	-74.0118	20.5223
239.0000	156.0000	-57.0976	51.9904
240.0000	23.0000	0.9542	49.7492
240.0000	104.0000	-74.0121	20.2899
240.0000	156.0000	-57.0984	51.7582
241.0000	23.0000	0.9534	49.5171
241.0000	104.0000	-74.0125	20.0565
241.0000	156.0000	-57.0993	51.5251
242.0000	23.0000	0.9525	49.2843
242.0000	104.0000	-74.0128	19.8225
242.0000	156.0000	-57.1002	51.2914
243.0000	23.0000	0.9518	49.0511
243.0000	104.0000	-74.0131	19.5883
243.0000	156.0000	-57.1009	51.0574
244.0000	23.0000	0.9511	48.8175
244.0000	104.0000	-74.0135	19.3535
244.0000	156.0000	-57.1017	50.8229
245.0000	23.0000	0.9503	48.5835
245.0000	104.0000	-74.0138	19.1183
245.0000	156.0000	-57.1025	50.5880
246.0000	23.0000	0.9489	48.3487
246.0000	104.0000	-74.0140	18.8831
246.0000	156.0000	-57.1032	50.3530
247.0000	23.0000	0.9478	48.1262
247.0000	104.0000	-74.0145	18.6588
247.0000	156.0000	-57.1044	50.1290
248.0000	23.0000	0.9459	47.9631
248.0000	104.0000	-74.0152	18.4930
248.0000	156.0000	-57.1062	49.9639
249.0000	23.0000	0.9383	47.8896
249.0000	104.0000	-74.0183	18.4079
249.0000	156.0000	-57.1142	49.8813
250.0000	23.0000	0.9384	47.8880
250.0000	104.0000	-74.0183	18.4065
250.0000	156.0000	-57.1140	49.8799
251.0000	23.0000	0.9384	47.8884
251.0000	104.0000	-74.0183	18.4070
251.0000	156.0000	-57.1140	49.8804
252.0000	23.0000	0.9384	47.8887
252.0000	104.0000	-74.0183	18.4074
252.0000	156.0000	-57.1140	49.8807
253.0000	23.0000	0.9384	47.8889
253.0000	104.0000	-74.0183	18.4075
253.0000	156.0000	-57.1140	49.8809
254.0000	23.0000	0.9384	47.8890
254.0000	104.0000	-74.0183	18.4076
254.0000	156.0000	-57.1140	49.8810
255.0000	23.0000	0.9384	47.8890
255.0000	104.0000	-74.0183	18.4077
255.0000	156.0000	-57.1140	49.8810
256.0000	23.0000	0.9384	47.8890
256.0000	104.0000	-74.0183	18.4076
256.0000	156.0000	-57.1140	49.8810
257.0000	23.0000	0.9384	47.8890
257.0000	104.0000	-74.0183	18.4076
257.0000	156.0000	-57.1140	49.8810
258.0000	23.0000	0.9384	47.8890
258.0000	104.0000	-74.0183	18.4076
258.0000	156.0000	-57.1140	49.8810
259.0000	23.0000	0.9384	47.8890
259.0000	104.0000	-74.0183	18.4076
259.0000	156.0000	-57.1140	49.8810
260.0000	23.0000	0.9384	47.8890
260.0000	104.0000	-74.0183	18.4076
260.0000	156.0000	-57.1140	49.8810
261.0000	23.0000	0.9384	47.8890
261.0000	104.0000	-74.0183	18.4076
261.0000	156.0000	-57.1140	49.8810
262.0000	23.0000	0.9384	47.8890
262.0000	104.0000	-74.0183	18.4076
262.0000	156.0000	-57.1140	49.8810
263.0000	23.0000	0.9384	47.8890
263.0000	104.0000	-74.0183	18.4076
263.0000	156.0000	-57.1140	49.8810
264.0000	23.0000	0.9384	47.8890
264.0000	104.0000	-74.0183	18.4076
264.0000	156.0000	-57.1140	49.8810
265.0000	23.0000	0.9384	47.8890
265.0000	104.0000	-74.0183	18.4076
265.0000	156.0000	-57.1140	49.8810
266.0000	23.0000	0.9384	47.8890
266.0000	104.0000	-74.0183	18.4076
266.0000	156.0000	-57.1140	49.8810
267.0000	23.0000	0.9384	47.8890
267.0000	104.0000	-74.0183	18.4076
267.0000	156.0000	-57.1140	49.8810
268.0000	23.0000	0.9384	47.8890
268.0000	104.0000	-74.0183	18.4076
268.0000	156.0000	-57.1140	49.8810
269.0000	23.0000	0.9384	47.8890
269.0000	104.0000	-74.0183	18.4076
269.0000	156.0000	-57.1140	49.8810
270.0000	23.0000	0.9384	47.8890
270.0000	104.0000	-74.0183	18.4076
270.0000	156.0000	-57.1140	49.8810
271.0000	23.0000	0.9384	47.8890
271.0000	104.0000	-74.0183	18.4076
271.0000	156.0000	-57.1140	49.8810
272.0000	23.0000	0.9385	47.8890
272.0000	104.0000	-74.0183	18.4076
272.0000	156.0000	-57.1140	49.8810
273.0000	23.0000	0.9377	47.8885
273.0000	104.0000	-74.0183	18.4076
273.0000	156.0000	-57.1140	49.8810
274.0000	23.0000	0.9377	47.8885
274.0000	104.0000	-74.0183	18.4076
274.0000	156.0000	-57.1140	49.8810
275.0000	23.0000	0.9377	47.8885
275.0000	104.0000	-74.0183	18.4076
275.0000	156.0000	-57.1140	49.8810
276.0000	23.0000	0.9376	47.8885
276.0000	104.0000	-74.0183	18.4076
276.0000	156.0000	-57.1140	49.8810
277.0000	23.0000	0.9376	47.8885
277.0000	104.0000	-74.0183	18.4076
277.0000	156.0000	-57.1140	49.8810
278.0000	23.0000	0.9376	47.8885
278.0000	104.0000	-74.0183	18.4076
278.0000	156.0000	-57.1140	49.8810
279.0000	23.0000	0.9376	47.8885
279.0000	104.0000	-74.0183	18.4076
279.0000	156.0000	-57.1140	49.8810
280.0000	23.0000	0.9377	47.8885
280.0000	104.0000	-74.0183	18.4076
280.0000	156.0000	-57.1140	49.8810
281.0000	23.0000	0.9341	47.8865
281.0000	104.0000	-74.0183	18.4076
281.0000	156.0000	-57.1140	49.8810
282.0000	23.0000	0.9341	47.8865
282.0000	104.0000	-74.0183	18.4076
282.0000	156.0000	-57.1140	49.8810
283.0000	23.0000	0.9341	47.8865
283.0000	104.0000	-74.0183	18.4076
283.0000	156.0000	-57.1140	49.8810
284.0000	23.0000	0.9340	47.8864
284.0000	104.0000	-74.0183	18.4076
284.0000	156.0000	-57.1140	49.8810
285.0000	23.0000	0.9339	47.8864
285.0000	104.0000	-74.0183	18.4076
285.0000	156.0000	-57.1140	49.8810
286.0000	23.0000	0.9339	47.8864
286.0000	104.0000	-74.0183	18.4076
286.0000	156.0000	-57.1140	49.8810
287.0000	23.0000	0.9339	47.8864
287.0000	104.0000	-74.0183	18.4076
287.0000	156.0000	-57.1140	49.8810
288.0000	23.0000	0.9339	47.8864
288.0000	104.0000	-74.0183	18.4076
288.0000	156.0000	-57.1140	49.8810
289.0000	23.0000	0.9339	47.8864
289.0000	104.0000	-74.0183	18.4076
289.0000	156.0000	-57.1140	49.8810
290.0000	23.0000	0.9339	47.8864
290.0000	104.0000	-74.0183	18.4076
290.0000	156.0000	-57.1140	49.8810
291.0000	23.0000	0.9339	47.8864
291.0000	104.0000	-74.0183	18.4076
291.0000	156.0000	-57.1140	49.8810
292.0000	23.0000	0.9339	47.8864
292.0000	104.0000	-74.0183	18.4076
292.0000	156.0000	-57.1140	49.8810
293.0000	23.0000	0.9339	47.8864
293.0000	104.0000	-74.0183	18.4076
293.0000	156.0000	-57.1140	49.8810
294.0000	23.0000	0.9339	47.8864
294.0000	104.0000	-74.0183	18.4076
294.0000	156.0000	-57.1140	49.8810
295.0000	23.0000	0.9339	47.8864
295.0000	104.0000	-74.0183	18.4076
295.0000	156.0000	-57.1140	49.8810
296.0000	23.0000	0.9340	47.8864
296.0000	104.0000	-74.0183	18.4076
296.0000	156.0000	-57.1140	49.8810
297.0000	23.0000	0.9331	47.8858
297.0000	104.0000	-74.0183	18.4076
297.0000	156.0000	-57.1140	49.8810
298.0000	23.0000	0.9331	47.8859
298.0000	104.0000	-74.0183	18.4076
298.0000	156.0000	-57.1140	49.8810
299.0000	23.0000	0.9331	47.8859
299.0000	104.0000	-74.0183	18.4076
299.0000	156.0000	-57.1140	49.8810
300.0000	23.0000	0.9331	47.8859
300.0000	104.0000	-74.0183	18.4076
300.0000	156.0000	-57.1140	49.8810
301.0000	23.0000	0.9331	47.8859
301.0000	104.0000	-74.0183	18.4076
301.0000	156.0000	-57.1140	49.8810
302.0000	23.0000	0.9331	47.8859
302.0000	104.0000	-74.0183	18.4076
302.0000	156.0000	-57.1140	49.8810
303.0000	23.0000	0.9331	47.8859
303.0000	104.0000	-74.0183	18.4076
303.0000	156.0000	-57.1140	49.8810
304.0000	23.0000	0.9331	47.8859
304.0000	104.0000	-74.0183	18.4076
304.0000	156.0000	-57.1140	49.8810
305.0000	23.0000	0.9331	47.8859
305.0000	104.0000	-74.0183	18.4076
305.0000	156.0000	-57.1140	49.8810
306.0000	23.0000	0.9331	47.8859
306.0000	104.0000	-74.0183	18.4076
306.0000	156.0000	-57.1140	49.8810
307.0000	23.0000	0.9331	47.8859
307.0000	104.0000	-74.0183	18.4076
307.0000	156.0000	-57.1140	49.8810
308.0000	23.0000	0.9331	47.8859
308.0000	104.0000	-74.0183	18.4076
308.0000	156.0000	-57.1140	49.8810
309.0000	23.0000	0.9331	47.8859
309.0000	104.0000	-74.0183	18.4076
309.0000	156.0000	-57.1140	49.8810
310.0000	23.0000	0.9331	47.8859
310.0000	104.0000	-74.0183	18.4076
310.0000	156.0000	-57.1140	49.8810
311.0000	23.0000	0.9331	47.8859
311.0000	104.0000	-74.0183	18.4076
311.0000	156.0000	-57.1140	49.8810
312.0000	23.0000	0.9331	47.8859
312.0000	104.0000	-74.0183	18.4076
312.0000	156.0000	-57.1140	49.8810
313.0000	23.0000	0.9331	47.8859
313.0000	104.0000	-74.0183	18.4076
313.0000	156.0000	-57.1140	49.8810
314.0000	23.0000	0.9331	47.8859
314.0000	104.0000	-74.0183	18.4076
314.0000	156.0000	-57.1140	49.8810
315.0000	23.0000	0.9331	47.8859
315.0000	104.0000	-74.0183	18.4076
315.0000	156.0000	-57.1140	49.8810
316.0000	23.0000	0.9323	47.8854
316.0000	104.0000	-74.0183	18.4076
316.0000	156.0000	-57.1140	49.8810
317.0000	23.0000	0.9323	47.8854
317.0000	104.0000	-74.0183	18.4076
317.0000	156.0000	-57.1140	49.8810
318.0000	23.0000	0.9323	47.8854
318.0000	104.0000	-74.0183	18.4076
318.0000	156.0000	-57.1140	49.8810
319.0000	23.0000	0.9323	47.8854
319.0000	104.0000	-74.0183	18.4076
319.0000	156.0000	-57.1140	49.8810
320.0000	23.0000	0.9323	47.8854
320.0000	104.0000	-74.0183	18.4076
320.0000	156.0000	-57.1140	49.8810
321.0000	23.0000	0.9323	47.8854
321.0000	104.0000	-74.0183	18.4076
321.0000	156.0000	-57.1140	49.8810
322.0000	23.0000	0.9323	47.8854
322.0000	104.0000	-74.0183	18.4076
322.0000	156.0000	-57.1140	49.8810
323.0000	23.0000	0.9323	47.8854
323.0000	104.0000	-74.0183	18.4076
323.0000	156.0000	-57.1140	49.8810
324.0000	23.0000	0.9324	47.8854
324.0000	104.0000	-74.0183	18.4076
324.0000	156.0000	-57.1140	49.8810
325.0000	23.0000	0.9315	47.8849
325.0000	104.0000	-74.0183	18.4076
325.0000	156.0000	-57.1140	49.8810
326.0000	23.0000	0.9315	47.8849
326.0000	104.0000	-74.0183	18.4076
326.0000	156.0000	-57.1140	49.8810
327.0000	23.0000	0.9315	47.8849
327.0000	104.0000	-74.0183	18.4076
327.0000	156.0000	-57.1140	49.8810
328.0000	23.0000	0.9315	47.8849
328.0000	104.0000	-74.0183	18.4076
328.0000	156.0000	-57.1140	49.8810
329.0000	23.0000	0.9315	47.8849
329.0000	104.0000	-74.0183	18.4076
329.0000	156.0000	-57.1140	49.8810
330.0000	23.0000	0.9307	47.8843
330.0000	104.0000	-74.0183	18.4076
330.0000	156.0000	-57.1140	49.8810
331.0000	23.0000	0.9307	47.8844
331.0000	104.0000	-74.0183	18.4076
331.0000	156.0000	-57.1140	49.8810
332.0000	23.0000	0.9307	47.8844
332.0000	104.0000	-74.0183	18.4076
332.0000	156.0000	-57.1140	49.8810
333.0000	23.0000	0.9307	47.8844
333.0000	104.0000	-74.0183	18.4076
333.0000	156.0000	-57.1140	49.8810
334.0000	23.0000	0.9307	47.8844
334.0000	104.0000	-74.0183	18.4076
334.0000	156.0000	-57.1140	49.8810
335.0000	23.0000	0.9307	47.8844
335.0000	104.0000	-74.0183	18.4076
335.0000	156.0000	-57.1140	49.8810
336.0000	23.0000	0.9307	47.8844
336.0000	104.0000	-74.0183	18.4076
336.0000	156.0000	-57.1140	49.8810
337.0000	23.0000	0.9307	47.8844
337.0000	104.0000	-74.0183	18.4076
337.0000	156.0000	-57.1140	49.8810
338.0000	23.0000	0.9307	47.8844
338.0000	104.0000	-74.0183	18.4076
338.0000	156.0000	-57.1140	49.8810
339.0000	23.0000	0.9307	47.8844
339.0000	104.0000	-74.0183	18.4076
339.0000	156.0000	-57.1140	49.8810
340.0000	23.0000	0.9307	47.8844
340.0000	104.0000	-74.0183	18.4076
340.0000	156.0000	-57.1140	49.8810
341.0000	23.0000	0.9307	47.8844
341.0000	104.0000	-74.0183	18.4076
341.0000	156.0000	-57.1140	49.8810
342.0000	23.0000	0.9307	47.8844
342.0000	104.0000	-74.0183	18.4076
342.0000	156.0000	-57.1140	49.8810
343.0000	23.0000	0.9307	47.8844
343.0000	104.0000	-74.0183	18.4076
343.0000	156.0000	-57.1140	49.8810
344.0000	23.0000	0.9307	47.8844
344.0000	104.0000	-74.0183	18.4076
344.0000	156.0000	-57.1140	49.8810
345.0000	23.0000	0.9307	47.8844
345.0000	104.0000	-74.0183	18.4076
345.0000	156.0000	-57.1140	49.8810
346.0000	23.0000	0.9307	47.8844
346.0000	104.0000	-74.0183	18.4076
346.0000	156.0000	-57.1140	49.8810
347.0000	23.0000	0.9307	47.8844
347.0000	104.0000	-74.0183	18.4076
347.0000	156.0000	-57.1140	49.8810
348.0000	23.0000	0.9307	47.8844
348.0000	104.0000	-74.0183	18.4076
348.0000	156.0000	-57.1140	49.8810
349.0000	23.0000	0.9307	47.8844
349.0000	104.0000	-74.0183	18.4076
349.0000	156.0000	-57.1140	49.8810
350.0000	23.0000	0.9307	47.8844
350.0000	104.0000	-74.0183	18.4076
350.0000	156.0000	-57.1140	49.8810
351.0000	23.0000	0.9307	47.8844
351.0000	104.0000	-74.0183	18.4076
351.0000	156.0000	-57.1140	49.8810
352.0000	23.0000	0.9307	47.8844
352.0000	104.0000	-74.0183	18.4076
352.0000	156.0000	-57.1140	49.8810
353.0000	23.0000	0.9307	47.8844
353.0000	104.0000	-74.0183	18.4076
353.0000	156.0000	-57.1140	49.8810
354.0000	23.0000	0.9299	47.8839
354.0000	104.0000	-74.0183	18.4076
354.0000	156.0000	-57.1140	49.8810
355.0000	23.0000	0.9299	47.8839
355.0000	104.0000	-74.0183	18.4076
355.0000	156.0000	-57.1140	49.8810
356.0000	23.0000	0.9299	47.8839
356.0000	104.0000	-74.0183	18.4076
356.0000	156.0000	-57.1140	49.8810
357.0000	23.0000	0.9299	47.8839
357.0000	104.0000	-74.0183	18.4076
357.0000	156.0000	-57.1140	49.8810
358.0000	23.0000	0.9299	47.8839
358.0000	104.0000	-74.0183	18.4076
358.0000	156.0000	-57.1140	49.8810
359.0000	23.0000	0.9299	47.8839
359.0000	104.0000	-74.0183	18.4076
359.0000	156.0000	-57.1140	49.8810
360.0000	23.0000	0.9298	47.8839
360.0000	104.0000	-74.0183	18.4076
360.0000	156.0000	-57.1140	49.8810
361.0000	23.0000	0.9298	47.8839
361.0000	104.0000	-74.0183	18.4076
361.0000	156.0000	-57.1140	49.8810
362.0000	23.0000	0.9299	47.8839
362.0000	104.0000	-74.0183	18.4076
362.0000	156.0000	-57.1140	49.8810
363.0000	23.0000	0.9291	47.8833
363.0000	104.0000	-74.0183	18.4076
363.0000	156.0000	-57.1140	49.8810
364.0000	23.0000	0.9291	47.8834
364.0000	104.0000	-74.0183	18.4076
364.0000	156.0000	-57.1140	49.8810
365.0000	23.0000	0.9291	47.8834
365.0000	104.0000	-74.0183	18.4076
365.0000	156.0000	-57.1140	49.8810
366.0000	23.0000	0.9291	47.8833
366.0000	104.0000	-74.0183	18.4076
366.0000	156.0000	-57.1140	49.8810
367.0000	23.0000	0.9291	47.8833
367.0000	104.0000	-74.0183	18.4076
367.0000	156.0000	-57.1140	49.8810
368.0000	23.0000	0.9291	47.8833
368.0000	104.0000	-74.0183	18.4076
368.0000	156.0000	-57.1140	49.8810
369.0000	23.0000	0.9291	47.8833
369.0000	104.0000	-74.0183	18.4076
369.0000	156.0000	-57.1140	49.8810
370.0000	23.0000	0.9291	47.8833
370.0000	104.0000	-74.0183	18.4076
370.0000	156.0000	-57.1140	49.8810
371.0000	23.0000	0.9291	47.8833
371.0000	104.0000	-74.0183	18.4076
371.0000	156.0000	-57.1140	49.8810
372.0000	23.0000	0.9291	47.8833
372.0000	104.0000	-74.0183	18.4076
372.0000	156.0000	-57.1140	49.8810
373.0000	23.0000	0.9291	47.8833
373.0000	104.0000	-74.0183	18.4076
373.0000	156.0000	-57.1140	49.8810
374.0000	23.0000	0.9291	47.8833
374.0000	104.0000	-74.0183	18.4076
374.0000	156.0000	-57.1140	49.8810
375.0000	23.0000	0.9291	47.8833
375.0000	104.0000	-74.0183	18.4076
375.0000	156.0000	-57.1140	49.8810
376.0000	23.0000	0.9291	47.8833
376.0000	104.0000	-74.0183	18.4076
376.0000	156.0000	-57.1140	49.8810
377.0000	23.0000	0.9291	47.8833
377.0000	104.0000	-74.0183	18.4076
377.0000	156.0000	-57.1140	49.8810
378.0000	23.0000	0.9291	47.8833
378.0000	104.0000	-74.0183	18.4076
378.0000	156.0000	-57.1140	49.8810
379.0000	23.0000	0.9291	47.8833
379.0000	104.0000	-74.0183	18.4076
379.0000	156.0000	-57.1140	49.8810
380.0000	23.0000	0.9291	47.8833
380.0000	104.0000	-74.0183	18.4076
380.0000	156.0000	-57.1140	49.8810
381.0000	23.0000	0.9291	47.8833
381.0000	104.0000	-74.0183	18.4076
381.0000	156.0000	-57.1140	49.8810
382.0000	23.0000	0.9291	47.8833
382.0000	104.0000	-74.0183	18.4076
382.0000	156.0000	-57.1140	49.8810
383.0000	23.0000	0.9291	47.8833
383.0000	104.0000	-74.0183	18.4076
383.0000	156.0000	-57.1140	49.8810
384.0000	23.0000	0.9291	47.8833
384.0000	104.0000	-74.0183	18.4076
384.0000	156.0000	-57.1140	49.8810
385.0000	23.0000	0.9291	47.8833
385.0000	104.0000	-74.0183	18.4076
385.0000	156.0000	-57.1140	49.8810
386.0000	23.0000	0.9291	47.8833
386.0000	104.0000	-74.0183	18.4076
386.0000	156.0000	-57.1140	49.8810
387.0000	23.0000	0.9291	47.8833
387.0000	104.0000	-74.0183	18.4076
387.0000	156.0000	-57.1140	49.8810
388.0000	23.0000	0.9291	47.8833
388.0000	104.0000	-74.0183	18.4076
388.0000	156.0000	-57.1140	49.8810
389.0000	23.0000	0.9291	47.8833
389.0000	104.0000	-74.0183	18.4076
389.0000	156.0000	-57.1140	49.8810
390.0000	23.0000	0.9291	47.8833
390.0000	104.0000	-74.0183	18.4076
390.0000	156.0000	-57.1140	49.8810
391.0000	23.0000	0.9291	47.8833
391.0000	104.0000	-74.0183	18.4076
391.0000	156.0000	-57.1140	49.8810
392.0000	23.0000	0.9291	47.8834
392.0000	104.0000	-74.0183	18.4076
392.0000	156.0000	-57.1140	49.8810
393.0000	23.0000	0.9283	47.8828
393.0000	104.0000	-74.0183	18.4076
393.0000	156.0000	-57.1140	49.8810
394.0000	23.0000	0.9283	47.8828
394.0000	104.0000	-74.0183	18.4076
394.0000	156.0000	-57.1140	49.8810
395.0000	23.0000	0.9283	47.8828
395.0000	104.0000	-74.0183	18.4076
395.0000	156.0000	-57.1140	49.8810
396.0000	23.0000	0.9283	47.8828
396.0000	104.0000	-74.0183	18.4076
396.0000	156.0000	-57.1140	49.8810
397.0000	23.0000	0.9274	47.8823
397.0000	104.0000	-74.0183	18.4076
397.0000	156.0000	-57.1140	49.8810
398.0000	23.0000	0.9275	47.8823
398.0000	104.0000	-74.0183	18.4076
398.0000	156.0000	-57.1140	49.8810
399.0000	23.0000	0.9274	47.8823
399.0000	104.0000	-74.0183	18.4076
399.0000	156.0000	-57.1140	49.8810
400.0000	23.0000	0.9275	47.8823
400.0000	104.0000	-74.0183	18.4076
400.0000	156.0000	-57.1140	49.8810
401.0000	23.0000	0.9275	47.8823
401.0000	104.0000	-74.0183	18.4076
401.0000	156.0000	-57.1140	49.8810
402.0000	23.0000	0.9275	47.8823
402.0000	104.0000	-74.0183	18.4076
402.0000	156.0000	-57.1140	49.8810
403.0000	23.0000	0.9275	47.8823
403.0000	104.0000	-74.0183	18.4076
403.0000	156.0000	-57.1140	49.8810
404.0000	23.0000	0.9275	47.8823
404.0000	104.0000	-74.0183	18.4076
404.0000	156.0000	-57.1140	49.8810
405.0000	23.0000	0.9275	47.8823
405.0000	104.0000	-74.0183	18.4076
405.0000	156.0000	-57.1140	49.8810
406.0000	23.0000	0.9275	47.8823
406.0000	104.0000	-74.0183	18.4076
406.0000	156.0000	-57.1140	49.8810
407.0000	23.0000	0.9275	47.8823
407.0000	104.0000	-74.0183	18.4076
407.0000	156.0000	-57.1140	49.8810
408.0000	23.0000	0.9276	47.8823
408.0000	104.0000	-74.0183	18.4076
408.0000	156.0000	-57.1140	49.8810
409.0000	23.0000	0.9267	47.8817
409.0000	104.0000	-74.0183	18.4076
409.0000	156.0000	-57.1140	49.8810
410.0000	23.0000	0.9267	47.8818
410.0000	104.0000	-74.0183	18.4076
410.0000	156.0000	-57.1140	49.8810
411.0000	23.0000	0.9267	47.8818
411.0000	104.0000	-74.0183	18.4076
411.0000	156.0000	-57.1140	49.8810
412.0000	23.0000	0.9267	47.8818
412.0000	104.0000	-74.0183	18.4076
412.0000	156.0000	-57.1140	49.8810
413.0000	23.0000	0.9267	47.8818
413.0000	104.0000	-74.0183	18.4076
413.0000	156.0000	-57.1140	49.8810
414.0000	23.0000	0.9267	47.8818
414.0000	104.0000	-74.0183	18.4076
414.0000	156.0000	-57.1140	49.8810
415.0000	23.0000	0.9268	47.8818
415.0000	104.0000	-74.0183	18.4076
415.0000	156.0000	-57.1140	49.8810
416.0000	23.0000	0.9259	47.8812
416.0000	104.0000	-74.0183	18.4076
416.0000	156.0000	-57.1140	49.8810
417.0000	23.0000	0.9259	47.8813
417.0000	104.0000	-74.0183	18.4076
417.0000	156.0000	-57.1140	49.8810
418.0000	23.0000	0.9259	47.8813
418.0000	104.0000	-74.0183	18.4076
418.0000	156.0000	-57.1140	49.8810
419.0000	23.0000	0.9259	47.8813
419.0000	104.0000	-74.0183	18.4076
419.0000	156.0000	-57.1140	49.8810
420.0000	23.0000	0.9259	47.8813
420.0000	104.0000	-74.0183	18.4076
420.0000	156.0000	-57.1140	49.8810
421.0000	23.0000	0.9260	47.8813
421.0000	104.0000	-74.0183	18.4076
421.0000	156.0000	-57.1140	49.8810
422.0000	23.0000	0.9241	47.8801
422.0000	104.0000	-74.0183	18.4076
422.0000	156.0000	-57.1140	49.8810
423.0000	23.0000	0.9240	47.8800
423.0000	104.0000	-74.0183	18.4076
423.0000	156.0000	-57.1140	49.8810
424.0000	23.0000	0.9239	47.8800
424.0000	104.0000	-74.0183	18.4076
424.0000	156.0000	-57.1140	49.8810
425.0000	23.0000	0.9238	47.8799
425.0000	104.0000	-74.0183	18.4076
425.0000	156.0000	-57.1140	49.8810
426.0000	23.0000	0.9238	47.8799
426.0000	104.0000	-74.0183	18.4076
426.0000	156.0000	-57.1140	49.8810
427.0000	23.0000	0.9238	47.8799
427.0000	104.0000	-74.0183	18.4076
427.0000	156.0000	-57.1140	49.8810
428.0000	23.0000	0.9239	47.8800
428.0000	104.0000	-74.0183	18.4076
428.0000	156.0000	-57.1140	49.8810
429.0000	23.0000	0.9231	47.8794
429.0000	104.0000	-74.0183	18.4076
429.0000	156.0000	-57.1140	49.8810
430.0000	23.0000	0.9231	47.8794
430.0000	104.0000	-74.0183	18.4076
430.0000	156.0000	-57.1140	49.8810
431.0000	23.0000	0.9230	47.8794
431.0000	104.0000	-74.0183	18.4076
431.0000	156.0000	-57.1140	49.8810
432.0000	23.0000	0.9230	47.8794
432.0000	104.0000	-74.0183	18.4076
432.0000	156.0000	-57.1140	49.8810
433.0000	23.0000	0.9230	47.8794
433.0000	104.0000	-74.0183	18.4076
433.0000	156.0000	-57.1140	49.8810
434.0000	23.0000	0.9230	47.8794
434.0000	104.0000	-74.0183	18.4076
434.0000	156.0000	-57.1140	49.8810
435.0000	23.0000	0.9230	47.8794
435.0000	104.0000	-74.0183	18.4076
435.0000	156.0000	-57.1140	49.8810
436.0000	23.0000	0.9230	47.8794
436.0000	104.0000	-74.0183	18.4076
436.0000	156.0000	-57.1140	49.8810
437.0000	23.0000	0.9230	47.8794
437.0000	104.0000	-74.0183	18.4076
437.0000	156.0000	-57.1140	49.8810
438.0000	23.0000	0.9230	47.8794
438.0000	104.0000	-74.0183	18.4076
438.0000	156.0000	-57.1140	49.8810
439.0000	23.0000	0.9231	47.8794
439.0000	104.0000	-74.0183	18.4076
439.0000	156.0000	-57.1140	49.8810
440.0000	23.0000	0.9223	47.8789
440.0000	104.0000	-74.0183	18.4076
440.0000	156.0000	-57.1140	49.8810
441.0000	23.0000	0.9223	47.8789
441.0000	104.0000	-74.0183	18.4076
441.0000	156.0000	-57.1140	49.8810
442.0000	23.0000	0.9222	47.8789
442.0000	104.0000	-74.0183	18.4076
442.0000	156.0000	-57.1140	49.8810
443.0000	23.0000	0.9222	47.8789
443.0000	104.0000	-74.0183	18.4076
443.0000	156.0000	-57.1140	49.8810
444.0000	23.0000	0.9222	47.8789
444.0000	104.0000	-74.0183	18.4076
444.0000	156.0000	-57.1140	49.8810
445.0000	23.0000	0.9223	47.8789
445.0000	104.0000	-74.0183	18.4076
445.0000	156.0000	-57.1140	49.8810
446.0000	23.0000	0.9215	47.8783
446.0000	104.0000	-74.0183	18.4076
446.0000	156.0000	-57.1140	49.8810
447.0000	23.0000	0.9215	47.8784
447.0000	104.0000	-74.0183	18.4076
447.0000	156.0000	-57.1140	49.8810
448.0000	23.0000	0.9215	47.8783
448.0000	104.0000	-74.0183	18.4076
448.0000	156.0000	-57.1140	49.8810
449.0000	23.0000	0.9213	47.8781
449.0000	104.0000	-74.0183	18.4076
449.0000	156.0000	-57.1140	49.8810
450.0000	23.0000	0.9212	47.8781
450.0000	104.0000	-74.0183	18.4076
450.0000	156.0000	-57.1140	49.8810
451.0000	23.0000	0.9213	47.8782
451.0000	104.0000	-74.0183	18.4076
451.0000	156.0000	-57.1140	49.8810
452.0000	23.0000	0.9204	47.8776
452.0000	104.0000	-74.0183	18.4076
452.0000	156.0000	-57.1140	49.8810
453.0000	23.0000	0.9204	47.8776
453.0000	104.0000	-74.0183	18.4076
453.0000	156.0000	-57.1140	49.8810
454.0000	23.0000	0.9204	47.8776
454.0000	104.0000	-74.0183	18.4076
454.0000	156.0000	-57.1140	49.8810
455.0000	23.0000	0.9204	47.8776
455.0000	104.0000	-74.0183	18.4076
455.0000	156.0000	-57.1140	49.8810
456.0000	23.0000	0.9204	47.8776
456.0000	104.0000	-74.0183	18.4076
456.0000	156.0000	-57.1140	49.8810
457.0000	23.0000	0.9204	47.8776
457.0000	104.0000	-74.0183	18.4076
457.0000	156.0000	-57.1140	49.8810
458.0000	23.0000	0.9204	47.8776
458.0000	104.0000	-74.0183	18.4076
458.0000	156.0000	-57.1140	49.8810
459.0000	23.0000	0.9204	47.8776
459.0000	104.0000	-74.0183	18.4076
459.0000	156.0000	-57.1140	49.8810
460.0000	23.0000	0.9204	47.8776
460.0000	104.0000	-74.0183	18.4076
460.0000	156.0000	-57.1140	49.8810
461.0000	23.0000	0.9204	47.8776
461.0000	104.0000	-74.0183	18.4076
461.0000	156.0000	-57.1140	49.8810
462.0000	23.0000	0.9205	47.8776
462.0000	104.0000	-74.0183	18.4076
462.0000	156.0000	-57.1140	49.8810
463.0000	23.0000	0.9179	47.8761
463.0000	104.0000	-74.0183	18.4076
463.0000	156.0000	-57.1140	49.8810
464.0000	23.0000	0.9139	47.8748
464.0000	104.0000	-74.0183	18.4076
464.0000	156.0000	-57.1140	49.8810
465.0000	23.0000	0.9141	47.8744
465.0000	104.0000	-74.0183	18.4076
465.0000	156.0000	-57.1140	49.8810
466.0000	23.0000	0.9141	47.8742
466.0000	104.0000	-74.0183	18.4076
466.0000	156.0000	-57.1140	49.8810
467.0000	23.0000	0.9140	47.8741
467.0000	104.0000	-74.0183	18.4076
467.0000	156.0000	-57.1140	49.8810
468.0000	23.0000	0.9138	47.8741
468.0000	104.0000	-74.0183	18.4076
468.0000	156.0000	-57.1140	49.8810
469.0000	23.0000	0.9138	47.8742
469.0000	104.0000	-74.0183	18.4076
469.0000	156.0000	-57.1140	49.8810
470.0000	23.0000	0.9137	47.8742
470.0000	104.0000	-74.0183	18.4076
470.0000	156.0000	-57.1140	49.8810
471.0000	23.0000	0.9137	47.8742
471.0000	104.0000	-74.0183	18.4076
471.0000	156.0000	-57.1140	49.8810
472.0000	23.0000	0.9137	47.8742
472.0000	104.0000	-74.0183	18.4076
472.0000	156.0000	-57.1140	49.8810
473.0000	23.0000	0.9138	47.8742
473.0000	104.0000	-74.0183	18.4076
473.0000	156.0000	-57.1140	49.8810
474.0000	23.0000	0.9138	47.8742
474.0000	104.0000	-74.0183	18.4076
474.0000	156.0000	-57.1140	49.8810
475.0000	23.0000	0.9138	47.8742
475.0000	104.0000	-74.0183	18.4076
475.0000	156.0000	-57.1140	49.8810
476.0000	23.0000	0.9138	47.8742
476.0000	104.0000	-74.0183	18.4076
476.0000	156.0000	-57.1140	49.8810
477.0000	23.0000	0.9138	47.8742
477.0000	104.0000	-74.0183	18.4076
477.0000	156.0000	-57.1140	49.8810
478.0000	23.0000	0.9138	47.8742
478.0000	104.0000	-74.0183	18.4076
478.0000	156.0000	-57.1140	49.8810
479.0000	23.0000	0.9130	47.8737
479.0000	104.0000	-74.0183	18.4076
479.0000	156.0000	-57.1140	49.8810
480.0000	23.0000	0.9130	47.8737
480.0000	104.0000	-74.0183	18.4076
480.0000	156.0000	-57.1140	49.8810
481.0000	23.0000	0.9130	47.8737
481.0000	104.0000	-74.0183	18.4076
481.0000	156.0000	-57.1140	49.8810
482.0000	23.0000	0.9129	47.8737
482.0000	104.0000	-74.0183	18.4076
482.0000	156.0000	-57.1140	49.8810
483.0000	23.0000	0.9129	47.8737
483.0000	104.0000	-74.0183	18.4076
483.0000	156.0000	-57.1140	49.8810
484.0000	23.0000	0.9129	47.8737
484.0000	104.0000	-74.0183	18.4076
484.0000	156.0000	-57.1140	49.8810
485.0000	23.0000	0.9129	47.8737
485.0000	104.0000	-74.0183	18.4076
485.0000	156.0000	-57.1140	49.8810
486.0000	23.0000	0.9129	47.8737
486.0000	104.0000	-74.0183	18.4076
486.0000	156.0000	-57.1140	49.8810
487.0000	23.0000	0.9129	47.8737
487.0000	104.0000	-74.0183	18.4076
487.0000	156.0000	-57.1140	49.8810
488.0000	23.0000	0.9129	47.8737
488.0000	104.0000	-74.0183	18.4076
488.0000	156.0000	-57.1140	49.8810
489.0000	23.0000	0.9129	47.8737
489.0000	104.0000	-74.0183	18.4076
489.0000	156.0000	-57.1140	49.8810
490.0000	23.0000	0.9130	47.8737
490.0000	104.0000	-74.0183	18.4076
490.0000	156.0000	-57.1140	49.8810
491.0000	23.0000	0.9122	47.8732
491.0000	104.0000	-74.0183	18.4076
491.0000	156.0000	-57.1140	49.8810
492.0000	23.0000	0.9122	47.8732
492.0000	104.0000	-74.0183	18.4076
492.0000	156.0000	-57.1140	49.8810
493.0000	23.0000	0.9122	47.8732
493.0000	104.0000	-74.0183	18.4076
493.0000	156.0000	-57.1140	49.8810
494.0000	23.0000	0.9122	47.8732
494.0000	104.0000	-74.0183	18.4076
494.0000	156.0000	-57.1140	49.8810
495.0000	23.0000	0.9122	47.8732
495.0000	104.0000	-74.0183	18.4076
495.0000	156.0000	-57.1140	49.8810
496.0000	23.0000	0.9122	47.8732
496.0000	104.0000	-74.0183	18.4076
496.0000	156.0000	-57.1140	49.8810
497.0000	23.0000	0.9122	47.8732
497.0000	104.0000	-74.0183	18.4076
497.0000	156.0000	-57.1140	49.8810
498.0000	23.0000	0.9122	47.8732
498.0000	104.0000	-74.0183	18.4076
498.0000	156.0000	-57.1140	49.8810
499.0000	23.0000	0.9122	47.8732
499.0000	104.0000	-74.0183	18.4076
499.0000	156.0000	-57.1140	49.8810
500.0000	23.0000	0.9122	47.8732
500.0000	104.0000	-74.0183	18.4076
500.0000	156.0000	-57.1140	49.8810
501.0000	23.0000	0.9122	47.8732
501.0000	104.0000	-74.0183	18.4076
501.0000	156.0000	-57.1140	49.8810
502.0000	23.0000	0.9122	47.8732
502.0000	104.0000	-74.0183	18.4076
502.0000	156.0000	-57.1140	49.8810
503.0000	23.0000	0.9122	47.8732
503.0000	104.0000	-74.0183	18.4076
503.0000	156.0000	-57.1140	49.8810
504.0000	23.0000	0.9114	47.8726
504.0000	104.0000	-74.0183	18.4076
504.0000	156.0000	-57.1140	49.8810
505.0000	23.0000	0.9098	47.8715
505.0000	104.0000	-74.0183	18.4076
505.0000	156.0000	-57.1140	49.8810
506.0000	23.0000	0.9105	47.8721
506.0000	104.0000	-74.0183	18.4076
506.0000	156.0000	-57.1140	49.8810
507.0000	23.0000	0.9104	47.8721
507.0000	104.0000	-74.0183	18.4077
507.0000	156.0000	-57.1140	49.8811
508.0000	23.0000	0.9052	47.8671
508.0000	104.0000	-74.0204	18.3948
508.0000	156.0000	-57.1194	49.8700
509.0000	23.0000	0.9068	47.8461
509.0000	104.0000	-74.0197	18.3763
509.0000	156.0000	-57.1177	49.8509
510.0000	23.0000	0.9069	47.7796
510.0000	104.0000	-74.0197	18.3100
510.0000	156.0000	-57.1177	49.7845
511.0000	23.0000	0.9067	47.6862
511.0000	104.0000	-74.0198	18.2164
511.0000	156.0000	-57.1178	49.6910
512.0000	23.0000	0.9066	47.5745
512.0000	104.0000	-74.0198	18.1045
512.0000	156.0000	-57.1179	49.5792
513.0000	23.0000	0.9065	47.4411
513.0000	104.0000	-74.0198	17.9710
513.0000	156.0000	-57.1180	49.4457
514.0000	23.0000	0.9063	47.2870
514.0000	104.0000	-74.0199	17.8166
514.0000	156.0000	-57.1182	49.2914
515.0000	23.0000	0.9060	47.1198
515.0000	104.0000	-74.0201	17.6489
515.0000	156.0000	-57.1186	49.1238
516.0000	23.0000	0.9057	46.9431
516.0000	104.0000	-74.0202	17.4718
516.0000	156.0000	-57.1189	48.9468
517.0000	23.0000	0.9054	46.7556
517.0000	104.0000	-74.0203	17.2838
517.0000	156.0000	-57.1191	48.7588
518.0000	23.0000	0.9051	46.5587
518.0000	104.0000	-74.0204	17.0864
518.0000	156.0000	-57.1195	48.5616
519.0000	23.0000	0.9047	46.3559
519.0000	104.0000	-74.0206	16.8830
519.0000	156.0000	-57.1199	48.3583
520.0000	23.0000	0.9044	46.1480
520.0000	104.0000	-74.0208	16.6745
520.0000	156.0000	-57.1203	48.1500
521.0000	23.0000	0.9031	45.9342
521.0000	104.0000	-74.0210	16.4607
521.0000	156.0000	-57.1208	47.9363
522.0000	23.0000	0.9027	45.7170
522.0000	104.0000	-74.0211	16.2429
522.0000	156.0000	-57.1212	47.7186
523.0000	23.0000	0.9023	45.4970
523.0000	104.0000	-74.0213	16.0223
523.0000	156.0000	-57.1216	47.4981
524.0000	23.0000	0.9018	45.2743
524.0000	104.0000	-74.0215	15.7990
524.0000	156.0000	-57.1220	47.2750
525.0000	23.0000	0.9015	45.0492
525.0000	104.0000	-74.0216	15.5734
525.0000	156.0000	-57.1224	47.0495
526.0000	23.0000	0.9012	44.8223
526.0000	104.0000	-74.0218	15.3460
526.0000	156.0000	-57.1227	46.8222
527.0000	23.0000	0.9008	44.5940
527.0000	104.0000	-74.0219	15.1171
527.0000	156.0000	-57.1231	46.5935
528.0000	23.0000	0.9004	44.3645
528.0000	104.0000	-74.0220	14.8870
528.0000	156.0000	-57.1235	46.3635
529.0000	23.0000	0.9002	44.1338
529.0000	104.0000	-74.0221	14.6560
529.0000	156.0000	-57.1238	46.1325
530.0000	23.0000	0.8998	43.9024
530.0000	104.0000	-74.0223	14.4239
530.0000	156.0000	-57.1241	45.9006
531.0000	23.0000	0.8995	43.6702
531.0000	104.0000	-74.0224	14.1913
531.0000	156.0000	-57.1245	45.6681
532.0000	23.0000	0.8993	43.4375
532.0000	104.0000	-74.0225	13.9581
532.0000	156.0000	-57.1247	45.4350
533.0000	23.0000	0.8986	43.2161
533.0000	104.0000	-74.0227	13.7357
533.0000	156.0000	-57.1254	45.2128
534.0000	23.0000	0.8973	43.0542
534.0000	104.0000	-74.0232	13.5715
534.0000	156.0000	-57.1268	45.0491
535.0000	23.0000	0.8965	42.9822
535.0000	104.0000	-74.0234	13.4980
535.0000	156.0000	-57.1277	44.9759
536.0000	23.0000	0.8967	42.9822
536.0000	104.0000	-74.0233	13.4984
536.0000	156.0000	-57.1274	44.9762
537.0000	23.0000	0.8967	42.9826
537.0000	104.0000	-74.0233	13.4988
537.0000	156.0000	-57.1274	44.9767
538.0000	23.0000	0.8967	42.9829
538.0000	104.0000	-74.0233	13.4991
538.0000	156.0000	-57.1274	44.9770
539.0000	23.0000	0.8967	42.9830
539.0000	104.0000	-74.0233	13.4993
539.0000	156.0000	-57.1274	44.9772
540.0000	23.0000	0.8967	42.9831
540.0000	104.0000	-74.0233	13.4994
540.0000	156.0000	-57.1274	44.9773
541.0000	23.0000	0.8967	42.9831
541.0000	104.0000	-74.0233	13.4995
541.0000	156.0000	-57.1274	44.9773
542.0000	23.0000	0.8967	42.9831
542.0000	104.0000	-74.0233	13.4994
542.0000	156.0000	-57.1274	44.9773
543.0000	23.0000	0.8968	42.9832
543.0000	104.0000	-74.0233	13.4994
543.0000	156.0000	-57.1274	44.9773
544.0000	23.0000	0.8959	42.9826
544.0000	104.0000	-74.0233	13.4994
544.0000	156.0000	-57.1274	44.9773
545.0000	23.0000	0.8959	42.9826
545.0000	104.0000	-74.0233	13.4994
545.0000	156.0000	-57.1274	44.9773
546.0000	23.0000	0.8959	42.9826
546.0000	104.0000	-74.0233	13.4994
546.0000	156.0000	-57.1274	44.9773
547.0000	23.0000	0.8959	42.9826
547.0000	104.0000	-74.0233	13.4994
547.0000	156.0000	-57.1274	44.9773
548.0000	23.0000	0.8959	42.9826
548.0000	104.0000	-74.0233	13.4994
548.0000	156.0000	-57.1274	44.9773
549.0000	23.0000	0.8959	42.9826
549.0000	104.0000	-74.0233	13.4994
549.0000	156.0000	-57.1274	44.9773
550.0000	23.0000	0.8959	42.9826
550.0000	104.0000	-74.0233	13.4994
550.0000	156.0000	-57.1274	44.9773
551.0000	23.0000	0.8959	42.9826
551.0000	104.0000	-74.0233	13.4994
551.0000	156.0000	-57.1274	44.9773
552.0000	23.0000	0.8959	42.9826
552.0000	104.0000	-74.0233	13.4994
552.0000	156.0000	-57.1274	44.9773
553.0000	23.0000	0.8959	42.9826
553.0000	104.0000	-74.0233	13.4994
553.0000	156.0000	-57.1274	44.9773
554.0000	23.0000	0.8959	42.9826
554.0000	104.0000	-74.0233	13.4994
554.0000	156.0000	-57.1274	44.9773
555.0000	23.0000	0.8959	42.9826
555.0000	104.0000	-74.0233	13.4994
555.0000	156.0000	-57.1274	44.9773
556.0000	23.0000	0.8959	42.9826
556.0000	104.0000	-74.0233	13.4994
556.0000	156.0000	-57.1274	44.9773
557.0000	23.0000	0.8959	42.9826
557.0000	104.0000	-74.0233	13.4994
557.0000	156.0000	-57.1274	44.9773
558.0000	23.0000	0.8959	42.9826
558.0000	104.0000	-74.0233	13.4994
558.0000	156.0000	-57.1274	44.9773
559.0000	23.0000	0.8959	42.9826
559.0000	104.0000	-74.0233	13.4994
559.0000	156.0000	-57.1274	44.9773
560.0000	23.0000	0.8959	42.9826
560.0000	104.0000	-74.0233	13.4994
560.0000	156.0000	-57.1274	44.9773
561.0000	23.0000	0.8959	42.9826
561.0000	104.0000	-74.0233	13.4994
561.0000	156.0000	-57.1274	44.9773
562.0000	23.0000	0.8959	42.9826
562.0000	104.0000	-74.0233	13.4994
562.0000	156.0000	-57.1274	44.9773
563.0000	23.0000	0.8959	42.9826
563.0000	104.0000	-74.0233	13.4994
563.0000	156.0000	-57.1274	44.9773
564.0000	23.0000	0.8959	42.9826
564.0000	104.0000	-74.0233	13.4994
564.0000	156.0000	-57.1274	44.9773
565.0000	23.0000	0.8959	42.9826
565.0000	104.0000	-74.0233	13.4994
565.0000	156.0000	-57.1274	44.9773
566.0000	23.0000	0.8959	42.9826
566.0000	104.0000	-74.0233	13.4994
566.0000	156.0000	-57.1274	44.9773
567.0000	23.0000	0.8959	42.9826
567.0000	104.0000	-74.0233	13.4994
567.0000	156.0000	-57.1274	44.9773
568.0000	23.0000	0.8959	42.9826
568.0000	104.0000	-74.0233	13.4994
568.0000	156.0000	-57.1274	44.9773
569.0000	23.0000	0.8960	42.9826
569.0000	104.0000	-74.0233	13.4994
569.0000	156.0000	-57.1274	44.9773
570.0000	23.0000	0.8951	42.9821
570.0000	104.0000	-74.0233	13.4994
570.0000	156.0000	-57.1274	44.9773
571.0000	23.0000	0.8952	42.9821
571.0000	104.0000	-74.0233	13.4994
571.0000	156.0000	-57.1274	44.9773
572.0000	23.0000	0.8951	42.9821
572.0000	104.0000	-74.0233	13.4994
572.0000	156.0000	-57.1274	44.9773
573.0000	23.0000	0.8951	42.9821
573.0000	104.0000	-74.0233	13.4994
573.0000	156.0000	-57.1274	44.9773
574.0000	23.0000	0.8951	42.9821
574.0000	104.0000	-74.0233	13.4994
574.0000	156.0000	-57.1274	44.9773
575.0000	23.0000	0.8951	42.9821
575.0000	104.0000	-74.0233	13.4994
575.0000	156.0000	-57.1274	44.9773
576.0000	23.0000	0.8951	42.9821
576.0000	104.0000	-74.0233	13.4994
576.0000	156.0000	-57.1274	44.9773
577.0000	23.0000	0.8951	42.9821
577.0000	104.0000	-74.0233	13.4994
577.0000	156.0000	-57.1274	44.9773
578.0000	23.0000	0.8951	42.9821
578.0000	104.0000	-74.0233	13.4994
578.0000	156.0000	-57.1274	44.9773
579.0000	23.0000	0.8951	42.9821
579.0000	104.0000	-74.0233	13.4994
579.0000	156.0000	-57.1274	44.9773
580.0000	23.0000	0.8951	42.9821
580.0000	104.0000	-74.0233	13.4994
580.0000	156.0000	-57.1274	44.9773
581.0000	23.0000	0.8951	42.9821
581.0000	104.0000	-74.0233	13.4994
581.0000	156.0000	-57.1274	44.9773
582.0000	23.0000	0.8951	42.9821
582.0000	104.0000	-74.0233	13.4994
582.0000	156.0000	-57.1274	44.9773
583.0000	23.0000	0.8951	42.9821
583.0000	104.0000	-74.0233	13.4994
583.0000	156.0000	-57.1274	44.9773
584.0000	23.0000	0.8951	42.9821
584.0000	104.0000	-74.0233	13.4994
584.0000	156.0000	-57.1274	44.9773
585.0000	23.0000	0.8952	42.9821
585.0000	104.0000	-74.0233	13.4994
585.0000	156.0000	-57.1274	44.9773
586.0000	23.0000	0.8915	42.9800
586.0000	104.0000	-74.0233	13.4994
586.0000	156.0000	-57.1274	44.9773
587.0000	23.0000	0.8831	42.9753
587.0000	104.0000	-74.0233	13.4994
587.0000	156.0000	-57.1274	44.9773
588.0000	23.0000	0.8838	42.9753
588.0000	104.0000	-74.0233	13.4994
588.0000	156.0000	-57.1274	44.9773
589.0000	23.0000	0.8837	42.9751
589.0000	104.0000	-74.0233	13.4994
589.0000	156.0000	-57.1274	44.9773
590.0000	23.0000	0.8833	42.9748
590.0000	104.0000	-74.0233	13.4994
590.0000	156.0000	-57.1274	44.9773
591.0000	23.0000	0.8831	42.9748
591.0000	104.0000	-74.0233	13.4994
591.0000	156.0000	-57.1274	44.9773
592.0000	23.0000	0.8830	42.9748
592.0000	104.0000	-74.0233	13.4994
592.0000	156.0000	-57.1274	44.9773
593.0000	23.0000	0.8831	42.9749
593.0000	104.0000	-74.0233	13.4994
593.0000	156.0000	-57.1274	44.9773
594.0000	23.0000	0.8831	42.9748
594.0000	104.0000	-74.0233	13.4994
594.0000	156.0000	-57.1274	44.9773
595.0000	23.0000	0.8831	42.9748
595.0000	104.0000	-74.0233	13.4994
595.0000	156.0000	-57.1274	44.9773
596.0000	23.0000	0.8831	42.9749
596.0000	104.0000	-74.0233	13.4994
596.0000	156.0000	-57.1274	44.9773
597.0000	23.0000	0.8831	42.9749
597.0000	104.0000	-74.0233	13.4994
597.0000	156.0000	-57.1274	44.9773
598.0000	23.0000	0.8831	42.9748
598.0000	104.0000	-74.0233	13.4994
598.0000	156.0000	-57.1274	44.9773
599.0000	23.0000	0.8831	42.9748
599.0000	104.0000	-74.0233	13.4994
599.0000	156.0000	-57.1274	44.9773
600.0000	23.0000	0.8831	42.9749
600.0000	104.0000	-74.0233	13.4994
600.0000	156.0000	-57.1274	44.9773
601.0000	23.0000	0.8831	42.9749
601.0000	104.0000	-74.0233	13.4994
601.0000	156.0000	-57.1274	44.9773
602.0000	23.0000	0.8831	42.9749
602.0000	104.0000	-74.0233	13.4994
602.0000	156.0000	-57.1274	44.9773
603.0000	23.0000	0.8831	42.9749
603.0000	104.0000	-74.0233	13.4994
603.0000	156.0000	-57.1274	44.9773
604.0000	23.0000	0.8831	42.9749
604.0000	104.0000	-74.0233	13.4994
604.0000	156.0000	-57.1274	44.9773
605.0000	23.0000	0.8832	42.9749
605.0000	104.0000	-74.0233	13.4994
605.0000	156.0000	-57.1274	44.9773
606.0000	23.0000	0.8823	42.9743
606.0000	104.0000	-74.0233	13.4994
606.0000	156.0000	-57.1274	44.9773
607.0000	23.0000	0.8823	42.9744
607.0000	104.0000	-74.0233	13.4994
607.0000	156.0000	-57.1274	44.9773
608.0000	23.0000	0.8823	42.9743
608.0000	104.0000	-74.0233	13.4994
608.0000	156.0000	-57.1274	44.9773
609.0000	23.0000	0.8822	42.9741
609.0000	104.0000	-74.0233	13.4994
609.0000	156.0000	-57.1274	44.9773
610.0000	23.0000	0.8822	42.9741
610.0000	104.0000	-74.0233	13.4994
610.0000	156.0000	-57.1274	44.9773
611.0000	23.0000	0.8822	42.9741
611.0000	104.0000	-74.0233	13.4994
611.0000	156.0000	-57.1274	44.9773
612.0000	23.0000	0.8822	42.9741
612.0000	104.0000	-74.0233	13.4994
612.0000	156.0000	-57.1274	44.9773
613.0000	23.0000	0.8822	42.9741
613.0000	104.0000	-74.0233	13.4994
613.0000	156.0000	-57.1274	44.9773
614.0000	23.0000	0.8822	42.9741
614.0000	104.0000	-74.0233	13.4994
614.0000	156.0000	-57.1274	44.9773
615.0000	23.0000	0.8822	42.9741
615.0000	104.0000	-74.0233	13.4994
615.0000	156.0000	-57.1274	44.9773
616.0000	23.0000	0.8822	42.9741
616.0000	104.0000	-74.0233	13.4994
616.0000	156.0000	-57.1274	44.9773
617.0000	23.0000	0.8822	42.9741
617.0000	104.0000	-74.0233	13.4994
617.0000	156.0000	-57.1274	44.9773
618.0000	23.0000	0.8823	42.9742
618.0000	104.0000	-74.0233	13.4994
618.0000	156.0000	-57.1274	44.9773
619.0000	23.0000	0.8792	42.9723
619.0000	104.0000	-74.0233	13.4994
619.0000	156.0000	-57.1274	44.9773
620.0000	23.0000	0.8735	42.9699
620.0000	104.0000	-74.0233	13.4994
620.0000	156.0000	-57.1274	44.9773
621.0000	23.0000	0.8642	42.9641
621.0000	104.0000	-74.0233	13.4995
621.0000	156.0000	-57.1274	44.9774
622.0000	23.0000	0.8603	42.9588
622.0000	104.0000	-74.0250	13.4865
622.0000	156.0000	-57.1324	44.9662
623.0000	23.0000	0.8616	42.9375
623.0000	104.0000	-74.0244	13.4681
623.0000	156.0000	-57.1308	44.9472
624.0000	23.0000	0.8606	42.8706
624.0000	104.0000	-74.0244	13.4020
624.0000	156.0000	-57.1306	44.8810
625.0000	23.0000	0.8549	42.7721
625.0000	104.0000	-74.0244	13.3085
625.0000	156.0000	-57.1306	44.7875
626.0000	23.0000	0.8555	42.6614
626.0000	104.0000	-74.0244	13.1970
626.0000	156.0000	-57.1305	44.6760
627.0000	23.0000	0.8552	42.5282
627.0000	104.0000	-74.0244	13.0637
627.0000	156.0000	-57.1305	44.5427
628.0000	23.0000	0.8551	42.3739
628.0000	104.0000	-74.0243	12.9097
628.0000	156.0000	-57.1304	44.3886
629.0000	23.0000	0.8547	42.2193
629.0000	104.0000	-74.0244	12.7546
629.0000	156.0000	-57.1308	44.2337
630.0000	23.0000	0.8513	42.1186
630.0000	104.0000	-74.0255	12.6480
630.0000	156.0000	-57.1343	44.1284
631.0000	23.0000	0.8495	42.1086
631.0000	104.0000	-74.0261	12.6349
631.0000	156.0000	-57.1363	44.1159
632.0000	23.0000	0.8495	42.1088
632.0000	104.0000	-74.0261	12.6352
632.0000	156.0000	-57.1363	44.1163
633.0000	23.0000	0.8495	42.1091
633.0000	104.0000	-74.0261	12.6355
633.0000	156.0000	-57.1363	44.1166
634.0000	23.0000	0.8494	42.1093
634.0000	104.0000	-74.0261	12.6357
634.0000	156.0000	-57.1363	44.1168
635.0000	23.0000	0.8495	42.1094
635.0000	104.0000	-74.0261	12.6357
635.0000	156.0000	-57.1363	44.1169
636.0000	23.0000	0.8495	42.1094
636.0000	104.0000	-74.0261	12.6358
636.0000	156.0000	-57.1363	44.1169
637.0000	23.0000	0.8495	42.1094
637.0000	104.0000	-74.0261	12.6358
637.0000	156.0000	-57.1363	44.1169
638.0000	23.0000	0.8495	42.1094
638.0000	104.0000	-74.0261	12.6358
638.0000	156.0000	-57.1363	44.1169
639.0000	23.0000	0.8495	42.1094
639.0000	104.0000	-74.0261	12.6358
639.0000	156.0000	-57.1363	44.1169
640.0000	23.0000	0.8495	42.1094
640.0000	104.0000	-74.0261	12.6358
640.0000	156.0000	-57.1363	44.1169
641.0000	23.0000	0.8495	42.1094
641.0000	104.0000	-74.0261	12.6358
641.0000	156.0000	-57.1363	44.1169
642.0000	23.0000	0.8495	42.1094
642.0000	104.0000	-74.0261	12.6358
642.0000	156.0000	-57.1363	44.1169
643.0000	23.0000	0.8495	42.1094
643.0000	104.0000	-74.0261	12.6358
643.0000	156.0000	-57.1363	44.1169
644.0000	23.0000	0.8495	42.1094
644.0000	104.0000	-74.0261	12.6358
644.0000	156.0000	-57.1363	44.1169
645.0000	23.0000	0.8495	42.1094
645.0000	104.0000	-74.0261	12.6358
645.0000	156.0000	-57.1363	44.1169
646.0000	23.0000	0.8495	42.1094
646.0000	104.0000	-74.0261	12.6358
646.0000	156.0000	-57.1363	44.1169
647.0000	23.0000	0.8495	42.1094
647.0000	104.0000	-74.0261	12.6358
647.0000	156.0000	-57.1363	44.1169
648.0000	23.0000	0.8495	42.1094
648.0000	104.0000	-74.0261	12.6358
648.0000	156.0000	-57.1363	44.1169
649.0000	23.0000	0.8495	42.1094
649.0000	104.0000	-74.0261	12.6358
649.0000	156.0000	-57.1363	44.1169
650.0000	23.0000	0.8495	42.1094
650.0000	104.0000	-74.0261	12.6358
650.0000	156.0000	-57.1363	44.1169
651.0000	23.0000	0.8496	42.1094
651.0000	104.0000	-74.0261	12.6358
651.0000	156.0000	-57.1363	44.1169
652.0000	23.0000	0.8459	42.1074
652.0000	104.0000	-74.0261	12.6358
652.0000	156.0000	-57.1363	44.1169
653.0000	23.0000	0.8380	42.1029
653.0000	104.0000	-74.0261	12.6358
653.0000	156.0000	-57.1363	44.1169
654.0000	23.0000	0.8387	42.1028
654.0000	104.0000	-74.0261	12.6358
654.0000	156.0000	-57.1363	44.1169
655.0000	23.0000	0.8386	42.1026
655.0000	104.0000	-74.0261	12.6358
655.0000	156.0000	-57.1363	44.1169
656.0000	23.0000	0.8382	42.1024
656.0000	104.0000	-74.0261	12.6358
656.0000	156.0000	-57.1363	44.1169
657.0000	23.0000	0.8380	42.1024
657.0000	104.0000	-74.0261	12.6358
657.0000	156.0000	-57.1363	44.1169
658.0000	23.0000	0.8379	42.1024
658.0000	104.0000	-74.0261	12.6358
658.0000	156.0000	-57.1363	44.1169
659.0000	23.0000	0.8379	42.1024
659.0000	104.0000	-74.0261	12.6358
659.0000	156.0000	-57.1363	44.1169
660.0000	23.0000	0.8380	42.1025
660.0000	104.0000	-74.0261	12.6358
660.0000	156.0000	-57.1363	44.1169
661.0000	23.0000	0.8362	42.1010
661.0000	104.0000	-74.0261	12.6358
661.0000	156.0000	-57.1363	44.1169
662.0000	23.0000	0.8344	42.0979
662.0000	104.0000	-74.0261	12.6358
662.0000	156.0000	-57.1363	44.1169
663.0000	23.0000	0.8280	42.0924
663.0000	104.0000	-74.0261	12.6358
663.0000	156.0000	-57.1363	44.1169
664.0000	23.0000	0.8170	42.0844
664.0000	104.0000	-74.0261	12.6358
664.0000	156.0000	-57.1363	44.1169
665.0000	23.0000	0.8015	42.0733
665.0000	104.0000	-74.0261	12.6358
665.0000	156.0000	-57.1363	44.1169
666.0000	23.0000	0.7814	42.0581
666.0000	104.0000	-74.0261	12.6358
666.0000	156.0000	-57.1363	44.1169
667.0000	23.0000	0.7400	42.0269
667.0000	104.0000	-74.0261	12.6358
667.0000	156.0000	-57.1363	44.1169
668.0000	23.0000	0.6897	41.9914
668.0000	104.0000	-74.0261	12.6358
668.0000	156.0000	-57.1363	44.1169
669.0000	23.0000	0.6126	41.9327
669.0000	104.0000	-74.0261	12.6358
669.0000	156.0000	-57.1363	44.1169
670.0000	23.0000	0.4969	41.8499
670.0000	104.0000	-74.0261	12.6358
670.0000	156.0000	-57.1363	44.1169
671.0000	23.0000	0.3763	41.7565
671.0000	104.0000	-74.0261	12.6358
671.0000	156.0000	-57.1363	44.1169
672.0000	23.0000	0.2401	41.6532
672.0000	104.0000	-74.0261	12.6358
672.0000	156.0000	-57.1363	44.1169
673.0000	23.0000	0.0961	41.5439
673.0000	104.0000	-74.0261	12.6358
673.0000	156.0000	-57.1363	44.1169
674.0000	23.0000	-0.0484	41.4235
674.0000	104.0000	-74.0261	12.6358
674.0000	156.0000	-57.1363	44.1169
675.0000	23.0000	-0.1921	41.3014
675.0000	104.0000	-74.0261	12.6358
675.0000	156.0000	-57.1363	44.1169
676.0000	23.0000	-0.3334	41.1751
676.0000	104.0000	-74.0261	12.6358
676.0000	156.0000	-57.1363	44.1169
677.0000	23.0000	-0.4733	41.0461
677.0000	104.0000	-74.0261	12.6358
677.0000	156.0000	-57.1363	44.1169
678.0000	23.0000	-0.5060	41.0209
678.0000	104.0000	-74.0261	12.6358
678.0000	156.0000	-57.1363	44.1169
679.0000	23.0000	-0.5159	41.0218
679.0000	104.0000	-74.0261	12.6358
679.0000	156.0000	-57.1363	44.1169
680.0000	23.0000	-0.5250	41.0170
680.0000	104.0000	-74.0261	12.6358
680.0000	156.0000	-57.1363	44.1169
681.0000	23.0000	-0.5282	41.0121
681.0000	104.0000	-74.0261	12.6358
681.0000	156.0000	-57.1363	44.1169
682.0000	23.0000	-0.5281	41.0085
682.0000	104.0000	-74.0261	12.6358
682.0000	156.0000	-57.1363	44.1169
683.0000	23.0000	-0.5273	41.0065
683.0000	104.0000	-74.0261	12.6358
683.0000	156.0000	-57.1363	44.1169
684.0000	23.0000	-0.5270	41.0060
684.0000	104.0000	-74.0261	12.6358
684.0000	156.0000	-57.1363	44.1169
685.0000	23.0000	-0.5272	41.0061
685.0000	104.0000	-74.0261	12.6358
685.0000	156.0000	-57.1363	44.1169
686.0000	23.0000	-0.5275	41.0065
686.0000	104.0000	-74.0261	12.6358
686.0000	156.0000	-57.1363	44.1169
687.0000	23.0000	-0.5277	41.0068
687.0000	104.0000	-74.0261	12.6358
687.0000	156.0000	-57.1363	44.1169
688.0000	23.0000	-0.5291	41.0051
688.0000	104.0000	-74.0261	12.6358
688.0000	156.0000	-57.1363	44.1169
689.0000	23.0000	-0.5321	41.0002
689.0000	104.0000	-74.0261	12.6358
689.0000	156.0000	-57.1363	44.1169
690.0000	23.0000	-0.5392	40.9918
690.0000	104.0000	-74.0261	12.6358
690.0000	156.0000	-57.1363	44.1169
691.0000	23.0000	-0.5500	40.9807
691.0000	104.0000	-74.0261	12.6358
691.0000	156.0000	-57.1363	44.1169
692.0000	23.0000	-0.5499	40.9831
692.0000	104.0000	-74.0261	12.6358
692.0000	156.0000	-57.1363	44.1169
693.0000	23.0000	-0.5507	40.9831
693.0000	104.0000	-74.0261	12.6358
693.0000	156.0000	-57.1363	44.1169
694.0000	23.0000	-0.5510	40.9823
694.0000	104.0000	-74.0261	12.6358
694.0000	156.0000	-57.1363	44.1169
695.0000	23.0000	-0.5508	40.9816
695.0000	104.0000	-74.0261	12.6358
695.0000	156.0000	-57.1363	44.1169
696.0000	23.0000	-0.5506	40.9813
696.0000	104.0000	-74.0261	12.6358
696.0000	156.0000	-57.1363	44.1169
697.0000	23.0000	-0.5504	40.9812
697.0000	104.0000	-74.0261	12.6358
697.0000	156.0000	-57.1363	44.1169
698.0000	23.0000	-0.5510	40.9802
698.0000	104.0000	-74.0261	12.6358
698.0000	156.0000	-57.1363	44.1169
699.0000	23.0000	-0.5525	40.9771
699.0000	104.0000	-74.0261	12.6358
699.0000	156.0000	-57.1363	44.1169
700.0000	23.0000	-0.5586	40.9701
700.0000	104.0000	-74.0261	12.6358
700.0000	156.0000	-57.1363	44.1169
701.0000	23.0000	-0.5686	40.9598
701.0000	104.0000	-74.0261	12.6358
701.0000	156.0000	-57.1363	44.1169
702.0000	23.0000	-0.5829	40.9455
702.0000	104.0000	-74.0261	12.6358
702.0000	156.0000	-57.1363	44.1169
703.0000	23.0000	-0.6066	40.9212
703.0000	104.0000	-74.0261	12.6358
703.0000	156.0000	-57.1363	44.1169
704.0000	23.0000	-0.6462	40.8778
704.0000	104.0000	-74.0261	12.6358
704.0000	156.0000	-57.1363	44.1169
705.0000	23.0000	-0.6940	40.8319
705.0000	104.0000	-74.0261	12.6358
705.0000	156.0000	-57.1363	44.1169
706.0000	23.0000	-0.7604	40.7643
706.0000	104.0000	-74.0261	12.6358
706.0000	156.0000	-57.1363	44.1169
707.0000	23.0000	-0.8645	40.6531
707.0000	104.0000	-74.0261	12.6358
707.0000	156.0000	-57.1363	44.1169
708.0000	23.0000	-0.9751	40.5389
708.0000	104.0000	-74.0261	12.6358
708.0000	156.0000	-57.1363	44.1169
709.0000	23.0000	-1.0850	40.4216
709.0000	104.0000	-74.0261	12.6358
709.0000	156.0000	-57.1363	44.1169
710.0000	23.0000	-1.1960	40.3000
710.0000	104.0000	-74.0261	12.6358
710.0000	156.0000	-57.1363	44.1169
711.0000	23.0000	-1.3261	40.1444
711.0000	104.0000	-74.0261	12.6358
711.0000	156.0000	-57.1363	44.1169
712.0000	23.0000	-1.4620	39.9917
712.0000	104.0000	-74.0261	12.6358
712.0000	156.0000	-57.1363	44.1169
713.0000	23.0000	-1.5946	39.8344
713.0000	104.0000	-74.0261	12.6358
713.0000	156.0000	-57.1363	44.1169
714.0000	23.0000	-1.7221	39.6687
714.0000	104.0000	-74.0261	12.6358
714.0000	156.0000	-57.1363	44.1169
715.0000	23.0000	-1.8484	39.4973
715.0000	104.0000	-74.0261	12.6358
715.0000	156.0000	-57.1363	44.1169
716.0000	23.0000	-1.9767	39.3247
716.0000	104.0000	-74.0261	12.6358
716.0000	156.0000	-57.1363	44.1169
717.0000	23.0000	-2.1002	39.1465
717.0000	104.0000	-74.0261	12.6358
717.0000	156.0000	-57.1363	44.1169
718.0000	23.0000	-2.2206	38.9633
718.0000	104.0000	-74.0261	12.6358
718.0000	156.0000	-57.1363	44.1169
719.0000	23.0000	-2.3505	38.7484
719.0000	104.0000	-74.0261	12.6358
719.0000	156.0000	-57.1363	44.1169
720.0000	23.0000	-2.4808	38.5188
720.0000	104.0000	-74.0261	12.6358
720.0000	156.0000	-57.1363	44.1169
721.0000	23.0000	-2.5297	38.4375
721.0000	104.0000	-74.0261	12.6358
721.0000	156.0000	-57.1363	44.1169
722.0000	23.0000	-2.5469	38.4238
722.0000	104.0000	-74.0261	12.6358
722.0000	156.0000	-57.1363	44.1169
723.0000	23.0000	-2.6222	38.2902
723.0000	104.0000	-74.0261	12.6358
723.0000	156.0000	-57.1363	44.1169
724.0000	23.0000	-2.6887	38.1649
724.0000	104.0000	-74.0261	12.6358
724.0000	156.0000	-57.1363	44.1169
725.0000	23.0000	-2.7561	38.0267
725.0000	104.0000	-74.0261	12.6358
725.0000	156.0000	-57.1363	44.1169
726.0000	23.0000	-2.8250	37.8669
726.0000	104.0000	-74.0261	12.6358
726.0000	156.0000	-57.1363	44.1169
727.0000	23.0000	-2.8970	37.7068
727.0000	104.0000	-74.0261	12.6358
727.0000	156.0000	-57.1363	44.1169
728.0000	23.0000	-2.9138	37.6829
728.0000	104.0000	-74.0261	12.6358
728.0000	156.0000	-57.1363	44.1169
729.0000	23.0000	-2.9292	37.6616
729.0000	104.0000	-74.0261	12.6358
729.0000	156.0000	-57.1363	44.1169
730.0000	23.0000	-2.9380	37.6448
730.0000	104.0000	-74.0261	12.6358
730.0000	156.0000	-57.1363	44.1169
731.0000	23.0000	-2.9386	37.6423
731.0000	104.0000	-74.0261	12.6358
731.0000	156.0000	-57.1363	44.1169
732.0000	23.0000	-2.9376	37.6400
732.0000	104.0000	-74.0261	12.6358
732.0000	156.0000	-57.1363	44.1169
733.0000	23.0000	-2.9364	37.6389
733.0000	104.0000	-74.0261	12.6358
733.0000	156.0000	-57.1363	44.1169
734.0000	23.0000	-2.9359	37.6385
734.0000	104.0000	-74.0261	12.6358
734.0000	156.0000	-57.1363	44.1169
735.0000	23.0000	-2.9358	37.6386
735.0000	104.0000	-74.0261	12.6358
735.0000	156.0000	-57.1363	44.1169
736.0000	23.0000	-2.9366	37.6378
736.0000	104.0000	-74.0261	12.6358
736.0000	156.0000	-57.1363	44.1169
737.0000	23.0000	-2.9369	37.6380
737.0000	104.0000	-74.0261	12.6358
737.0000	156.0000	-57.1363	44.1169
738.0000	23.0000	-2.9371	37.6380
738.0000	104.0000	-74.0261	12.6358
738.0000	156.0000	-57.1363	44.1169
739.0000	23.0000	-2.9371	37.6380
739.0000	104.0000	-74.0261	12.6358
739.0000	156.0000	-57.1363	44.1169
740.0000	23.0000	-2.9370	37.6380
740.0000	104.0000	-74.0261	12.6358
740.0000	156.0000	-57.1363	44.1169
741.0000	23.0000	-2.9370	37.6379
741.0000	104.0000	-74.0261	12.6358
741.0000	156.0000	-57.1363	44.1169
742.0000	23.0000	-2.9370	37.6379
742.0000	104.0000	-74.0261	12.6358
742.0000	156.0000	-57.1363	44.1169
743.0000	23.0000	-2.9370	37.6379
743.0000	104.0000	-74.0261	12.6358
743.0000	156.0000	-57.1363	44.1169
744.0000	23.0000	-2.9370	37.6379
744.0000	104.0000	-74.0261	12.6358
744.0000	156.0000	-57.1363	44.1169
745.0000	23.0000	-2.9370	37.6379
745.0000	104.0000	-74.0261	12.6358
745.0000	156.0000	-57.1363	44.1169
746.0000	23.0000	-2.9370	37.6379
746.0000	104.0000	-74.0261	12.6358
746.0000	156.0000	-57.1363	44.1169
747.0000	23.0000	-2.9370	37.6379
747.0000	104.0000	-74.0261	12.6358
747.0000	156.0000	-57.1363	44.1169
748.0000	23.0000	-2.9370	37.6379
748.0000	104.0000	-74.0261	12.6358
748.0000	156.0000	-57.1363	44.1169
749.0000	23.0000	-2.9369	37.6380
749.0000	104.0000	-74.0261	12.6358
749.0000	156.0000	-57.1363	44.1169
750.0000	23.0000	-2.9389	37.6344
750.0000	104.0000	-74.0261	12.6358
750.0000	156.0000	-57.1363	44.1169
751.0000	23.0000	-2.9427	37.6281
751.0000	104.0000	-74.0261	12.6358
751.0000	156.0000	-57.1363	44.1169
752.0000	23.0000	-2.9420	37.6282
752.0000	104.0000	-74.0261	12.6358
752.0000	156.0000	-57.1363	44.1169
753.0000	23.0000	-2.9419	37.6280
753.0000	104.0000	-74.0261	12.6358
753.0000	156.0000	-57.1363	44.1169
754.0000	23.0000	-2.9421	37.6277
754.0000	104.0000	-74.0261	12.6358
754.0000	156.0000	-57.1363	44.1169
755.0000	23.0000	-2.9423	37.6276
755.0000	104.0000	-74.0261	12.6358
755.0000	156.0000	-57.1363	44.1169
756.0000	23.0000	-2.9424	37.6276
756.0000	104.0000	-74.0261	12.6358
756.0000	156.0000	-57.1363	44.1169
757.0000	23.0000	-2.9424	37.6276
757.0000	104.0000	-74.0261	12.6358
757.0000	156.0000	-57.1363	44.1169
758.0000	23.0000	-2.9424	37.6276
758.0000	104.0000	-74.0261	12.6358
758.0000	156.0000	-57.1363	44.1169
759.0000	23.0000	-2.9424	37.6276
759.0000	104.0000	-74.0261	12.6358
759.0000	156.0000	-57.1363	44.1169
760.0000	23.0000	-2.9424	37.6276
760.0000	104.0000	-74.0261	12.6358
760.0000	156.0000	-57.1363	44.1169
761.0000	23.0000	-2.9424	37.6276
761.0000	104.0000	-74.0261	12.6358
761.0000	156.0000	-57.1363	44.1169
762.0000	23.0000	-2.9424	37.6276
762.0000	104.0000	-74.0261	12.6358
762.0000	156.0000	-57.1363	44.1169
763.0000	23.0000	-2.9424	37.6276
763.0000	104.0000	-74.0261	12.6358
763.0000	156.0000	-57.1363	44.1169
764.0000	23.0000	-2.9424	37.6276
764.0000	104.0000	-74.0261	12.6358
764.0000	156.0000	-57.1363	44.1169
765.0000	23.0000	-2.9424	37.6276
765.0000	104.0000	-74.0261	12.6358
765.0000	156.0000	-57.1363	44.1169
766.0000	23.0000	-2.9424	37.6276
766.0000	104.0000	-74.0261	12.6358
766.0000	156.0000	-57.1363	44.1169
767.0000	23.0000	-2.9424	37.6276
767.0000	104.0000	-74.0261	12.6358
767.0000	156.0000	-57.1363	44.1169
768.0000	23.0000	-2.9424	37.6277
768.0000	104.0000	-74.0261	12.6358
768.0000	156.0000	-57.1363	44.1169
769.0000	23.0000	-2.9428	37.6268
769.0000	104.0000	-74.0261	12.6358
769.0000	156.0000	-57.1363	44.1169
770.0000	23.0000	-2.9428	37.6268
770.0000	104.0000	-74.0261	12.6358
770.0000	156.0000	-57.1363	44.1169
771.0000	23.0000	-2.9428	37.6268
771.0000	104.0000	-74.0261	12.6358
771.0000	156.0000	-57.1363	44.1169
772.0000	23.0000	-2.9428	37.6268
772.0000	104.0000	-74.0261	12.6358
772.0000	156.0000	-57.1363	44.1169
773.0000	23.0000	-2.9431	37.6261
773.0000	104.0000	-74.0261	12.6358
773.0000	156.0000	-57.1363	44.1169
774.0000	23.0000	-2.9425	37.6240
774.0000	104.0000	-74.0261	12.6358
774.0000	156.0000	-57.1363	44.1169
775.0000	23.0000	-2.9443	37.6172
775.0000	104.0000	-74.0261	12.6358
775.0000	156.0000	-57.1363	44.1169
776.0000	23.0000	-2.9483	37.6063
776.0000	104.0000	-74.0261	12.6358
776.0000	156.0000	-57.1363	44.1169
777.0000	23.0000	-2.9545	37.5903
777.0000	104.0000	-74.0261	12.6358
777.0000	156.0000	-57.1363	44.1169
778.0000	23.0000	-2.9630	37.5687
778.0000	104.0000	-74.0261	12.6358
778.0000	156.0000	-57.1363	44.1169
779.0000	23.0000	-2.9775	37.5319
779.0000	104.0000	-74.0261	12.6358
779.0000	156.0000	-57.1363	44.1169
780.0000	23.0000	-2.9993	37.4782
780.0000	104.0000	-74.0261	12.6358
780.0000	156.0000	-57.1363	44.1169
781.0000	23.0000	-3.0261	37.4058
781.0000	104.0000	-74.0261	12.6358
781.0000	156.0000	-57.1363	44.1169
782.0000	23.0000	-3.0812	37.2718
782.0000	104.0000	-74.0261	12.6358
782.0000	156.0000	-57.1363	44.1169
783.0000	23.0000	-3.1337	37.1401
783.0000	104.0000	-74.0261	12.6358
783.0000	156.0000	-57.1363	44.1169
784.0000	23.0000	-3.1815	37.0025
784.0000	104.0000	-74.0261	12.6358
784.0000	156.0000	-57.1363	44.1169
785.0000	23.0000	-3.2331	36.8601
785.0000	104.0000	-74.0261	12.6358
785.0000	156.0000	-57.1363	44.1169
786.0000	23.0000	-3.2981	36.6693
786.0000	104.0000	-74.0261	12.6358
786.0000	156.0000	-57.1363	44.1169
787.0000	23.0000	-3.3133	36.6289
787.0000	104.0000	-74.0261	12.6358
787.0000	156.0000	-57.1363	44.1169
788.0000	23.0000	-3.3252	36.6080
788.0000	104.0000	-74.0261	12.6358
788.0000	156.0000	-57.1363	44.1169
789.0000	23.0000	-3.3615	36.4862
789.0000	104.0000	-74.0261	12.6358
789.0000	156.0000	-57.1363	44.1169
790.0000	23.0000	-3.3628	36.4820
790.0000	104.0000	-74.0261	12.6358
790.0000	156.0000	-57.1363	44.1169
791.0000	23.0000	-3.3646	36.4811
791.0000	104.0000	-74.0261	12.6358
791.0000	156.0000	-57.1363	44.1169
792.0000	23.0000	-3.3661	36.4769
792.0000	104.0000	-74.0261	12.6358
792.0000	156.0000	-57.1363	44.1169
793.0000	23.0000	-3.3660	36.4745
793.0000	104.0000	-74.0261	12.6358
793.0000	156.0000	-57.1363	44.1169
794.0000	23.0000	-3.3655	36.4735
794.0000	104.0000	-74.0261	12.6358
794.0000	156.0000	-57.1363	44.1169
795.0000	23.0000	-3.3652	36.4732
795.0000	104.0000	-74.0261	12.6358
795.0000	156.0000	-57.1363	44.1169
796.0000	23.0000	-3.3652	36.4732
796.0000	104.0000	-74.0261	12.6358
796.0000	156.0000	-57.1363	44.1169
797.0000	23.0000	-3.3653	36.4732
797.0000	104.0000	-74.0261	12.6358
797.0000	156.0000	-57.1363	44.1169
798.0000	23.0000	-3.3654	36.4733
798.0000	104.0000	-74.0261	12.6358
798.0000	156.0000	-57.1363	44.1169
799.0000	23.0000	-3.3655	36.4734
799.0000	104.0000	-74.0261	12.6358
799.0000	156.0000	-57.1363	44.1169
800.0000	23.0000	-3.3658	36.4724
800.0000	104.0000	-74.0261	12.6358
800.0000	156.0000	-57.1363	44.1169
801.0000	23.0000	-3.3658	36.4724
801.0000	104.0000	-74.0261	12.6358
801.0000	156.0000	-57.1363	44.1169
802.0000	23.0000	-3.3658	36.4724
802.0000	104.0000	-74.0261	12.6358
802.0000	156.0000	-57.1363	44.1169
803.0000	23.0000	-3.3658	36.4724
803.0000	104.0000	-74.0261	12.6358
803.0000	156.0000	-57.1363	44.1169
804.0000	23.0000	-3.3658	36.4724
804.0000	104.0000	-74.0261	12.6358
804.0000	156.0000	-57.1363	44.1169
805.0000	23.0000	-3.3658	36.4724
805.0000	104.0000	-74.0261	12.6358
805.0000	156.0000	-57.1363	44.1169
806.0000	23.0000	-3.3658	36.4724
806.0000	104.0000	-74.0261	12.6358
806.0000	156.0000	-57.1363	44.1169
807.0000	23.0000	-3.3658	36.4724
807.0000	104.0000	-74.0261	12.6358
807.0000	156.0000	-57.1363	44.1169
808.0000	23.0000	-3.3658	36.4724
808.0000	104.0000	-74.0261	12.6358
808.0000	156.0000	-57.1363	44.1169
809.0000	23.0000	-3.3658	36.4724
809.0000	104.0000	-74.0261	12.6358
809.0000	156.0000	-57.1363	44.1169
810.0000	23.0000	-3.3658	36.4724
810.0000	104.0000	-74.0261	12.6358
810.0000	156.0000	-57.1363	44.1169
811.0000	23.0000	-3.3658	36.4724
811.0000	104.0000	-74.0261	12.6358
811.0000	156.0000	-57.1363	44.1169
812.0000	23.0000	-3.3657	36.4725
812.0000	104.0000	-74.0261	12.6358
812.0000	156.0000	-57.1363	44.1169
813.0000	23.0000	-3.3660	36.4715
813.0000	104.0000	-74.0261	12.6358
813.0000	156.0000	-57.1363	44.1169
814.0000	23.0000	-3.3666	36.4697
814.0000	104.0000	-74.0261	12.6358
814.0000	156.0000	-57.1363	44.1169
815.0000	23.0000	-3.3681	36.4659
815.0000	104.0000	-74.0261	12.6358
815.0000	156.0000	-57.1363	44.1169
816.0000	23.0000	-3.3719	36.4571
816.0000	104.0000	-74.0261	12.6358
816.0000	156.0000	-57.1363	44.1169
817.0000	23.0000	-3.3762	36.4442
817.0000	104.0000	-74.0261	12.6358
817.0000	156.0000	-57.1363	44.1169
818.0000	23.0000	-3.3817	36.4270
818.0000	104.0000	-74.0261	12.6358
818.0000	156.0000	-57.1363	44.1169
819.0000	23.0000	-3.3888	36.4036
819.0000	104.0000	-74.0261	12.6358
819.0000	156.0000	-57.1363	44.1169
820.0000	23.0000	-3.3978	36.3750
820.0000	104.0000	-74.0261	12.6358
820.0000	156.0000	-57.1363	44.1169
821.0000	23.0000	-3.4117	36.3275
821.0000	104.0000	-74.0261	12.6358
821.0000	156.0000	-57.1363	44.1169
822.0000	23.0000	-3.4296	36.2622
822.0000	104.0000	-74.0261	12.6358
822.0000	156.0000	-57.1363	44.1169
823.0000	23.0000	-3.4540	36.1762
823.0000	104.0000	-74.0261	12.6358
823.0000	156.0000	-57.1363	44.1169
824.0000	23.0000	-3.4884	36.0381
824.0000	104.0000	-74.0261	12.6358
824.0000	156.0000	-57.1363	44.1169
825.0000	23.0000	-3.5264	35.8786
825.0000	104.0000	-74.0261	12.6358
825.0000	156.0000	-57.1363	44.1169
826.0000	23.0000	-3.5331	35.8607
826.0000	104.0000	-74.0261	12.6358
826.0000	156.0000	-57.1363	44.1169
827.0000	23.0000	-3.5428	35.8383
827.0000	104.0000	-74.0261	12.6358
827.0000	156.0000	-57.1363	44.1169
828.0000	23.0000	-3.5661	35.7395
828.0000	104.0000	-74.0261	12.6358
828.0000	156.0000	-57.1363	44.1169
829.0000	23.0000	-3.5658	35.7417
829.0000	104.0000	-74.0261	12.6358
829.0000	156.0000	-57.1363	44.1169
830.0000	23.0000	-3.5665	35.7402
830.0000	104.0000	-74.0261	12.6358
830.0000	156.0000	-57.1363	44.1169
831.0000	23.0000	-3.5672	35.7347
831.0000	104.0000	-74.0261	12.6358
831.0000	156.0000	-57.1363	44.1169
832.0000	23.0000	-3.5669	35.7322
832.0000	104.0000	-74.0261	12.6358
832.0000	156.0000	-57.1363	44.1169
833.0000	23.0000	-3.5665	35.7316
833.0000	104.0000	-74.0261	12.6358
833.0000	156.0000	-57.1363	44.1169
834.0000	23.0000	-3.5665	35.7314
834.0000	104.0000	-74.0261	12.6358
834.0000	156.0000	-57.1363	44.1169
835.0000	23.0000	-3.5666	35.7313
835.0000	104.0000	-74.0261	12.6358
835.0000	156.0000	-57.1363	44.1169
836.0000	23.0000	-3.5667	35.7313
836.0000	104.0000	-74.0261	12.6358
836.0000	156.0000	-57.1363	44.1169
837.0000	23.0000	-3.5668	35.7314
837.0000	104.0000	-74.0261	12.6358
837.0000	156.0000	-57.1363	44.1169
838.0000	23.0000	-3.5668	35.7314
838.0000	104.0000	-74.0261	12.6358
838.0000	156.0000	-57.1363	44.1169
839.0000	23.0000	-3.5668	35.7314
839.0000	104.0000	-74.0261	12.6358
839.0000	156.0000	-57.1363	44.1169
840.0000	23.0000	-3.5668	35.7314
840.0000	104.0000	-74.0261	12.6358
840.0000	156.0000	-57.1363	44.1169
841.0000	23.0000	-3.5668	35.7314
841.0000	104.0000	-74.0261	12.6358
841.0000	156.0000	-57.1363	44.1169
842.0000	23.0000	-3.5668	35.7314
842.0000	104.0000	-74.0261	12.6358
842.0000	156.0000	-57.1363	44.1169
843.0000	23.0000	-3.5668	35.7314
843.0000	104.0000	-74.0261	12.6358
843.0000	156.0000	-57.1363	44.1169
844.0000	23.0000	-3.5668	35.7314
844.0000	104.0000	-74.0261	12.6358
844.0000	156.0000	-57.1363	44.1169
845.0000	23.0000	-3.5668	35.7314
845.0000	104.0000	-74.0261	12.6358
845.0000	156.0000	-57.1363	44.1169
846.0000	23.0000	-3.5668	35.7314
846.0000	104.0000	-74.0261	12.6358
846.0000	156.0000	-57.1363	44.1169
847.0000	23.0000	-3.5668	35.7314
847.0000	104.0000	-74.0261	12.6358
847.0000	156.0000	-57.1363	44.1169
848.0000	23.0000	-3.5668	35.7314
848.0000	104.0000	-74.0261	12.6358
848.0000	156.0000	-57.1363	44.1169
849.0000	23.0000	-3.5668	35.7314
849.0000	104.0000	-74.0261	12.6358
849.0000	156.0000	-57.1363	44.1169
850.0000	23.0000	-3.5668	35.7314
850.0000	104.0000	-74.0261	12.6358
850.0000	156.0000	-57.1363	44.1169
851.0000	23.0000	-3.5667	35.7315
851.0000	104.0000	-74.0261	12.6358
851.0000	156.0000	-57.1363	44.1169
852.0000	23.0000	-3.5670	35.7305
852.0000	104.0000	-74.0261	12.6358
852.0000	156.0000	-57.1363	44.1169
853.0000	23.0000	-3.5670	35.7305
853.0000	104.0000	-74.0261	12.6358
853.0000	156.0000	-57.1363	44.1169
854.0000	23.0000	-3.5670	35.7305
854.0000	104.0000	-74.0261	12.6358
854.0000	156.0000	-57.1363	44.1169
855.0000	23.0000	-3.5670	35.7305
855.0000	104.0000	-74.0261	12.6358
855.0000	156.0000	-57.1363	44.1169
856.0000	23.0000	-3.5670	35.7305
856.0000	104.0000	-74.0261	12.6358
856.0000	156.0000	-57.1363	44.1169
857.0000	23.0000	-3.5670	35.7305
857.0000	104.0000	-74.0261	12.6358
857.0000	156.0000	-57.1363	44.1169
858.0000	23.0000	-3.5670	35.7305
858.0000	104.0000	-74.0261	12.6358
858.0000	156.0000	-57.1363	44.1169
859.0000	23.0000	-3.5683	35.7261
859.0000	104.0000	-74.0261	12.6358
859.0000	156.0000	-57.1363	44.1169
860.0000	23.0000	-3.5683	35.7259
860.0000	104.0000	-74.0261	12.6358
860.0000	156.0000	-57.1363	44.1169
861.0000	23.0000	-3.5682	35.7259
861.0000	104.0000	-74.0261	12.6358
861.0000	156.0000	-57.1363	44.1169
862.0000	23.0000	-3.5683	35.7258
862.0000	104.0000	-74.0261	12.6358
862.0000	156.0000	-57.1363	44.1169
863.0000	23.0000	-3.5683	35.7257
863.0000	104.0000	-74.0261	12.6358
863.0000	156.0000	-57.1363	44.1169
864.0000	23.0000	-3.5683	35.7257
864.0000	104.0000	-74.0261	12.6358
864.0000	156.0000	-57.1363	44.1169
865.0000	23.0000	-3.5683	35.7252
865.0000	104.0000	-74.0261	12.6358
865.0000	156.0000	-57.1363	44.1169
866.0000	23.0000	-3.5685	35.7249
866.0000	104.0000	-74.0261	12.6358
866.0000	156.0000	-57.1363	44.1169
867.0000	23.0000	-3.5685	35.7249
867.0000	104.0000	-74.0261	12.6358
867.0000	156.0000	-57.1363	44.1169
868.0000	23.0000	-3.5685	35.7249
868.0000	104.0000	-74.0261	12.6358
868.0000	156.0000	-57.1363	44.1169
869.0000	23.0000	-3.5685	35.7249
869.0000	104.0000	-74.0261	12.6358
869.0000	156.0000	-57.1363	44.1169
870.0000	23.0000	-3.5685	35.7249
870.0000	104.0000	-74.0261	12.6358
870.0000	156.0000	-57.1363	44.1169
871.0000	23.0000	-3.5685	35.7249
871.0000	104.0000	-74.0261	12.6358
871.0000	156.0000	-57.1363	44.1169
872.0000	23.0000	-3.5685	35.7249
872.0000	104.0000	-74.0261	12.6358
872.0000	156.0000	-57.1363	44.1169
873.0000	23.0000	-3.5685	35.7249
873.0000	104.0000	-74.0261	12.6358
873.0000	156.0000	-57.1363	44.1169
874.0000	23.0000	-3.5685	35.7249
874.0000	104.0000	-74.0261	12.6358
874.0000	156.0000	-57.1363	44.1169
875.0000	23.0000	-3.5685	35.7249
875.0000	104.0000	-74.0261	12.6358
875.0000	156.0000	-57.1363	44.1169
876.0000	23.0000	-3.5685	35.7249
876.0000	104.0000	-74.0261	12.6358
876.0000	156.0000	-57.1363	44.1169
877.0000	23.0000	-3.5685	35.7249
877.0000	104.0000	-74.0261	12.6358
877.0000	156.0000	-57.1363	44.1169
878.0000	23.0000	-3.5685	35.7249
878.0000	104.0000	-74.0261	12.6358
878.0000	156.0000	-57.1363	44.1169
879.0000	23.0000	-3.5685	35.7249
879.0000	104.0000	-74.0261	12.6358
879.0000	156.0000	-57.1363	44.1169
880.0000	23.0000	-3.5685	35.7249
880.0000	104.0000	-74.0261	12.6358
880.0000	156.0000	-57.1363	44.1169
881.0000	23.0000	-3.5685	35.7249
881.0000	104.0000	-74.0261	12.6358
881.0000	156.0000	-57.1363	44.1169
882.0000	23.0000	-3.5685	35.7249
882.0000	104.0000	-74.0261	12.6358
882.0000	156.0000	-57.1363	44.1169
883.0000	23.0000	-3.5685	35.7249
883.0000	104.0000	-74.0261	12.6358
883.0000	156.0000	-57.1363	44.1169
884.0000	23.0000	-3.5685	35.7249
884.0000	104.0000	-74.0261	12.6358
884.0000	156.0000	-57.1363	44.1169
885.0000	23.0000	-3.5685	35.7249
885.0000	104.0000	-74.0261	12.6358
885.0000	156.0000	-57.1363	44.1169
886.0000	23.0000	-3.5685	35.7249
886.0000	104.0000	-74.0261	12.6358
886.0000	156.0000	-57.1363	44.1169
887.0000	23.0000	-3.5685	35.7249
887.0000	104.0000	-74.0261	12.6358
887.0000	156.0000	-57.1363	44.1169
888.0000	23.0000	-3.5685	35.7249
888.0000	104.0000	-74.0261	12.6358
888.0000	156.0000	-57.1363	44.1169
889.0000	23.0000	-3.5685	35.7249
889.0000	104.0000	-74.0261	12.6358
889.0000	156.0000	-57.1363	44.1169
890.0000	23.0000	-3.5685	35.7249
890.0000	104.0000	-74.0261	12.6358
890.0000	156.0000	-57.1363	44.1169
891.0000	23.0000	-3.5685	35.7250
891.0000	104.0000	-74.0261	12.6358
891.0000	156.0000	-57.1363	44.1169
892.0000	23.0000	-3.5692	35.7225
892.0000	104.0000	-74.0261	12.6358
892.0000	156.0000	-57.1363	44.1169
893.0000	23.0000	-3.5680	35.7214
893.0000	104.0000	-74.0261	12.6358
893.0000	156.0000	-57.1363	44.1169
894.0000	23.0000	-3.5683	35.7156
894.0000	104.0000	-74.0261	12.6358
894.0000	156.0000	-57.1363	44.1169
895.0000	23.0000	-3.5704	35.7041
895.0000	104.0000	-74.0261	12.6358
895.0000	156.0000	-57.1363	44.1169
896.0000	23.0000	-3.5739	35.6872
896.0000	104.0000	-74.0261	12.6358
896.0000	156.0000	-57.1363	44.1169
897.0000	23.0000	-3.5787	35.6651
897.0000	104.0000	-74.0261	12.6358
897.0000	156.0000	-57.1363	44.1169
898.0000	23.0000	-3.5863	35.6267
898.0000	104.0000	-74.0261	12.6358
898.0000	156.0000	-57.1363	44.1169
899.0000	23.0000	-3.6002	35.5525
899.0000	104.0000	-74.0261	12.6358
899.0000	156.0000	-57.1363	44.1169
900.0000	23.0000	-3.6193	35.4671
900.0000	104.0000	-74.0261	12.6358
900.0000	156.0000	-57.1363	44.1169
901.0000	23.0000	-3.6483	35.3296
901.0000	104.0000	-74.0261	12.6358
901.0000	156.0000	-57.1363	44.1169
902.0000	23.0000	-3.6757	35.1966
902.0000	104.0000	-74.0261	12.6358
902.0000	156.0000	-57.1363	44.1169
903.0000	23.0000	-3.7065	35.0380
903.0000	104.0000	-74.0261	12.6358
903.0000	156.0000	-57.1363	44.1169
904.0000	23.0000	-3.7394	34.8602
904.0000	104.0000	-74.0261	12.6358
904.0000	156.0000	-57.1363	44.1169
905.0000	23.0000	-3.7714	34.6826
905.0000	104.0000	-74.0261	12.6358
905.0000	156.0000	-57.1363	44.1169
906.0000	23.0000	-3.8009	34.5023
906.0000	104.0000	-74.0261	12.6358
906.0000	156.0000	-57.1363	44.1169
907.0000	23.0000	-3.8300	34.3200
907.0000	104.0000	-74.0261	12.6358
907.0000	156.0000	-57.1363	44.1169
908.0000	23.0000	-3.8567	34.1358
908.0000	104.0000	-74.0261	12.6358
908.0000	156.0000	-57.1363	44.1169
909.0000	23.0000	-3.8826	33.9501
909.0000	104.0000	-74.0261	12.6358
909.0000	156.0000	-57.1363	44.1169
910.0000	23.0000	-3.9063	33.7626
910.0000	104.0000	-74.0261	12.6358
910.0000	156.0000	-57.1363	44.1169
911.0000	23.0000	-3.9290	33.5731
911.0000	104.0000	-74.0261	12.6358
911.0000	156.0000	-57.1362	44.1169
912.0000	23.0000	-3.9502	33.3736
912.0000	104.0000	-74.0261	12.6358
912.0000	156.0000	-57.1379	44.1169
913.0000	23.0000	-3.9758	33.1164
913.0000	104.0000	-74.0261	12.6358
913.0000	156.0000	-57.1467	44.1168
914.0000	23.0000	-3.9975	32.8680
914.0000	104.0000	-74.0261	12.6358
914.0000	156.0000	-57.1606	44.1165
915.0000	23.0000	-4.0167	32.6185
915.0000	104.0000	-74.0261	12.6358
915.0000	156.0000	-57.1822	44.1167
916.0000	23.0000	-4.0343	32.3671
916.0000	104.0000	-74.0261	12.6358
916.0000	156.0000	-57.2121	44.1166
917.0000	23.0000	-4.0505	32.1148
917.0000	104.0000	-74.0261	12.6358
917.0000	156.0000	-57.2494	44.1166
918.0000	23.0000	-4.0575	32.0273
918.0000	104.0000	-74.0261	12.6358
918.0000	156.0000	-57.2936	44.1169
919.0000	23.0000	-4.0615	32.0250
919.0000	104.0000	-74.0261	12.6358
919.0000	156.0000	-57.3447	44.1172
920.0000	23.0000	-4.0644	32.0135
920.0000	104.0000	-74.0261	12.6358
920.0000	156.0000	-57.4023	44.1175
921.0000	23.0000	-4.0647	32.0046
921.0000	104.0000	-74.0261	12.6358
921.0000	156.0000	-57.4662	44.1178
922.0000	23.0000	-4.0636	31.9974
922.0000	104.0000	-74.0261	12.6358
922.0000	156.0000	-57.5358	44.1181
923.0000	23.0000	-4.0633	31.9577
923.0000	104.0000	-74.0261	12.6358
923.0000	156.0000	-57.6095	44.1184
924.0000	23.0000	-4.0629	31.9633
924.0000	104.0000	-74.0261	12.6358
924.0000	156.0000	-57.6892	44.1186
925.0000	23.0000	-4.0634	31.9629
925.0000	104.0000	-74.0261	12.6358
925.0000	156.0000	-57.7749	44.1189
926.0000	23.0000	-4.0639	31.9597
926.0000	104.0000	-74.0261	12.6358
926.0000	156.0000	-57.8665	44.1192
927.0000	23.0000	-4.0657	31.9424
927.0000	104.0000	-74.0261	12.6358
927.0000	156.0000	-57.9639	44.1194
928.0000	23.0000	-4.0674	31.9246
928.0000	104.0000	-74.0261	12.6358
928.0000	156.0000	-58.0669	44.1196
929.0000	23.0000	-4.0687	31.9017
929.0000	104.0000	-74.0261	12.6358
929.0000	156.0000	-58.1126	44.1198
930.0000	23.0000	-4.0700	31.8731
930.0000	104.0000	-74.0261	12.6358
930.0000	156.0000	-58.1259	44.1198
931.0000	23.0000	-4.0693	31.8775
931.0000	104.0000	-74.0261	12.6358
931.0000	156.0000	-58.1767	44.1201
932.0000	23.0000	-4.0695	31.8761
932.0000	104.0000	-74.0261	12.6358
932.0000	156.0000	-58.2300	44.1205
933.0000	23.0000	-4.0700	31.8747
933.0000	104.0000	-74.0261	12.6358
933.0000	156.0000	-58.2893	44.1208
934.0000	23.0000	-4.0704	31.8741
934.0000	104.0000	-74.0261	12.6358
934.0000	156.0000	-58.3550	44.1210
935.0000	23.0000	-4.0705	31.8739
935.0000	104.0000	-74.0261	12.6358
935.0000	156.0000	-58.4271	44.1213
936.0000	23.0000	-4.0705	31.8739
936.0000	104.0000	-74.0261	12.6358
936.0000	156.0000	-58.5054	44.1216
937.0000	23.0000	-4.0704	31.8739
937.0000	104.0000	-74.0261	12.6358
937.0000	156.0000	-58.5350	44.1217
938.0000	23.0000	-4.0704	31.8739
938.0000	104.0000	-74.0261	12.6358
938.0000	156.0000	-58.5507	44.1217
939.0000	23.0000	-4.0704	31.8739
939.0000	104.0000	-74.0261	12.6358
939.0000	156.0000	-58.5911	44.1219
940.0000	23.0000	-4.0704	31.8739
940.0000	104.0000	-74.0261	12.6358
940.0000	156.0000	-58.6353	44.1222
941.0000	23.0000	-4.0704	31.8739
941.0000	104.0000	-74.0261	12.6358
941.0000	156.0000	-58.6857	44.1225
942.0000	23.0000	-4.0704	31.8739
942.0000	104.0000	-74.0261	12.6358
942.0000	156.0000	-58.7426	44.1228
943.0000	23.0000	-4.0704	31.8739
943.0000	104.0000	-74.0261	12.6358
943.0000	156.0000	-58.8060	44.1231
944.0000	23.0000	-4.0704	31.8739
944.0000	104.0000	-74.0261	12.6358
944.0000	156.0000	-58.8407	44.1233
945.0000	23.0000	-4.0704	31.8739
945.0000	104.0000	-74.0261	12.6358
945.0000	156.0000	-58.8713	44.1234
946.0000	23.0000	-4.0704	31.8739
946.0000	104.0000	-74.0261	12.6358
946.0000	156.0000	-58.9118	44.1236
947.0000	23.0000	-4.0704	31.8739
947.0000	104.0000	-74.0261	12.6358
947.0000	156.0000	-58.9581	44.1240
948.0000	23.0000	-4.0704	31.8739
948.0000	104.0000	-74.0261	12.6358
948.0000	156.0000	-59.0108	44.1243
949.0000	23.0000	-4.0704	31.8739
949.0000	104.0000	-74.0261	12.6358
949.0000	156.0000	-59.0699	44.1245
950.0000	23.0000	-4.0704	31.8730
950.0000	104.0000	-74.0261	12.6358
950.0000	156.0000	-59.1355	44.1249
951.0000	23.0000	-4.0739	31.8675
951.0000	104.0000	-74.0276	12.6230
951.0000	156.0000	-59.2122	44.1139
952.0000	23.0000	-4.0728	31.8466
952.0000	104.0000	-74.0271	12.6046
952.0000	156.0000	-59.2889	44.0952
953.0000	23.0000	-4.0726	31.7801
953.0000	104.0000	-74.0271	12.5385
953.0000	156.0000	-59.3730	44.0295
954.0000	23.0000	-4.0726	31.6868
954.0000	104.0000	-74.0271	12.4452
954.0000	156.0000	-59.4633	43.9366
955.0000	23.0000	-4.0725	31.5751
955.0000	104.0000	-74.0270	12.3338
955.0000	156.0000	-59.5592	43.8256
956.0000	23.0000	-4.0724	31.4417
956.0000	104.0000	-74.0270	12.2005
956.0000	156.0000	-59.6608	43.6928
957.0000	23.0000	-4.0723	31.2877
957.0000	104.0000	-74.0270	12.0465
957.0000	156.0000	-59.7680	43.5394
958.0000	23.0000	-4.0726	31.1175
958.0000	104.0000	-74.0270	11.8794
958.0000	156.0000	-59.8807	43.3728
959.0000	23.0000	-4.0726	30.9402
959.0000	104.0000	-74.0270	11.7027
959.0000	156.0000	-59.9987	43.1967
960.0000	23.0000	-4.0725	30.7522
960.0000	104.0000	-74.0270	11.5152
960.0000	156.0000	-60.0580	43.0094
961.0000	23.0000	-4.0726	30.5551
961.0000	104.0000	-74.0270	11.3183
961.0000	156.0000	-60.0578	42.8126
962.0000	23.0000	-4.0726	30.3523
962.0000	104.0000	-74.0270	11.1154
962.0000	156.0000	-60.0602	42.6097
963.0000	23.0000	-4.0725	30.1443
963.0000	104.0000	-74.0269	10.9075
963.0000	156.0000	-60.0618	42.4017
964.0000	23.0000	-4.0725	29.9307
964.0000	104.0000	-74.0269	10.6942
964.0000	156.0000	-60.0625	42.1885
965.0000	23.0000	-4.0725	29.7135
965.0000	104.0000	-74.0269	10.4769
965.0000	156.0000	-60.0629	41.9712
966.0000	23.0000	-4.0726	29.4934
966.0000	104.0000	-74.0270	10.2568
966.0000	156.0000	-60.0631	41.7511
967.0000	23.0000	-4.0726	29.2707
967.0000	104.0000	-74.0270	10.0341
967.0000	156.0000	-60.0633	41.5284
968.0000	23.0000	-4.0727	29.0457
968.0000	104.0000	-74.0271	9.8090
968.0000	156.0000	-60.0633	41.3033
969.0000	23.0000	-4.0727	28.8189
969.0000	104.0000	-74.0271	9.5820
969.0000	156.0000	-60.0634	41.0763
970.0000	23.0000	-4.0731	28.5869
970.0000	104.0000	-74.0271	9.3537
970.0000	156.0000	-60.0635	40.8480
971.0000	23.0000	-4.0746	28.3530
971.0000	104.0000	-74.0272	9.1241
971.0000	156.0000	-60.0635	40.6185
972.0000	23.0000	-4.0759	28.1130
972.0000	104.0000	-74.0272	8.8934
972.0000	156.0000	-60.0636	40.3878
973.0000	23.0000	-4.0767	27.8672
973.0000	104.0000	-74.0272	8.6619
973.0000	156.0000	-60.0636	40.1563
974.0000	23.0000	-4.0774	27.6151
974.0000	104.0000	-74.0272	8.4298
974.0000	156.0000	-60.0636	39.9242
975.0000	23.0000	-4.0789	27.3541
975.0000	104.0000	-74.0273	8.1970
975.0000	156.0000	-60.0637	39.6914
976.0000	23.0000	-4.0807	27.0744
976.0000	104.0000	-74.0273	7.9638
976.0000	156.0000	-60.0637	39.4581
977.0000	23.0000	-4.0833	26.7370
977.0000	104.0000	-74.0273	7.7301
977.0000	156.0000	-60.0637	39.2245
978.0000	23.0000	-4.0848	26.3840
978.0000	104.0000	-74.0273	7.4962
978.0000	156.0000	-60.0637	38.9905
979.0000	23.0000	-4.0891	26.0045
979.0000	104.0000	-74.0274	7.2619
979.0000	156.0000	-60.0637	38.7562
980.0000	23.0000	-4.0919	25.6067
980.0000	104.0000	-74.0274	7.0274
980.0000	156.0000	-60.0638	38.5218
981.0000	23.0000	-4.0945	25.2070
981.0000	104.0000	-74.0274	6.7927
981.0000	156.0000	-60.0638	38.2871
982.0000	23.0000	-4.0970	24.8039
982.0000	104.0000	-74.0274	6.5579
982.0000	156.0000	-60.0638	38.0522
983.0000	23.0000	-4.0994	24.3975
983.0000	104.0000	-74.0275	6.3229
983.0000	156.0000	-60.0638	37.8173
984.0000	23.0000	-4.1017	23.9888
984.0000	104.0000	-74.0275	6.0878
984.0000	156.0000	-60.0639	37.5822
985.0000	23.0000	-4.1037	23.5780
985.0000	104.0000	-74.0275	5.8526
985.0000	156.0000	-60.0639	37.3470
986.0000	23.0000	-4.1056	23.1647
986.0000	104.0000	-74.0275	5.6174
986.0000	156.0000	-60.0639	37.1117
987.0000	23.0000	-4.1071	22.7611
987.0000	104.0000	-74.0276	5.3932
987.0000	156.0000	-60.0641	36.8876
988.0000	23.0000	-4.1092	22.4094
988.0000	104.0000	-74.0278	5.2274
988.0000	156.0000	-60.0669	36.7222
989.0000	23.0000	-4.1117	22.1255
989.0000	104.0000	-74.0279	5.1516
989.0000	156.0000	-60.0727	36.6469
990.0000	23.0000	-4.1141	21.8718
990.0000	104.0000	-74.0279	5.1520
990.0000	156.0000	-60.0863	36.6471
991.0000	23.0000	-4.1172	21.6256
991.0000	104.0000	-74.0279	5.1524
991.0000	156.0000	-60.1066	36.6478
992.0000	23.0000	-4.1197	21.3772
992.0000	104.0000	-74.0279	5.1528
992.0000	156.0000	-60.1366	36.6484
993.0000	23.0000	-4.1211	21.1265
993.0000	104.0000	-74.0279	5.1529
993.0000	156.0000	-60.1738	36.6488
994.0000	23.0000	-4.1215	20.8748
994.0000	104.0000	-74.0279	5.1530
994.0000	156.0000	-60.2180	36.6493
995.0000	23.0000	-4.1217	20.6223
995.0000	104.0000	-74.0279	5.1531
995.0000	156.0000	-60.2281	36.6493
996.0000	23.0000	-4.1218	20.3692
996.0000	104.0000	-74.0279	5.1531
996.0000	156.0000	-60.2343	36.6493
997.0000	23.0000	-4.1216	20.1155
997.0000	104.0000	-74.0279	5.1531
997.0000	156.0000	-60.2568	36.6493
998.0000	23.0000	-4.1207	19.8612
998.0000	104.0000	-74.0279	5.1531
998.0000	156.0000	-60.2856	36.6493
999.0000	23.0000	-4.1193	19.6062
999.0000	104.0000	-74.0279	5.1531
999.0000	156.0000	-60.3213	36.6496
