0.0000	103.0000	0.3730	76.3542
0.0000	104.0000	-61.7361	-44.5723
0.0000	154.0000	-4.5601	-70.5537
1.0000	103.0000	0.3719	75.9851
1.0000	104.0000	-61.7355	-44.9421
1.0000	154.0000	-4.5592	-70.9226
2.0000	103.0000	0.3705	75.5842
2.0000	104.0000	-61.7347	-45.3436
2.0000	154.0000	-4.5579	-71.3231
3.0000	103.0000	0.3688	75.1585
3.0000	104.0000	-61.7338	-45.7704
3.0000	154.0000	-4.5564	-71.7486
4.0000	103.0000	0.3667	74.7137
4.0000	104.0000	-61.7327	-46.2189
4.0000	154.0000	-4.5546	-72.1955
5.0000	103.0000	0.3645	74.2546
5.0000	104.0000	-61.7313	-46.6872
5.0000	154.0000	-4.5524	-72.6621
6.0000	103.0000	0.3617	73.7706
6.0000	104.0000	-61.7298	-47.1742
6.0000	154.0000	-4.5500	-73.1470
7.0000	103.0000	0.3585	73.2680
7.0000	104.0000	-61.7280	-47.6794
7.0000	154.0000	-4.5473	-73.6519
8.0000	103.0000	0.3549	72.7481
8.0000	104.0000	-61.7259	-48.2024
8.0000	154.0000	-4.5456	-74.1799
9.0000	103.0000	0.3510	72.2110
9.0000	104.0000	-61.7235	-48.7429
9.0000	154.0000	-4.5452	-74.7329
10.0000	103.0000	0.3466	71.6569
10.0000	104.0000	-61.7208	-49.3007
10.0000	154.0000	-4.5406	-75.2881
11.0000	103.0000	0.3419	71.0859
11.0000	104.0000	-61.7179	-49.8756
11.0000	154.0000	-4.5360	-75.8595
12.0000	103.0000	0.3366	70.4982
12.0000	104.0000	-61.7146	-50.4677
12.0000	154.0000	-4.5309	-76.4478
13.0000	103.0000	0.3310	69.8940
13.0000	154.0000	-4.5255	-77.0524
14.0000	103.0000	0.3252	69.2800
14.0000	154.0000	-4.5197	-77.6682
15.0000	103.0000	0.3191	68.6786
15.0000	154.0000	-4.5134	-78.2705
16.0000	103.0000	0.3122	68.0902
16.0000	154.0000	-4.5064	-78.8619
17.0000	103.0000	0.3049	67.5060
17.0000	154.0000	-4.5004	-79.4556
18.0000	103.0000	0.2976	66.9261
19.0000	103.0000	0.2898	66.3492
20.0000	103.0000	0.2819	65.7752
21.0000	103.0000	0.2739	65.2224
22.0000	103.0000	0.2645	64.7302
23.0000	103.0000	0.2538	64.2867
24.0000	103.0000	0.2419	63.8702
25.0000	103.0000	0.2309	63.4617
26.0000	103.0000	0.2207	63.0501
27.0000	103.0000	0.2114	62.6337
28.0000	103.0000	0.2016	62.2203
29.0000	103.0000	0.1918	61.8139
30.0000	103.0000	0.1812	61.4096
31.0000	103.0000	0.1711	61.0033
32.0000	103.0000	0.1612	60.5974
33.0000	103.0000	0.1516	60.1959
34.0000	103.0000	0.1414	59.8099
35.0000	103.0000	0.1309	59.4610
36.0000	103.0000	0.1174	59.1572
37.0000	103.0000	0.1012	58.8766
38.0000	103.0000	0.0858	58.5984
39.0000	103.0000	0.0744	58.3237
40.0000	103.0000	0.0643	58.0608
41.0000	103.0000	0.0510	57.8070
42.0000	103.0000	0.0388	57.5558
43.0000	103.0000	0.0293	57.3052
44.0000	103.0000	0.0161	57.0597
45.0000	103.0000	0.0069	56.8178
46.0000	103.0000	-0.0034	56.5766
47.0000	103.0000	-0.0138	56.3368
48.0000	103.0000	-0.0218	56.0992
49.0000	103.0000	-0.0308	55.8629
50.0000	103.0000	-0.0379	55.6271
51.0000	103.0000	-0.0460	55.3923
52.0000	103.0000	-0.0541	55.1583
53.0000	103.0000	-0.0602	54.9248
54.0000	103.0000	-0.0673	54.6918
55.0000	103.0000	-0.0743	54.4591
56.0000	103.0000	-0.0794	54.2321
57.0000	103.0000	-0.0844	54.0340
58.0000	103.0000	-0.0879	53.8829
59.0000	103.0000	-0.0877	53.7838
60.0000	103.0000	-0.0876	53.7635
61.0000	103.0000	-0.0876	53.7650
62.0000	103.0000	-0.0876	53.7671
63.0000	103.0000	-0.0876	53.7687
64.0000	103.0000	-0.0876	53.7696
65.0000	103.0000	-0.0876	53.7703
66.0000	103.0000	-0.0876	53.7706
67.0000	103.0000	-0.0876	53.7708
68.0000	103.0000	-0.0876	53.7709
69.0000	103.0000	-0.0876	53.7709
69.0000	190.0000	-15.8453	78.4137
70.0000	103.0000	-0.0876	53.7709
70.0000	190.0000	-15.5878	78.4118
71.0000	103.0000	-0.0876	53.7710
71.0000	190.0000	-15.3186	78.4099
72.0000	103.0000	-0.0876	53.7710
72.0000	190.0000	-15.0403	78.4078
73.0000	103.0000	-0.0876	53.7710
73.0000	190.0000	-14.7571	78.4057
74.0000	103.0000	-0.0876	53.7710
74.0000	190.0000	-14.4691	78.4035
75.0000	103.0000	-0.0876	53.7710
75.0000	190.0000	-14.1765	78.4014
76.0000	103.0000	-0.0876	53.7710
76.0000	190.0000	-13.8793	78.3991
77.0000	103.0000	-0.0876	53.7710
77.0000	190.0000	-13.5777	78.3969
78.0000	103.0000	-0.0876	53.7710
78.0000	190.0000	-13.2717	78.3947
79.0000	103.0000	-0.0876	53.7710
79.0000	190.0000	-12.9614	78.3924
80.0000	103.0000	-0.0876	53.7710
80.0000	190.0000	-12.7269	78.3906
81.0000	103.0000	-0.0876	53.7710
81.0000	190.0000	-12.7058	78.3905
82.0000	103.0000	-0.0876	53.7710
82.0000	190.0000	-12.6448	78.3900
83.0000	103.0000	-0.0876	53.7710
83.0000	190.0000	-12.5659	78.3895
84.0000	103.0000	-0.0876	53.7710
84.0000	190.0000	-12.5547	78.3894
85.0000	103.0000	-0.0876	53.7710
85.0000	190.0000	-12.5095	78.3891
86.0000	103.0000	-0.0876	53.7710
86.0000	190.0000	-12.4600	78.3887
87.0000	103.0000	-0.0876	53.7710
87.0000	190.0000	-12.4107	78.3883
88.0000	103.0000	-0.0876	53.7710
88.0000	190.0000	-12.3566	78.3879
89.0000	103.0000	-0.0876	53.7710
89.0000	190.0000	-12.2952	78.3875
90.0000	103.0000	-0.0876	53.7710
90.0000	190.0000	-12.2267	78.3870
91.0000	103.0000	-0.0876	53.7710
91.0000	190.0000	-12.2072	78.3869
92.0000	103.0000	-0.0876	53.7710
92.0000	190.0000	-12.1931	78.3868
93.0000	103.0000	-0.0876	53.7710
93.0000	190.0000	-12.1420	78.3864
94.0000	103.0000	-0.0876	53.7709
94.0000	190.0000	-12.0869	78.3860
95.0000	103.0000	-0.0876	53.7720
95.0000	190.0000	-12.0258	78.3856
96.0000	103.0000	-0.0876	53.7720
96.0000	190.0000	-11.9582	78.3851
97.0000	103.0000	-0.0876	53.7720
97.0000	190.0000	-11.8865	78.3845
98.0000	103.0000	-0.0876	53.7720
98.0000	190.0000	-11.8093	78.3840
99.0000	103.0000	-0.0876	53.7720
99.0000	190.0000	-11.7259	78.3834
100.0000	103.0000	-0.0876	53.7720
100.0000	190.0000	-11.6367	78.3827
101.0000	22.0000	-15.9495	78.3862
101.0000	103.0000	-0.0876	53.7720
101.0000	190.0000	-11.5416	78.3820
102.0000	22.0000	-15.7591	78.3855
102.0000	103.0000	-0.0876	53.7720
102.0000	190.0000	-11.4408	78.3812
103.0000	22.0000	-15.5677	78.3847
103.0000	103.0000	-0.0876	53.7720
103.0000	190.0000	-11.3346	78.3802
104.0000	22.0000	-15.3754	78.3840
104.0000	103.0000	-0.0876	53.7720
104.0000	190.0000	-11.2229	78.3789
105.0000	22.0000	-15.1823	78.3833
105.0000	103.0000	-0.0876	53.7720
105.0000	190.0000	-11.1059	78.3776
106.0000	22.0000	-14.9885	78.3827
106.0000	103.0000	-0.0876	53.7720
106.0000	190.0000	-10.9837	78.3759
107.0000	22.0000	-14.7942	78.3821
107.0000	103.0000	-0.0876	53.7720
107.0000	190.0000	-10.8564	78.3731
108.0000	22.0000	-14.6742	78.3817
108.0000	103.0000	-0.0876	53.7720
108.0000	190.0000	-10.7242	78.3696
109.0000	22.0000	-14.6712	78.3817
109.0000	103.0000	-0.0876	53.7720
109.0000	190.0000	-10.5872	78.3648
110.0000	22.0000	-14.6651	78.3816
110.0000	103.0000	-0.0876	53.7720
110.0000	190.0000	-10.4455	78.3603
111.0000	22.0000	-14.6214	78.3815
111.0000	103.0000	-0.0876	53.7720
111.0000	190.0000	-10.2994	78.3503
112.0000	22.0000	-14.5730	78.3814
112.0000	103.0000	-0.0876	53.7720
112.0000	190.0000	-10.1485	78.3438
113.0000	22.0000	-14.5192	78.3812
113.0000	103.0000	-0.0876	53.7720
113.0000	190.0000	-9.9939	78.3282
114.0000	22.0000	-14.4586	78.3810
114.0000	103.0000	-0.0876	53.7720
114.0000	190.0000	-9.8370	78.3189
115.0000	22.0000	-14.3907	78.3808
115.0000	103.0000	-0.0876	53.7720
115.0000	190.0000	-9.6713	78.2952
116.0000	22.0000	-14.3153	78.3805
116.0000	103.0000	-0.0876	53.7720
116.0000	190.0000	-9.4933	78.2762
117.0000	22.0000	-14.2324	78.3803
117.0000	103.0000	-0.0876	53.7720
117.0000	190.0000	-9.3118	78.2486
118.0000	22.0000	-14.1421	78.3800
118.0000	103.0000	-0.0876	53.7720
118.0000	190.0000	-9.1270	78.2137
119.0000	22.0000	-14.0446	78.3797
119.0000	103.0000	-0.0876	53.7720
119.0000	190.0000	-8.9365	78.1820
120.0000	22.0000	-13.9400	78.3793
120.0000	103.0000	-0.0876	53.7720
120.0000	190.0000	-8.7454	78.1328
121.0000	22.0000	-13.8283	78.3790
121.0000	103.0000	-0.0876	53.7720
121.0000	190.0000	-8.5474	78.0924
122.0000	22.0000	-13.7097	78.3786
122.0000	103.0000	-0.0876	53.7720
122.0000	190.0000	-8.3543	78.0308
123.0000	22.0000	-13.5844	78.3783
123.0000	103.0000	-0.0876	53.7720
123.0000	190.0000	-8.1475	77.9685
124.0000	22.0000	-13.4523	78.3779
124.0000	103.0000	-0.0876	53.7720
124.0000	190.0000	-7.9366	77.8913
125.0000	22.0000	-13.3904	78.3777
125.0000	103.0000	-0.0876	53.7720
125.0000	190.0000	-7.7212	77.8120
126.0000	22.0000	-13.3918	78.3777
126.0000	103.0000	-0.0876	53.7720
126.0000	190.0000	-7.5073	77.7167
127.0000	22.0000	-13.3885	78.3776
127.0000	103.0000	-0.0876	53.7720
127.0000	190.0000	-7.2948	77.6089
128.0000	22.0000	-13.3861	78.3776
128.0000	103.0000	-0.0876	53.7720
128.0000	190.0000	-7.0807	77.4944
129.0000	22.0000	-13.3848	78.3776
129.0000	103.0000	-0.0876	53.7720
129.0000	190.0000	-6.8638	77.3745
130.0000	22.0000	-13.3841	78.3776
130.0000	103.0000	-0.0876	53.7720
130.0000	190.0000	-6.6607	77.2267
131.0000	22.0000	-13.3838	78.3776
131.0000	103.0000	-0.0876	53.7720
131.0000	190.0000	-6.4518	77.0861
132.0000	22.0000	-13.3836	78.3776
132.0000	103.0000	-0.0876	53.7720
132.0000	190.0000	-6.2576	76.9148
133.0000	22.0000	-13.3836	78.3776
133.0000	103.0000	-0.0876	53.7720
133.0000	190.0000	-6.0586	76.7315
134.0000	22.0000	-13.3835	78.3776
134.0000	103.0000	-0.0876	53.7720
134.0000	190.0000	-5.8838	76.5215
135.0000	22.0000	-13.3835	78.3776
135.0000	103.0000	-0.0876	53.7720
135.0000	190.0000	-5.6832	76.3266
136.0000	22.0000	-13.3835	78.3776
136.0000	103.0000	-0.0876	53.7720
136.0000	190.0000	-5.5008	76.1070
137.0000	22.0000	-13.3835	78.3776
137.0000	103.0000	-0.0876	53.7720
137.0000	190.0000	-5.3877	75.8434
138.0000	22.0000	-13.3835	78.3776
138.0000	103.0000	-0.0876	53.7720
138.0000	190.0000	-5.2239	75.6062
139.0000	22.0000	-13.3835	78.3776
139.0000	103.0000	-0.0876	53.7720
139.0000	190.0000	-5.0481	75.3642
140.0000	22.0000	-13.3835	78.3776
140.0000	103.0000	-0.0876	53.7720
140.0000	190.0000	-4.9772	75.0711
141.0000	22.0000	-13.3835	78.3776
141.0000	103.0000	-0.0876	53.7720
141.0000	190.0000	-4.8919	74.7876
142.0000	22.0000	-13.3835	78.3776
142.0000	103.0000	-0.0876	53.7720
142.0000	190.0000	-4.7337	74.5164
143.0000	22.0000	-13.3835	78.3776
143.0000	103.0000	-0.0876	53.7720
143.0000	190.0000	-4.6428	74.2172
144.0000	22.0000	-13.3835	78.3776
144.0000	103.0000	-0.0876	53.7720
144.0000	190.0000	-4.5760	73.9063
145.0000	22.0000	-13.3835	78.3776
145.0000	103.0000	-0.0876	53.7720
145.0000	190.0000	-4.4863	73.5894
146.0000	22.0000	-13.3835	78.3776
146.0000	103.0000	-0.0876	53.7720
146.0000	190.0000	-4.4264	73.2608
147.0000	22.0000	-13.3835	78.3776
147.0000	103.0000	-0.0876	53.7720
147.0000	190.0000	-4.3470	72.9305
148.0000	22.0000	-13.3835	78.3776
148.0000	103.0000	-0.0876	53.7720
148.0000	190.0000	-4.3012	72.5903
149.0000	22.0000	-13.3835	78.3776
149.0000	103.0000	-0.0876	53.7720
149.0000	190.0000	-4.2397	72.2478
150.0000	22.0000	-13.3835	78.3776
150.0000	103.0000	-0.0876	53.7720
150.0000	190.0000	-4.2044	71.8979
151.0000	22.0000	-13.3835	78.3776
151.0000	103.0000	-0.0876	53.7720
151.0000	190.0000	-4.1542	71.5451
152.0000	22.0000	-13.3835	78.3776
152.0000	103.0000	-0.0876	53.7720
152.0000	190.0000	-4.1282	71.1860
153.0000	22.0000	-13.3836	78.3776
153.0000	103.0000	-0.0876	53.7720
153.0000	190.0000	-4.0886	70.8237
154.0000	22.0000	-13.3802	78.3776
154.0000	103.0000	-0.0876	53.7720
154.0000	190.0000	-4.0695	70.4561
155.0000	22.0000	-13.3690	78.3775
155.0000	103.0000	-0.0876	53.7720
155.0000	190.0000	-4.0393	70.0851
156.0000	22.0000	-13.3502	78.3776
156.0000	103.0000	-0.0876	53.7720
156.0000	190.0000	-4.0240	69.7094
157.0000	22.0000	-13.3503	78.3776
157.0000	103.0000	-0.0876	53.7720
157.0000	190.0000	-4.0025	69.3308
158.0000	22.0000	-13.3479	78.3775
158.0000	103.0000	-0.0876	53.7719
158.0000	190.0000	-3.9918	68.9518
159.0000	22.0000	-13.3333	78.3775
159.0000	103.0000	-0.0876	53.7730
159.0000	190.0000	-3.9772	68.5611
160.0000	22.0000	-13.3111	78.3775
160.0000	103.0000	-0.0876	53.7730
160.0000	190.0000	-3.9679	68.1641
161.0000	22.0000	-13.2809	78.3774
161.0000	103.0000	-0.0876	53.7730
161.0000	190.0000	-3.9587	67.7627
162.0000	22.0000	-13.2431	78.3773
162.0000	103.0000	-0.0876	53.7730
162.0000	190.0000	-3.9522	67.3572
163.0000	22.0000	-13.1977	78.3771
163.0000	103.0000	-0.0876	53.7730
163.0000	190.0000	-3.9474	66.9477
164.0000	22.0000	-13.1449	78.3770
164.0000	103.0000	-0.0876	53.7730
164.0000	190.0000	-3.9433	66.5344
165.0000	22.0000	-13.0847	78.3768
165.0000	103.0000	-0.0876	53.7730
165.0000	190.0000	-3.9412	66.1174
166.0000	22.0000	-13.0172	78.3766
166.0000	103.0000	-0.0876	53.7730
166.0000	190.0000	-3.9401	65.6966
167.0000	22.0000	-12.9421	78.3764
167.0000	103.0000	-0.0876	53.7729
167.0000	190.0000	-3.9395	65.2722
168.0000	22.0000	-12.8594	78.3762
168.0000	103.0000	-0.0876	53.7740
168.0000	190.0000	-3.9405	64.8443
169.0000	22.0000	-12.7694	78.3760
169.0000	103.0000	-0.0876	53.7740
169.0000	190.0000	-3.9418	64.4128
170.0000	22.0000	-12.6722	78.3757
170.0000	103.0000	-0.0876	53.7740
170.0000	190.0000	-3.9438	63.9779
171.0000	22.0000	-12.5678	78.3754
171.0000	103.0000	-0.0876	53.7740
171.0000	190.0000	-3.9468	63.5395
172.0000	22.0000	-12.4563	78.3751
172.0000	103.0000	-0.0876	53.7740
172.0000	190.0000	-3.9500	63.0979
173.0000	22.0000	-12.3380	78.3748
173.0000	103.0000	-0.0876	53.7740
173.0000	190.0000	-3.9536	62.6529
174.0000	22.0000	-12.2129	78.3746
174.0000	103.0000	-0.0876	53.7740
174.0000	190.0000	-3.9578	62.2046
175.0000	22.0000	-12.1564	78.3744
175.0000	103.0000	-0.0876	53.7740
175.0000	190.0000	-3.9624	61.7554
176.0000	22.0000	-12.1445	78.3744
176.0000	103.0000	-0.0876	53.7740
176.0000	190.0000	-3.9672	61.2998
177.0000	22.0000	-12.0857	78.3742
177.0000	103.0000	-0.0876	53.7740
177.0000	190.0000	-3.9723	60.8284
178.0000	22.0000	-12.0264	78.3740
178.0000	103.0000	-0.0876	53.7740
178.0000	190.0000	-3.9777	60.3511
179.0000	22.0000	-11.9612	78.3739
179.0000	103.0000	-0.0876	53.7740
179.0000	190.0000	-3.9834	59.8699
180.0000	22.0000	-11.8888	78.3737
180.0000	103.0000	-0.0876	53.7739
180.0000	190.0000	-3.9894	59.3849
181.0000	22.0000	-11.8091	78.3735
181.0000	103.0000	-0.0877	53.7758
181.0000	190.0000	-3.9954	58.8965
182.0000	22.0000	-11.7222	78.3733
182.0000	103.0000	-0.0877	53.7839
182.0000	190.0000	-4.0017	58.4048
183.0000	22.0000	-11.6283	78.3732
183.0000	103.0000	-0.0878	53.7996
183.0000	190.0000	-4.0082	57.9098
184.0000	22.0000	-11.5283	78.3732
184.0000	103.0000	-0.0879	53.8225
184.0000	190.0000	-4.0148	57.4117
185.0000	22.0000	-11.4212	78.3733
185.0000	103.0000	-0.0880	53.8524
185.0000	190.0000	-4.0217	56.9104
186.0000	22.0000	-11.3072	78.3736
186.0000	103.0000	-0.0882	53.8897
186.0000	190.0000	-4.0288	56.4060
187.0000	22.0000	-11.1863	78.3742
187.0000	103.0000	-0.0884	53.9340
187.0000	190.0000	-4.0360	55.8986
188.0000	22.0000	-11.0587	78.3752
188.0000	103.0000	-0.0886	53.9850
188.0000	190.0000	-4.0434	55.3883
189.0000	22.0000	-10.9244	78.3766
189.0000	103.0000	-0.0888	54.0426
189.0000	190.0000	-4.0508	54.8750
190.0000	22.0000	-10.7836	78.3798
190.0000	103.0000	-0.0891	54.1066
190.0000	190.0000	-4.0582	54.3588
191.0000	22.0000	-10.6363	78.3824
191.0000	103.0000	-0.0894	54.1763
191.0000	190.0000	-4.0655	53.8397
192.0000	22.0000	-10.4826	78.3867
192.0000	103.0000	-0.0897	54.2501
192.0000	190.0000	-4.0728	53.3178
193.0000	22.0000	-10.3988	78.3907
193.0000	103.0000	-0.0901	54.3298
193.0000	190.0000	-4.0800	52.7931
194.0000	22.0000	-10.4006	78.3890
194.0000	103.0000	-0.0904	54.4155
194.0000	190.0000	-4.0869	52.2656
195.0000	22.0000	-10.3969	78.3892
195.0000	103.0000	-0.0908	54.5072
195.0000	190.0000	-4.0936	51.7355
196.0000	22.0000	-10.3939	78.3894
196.0000	103.0000	-0.0912	54.6046
196.0000	190.0000	-4.1001	51.2026
197.0000	22.0000	-10.3923	78.3895
197.0000	103.0000	-0.0916	54.7076
197.0000	190.0000	-4.1063	50.6672
198.0000	22.0000	-10.3915	78.3896
198.0000	103.0000	-0.0920	54.8161
198.0000	190.0000	-4.1121	50.1291
199.0000	22.0000	-10.3911	78.3896
199.0000	103.0000	-0.0925	54.9299
199.0000	190.0000	-4.1176	49.5885
200.0000	22.0000	-10.3909	78.3896
200.0000	103.0000	-0.0930	55.0490
200.0000	190.0000	-4.1228	49.0454
201.0000	22.0000	-10.3908	78.3896
201.0000	103.0000	-0.0934	55.1733
201.0000	190.0000	-4.1275	48.4998
202.0000	22.0000	-10.3908	78.3896
202.0000	103.0000	-0.0939	55.3026
202.0000	190.0000	-4.1318	47.9517
203.0000	22.0000	-10.3907	78.3896
203.0000	103.0000	-0.0944	55.4368
203.0000	190.0000	-4.1358	47.4014
204.0000	22.0000	-10.3907	78.3896
204.0000	103.0000	-0.0950	55.5759
204.0000	190.0000	-4.1393	46.8531
205.0000	22.0000	-10.3907	78.3896
205.0000	103.0000	-0.0955	55.7197
205.0000	190.0000	-4.1425	46.2891
206.0000	22.0000	-10.3907	78.3896
206.0000	103.0000	-0.0960	55.8682
206.0000	190.0000	-4.1451	45.8001
207.0000	22.0000	-10.3907	78.3896
207.0000	103.0000	-0.0964	55.9618
207.0000	190.0000	-4.1455	45.5174
208.0000	22.0000	-10.3907	78.3896
208.0000	103.0000	-0.0964	55.9799
208.0000	190.0000	-4.1447	45.2097
209.0000	22.0000	-10.3907	78.3896
209.0000	103.0000	-0.0967	56.0543
209.0000	190.0000	-4.1458	44.9002
210.0000	22.0000	-10.3907	78.3896
210.0000	103.0000	-0.0970	56.1304
210.0000	190.0000	-4.1457	44.6042
211.0000	22.0000	-10.3907	78.3896
211.0000	103.0000	-0.0973	56.2118
211.0000	190.0000	-4.1447	44.3135
212.0000	22.0000	-10.3907	78.3896
212.0000	103.0000	-0.0976	56.2992
212.0000	190.0000	-4.1443	44.0187
213.0000	22.0000	-10.3907	78.3896
213.0000	103.0000	-0.0979	56.3926
213.0000	190.0000	-4.1434	43.7188
214.0000	22.0000	-10.3907	78.3896
214.0000	103.0000	-0.0983	56.4918
214.0000	190.0000	-4.1425	43.4163
215.0000	22.0000	-10.3907	78.3896
215.0000	103.0000	-0.0986	56.5965
215.0000	190.0000	-4.1414	43.1242
216.0000	22.0000	-10.3908	78.3896
216.0000	103.0000	-0.0990	56.7067
216.0000	190.0000	-4.1399	42.8427
217.0000	22.0000	-10.3896	78.3897
217.0000	103.0000	-0.0994	56.8222
217.0000	190.0000	-4.1386	42.5574
218.0000	22.0000	-10.3886	78.3897
218.0000	103.0000	-0.0998	56.9430
218.0000	190.0000	-4.1371	42.2670
219.0000	22.0000	-10.3836	78.3901
219.0000	103.0000	-0.1002	57.0688
219.0000	190.0000	-4.1354	41.9732
220.0000	22.0000	-10.3832	78.3899
220.0000	103.0000	-0.1007	57.1997
220.0000	190.0000	-4.1337	41.6854
221.0000	22.0000	-10.3818	78.3900
221.0000	103.0000	-0.1011	57.3355
221.0000	190.0000	-4.1317	41.4093
222.0000	22.0000	-10.3730	78.3902
222.0000	103.0000	-0.1015	57.4761
222.0000	190.0000	-4.1299	41.1300
223.0000	22.0000	-10.3558	78.3910
223.0000	103.0000	-0.1020	57.6214
223.0000	190.0000	-4.1281	40.8459
224.0000	22.0000	-10.3312	78.3919
224.0000	103.0000	-0.1024	57.7714
224.0000	190.0000	-4.1261	40.5570
225.0000	22.0000	-10.2985	78.3936
225.0000	103.0000	-0.1029	57.9258
225.0000	190.0000	-4.1241	40.2631
226.0000	22.0000	-10.2575	78.3950
226.0000	103.0000	-0.1032	58.0254
226.0000	190.0000	-4.1218	39.9643
227.0000	22.0000	-10.2083	78.3971
227.0000	103.0000	-0.1032	58.0274
227.0000	190.0000	-4.1197	39.6606
228.0000	22.0000	-10.1514	78.4006
228.0000	103.0000	-0.1032	58.0305
228.0000	190.0000	-4.1176	39.3520
229.0000	22.0000	-10.0866	78.4033
229.0000	103.0000	-0.1033	58.0340
229.0000	190.0000	-4.1154	39.0386
230.0000	22.0000	-10.0145	78.4084
230.0000	103.0000	-0.1035	58.0578
230.0000	190.0000	-4.1131	38.7205
231.0000	22.0000	-9.9349	78.4137
231.0000	103.0000	-0.1037	58.0873
231.0000	190.0000	-4.1109	38.3976
232.0000	22.0000	-9.8481	78.4203
232.0000	103.0000	-0.1039	58.1236
232.0000	190.0000	-4.1086	38.0702
233.0000	22.0000	-9.7546	78.4259
233.0000	103.0000	-0.1041	58.1669
233.0000	190.0000	-4.1063	37.7383
234.0000	22.0000	-9.6550	78.4357
234.0000	103.0000	-0.1044	58.2170
234.0000	190.0000	-4.1041	37.4018
235.0000	22.0000	-9.5482	78.4456
235.0000	103.0000	-0.1047	58.2715
235.0000	190.0000	-4.1018	37.0610
236.0000	22.0000	-9.4347	78.4573
236.0000	103.0000	-0.1049	58.3270
236.0000	190.0000	-4.1001	36.8000
237.0000	22.0000	-9.3145	78.4708
237.0000	103.0000	-0.1053	58.3882
237.0000	190.0000	-4.0999	36.7734
238.0000	22.0000	-9.1877	78.4863
238.0000	103.0000	-0.1054	58.4084
238.0000	190.0000	-4.0992	36.6988
239.0000	22.0000	-9.0545	78.5039
239.0000	103.0000	-0.1054	58.4169
239.0000	190.0000	-4.0980	36.5350
240.0000	22.0000	-8.9151	78.5239
240.0000	103.0000	-0.1055	58.4444
240.0000	190.0000	-4.0968	36.3627
241.0000	22.0000	-8.7694	78.5463
241.0000	103.0000	-0.1057	58.4769
241.0000	190.0000	-4.0954	36.1842
242.0000	22.0000	-8.6178	78.5715
242.0000	103.0000	-0.1059	58.5158
242.0000	190.0000	-4.0940	36.0021
243.0000	22.0000	-8.4614	78.6044
243.0000	103.0000	-0.1061	58.5612
243.0000	190.0000	-4.0927	35.8292
244.0000	22.0000	-8.2977	78.6324
244.0000	103.0000	-0.1064	58.6132
244.0000	190.0000	-4.0914	35.6585
245.0000	22.0000	-8.1297	78.6701
245.0000	103.0000	-0.1067	58.6718
245.0000	190.0000	-4.0900	35.4820
246.0000	22.0000	-7.9572	78.7136
246.0000	103.0000	-0.1070	58.7368
246.0000	190.0000	-4.0885	35.3000
247.0000	22.0000	-7.7774	78.7529
247.0000	103.0000	-0.1074	58.8084
247.0000	190.0000	-4.0870	35.1146
248.0000	22.0000	-7.5945	78.8036
248.0000	103.0000	-0.1078	58.8861
248.0000	190.0000	-4.0856	34.9384
249.0000	22.0000	-7.4076	78.8606
249.0000	103.0000	-0.1082	58.9700
249.0000	190.0000	-4.0843	34.7721
250.0000	22.0000	-7.2132	78.9132
250.0000	103.0000	-0.1086	59.0599
250.0000	190.0000	-4.0828	34.6006
251.0000	22.0000	-7.0196	78.9854
251.0000	103.0000	-0.1088	59.0963
251.0000	190.0000	-4.0814	34.4243
252.0000	22.0000	-6.8184	79.0528
252.0000	103.0000	-0.1088	59.1086
252.0000	190.0000	-4.0799	34.2445
253.0000	22.0000	-6.6133	79.1265
253.0000	103.0000	-0.1089	59.1558
253.0000	190.0000	-4.0785	34.0709
254.0000	22.0000	-6.4089	79.2157
254.0000	103.0000	-0.1090	59.2069
254.0000	190.0000	-4.0771	33.9153
255.0000	22.0000	-6.1977	79.3025
255.0000	103.0000	-0.1091	59.2640
255.0000	190.0000	-4.0758	33.7549
256.0000	22.0000	-5.9877	79.4037
256.0000	103.0000	-0.1093	59.3274
256.0000	190.0000	-4.0744	33.5906
257.0000	22.0000	-5.7777	79.5034
257.0000	103.0000	-0.1095	59.3967
257.0000	190.0000	-4.0730	33.4228
258.0000	22.0000	-5.5702	79.6049
258.0000	103.0000	-0.1094	59.4220
258.0000	190.0000	-4.0716	33.2540
259.0000	22.0000	-5.3725	79.7214
259.0000	103.0000	-0.1094	59.4225
259.0000	190.0000	-4.0701	33.0677
260.0000	22.0000	-5.1728	79.8310
260.0000	103.0000	-0.1094	59.4259
260.0000	190.0000	-4.0684	32.8754
261.0000	103.0000	-0.1093	59.4435
261.0000	190.0000	-4.0668	32.6785
262.0000	103.0000	-0.1094	59.4674
262.0000	190.0000	-4.0651	32.4770
263.0000	103.0000	-0.1094	59.4979
263.0000	190.0000	-4.0633	32.2725
264.0000	103.0000	-0.1094	59.5341
264.0000	190.0000	-4.0616	32.0622
265.0000	103.0000	-0.1094	59.5771
265.0000	190.0000	-4.0597	31.8373
266.0000	103.0000	-0.1094	59.6267
266.0000	190.0000	-4.0577	31.6073
267.0000	103.0000	-0.1094	59.6828
267.0000	190.0000	-4.0558	31.3724
268.0000	103.0000	-0.1094	59.7455
268.0000	190.0000	-4.0537	31.1325
269.0000	103.0000	-0.1094	59.8147
269.0000	190.0000	-4.0517	30.8880
270.0000	103.0000	-0.1095	59.8902
270.0000	190.0000	-4.0496	30.6388
271.0000	103.0000	-0.1095	59.9719
271.0000	190.0000	-4.0475	30.3850
272.0000	103.0000	-0.1095	60.0596
272.0000	190.0000	-4.0453	30.1274
273.0000	103.0000	-0.1095	60.1532
273.0000	190.0000	-4.0431	29.8687
274.0000	103.0000	-0.1095	60.2525
274.0000	190.0000	-4.0408	29.5955
275.0000	103.0000	-0.1095	60.3574
275.0000	190.0000	-4.0385	29.3159
276.0000	103.0000	-0.1096	60.4047
276.0000	190.0000	-4.0362	29.0315
277.0000	103.0000	-0.1096	60.4049
277.0000	190.0000	-4.0338	28.7423
278.0000	103.0000	-0.1096	60.4072
278.0000	190.0000	-4.0314	28.4484
279.0000	103.0000	-0.1096	60.4087
279.0000	190.0000	-4.0290	28.1501
280.0000	103.0000	-0.1096	60.4107
280.0000	190.0000	-4.0272	27.9279
281.0000	103.0000	-0.1096	60.4110
281.0000	190.0000	-4.0271	27.9140
282.0000	103.0000	-0.1096	60.4112
282.0000	190.0000	-4.0265	27.8403
283.0000	103.0000	-0.1096	60.4112
283.0000	190.0000	-4.0253	27.6858
284.0000	103.0000	-0.1096	60.4112
284.0000	190.0000	-4.0241	27.5263
285.0000	103.0000	-0.1096	60.4113
285.0000	190.0000	-4.0228	27.3610
286.0000	103.0000	-0.1096	60.4113
286.0000	190.0000	-4.0215	27.1925
287.0000	103.0000	-0.1096	60.4113
287.0000	190.0000	-4.0203	27.0352
288.0000	103.0000	-0.1096	60.4113
288.0000	190.0000	-4.0191	26.8811
289.0000	103.0000	-0.1096	60.4113
289.0000	190.0000	-4.0179	26.7214
290.0000	103.0000	-0.1096	60.4113
290.0000	190.0000	-4.0167	26.5569
291.0000	103.0000	-0.1096	60.4112
291.0000	190.0000	-4.0155	26.3893
292.0000	103.0000	-0.1096	60.4123
292.0000	190.0000	-4.0144	26.2322
293.0000	103.0000	-0.1096	60.4123
293.0000	190.0000	-4.0133	26.0860
294.0000	103.0000	-0.1096	60.4123
294.0000	190.0000	-4.0122	25.9347
295.0000	103.0000	-0.1096	60.4123
295.0000	190.0000	-4.0112	25.7793
296.0000	103.0000	-0.1096	60.4122
296.0000	190.0000	-4.0101	25.6208
297.0000	103.0000	-0.1096	60.4133
297.0000	190.0000	-4.0096	25.5596
298.0000	103.0000	-0.1096	60.4133
298.0000	190.0000	-4.0095	25.5435
299.0000	103.0000	-0.1096	60.4133
299.0000	190.0000	-4.0089	25.4555
300.0000	103.0000	-0.1096	60.4133
300.0000	190.0000	-4.0083	25.3651
301.0000	103.0000	-0.1096	60.4133
301.0000	190.0000	-4.0077	25.2697
302.0000	103.0000	-0.1096	60.4133
302.0000	190.0000	-4.0071	25.1743
303.0000	103.0000	-0.1096	60.4133
303.0000	190.0000	-4.0065	25.0874
304.0000	103.0000	-0.1096	60.4133
304.0000	190.0000	-4.0059	24.9959
305.0000	103.0000	-0.1096	60.4133
305.0000	190.0000	-4.0053	24.8988
306.0000	103.0000	-0.1096	60.4133
306.0000	190.0000	-4.0047	24.7963
307.0000	103.0000	-0.1096	60.4133
307.0000	190.0000	-4.0040	24.6885
308.0000	103.0000	-0.1096	60.4133
308.0000	190.0000	-4.0037	24.6374
309.0000	103.0000	-0.1096	60.4133
309.0000	190.0000	-4.0036	24.6244
310.0000	103.0000	-0.1096	60.4133
310.0000	190.0000	-4.0033	24.5696
311.0000	103.0000	-0.1096	60.4133
311.0000	190.0000	-4.0029	24.5144
312.0000	103.0000	-0.1096	60.4133
312.0000	190.0000	-4.0025	24.4537
313.0000	103.0000	-0.1096	60.4133
313.0000	190.0000	-4.0021	24.3869
314.0000	103.0000	-0.1096	60.4133
314.0000	190.0000	-4.0017	24.3159
315.0000	103.0000	-0.1096	60.4133
315.0000	190.0000	-4.0012	24.2394
316.0000	103.0000	-0.1096	60.4133
316.0000	190.0000	-4.0010	24.2107
317.0000	103.0000	-0.1096	60.4133
317.0000	190.0000	-4.0009	24.1953
318.0000	103.0000	-0.1096	60.4133
318.0000	190.0000	-4.0007	24.1527
319.0000	103.0000	-0.1096	60.4133
319.0000	190.0000	-4.0004	24.1056
320.0000	103.0000	-0.1096	60.4133
320.0000	190.0000	-4.0001	24.0523
321.0000	103.0000	-0.1096	60.4133
321.0000	190.0000	-3.9997	23.9926
322.0000	103.0000	-0.1096	60.4133
322.0000	190.0000	-3.9993	23.9266
323.0000	103.0000	-0.1096	60.4133
323.0000	190.0000	-3.9989	23.8563
324.0000	103.0000	-0.1096	60.4133
324.0000	190.0000	-3.9985	23.7807
325.0000	103.0000	-0.1096	60.4133
325.0000	190.0000	-3.9980	23.6990
326.0000	103.0000	-0.1096	60.4133
326.0000	190.0000	-3.9975	23.6114
327.0000	103.0000	-0.1096	60.4132
327.0000	190.0000	-3.9970	23.5179
328.0000	103.0000	-0.1096	60.4143
328.0000	190.0000	-3.9968	23.4781
329.0000	103.0000	-0.1096	60.4143
329.0000	190.0000	-3.9967	23.4656
330.0000	103.0000	-0.1096	60.4143
330.0000	190.0000	-3.9964	23.4162
331.0000	103.0000	-0.1096	60.4143
331.0000	190.0000	-3.9961	23.3631
332.0000	103.0000	-0.1096	60.4142
332.0000	190.0000	-3.9957	23.3041
333.0000	103.0000	-0.1096	60.4162
333.0000	190.0000	-3.9953	23.2420
334.0000	103.0000	-0.1096	60.4171
334.0000	190.0000	-3.9950	23.1845
335.0000	103.0000	-0.1096	60.4171
335.0000	190.0000	-3.9947	23.1238
336.0000	103.0000	-0.1096	60.4171
336.0000	190.0000	-3.9943	23.0567
337.0000	103.0000	-0.1096	60.4182
337.0000	190.0000	-3.9939	22.9858
338.0000	103.0000	-0.1096	60.4182
338.0000	190.0000	-3.9934	22.9096
339.0000	103.0000	-0.1096	60.4182
339.0000	190.0000	-3.9930	22.8274
340.0000	103.0000	-0.1096	60.4183
340.0000	190.0000	-3.9925	22.7392
341.0000	103.0000	-0.1096	60.4183
341.0000	190.0000	-3.9920	22.6452
342.0000	103.0000	-0.1096	60.4182
342.0000	190.0000	-3.9915	22.5455
343.0000	103.0000	-0.1096	60.4182
343.0000	190.0000	-3.9910	22.4403
344.0000	103.0000	-0.1096	60.4182
344.0000	190.0000	-3.9904	22.3296
345.0000	103.0000	-0.1096	60.4182
345.0000	190.0000	-3.9898	22.2137
346.0000	103.0000	-0.1096	60.4182
346.0000	190.0000	-3.9893	22.0925
347.0000	103.0000	-0.1096	60.4182
347.0000	190.0000	-3.9887	21.9662
348.0000	103.0000	-0.1096	60.4193
348.0000	190.0000	-3.9881	21.8348
349.0000	103.0000	-0.1096	60.4193
349.0000	190.0000	-3.9874	21.6986
350.0000	103.0000	-0.1096	60.4193
350.0000	190.0000	-3.9868	21.5576
351.0000	103.0000	-0.1096	60.4193
351.0000	190.0000	-3.9862	21.4119
352.0000	103.0000	-0.1096	60.4193
352.0000	190.0000	-3.9856	21.2616
353.0000	103.0000	-0.1096	60.4193
353.0000	190.0000	-3.9850	21.1068
354.0000	103.0000	-0.1096	60.4193
354.0000	190.0000	-3.9844	20.9492
355.0000	103.0000	-0.1096	60.4193
355.0000	190.0000	-3.9838	20.7849
356.0000	103.0000	-0.1096	60.4193
356.0000	190.0000	-3.9832	20.6063
357.0000	103.0000	-0.1096	60.4193
357.0000	190.0000	-3.9825	20.4229
358.0000	103.0000	-0.1096	60.4193
358.0000	190.0000	-3.9819	20.2347
359.0000	103.0000	-0.1096	60.4193
359.0000	190.0000	-3.9813	20.0416
360.0000	103.0000	-0.1096	60.4193
360.0000	190.0000	-3.9807	19.8438
361.0000	103.0000	-0.1096	60.4193
361.0000	190.0000	-3.9802	19.6414
362.0000	103.0000	-0.1096	60.4192
362.0000	190.0000	-3.9796	19.4366
363.0000	103.0000	-0.1096	60.4203
363.0000	190.0000	-3.9791	19.2243
364.0000	103.0000	-0.1096	60.4203
364.0000	190.0000	-3.9786	18.9986
365.0000	103.0000	-0.1096	60.4202
365.0000	190.0000	-3.9781	18.7679
366.0000	103.0000	-0.1096	60.4213
366.0000	190.0000	-3.9776	18.5323
367.0000	103.0000	-0.1096	60.4213
367.0000	190.0000	-3.9771	18.2917
368.0000	103.0000	-0.1096	60.4213
368.0000	190.0000	-3.9767	18.0465
369.0000	103.0000	-0.1096	60.4213
369.0000	190.0000	-3.9763	17.7966
370.0000	103.0000	-0.1096	60.4213
370.0000	190.0000	-3.9759	17.5422
371.0000	103.0000	-0.1096	60.4213
371.0000	190.0000	-3.9755	17.2843
372.0000	103.0000	-0.1096	60.4213
372.0000	190.0000	-3.9752	17.0244
373.0000	103.0000	-0.1096	60.4213
373.0000	190.0000	-3.9748	16.7500
374.0000	103.0000	-0.1096	60.4212
374.0000	190.0000	-3.9744	16.4697
375.0000	103.0000	-0.1096	60.4223
375.0000	190.0000	-3.9741	16.1846
376.0000	103.0000	-0.1096	60.4223
376.0000	190.0000	-3.9739	15.8947
377.0000	103.0000	-0.1096	60.4223
377.0000	190.0000	-3.9736	15.6002
378.0000	103.0000	-0.1096	60.4223
378.0000	190.0000	-3.9733	15.3012
379.0000	103.0000	-0.1096	60.4223
379.0000	190.0000	-3.9730	14.9979
380.0000	103.0000	-0.1096	60.4223
380.0000	190.0000	-3.9728	14.6901
381.0000	103.0000	-0.1096	60.4223
381.0000	190.0000	-3.9726	14.3781
382.0000	103.0000	-0.1096	60.4223
382.0000	190.0000	-3.9724	14.0625
383.0000	103.0000	-0.1096	60.4223
383.0000	190.0000	-3.9722	13.7464
384.0000	103.0000	-0.1096	60.4223
384.0000	190.0000	-3.9720	13.4170
385.0000	103.0000	-0.1096	60.4223
385.0000	190.0000	-3.9718	13.0811
386.0000	103.0000	-0.1096	60.4223
386.0000	190.0000	-3.9716	12.8246
387.0000	103.0000	-0.1096	60.4223
387.0000	190.0000	-3.9716	12.7234
388.0000	103.0000	-0.1096	60.4223
388.0000	190.0000	-3.9716	12.6899
389.0000	103.0000	-0.1096	60.4223
389.0000	190.0000	-3.9716	12.6709
390.0000	103.0000	-0.1096	60.4223
390.0000	190.0000	-3.9716	12.6000
391.0000	103.0000	-0.1096	60.4223
391.0000	190.0000	-3.9715	12.5223
392.0000	103.0000	-0.1096	60.4222
392.0000	190.0000	-3.9715	12.4373
393.0000	103.0000	-0.1096	60.4233
393.0000	190.0000	-3.9715	12.3490
394.0000	103.0000	-0.1096	60.4234
394.0000	190.0000	-3.9715	12.2639
395.0000	103.0000	-0.1097	60.4209
395.0000	190.0000	-3.9715	12.1718
396.0000	103.0000	-0.1098	60.4160
396.0000	190.0000	-3.9715	12.0700
397.0000	103.0000	-0.1234	60.3975
397.0000	190.0000	-3.9746	11.9473
398.0000	103.0000	-0.1178	60.3517
398.0000	190.0000	-3.9733	11.7950
399.0000	103.0000	-0.1163	60.2667
399.0000	190.0000	-3.9730	11.6088
400.0000	103.0000	-0.1198	60.1556
400.0000	190.0000	-3.9739	11.3971
401.0000	103.0000	-0.1219	60.0315
401.0000	190.0000	-3.9744	11.1662
402.0000	103.0000	-0.1256	59.8899
402.0000	190.0000	-3.9752	10.9116
403.0000	103.0000	-0.1289	59.7296
403.0000	190.0000	-3.9759	10.6339
404.0000	103.0000	-0.1334	59.5582
404.0000	190.0000	-3.9769	10.3505
405.0000	103.0000	-0.1369	59.3866
405.0000	190.0000	-3.9776	10.0742
406.0000	103.0000	-0.1396	59.2433
406.0000	190.0000	-3.9782	9.8198
407.0000	103.0000	-0.1415	59.1504
407.0000	190.0000	-3.9785	9.6124
408.0000	103.0000	-0.1414	59.1389
408.0000	190.0000	-3.9785	9.4821
409.0000	103.0000	-0.1414	59.1399
409.0000	190.0000	-3.9784	9.3581
410.0000	103.0000	-0.1414	59.1416
410.0000	190.0000	-3.9784	9.2296
411.0000	103.0000	-0.1414	59.1428
411.0000	190.0000	-3.9783	9.0959
412.0000	103.0000	-0.1414	59.1435
412.0000	190.0000	-3.9783	8.9572
413.0000	103.0000	-0.1414	59.1440
413.0000	190.0000	-3.9782	8.8135
414.0000	103.0000	-0.1414	59.1460
414.0000	190.0000	-3.9782	8.6650
415.0000	103.0000	-0.1414	59.1472
415.0000	190.0000	-3.9781	8.5119
416.0000	103.0000	-0.1415	59.1447
416.0000	190.0000	-3.9781	8.3519
417.0000	103.0000	-0.1416	59.1395
417.0000	190.0000	-3.9780	8.1881
418.0000	103.0000	-0.1604	59.1167
418.0000	190.0000	-3.9811	7.9884
419.0000	103.0000	-0.1737	59.0683
419.0000	190.0000	-3.9832	7.7576
420.0000	103.0000	-0.1775	58.9815
420.0000	190.0000	-3.9836	7.4844
421.0000	103.0000	-0.1801	58.8633
421.0000	190.0000	-3.9839	7.1747
422.0000	103.0000	-0.1823	58.7313
422.0000	190.0000	-3.9841	6.8463
423.0000	103.0000	-0.1851	58.5895
423.0000	190.0000	-3.9844	6.5033
424.0000	103.0000	-0.1871	58.4378
424.0000	190.0000	-3.9845	6.1469
425.0000	103.0000	-0.1892	58.3050
425.0000	190.0000	-3.9846	5.8065
426.0000	103.0000	-0.1860	58.2277
426.0000	190.0000	-3.9840	5.5063
427.0000	103.0000	-0.1858	58.2230
427.0000	190.0000	-3.9837	5.2733
428.0000	103.0000	-0.1858	58.2240
428.0000	190.0000	-3.9835	5.0400
429.0000	103.0000	-0.1858	58.2251
429.0000	190.0000	-3.9832	4.8020
430.0000	103.0000	-0.1858	58.2272
430.0000	190.0000	-3.9830	4.5591
431.0000	103.0000	-0.1858	58.2278
431.0000	190.0000	-3.9828	4.3113
432.0000	103.0000	-0.1858	58.2282
432.0000	190.0000	-3.9825	4.0588
433.0000	103.0000	-0.1858	58.2283
433.0000	190.0000	-3.9822	3.8018
434.0000	103.0000	-0.1858	58.2284
434.0000	190.0000	-3.9820	3.5445
435.0000	103.0000	-0.1858	58.2285
435.0000	190.0000	-3.9817	3.2738
436.0000	103.0000	-0.1858	58.2285
436.0000	190.0000	-3.9814	2.9952
437.0000	103.0000	-0.1858	58.2286
437.0000	190.0000	-3.9811	2.7117
438.0000	103.0000	-0.1858	58.2286
438.0000	190.0000	-3.9809	2.4235
439.0000	103.0000	-0.1858	58.2286
439.0000	190.0000	-3.9806	2.1305
440.0000	103.0000	-0.1858	58.2286
440.0000	190.0000	-3.9803	1.8330
441.0000	103.0000	-0.1858	58.2286
441.0000	190.0000	-3.9799	1.5312
442.0000	103.0000	-0.1858	58.2286
442.0000	190.0000	-3.9796	1.2248
443.0000	103.0000	-0.1858	58.2286
443.0000	190.0000	-3.9793	0.9143
444.0000	103.0000	-0.1858	58.2286
444.0000	190.0000	-3.9790	0.5995
445.0000	103.0000	-0.1858	58.2286
445.0000	190.0000	-3.9786	0.2847
446.0000	103.0000	-0.1858	58.2286
446.0000	190.0000	-3.9783	-0.0407
447.0000	103.0000	-0.1858	58.2286
447.0000	190.0000	-3.9779	-0.3749
448.0000	103.0000	-0.1858	58.2286
448.0000	190.0000	-3.9775	-0.7138
449.0000	103.0000	-0.1858	58.2286
449.0000	190.0000	-3.9771	-1.0573
450.0000	103.0000	-0.1858	58.2286
450.0000	190.0000	-3.9767	-1.4051
451.0000	103.0000	-0.1858	58.2286
451.0000	190.0000	-3.9763	-1.7572
452.0000	103.0000	-0.1858	58.2286
452.0000	190.0000	-3.9759	-2.1135
453.0000	103.0000	-0.1858	58.2286
453.0000	190.0000	-3.9754	-2.4739
454.0000	103.0000	-0.1858	58.2286
454.0000	190.0000	-3.9750	-2.8383
455.0000	103.0000	-0.1858	58.2286
455.0000	190.0000	-3.9745	-3.2067
456.0000	103.0000	-0.1858	58.2286
456.0000	190.0000	-3.9740	-3.5789
457.0000	103.0000	-0.1858	58.2285
457.0000	190.0000	-3.9734	-3.9551
458.0000	103.0000	-0.1858	58.2296
458.0000	190.0000	-3.9729	-4.3347
459.0000	103.0000	-0.1858	58.2297
459.0000	190.0000	-3.9723	-4.7137
460.0000	103.0000	-0.1859	58.2272
460.0000	190.0000	-3.9717	-5.1066
461.0000	103.0000	-0.1859	58.2223
461.0000	190.0000	-3.9711	-5.5086
462.0000	103.0000	-0.2107	58.2022
462.0000	190.0000	-3.9689	-5.9316
463.0000	103.0000	-0.2343	58.1571
463.0000	190.0000	-3.9665	-6.3846
464.0000	103.0000	-0.3163	58.1026
464.0000	190.0000	-3.9591	-6.8536
465.0000	103.0000	-0.3126	58.0667
465.0000	190.0000	-3.9578	-7.3026
466.0000	103.0000	-0.3157	58.0043
466.0000	190.0000	-3.9559	-7.7822
467.0000	103.0000	-0.3048	57.9228
467.0000	190.0000	-3.9553	-8.2836
468.0000	103.0000	-0.3047	57.9027
468.0000	190.0000	-3.9536	-8.7281
469.0000	103.0000	-0.2554	57.8743
469.0000	190.0000	-3.9576	-9.1814
470.0000	103.0000	-0.2546	57.8136
470.0000	190.0000	-3.9563	-9.6734
471.0000	103.0000	-0.2555	57.7118
471.0000	190.0000	-3.9548	-10.2099
472.0000	103.0000	-0.2567	57.5778
472.0000	190.0000	-3.9532	-10.7819
473.0000	103.0000	-0.2581	57.4239
473.0000	190.0000	-3.9514	-11.3775
474.0000	103.0000	-0.2590	57.2730
474.0000	190.0000	-3.9497	-11.9737
475.0000	103.0000	-0.2603	57.1160
475.0000	190.0000	-3.9479	-12.5791
476.0000	103.0000	-0.2612	56.9446
476.0000	190.0000	-3.9461	-13.1998
477.0000	103.0000	-0.2625	56.7613
477.0000	190.0000	-3.9441	-13.8387
478.0000	103.0000	-0.2635	56.5720
478.0000	190.0000	-3.9421	-14.4995
479.0000	103.0000	-0.2643	56.3768
479.0000	190.0000	-3.9404	-15.0838
480.0000	103.0000	-0.2650	56.1748
480.0000	190.0000	-3.9394	-15.4755
481.0000	103.0000	-0.2657	55.9679
481.0000	190.0000	-3.9382	-15.8989
482.0000	103.0000	-0.2663	55.7577
482.0000	190.0000	-3.9372	-16.3210
483.0000	103.0000	-0.2668	55.5443
483.0000	190.0000	-3.9361	-16.7462
484.0000	103.0000	-0.2673	55.3277
484.0000	190.0000	-3.9349	-17.1794
485.0000	103.0000	-0.2674	55.1090
485.0000	190.0000	-3.9338	-17.6207
486.0000	103.0000	-0.2677	54.8885
486.0000	190.0000	-3.9326	-18.0690
487.0000	103.0000	-0.2679	54.6674
487.0000	190.0000	-3.9314	-18.5171
488.0000	103.0000	-0.2680	54.4492
488.0000	190.0000	-3.9303	-18.9518
489.0000	103.0000	-0.2680	54.2591
489.0000	190.0000	-3.9291	-19.3622
490.0000	103.0000	-0.2680	54.1154
490.0000	190.0000	-3.9284	-19.6452
491.0000	103.0000	-0.2638	54.0240
491.0000	190.0000	-3.9297	-19.7482
492.0000	103.0000	-0.2636	54.0091
492.0000	190.0000	-3.9296	-19.7929
493.0000	103.0000	-0.2636	54.0107
493.0000	190.0000	-3.9293	-19.8481
494.0000	103.0000	-0.2636	54.0128
494.0000	190.0000	-3.9289	-19.9139
495.0000	103.0000	-0.2636	54.0141
495.0000	190.0000	-3.9285	-19.9874
496.0000	103.0000	-0.2636	54.0161
496.0000	190.0000	-3.9281	-20.0695
497.0000	103.0000	-0.2636	54.0166
497.0000	190.0000	-3.9280	-20.0891
498.0000	103.0000	-0.2636	54.0170
498.0000	190.0000	-3.9280	-20.0898
499.0000	103.0000	-0.2636	54.0171
499.0000	190.0000	-3.9280	-20.0913
500.0000	103.0000	-0.2636	54.0172
500.0000	190.0000	-3.9280	-20.0921
501.0000	103.0000	-0.2636	54.0173
501.0000	190.0000	-3.9280	-20.0924
502.0000	103.0000	-0.2636	54.0173
502.0000	190.0000	-3.9280	-20.0950
503.0000	103.0000	-0.2636	54.0173
503.0000	190.0000	-3.9279	-20.0994
504.0000	103.0000	-0.2636	54.0173
504.0000	190.0000	-3.9279	-20.1100
505.0000	103.0000	-0.2636	54.0173
505.0000	190.0000	-3.9277	-20.1291
506.0000	103.0000	-0.2636	54.0173
506.0000	190.0000	-3.9276	-20.1564
507.0000	103.0000	-0.2636	54.0173
507.0000	190.0000	-3.9274	-20.1907
508.0000	103.0000	-0.2636	54.0173
508.0000	190.0000	-3.9273	-20.2250
509.0000	103.0000	-0.2636	54.0172
509.0000	190.0000	-3.9271	-20.2619
510.0000	103.0000	-0.2636	54.0183
510.0000	190.0000	-3.9268	-20.3056
511.0000	103.0000	-0.2636	54.0183
511.0000	190.0000	-3.9266	-20.3560
512.0000	103.0000	-0.2636	54.0183
512.0000	190.0000	-3.9263	-20.4129
513.0000	103.0000	-0.2636	54.0183
513.0000	190.0000	-3.9259	-20.4761
514.0000	103.0000	-0.2636	54.0183
514.0000	190.0000	-3.9256	-20.5448
515.0000	103.0000	-0.2636	54.0183
515.0000	190.0000	-3.9252	-20.6178
516.0000	103.0000	-0.2636	54.0183
516.0000	190.0000	-3.9248	-20.6968
517.0000	103.0000	-0.2636	54.0183
517.0000	190.0000	-3.9243	-20.7817
518.0000	103.0000	-0.2636	54.0183
518.0000	190.0000	-3.9238	-20.8726
519.0000	103.0000	-0.2636	54.0183
519.0000	190.0000	-3.9233	-20.9692
520.0000	103.0000	-0.2636	54.0183
520.0000	190.0000	-3.9228	-21.0715
521.0000	103.0000	-0.2636	54.0183
521.0000	190.0000	-3.9222	-21.1792
522.0000	103.0000	-0.2636	54.0183
522.0000	190.0000	-3.9216	-21.2924
523.0000	103.0000	-0.2636	54.0183
523.0000	190.0000	-3.9209	-21.4108
524.0000	103.0000	-0.2636	54.0183
524.0000	190.0000	-3.9203	-21.5344
525.0000	103.0000	-0.2636	54.0183
525.0000	190.0000	-3.9195	-21.6630
526.0000	103.0000	-0.2636	54.0182
526.0000	190.0000	-3.9188	-21.7966
527.0000	103.0000	-0.2636	54.0193
527.0000	190.0000	-3.9180	-21.9351
528.0000	103.0000	-0.2636	54.0193
528.0000	190.0000	-3.9172	-22.0783
529.0000	103.0000	-0.2636	54.0193
529.0000	190.0000	-3.9164	-22.2261
530.0000	103.0000	-0.2636	54.0192
530.0000	190.0000	-3.9155	-22.3785
531.0000	103.0000	-0.2636	54.0203
531.0000	190.0000	-3.9146	-22.5352
532.0000	103.0000	-0.2636	54.0203
532.0000	190.0000	-3.9137	-22.6927
533.0000	103.0000	-0.2636	54.0203
533.0000	190.0000	-3.9127	-22.8666
534.0000	103.0000	-0.2636	54.0214
534.0000	190.0000	-3.9117	-23.0475
535.0000	103.0000	-0.2636	54.0214
535.0000	190.0000	-3.9106	-23.2331
536.0000	103.0000	-0.2636	54.0214
536.0000	190.0000	-3.9094	-23.4236
537.0000	103.0000	-0.2636	54.0214
537.0000	190.0000	-3.9083	-23.6189
538.0000	103.0000	-0.2636	54.0214
538.0000	190.0000	-3.9071	-23.8190
539.0000	103.0000	-0.2636	54.0214
539.0000	190.0000	-3.9059	-24.0231
540.0000	103.0000	-0.2636	54.0214
540.0000	190.0000	-3.9046	-24.2282
541.0000	103.0000	-0.2636	54.0214
541.0000	190.0000	-3.9033	-24.4494
542.0000	103.0000	-0.2636	54.0213
542.0000	190.0000	-3.9019	-24.6776
543.0000	103.0000	-0.2636	54.0224
543.0000	190.0000	-3.9009	-24.8357
544.0000	103.0000	-0.2636	54.0224
544.0000	190.0000	-3.9008	-24.8437
545.0000	103.0000	-0.2636	54.0224
545.0000	190.0000	-3.9008	-24.8481
546.0000	103.0000	-0.2636	54.0224
546.0000	190.0000	-3.9008	-24.8530
547.0000	103.0000	-0.2636	54.0224
547.0000	190.0000	-3.9005	-24.8909
548.0000	103.0000	-0.2636	54.0224
548.0000	190.0000	-3.9003	-24.9338
549.0000	103.0000	-0.2636	54.0223
549.0000	190.0000	-3.9000	-24.9834
550.0000	103.0000	-0.2636	54.0234
550.0000	190.0000	-3.8996	-25.0370
551.0000	103.0000	-0.2636	54.0234
551.0000	190.0000	-3.8992	-25.0891
552.0000	103.0000	-0.2636	54.0234
552.0000	190.0000	-3.8989	-25.1458
553.0000	103.0000	-0.2636	54.0234
553.0000	190.0000	-3.8985	-25.2090
554.0000	103.0000	-0.2636	54.0234
554.0000	190.0000	-3.8980	-25.2781
555.0000	103.0000	-0.2636	54.0234
555.0000	190.0000	-3.8976	-25.3509
556.0000	103.0000	-0.2636	54.0252
556.0000	190.0000	-3.8970	-25.4294
557.0000	103.0000	-0.2636	54.0262
557.0000	190.0000	-3.8965	-25.5141
558.0000	103.0000	-0.2636	54.0262
558.0000	190.0000	-3.8959	-25.6046
559.0000	103.0000	-0.2636	54.0262
559.0000	190.0000	-3.8953	-25.7009
560.0000	103.0000	-0.2636	54.0273
560.0000	190.0000	-3.8946	-25.8028
561.0000	103.0000	-0.2636	54.0273
561.0000	190.0000	-3.8939	-25.9103
562.0000	103.0000	-0.2636	54.0273
562.0000	190.0000	-3.8932	-26.0231
563.0000	103.0000	-0.2636	54.0284
563.0000	190.0000	-3.8924	-26.1412
564.0000	103.0000	-0.2636	54.0284
564.0000	190.0000	-3.8916	-26.2644
565.0000	103.0000	-0.2636	54.0284
565.0000	190.0000	-3.8908	-26.3928
566.0000	103.0000	-0.2636	54.0284
566.0000	190.0000	-3.8899	-26.5261
567.0000	103.0000	-0.2636	54.0284
567.0000	190.0000	-3.8890	-26.6642
568.0000	103.0000	-0.2636	54.0284
568.0000	190.0000	-3.8881	-26.8071
569.0000	103.0000	-0.2636	54.0284
569.0000	190.0000	-3.8871	-26.9547
570.0000	103.0000	-0.2636	54.0284
570.0000	190.0000	-3.8861	-27.1068
571.0000	103.0000	-0.2636	54.0284
571.0000	190.0000	-3.8850	-27.2634
572.0000	103.0000	-0.2636	54.0284
572.0000	190.0000	-3.8840	-27.4208
573.0000	103.0000	-0.2636	54.0283
573.0000	190.0000	-3.8829	-27.5931
574.0000	103.0000	-0.2636	54.0294
574.0000	190.0000	-3.8817	-27.7737
575.0000	103.0000	-0.2636	54.0294
575.0000	190.0000	-3.8804	-27.9589
576.0000	103.0000	-0.2636	54.0294
576.0000	190.0000	-3.8792	-28.1492
577.0000	103.0000	-0.2636	54.0294
577.0000	190.0000	-3.8779	-28.3442
578.0000	103.0000	-0.2636	54.0294
578.0000	190.0000	-3.8766	-28.5439
579.0000	103.0000	-0.2636	54.0293
579.0000	190.0000	-3.8752	-28.7479
580.0000	103.0000	-0.2636	54.0304
580.0000	190.0000	-3.8739	-28.9525
581.0000	103.0000	-0.2636	54.0313
581.0000	190.0000	-3.8724	-29.1725
582.0000	103.0000	-0.2636	54.0311
582.0000	190.0000	-3.8709	-29.4004
583.0000	103.0000	-0.2636	54.0320
583.0000	190.0000	-3.8693	-29.6330
584.0000	103.0000	-0.2636	54.0318
584.0000	190.0000	-3.8678	-29.8706
585.0000	103.0000	-0.2636	54.0328
585.0000	190.0000	-3.8662	-30.1130
586.0000	103.0000	-0.2636	54.0326
586.0000	190.0000	-3.8645	-30.3602
587.0000	103.0000	-0.2636	54.0326
587.0000	190.0000	-3.8628	-30.6118
588.0000	103.0000	-0.2636	54.0325
588.0000	190.0000	-3.8611	-30.8680
589.0000	103.0000	-0.2636	54.0336
589.0000	190.0000	-3.8594	-31.1258
590.0000	103.0000	-0.2636	54.0336
590.0000	190.0000	-3.8577	-31.3916
591.0000	103.0000	-0.2636	54.0336
591.0000	190.0000	-3.8558	-31.6688
592.0000	103.0000	-0.2636	54.0336
592.0000	190.0000	-3.8540	-31.9511
593.0000	103.0000	-0.2636	54.0336
593.0000	190.0000	-3.8520	-32.2381
594.0000	103.0000	-0.2636	54.0336
594.0000	190.0000	-3.8501	-32.5298
595.0000	103.0000	-0.2636	54.0336
595.0000	190.0000	-3.8481	-32.8261
596.0000	103.0000	-0.2636	54.0336
596.0000	190.0000	-3.8462	-33.1269
597.0000	103.0000	-0.2636	54.0336
597.0000	190.0000	-3.8441	-33.4321
598.0000	103.0000	-0.2636	54.0336
598.0000	190.0000	-3.8421	-33.7416
599.0000	103.0000	-0.2636	54.0336
599.0000	190.0000	-3.8400	-34.0553
600.0000	103.0000	-0.2636	54.0335
600.0000	190.0000	-3.8379	-34.3708
601.0000	103.0000	-0.2636	54.0346
601.0000	190.0000	-3.8358	-34.6916
602.0000	103.0000	-0.2636	54.0355
602.0000	190.0000	-3.8336	-35.0242
603.0000	103.0000	-0.2636	54.0353
603.0000	190.0000	-3.8314	-35.3620
604.0000	103.0000	-0.2636	54.0362
604.0000	190.0000	-3.8292	-35.7042
605.0000	103.0000	-0.2636	54.0360
605.0000	190.0000	-3.8269	-36.0509
606.0000	103.0000	-0.2636	54.0360
606.0000	190.0000	-3.8246	-36.4019
607.0000	103.0000	-0.2636	54.0360
607.0000	190.0000	-3.8223	-36.7571
608.0000	103.0000	-0.2636	54.0360
608.0000	190.0000	-3.8200	-37.1165
609.0000	103.0000	-0.2636	54.0360
609.0000	190.0000	-3.8181	-37.3963
610.0000	103.0000	-0.2636	54.0360
610.0000	190.0000	-3.8178	-37.4495
611.0000	103.0000	-0.2636	54.0360
611.0000	190.0000	-3.8173	-37.5296
612.0000	103.0000	-0.2636	54.0360
612.0000	190.0000	-3.8162	-37.6951
613.0000	103.0000	-0.2636	54.0360
613.0000	190.0000	-3.8151	-37.8684
614.0000	103.0000	-0.2636	54.0360
614.0000	190.0000	-3.8140	-38.0475
615.0000	103.0000	-0.2636	54.0360
615.0000	190.0000	-3.8128	-38.2313
616.0000	103.0000	-0.2636	54.0360
616.0000	190.0000	-3.8117	-38.4086
617.0000	103.0000	-0.2636	54.0360
617.0000	190.0000	-3.8106	-38.5795
618.0000	103.0000	-0.2636	54.0360
618.0000	190.0000	-3.8095	-38.7561
619.0000	103.0000	-0.2636	54.0359
619.0000	190.0000	-3.8088	-38.8634
620.0000	103.0000	-0.2636	54.0370
620.0000	190.0000	-3.8088	-38.8638
621.0000	103.0000	-0.2636	54.0370
621.0000	190.0000	-3.8088	-38.8676
622.0000	103.0000	-0.2636	54.0370
622.0000	190.0000	-3.8087	-38.8714
623.0000	103.0000	-0.2636	54.0370
623.0000	190.0000	-3.8086	-38.9006
624.0000	103.0000	-0.2636	54.0370
624.0000	190.0000	-3.8084	-38.9365
625.0000	103.0000	-0.2636	54.0370
625.0000	190.0000	-3.8082	-38.9789
626.0000	103.0000	-0.2636	54.0370
626.0000	190.0000	-3.8080	-39.0220
627.0000	103.0000	-0.2636	54.0370
627.0000	190.0000	-3.8077	-39.0654
628.0000	103.0000	-0.2636	54.0369
628.0000	190.0000	-3.8074	-39.1151
629.0000	103.0000	-0.2636	54.0387
629.0000	190.0000	-3.8071	-39.1714
630.0000	103.0000	-0.2636	54.0462
630.0000	190.0000	-3.8068	-39.2338
631.0000	103.0000	-0.2635	54.0596
631.0000	190.0000	-3.8064	-39.3025
632.0000	103.0000	-0.2636	54.0799
632.0000	190.0000	-3.8060	-39.3754
633.0000	103.0000	-0.2637	54.1070
633.0000	190.0000	-3.8056	-39.4535
634.0000	103.0000	-0.2638	54.1410
634.0000	190.0000	-3.8051	-39.5377
635.0000	103.0000	-0.2639	54.1816
635.0000	190.0000	-3.8046	-39.6279
636.0000	103.0000	-0.2640	54.2288
636.0000	190.0000	-3.8041	-39.7238
637.0000	103.0000	-0.2642	54.2826
637.0000	190.0000	-3.8035	-39.8253
638.0000	103.0000	-0.2643	54.3430
638.0000	190.0000	-3.8029	-39.9323
639.0000	103.0000	-0.2645	54.4099
639.0000	190.0000	-3.8023	-40.0448
640.0000	103.0000	-0.2647	54.4832
640.0000	190.0000	-3.8016	-40.1625
641.0000	103.0000	-0.2649	54.5627
641.0000	190.0000	-3.8009	-40.2855
642.0000	103.0000	-0.2652	54.6483
642.0000	190.0000	-3.8002	-40.4134
643.0000	103.0000	-0.2652	54.6818
643.0000	190.0000	-3.7995	-40.5464
644.0000	103.0000	-0.2652	54.6938
644.0000	190.0000	-3.7987	-40.6842
645.0000	103.0000	-0.2653	54.7392
645.0000	190.0000	-3.7983	-40.7673
646.0000	103.0000	-0.2654	54.7888
646.0000	190.0000	-3.7982	-40.7831
647.0000	103.0000	-0.2654	54.8443
647.0000	190.0000	-3.7980	-40.8028
648.0000	103.0000	-0.2655	54.9062
648.0000	190.0000	-3.7980	-40.8122
649.0000	103.0000	-0.2656	54.9744
649.0000	190.0000	-3.7978	-40.8402
650.0000	103.0000	-0.2658	55.0470
650.0000	190.0000	-3.7976	-40.8732
651.0000	103.0000	-0.2659	55.1247
651.0000	190.0000	-3.7974	-40.9128
652.0000	103.0000	-0.2660	55.2085
652.0000	190.0000	-3.7971	-40.9589
653.0000	103.0000	-0.2662	55.2983
653.0000	190.0000	-3.7968	-41.0117
654.0000	103.0000	-0.2663	55.3938
654.0000	190.0000	-3.7964	-41.0710
655.0000	103.0000	-0.2665	55.4950
655.0000	190.0000	-3.7960	-41.1368
656.0000	103.0000	-0.2666	55.6017
656.0000	190.0000	-3.7956	-41.2091
657.0000	103.0000	-0.2668	55.7138
657.0000	190.0000	-3.7951	-41.2876
658.0000	103.0000	-0.2670	55.8313
658.0000	190.0000	-3.7946	-41.3722
659.0000	103.0000	-0.2672	55.9539
659.0000	190.0000	-3.7945	-41.4050
660.0000	103.0000	-0.2674	56.0815
660.0000	190.0000	-3.7944	-41.4170
661.0000	103.0000	-0.2676	56.2141
661.0000	190.0000	-3.7942	-41.4619
662.0000	103.0000	-0.2678	56.3516
662.0000	190.0000	-3.7940	-41.5110
663.0000	103.0000	-0.2680	56.4939
663.0000	190.0000	-3.7937	-41.5661
664.0000	103.0000	-0.2682	56.6408
664.0000	190.0000	-3.7934	-41.6276
665.0000	103.0000	-0.2685	56.7923
665.0000	190.0000	-3.7931	-41.6954
666.0000	103.0000	-0.2687	56.9484
666.0000	190.0000	-3.7927	-41.7678
667.0000	103.0000	-0.2690	57.1057
667.0000	190.0000	-3.7923	-41.8452
668.0000	103.0000	-0.2692	57.2757
668.0000	190.0000	-3.7919	-41.9286
669.0000	103.0000	-0.2695	57.4557
669.0000	190.0000	-3.7915	-42.0179
670.0000	103.0000	-0.2698	57.6404
670.0000	190.0000	-3.7910	-42.1131
671.0000	103.0000	-0.2701	57.8300
671.0000	190.0000	-3.7905	-42.2139
672.0000	103.0000	-0.2704	58.0244
672.0000	190.0000	-3.7900	-42.3202
673.0000	103.0000	-0.2707	58.2235
673.0000	190.0000	-3.7895	-42.4320
674.0000	103.0000	-0.2710	58.4271
674.0000	190.0000	-3.7894	-42.4864
675.0000	103.0000	-0.2713	58.6313
675.0000	190.0000	-3.7891	-42.4995
676.0000	103.0000	-0.2716	58.8494
676.0000	190.0000	-3.7888	-42.5547
677.0000	103.0000	-0.2720	59.0766
677.0000	190.0000	-3.7886	-42.6105
678.0000	103.0000	-0.2723	59.3086
678.0000	190.0000	-3.7883	-42.6655
679.0000	103.0000	-0.2727	59.5456
679.0000	190.0000	-3.7880	-42.7235
680.0000	103.0000	-0.2730	59.7874
680.0000	190.0000	-3.7877	-42.7875
681.0000	103.0000	-0.2734	60.0340
681.0000	190.0000	-3.7873	-42.8579
682.0000	103.0000	-0.2738	60.2851
682.0000	190.0000	-3.7869	-42.9344
683.0000	103.0000	-0.2742	60.5407
683.0000	190.0000	-3.7865	-43.0170
684.0000	103.0000	-0.2746	60.7985
684.0000	190.0000	-3.7862	-43.0487
685.0000	103.0000	-0.2751	61.0625
685.0000	190.0000	-3.7863	-43.0606
686.0000	103.0000	-0.2755	61.3389
686.0000	190.0000	-3.7862	-43.0669
687.0000	103.0000	-0.2760	61.6206
687.0000	190.0000	-3.7862	-43.0678
688.0000	103.0000	-0.2765	61.9070
688.0000	190.0000	-3.7862	-43.0684
689.0000	103.0000	-0.2770	62.1982
689.0000	190.0000	-3.7862	-43.0688
690.0000	103.0000	-0.2775	62.4939
690.0000	190.0000	-3.7862	-43.0689
691.0000	103.0000	-0.2780	62.7941
691.0000	190.0000	-3.7862	-43.0690
692.0000	103.0000	-0.2786	63.0987
692.0000	190.0000	-3.7862	-43.0690
693.0000	103.0000	-0.2792	63.4076
693.0000	190.0000	-3.7862	-43.0690
694.0000	103.0000	-0.2798	63.7208
694.0000	190.0000	-3.7862	-43.0690
695.0000	103.0000	-0.2804	64.0364
695.0000	190.0000	-3.7862	-43.0690
696.0000	103.0000	-0.2811	64.3556
696.0000	190.0000	-3.7862	-43.0689
697.0000	103.0000	-0.2818	64.6874
697.0000	190.0000	-3.7862	-43.0700
698.0000	103.0000	-0.2825	65.0247
698.0000	190.0000	-3.7862	-43.0700
699.0000	103.0000	-0.2833	65.3664
699.0000	190.0000	-3.7862	-43.0700
700.0000	103.0000	-0.2841	65.7125
700.0000	190.0000	-3.7862	-43.0700
701.0000	103.0000	-0.2849	66.0630
701.0000	190.0000	-3.7862	-43.0699
702.0000	103.0000	-0.2856	66.3340
702.0000	190.0000	-3.7862	-43.0710
703.0000	103.0000	-0.2856	66.3671
703.0000	190.0000	-3.7862	-43.0719
704.0000	103.0000	-0.2858	66.4288
704.0000	190.0000	-3.7862	-43.0717
705.0000	103.0000	-0.2860	66.5092
705.0000	190.0000	-3.7862	-43.0717
706.0000	103.0000	-0.2860	66.5179
706.0000	190.0000	-3.7862	-43.0717
707.0000	103.0000	-0.2861	66.5667
707.0000	190.0000	-3.7862	-43.0717
708.0000	103.0000	-0.2862	66.6199
708.0000	190.0000	-3.7862	-43.0717
709.0000	103.0000	-0.2864	66.6729
709.0000	190.0000	-3.7862	-43.0717
710.0000	103.0000	-0.2865	66.7317
710.0000	190.0000	-3.7862	-43.0717
711.0000	103.0000	-0.2867	66.7984
711.0000	190.0000	-3.7862	-43.0717
712.0000	103.0000	-0.2869	66.8728
712.0000	190.0000	-3.7862	-43.0717
713.0000	103.0000	-0.2871	66.9528
713.0000	190.0000	-3.7862	-43.0717
714.0000	103.0000	-0.2873	67.0304
714.0000	190.0000	-3.7862	-43.0717
715.0000	103.0000	-0.2874	67.1076
715.0000	190.0000	-3.7862	-43.0717
716.0000	103.0000	-0.2877	67.1916
716.0000	190.0000	-3.7862	-43.0716
717.0000	103.0000	-0.2879	67.2807
717.0000	190.0000	-3.7862	-43.0727
718.0000	103.0000	-0.2882	67.3753
718.0000	190.0000	-3.7862	-43.0727
719.0000	103.0000	-0.2884	67.4685
719.0000	190.0000	-3.7862	-43.0726
720.0000	103.0000	-0.2887	67.5515
720.0000	190.0000	-3.7862	-43.0751
721.0000	103.0000	-0.2889	67.6371
721.0000	190.0000	-3.7862	-43.0800
722.0000	103.0000	-0.3033	67.7149
722.0000	190.0000	-3.7779	-43.0990
723.0000	103.0000	-0.2889	67.7723
723.0000	190.0000	-3.7865	-43.1421
724.0000	103.0000	-0.2907	67.7962
724.0000	190.0000	-3.7856	-43.2244
725.0000	103.0000	-0.2874	67.7971
725.0000	190.0000	-3.7877	-43.3371
726.0000	103.0000	-0.2616	67.8577
726.0000	190.0000	-3.8031	-43.3947
727.0000	103.0000	-0.2619	67.9783
727.0000	190.0000	-3.8031	-43.3962
728.0000	103.0000	-0.2622	68.0466
728.0000	190.0000	-3.8031	-43.3960
729.0000	103.0000	-0.2621	68.0594
729.0000	190.0000	-3.8031	-43.3956
730.0000	103.0000	-0.2623	68.1197
730.0000	190.0000	-3.8031	-43.3952
731.0000	103.0000	-0.2625	68.1810
731.0000	190.0000	-3.8031	-43.3950
732.0000	103.0000	-0.2628	68.2478
732.0000	190.0000	-3.8031	-43.3948
733.0000	103.0000	-0.2630	68.3207
733.0000	190.0000	-3.8031	-43.3947
734.0000	103.0000	-0.2633	68.3998
734.0000	190.0000	-3.8031	-43.3947
735.0000	103.0000	-0.2636	68.4850
735.0000	190.0000	-3.8031	-43.3947
736.0000	103.0000	-0.2639	68.5761
736.0000	190.0000	-3.8031	-43.3946
737.0000	103.0000	-0.2642	68.6730
737.0000	190.0000	-3.8031	-43.3946
738.0000	103.0000	-0.2646	68.7755
738.0000	190.0000	-3.8031	-43.3946
739.0000	103.0000	-0.2650	68.8836
739.0000	190.0000	-3.8031	-43.3945
740.0000	103.0000	-0.2654	68.9945
740.0000	190.0000	-3.8031	-43.3969
741.0000	103.0000	-0.2658	69.1083
741.0000	190.0000	-3.8031	-43.4029
742.0000	103.0000	-0.2443	69.2115
742.0000	190.0000	-3.8157	-43.4223
743.0000	103.0000	-0.2242	69.2941
743.0000	190.0000	-3.8276	-43.4673
744.0000	103.0000	-0.2403	69.3494
744.0000	190.0000	-3.8185	-43.5462
745.0000	103.0000	-0.2521	69.3983
745.0000	190.0000	-3.8120	-43.6366
746.0000	103.0000	-0.2538	69.4414
746.0000	190.0000	-3.8113	-43.7371
747.0000	103.0000	-0.2559	69.4670
747.0000	190.0000	-3.8104	-43.8595
748.0000	103.0000	-0.2565	69.4732
748.0000	190.0000	-3.8104	-44.0058
749.0000	103.0000	-0.2571	69.4716
749.0000	190.0000	-3.8104	-44.1645
750.0000	103.0000	-0.2577	69.4627
750.0000	190.0000	-3.8104	-44.3312
751.0000	103.0000	-0.2585	69.4590
751.0000	190.0000	-3.8103	-44.5090
752.0000	103.0000	-0.2592	69.4519
752.0000	190.0000	-3.8103	-44.6973
753.0000	103.0000	-0.2599	69.4433
753.0000	190.0000	-3.8103	-44.8918
754.0000	103.0000	-0.2608	69.4347
754.0000	190.0000	-3.8103	-45.0912
755.0000	103.0000	-0.2616	69.4253
755.0000	190.0000	-3.8103	-45.2961
756.0000	103.0000	-0.2624	69.4162
756.0000	190.0000	-3.8103	-45.5055
757.0000	103.0000	-0.2628	69.3271
757.0000	190.0000	-3.8103	-45.7180
758.0000	103.0000	-0.2627	69.1095
758.0000	190.0000	-3.8103	-45.9331
759.0000	103.0000	-0.2626	68.8960
759.0000	190.0000	-3.8104	-46.1509
760.0000	103.0000	-0.2624	68.6844
760.0000	190.0000	-3.8105	-46.3664
761.0000	103.0000	-0.2621	68.4994
761.0000	190.0000	-3.8107	-46.5527
762.0000	103.0000	-0.2618	68.3598
762.0000	190.0000	-3.8109	-46.6922
763.0000	103.0000	-0.2577	68.2735
763.0000	190.0000	-3.8135	-46.7772
764.0000	103.0000	-0.2574	68.2631
764.0000	190.0000	-3.8137	-46.7857
765.0000	103.0000	-0.2574	68.2651
765.0000	190.0000	-3.8137	-46.7853
766.0000	103.0000	-0.2574	68.2673
766.0000	190.0000	-3.8137	-46.7846
767.0000	103.0000	-0.2574	68.2688
767.0000	190.0000	-3.8137	-46.7839
768.0000	103.0000	-0.2574	68.2697
768.0000	190.0000	-3.8137	-46.7834
769.0000	103.0000	-0.2574	68.2702
769.0000	190.0000	-3.8137	-46.7829
770.0000	103.0000	-0.2574	68.2705
770.0000	190.0000	-3.8137	-46.7827
771.0000	103.0000	-0.2574	68.2706
771.0000	190.0000	-3.8137	-46.7826
772.0000	103.0000	-0.2574	68.2717
772.0000	190.0000	-3.8137	-46.7825
773.0000	103.0000	-0.2574	68.2718
773.0000	190.0000	-3.8137	-46.7835
774.0000	103.0000	-0.2574	68.2718
774.0000	190.0000	-3.8137	-46.7835
775.0000	103.0000	-0.2574	68.2718
775.0000	190.0000	-3.8137	-46.7835
776.0000	103.0000	-0.2574	68.2719
776.0000	190.0000	-3.8137	-46.7835
777.0000	103.0000	-0.2574	68.2718
777.0000	190.0000	-3.8137	-46.7835
778.0000	103.0000	-0.2574	68.2737
778.0000	190.0000	-3.8137	-46.7834
779.0000	103.0000	-0.2573	68.2810
779.0000	190.0000	-3.8137	-46.7834
780.0000	103.0000	-0.2573	68.2939
780.0000	190.0000	-3.8137	-46.7834
781.0000	103.0000	-0.2575	68.3160
781.0000	190.0000	-3.8137	-46.7834
782.0000	103.0000	-0.2576	68.3461
782.0000	190.0000	-3.8137	-46.7834
783.0000	103.0000	-0.2578	68.3835
783.0000	190.0000	-3.8137	-46.7834
784.0000	103.0000	-0.2580	68.4279
784.0000	190.0000	-3.8137	-46.7834
785.0000	103.0000	-0.2582	68.4791
785.0000	190.0000	-3.8137	-46.7834
786.0000	103.0000	-0.2585	68.5368
786.0000	190.0000	-3.8137	-46.7834
787.0000	103.0000	-0.2588	68.6009
787.0000	190.0000	-3.8137	-46.7834
788.0000	103.0000	-0.2591	68.6703
788.0000	190.0000	-3.8137	-46.7834
789.0000	103.0000	-0.2594	68.7441
789.0000	190.0000	-3.8137	-46.7834
790.0000	103.0000	-0.2598	68.8240
790.0000	190.0000	-3.8137	-46.7834
791.0000	103.0000	-0.2602	68.9099
791.0000	190.0000	-3.8137	-46.7834
792.0000	103.0000	-0.2606	69.0016
792.0000	190.0000	-3.8137	-46.7834
793.0000	103.0000	-0.2611	69.0991
793.0000	190.0000	-3.8137	-46.7834
794.0000	103.0000	-0.2616	69.2022
794.0000	190.0000	-3.8137	-46.7834
795.0000	103.0000	-0.2621	69.3108
795.0000	190.0000	-3.8137	-46.7834
796.0000	103.0000	-0.2626	69.4248
796.0000	190.0000	-3.8137	-46.7833
797.0000	103.0000	-0.2632	69.5441
797.0000	190.0000	-3.8136	-46.7844
798.0000	103.0000	-0.2638	69.6684
798.0000	190.0000	-3.8136	-46.7844
799.0000	103.0000	-0.2644	69.7978
799.0000	190.0000	-3.8136	-46.7844
800.0000	103.0000	-0.2650	69.9321
800.0000	190.0000	-3.8136	-46.7844
801.0000	103.0000	-0.2657	70.0713
801.0000	190.0000	-3.8136	-46.7844
802.0000	103.0000	-0.2664	70.2153
802.0000	190.0000	-3.8136	-46.7843
803.0000	103.0000	-0.2671	70.3614
803.0000	190.0000	-3.8136	-46.7868
804.0000	103.0000	-0.2679	70.5096
804.0000	190.0000	-3.8136	-46.7917
805.0000	103.0000	-0.3072	70.6480
805.0000	190.0000	-3.7901	-46.8122
806.0000	103.0000	-0.3289	70.7982
806.0000	190.0000	-3.7774	-46.8227
807.0000	103.0000	-0.3299	70.9735
807.0000	190.0000	-3.7774	-46.8229
808.0000	103.0000	-0.3309	71.1551
808.0000	190.0000	-3.7774	-46.8229
809.0000	103.0000	-0.3320	71.3415
809.0000	190.0000	-3.7774	-46.8228
810.0000	103.0000	-0.3331	71.5322
810.0000	190.0000	-3.7774	-46.8234
811.0000	103.0000	-0.3343	71.7274
811.0000	190.0000	-3.7774	-46.8242
812.0000	103.0000	-0.3355	71.9277
812.0000	190.0000	-3.7774	-46.8246
813.0000	103.0000	-0.3367	72.1320
813.0000	190.0000	-3.7774	-46.8246
814.0000	103.0000	-0.3380	72.3392
814.0000	190.0000	-3.7774	-46.8245
815.0000	103.0000	-0.3393	72.5590
815.0000	190.0000	-3.7774	-46.8278
816.0000	103.0000	-0.3407	72.7874
816.0000	190.0000	-3.7774	-46.8284
817.0000	103.0000	-0.3421	73.0212
817.0000	190.0000	-3.7774	-46.8284
818.0000	103.0000	-0.3436	73.2599
818.0000	190.0000	-3.7774	-46.8284
819.0000	103.0000	-0.3451	73.5034
819.0000	190.0000	-3.7774	-46.8282
820.0000	103.0000	-0.3466	73.7481
820.0000	190.0000	-3.7774	-46.8327
821.0000	103.0000	-0.3481	74.0003
821.0000	190.0000	-3.7774	-46.8332
822.0000	103.0000	-0.3498	74.2573
822.0000	190.0000	-3.7774	-46.8332
823.0000	103.0000	-0.3513	74.5145
823.0000	190.0000	-3.7774	-46.8333
824.0000	103.0000	-0.3530	74.7851
824.0000	190.0000	-3.7774	-46.8332
825.0000	103.0000	-0.3543	74.9832
825.0000	190.0000	-3.7774	-46.8331
826.0000	103.0000	-0.3542	74.9938
826.0000	190.0000	-3.7774	-46.8363
827.0000	103.0000	-0.3544	74.9927
827.0000	190.0000	-3.7773	-46.8426
828.0000	103.0000	-0.4087	74.9725
828.0000	190.0000	-3.7459	-46.8692
829.0000	103.0000	-0.4167	74.9197
829.0000	190.0000	-3.7413	-46.9243
830.0000	103.0000	-0.4187	74.8304
830.0000	190.0000	-3.7402	-47.0141
831.0000	103.0000	-0.4183	74.7147
831.0000	190.0000	-3.7404	-47.1301
832.0000	103.0000	-0.4177	74.5863
832.0000	190.0000	-3.7407	-47.2590
833.0000	103.0000	-0.4187	74.4501
833.0000	190.0000	-3.7401	-47.3957
834.0000	103.0000	-0.3854	74.3639
834.0000	190.0000	-3.7598	-47.4810
835.0000	103.0000	-0.3851	74.3562
835.0000	190.0000	-3.7600	-47.4871
836.0000	103.0000	-0.3851	74.3568
836.0000	190.0000	-3.7600	-47.4868
837.0000	103.0000	-0.3850	74.3579
837.0000	190.0000	-3.7600	-47.4874
838.0000	103.0000	-0.3850	74.3588
838.0000	190.0000	-3.7600	-47.4869
839.0000	103.0000	-0.3850	74.3595
839.0000	190.0000	-3.7600	-47.4865
840.0000	103.0000	-0.3850	74.3598
840.0000	190.0000	-3.7600	-47.4861
841.0000	103.0000	-0.3850	74.3600
841.0000	190.0000	-3.7600	-47.4871
842.0000	103.0000	-0.3850	74.3600
842.0000	190.0000	-3.7600	-47.4870
843.0000	103.0000	-0.3850	74.3601
843.0000	190.0000	-3.7600	-47.4869
844.0000	103.0000	-0.3850	74.3601
844.0000	190.0000	-3.7600	-47.4880
845.0000	103.0000	-0.3850	74.3602
845.0000	190.0000	-3.7600	-47.4879
846.0000	103.0000	-0.3850	74.3602
846.0000	190.0000	-3.7600	-47.4880
847.0000	103.0000	-0.3850	74.3602
847.0000	190.0000	-3.7600	-47.4879
848.0000	103.0000	-0.3850	74.3602
848.0000	190.0000	-3.7600	-47.4879
849.0000	103.0000	-0.3850	74.3602
849.0000	190.0000	-3.7600	-47.4880
850.0000	103.0000	-0.3850	74.3602
850.0000	190.0000	-3.7600	-47.4879
851.0000	103.0000	-0.3850	74.3602
851.0000	190.0000	-3.7600	-47.4879
852.0000	103.0000	-0.3850	74.3602
852.0000	190.0000	-3.7600	-47.4879
853.0000	103.0000	-0.3850	74.3602
853.0000	190.0000	-3.7600	-47.4890
854.0000	103.0000	-0.3850	74.3602
854.0000	190.0000	-3.7600	-47.4890
855.0000	103.0000	-0.3850	74.3602
855.0000	190.0000	-3.7600	-47.4890
856.0000	103.0000	-0.3850	74.3602
856.0000	190.0000	-3.7600	-47.4890
857.0000	103.0000	-0.3850	74.3602
857.0000	190.0000	-3.7600	-47.4890
858.0000	103.0000	-0.3850	74.3602
858.0000	190.0000	-3.7600	-47.4890
859.0000	103.0000	-0.3850	74.3602
859.0000	190.0000	-3.7600	-47.4889
860.0000	103.0000	-0.3850	74.3602
860.0000	190.0000	-3.7600	-47.4900
861.0000	103.0000	-0.3850	74.3602
861.0000	190.0000	-3.7600	-47.4900
862.0000	103.0000	-0.3850	74.3602
862.0000	190.0000	-3.7600	-47.4900
863.0000	103.0000	-0.3850	74.3602
863.0000	190.0000	-3.7600	-47.4900
864.0000	103.0000	-0.3850	74.3602
864.0000	190.0000	-3.7600	-47.4900
865.0000	103.0000	-0.3850	74.3602
865.0000	190.0000	-3.7600	-47.4899
866.0000	103.0000	-0.3850	74.3602
866.0000	190.0000	-3.7599	-47.4917
867.0000	103.0000	-0.3850	74.3602
867.0000	190.0000	-3.7599	-47.4928
868.0000	103.0000	-0.3850	74.3602
868.0000	190.0000	-3.7599	-47.4928
869.0000	103.0000	-0.3850	74.3602
869.0000	190.0000	-3.7599	-47.4927
870.0000	103.0000	-0.3850	74.3602
870.0000	190.0000	-3.7599	-47.4938
871.0000	103.0000	-0.3850	74.3602
871.0000	190.0000	-3.7599	-47.4938
872.0000	103.0000	-0.3850	74.3602
872.0000	190.0000	-3.7599	-47.4938
873.0000	103.0000	-0.3850	74.3602
873.0000	190.0000	-3.7599	-47.4949
874.0000	103.0000	-0.3850	74.3602
874.0000	190.0000	-3.7599	-47.4949
875.0000	103.0000	-0.3850	74.3602
875.0000	190.0000	-3.7599	-47.4949
876.0000	103.0000	-0.3850	74.3602
876.0000	190.0000	-3.7599	-47.4949
877.0000	103.0000	-0.3850	74.3602
877.0000	190.0000	-3.7599	-47.4949
878.0000	103.0000	-0.3850	74.3602
878.0000	190.0000	-3.7599	-47.4949
879.0000	103.0000	-0.3850	74.3602
879.0000	190.0000	-3.7599	-47.4949
880.0000	103.0000	-0.3850	74.3602
880.0000	190.0000	-3.7599	-47.4949
881.0000	103.0000	-0.3850	74.3602
881.0000	190.0000	-3.7599	-47.4949
882.0000	103.0000	-0.3850	74.3603
882.0000	190.0000	-3.7599	-47.4948
883.0000	103.0000	-0.3850	74.3577
883.0000	190.0000	-3.7599	-47.4972
884.0000	103.0000	-0.3850	74.3539
884.0000	190.0000	-3.7599	-47.5032
885.0000	103.0000	-0.3961	74.3352
885.0000	190.0000	-3.7534	-47.5223
886.0000	103.0000	-0.3868	74.3297
886.0000	190.0000	-3.7589	-47.5274
887.0000	103.0000	-0.3868	74.3320
887.0000	190.0000	-3.7589	-47.5275
888.0000	103.0000	-0.3868	74.3391
888.0000	190.0000	-3.7589	-47.5275
889.0000	103.0000	-0.3869	74.3537
889.0000	190.0000	-3.7589	-47.5274
890.0000	103.0000	-0.3871	74.3751
890.0000	190.0000	-3.7589	-47.5284
891.0000	103.0000	-0.3871	74.3771
891.0000	190.0000	-3.7589	-47.5293
892.0000	103.0000	-0.3871	74.3774
892.0000	190.0000	-3.7589	-47.5291
893.0000	103.0000	-0.3871	74.3777
893.0000	190.0000	-3.7589	-47.5300
894.0000	103.0000	-0.3871	74.3779
894.0000	190.0000	-3.7589	-47.5298
895.0000	103.0000	-0.3871	74.3780
895.0000	190.0000	-3.7589	-47.5308
896.0000	103.0000	-0.3871	74.3781
896.0000	190.0000	-3.7589	-47.5306
897.0000	103.0000	-0.3871	74.3781
897.0000	190.0000	-3.7589	-47.5306
898.0000	103.0000	-0.3871	74.3780
898.0000	190.0000	-3.7589	-47.5305
899.0000	103.0000	-0.3871	74.3791
899.0000	190.0000	-3.7589	-47.5316
900.0000	103.0000	-0.3871	74.3791
900.0000	190.0000	-3.7589	-47.5316
901.0000	103.0000	-0.3871	74.3791
901.0000	190.0000	-3.7589	-47.5316
902.0000	103.0000	-0.3871	74.3790
902.0000	190.0000	-3.7589	-47.5316
903.0000	103.0000	-0.3871	74.3801
903.0000	190.0000	-3.7589	-47.5316
904.0000	103.0000	-0.3871	74.3801
904.0000	190.0000	-3.7589	-47.5316
905.0000	103.0000	-0.3871	74.3801
905.0000	190.0000	-3.7589	-47.5316
906.0000	103.0000	-0.3871	74.3801
906.0000	190.0000	-3.7589	-47.5316
907.0000	103.0000	-0.3871	74.3802
907.0000	190.0000	-3.7589	-47.5315
908.0000	103.0000	-0.3871	74.3778
908.0000	190.0000	-3.7589	-47.5340
909.0000	103.0000	-0.3871	74.3774
909.0000	190.0000	-3.7589	-47.5344
910.0000	103.0000	-0.3871	74.3773
910.0000	190.0000	-3.7589	-47.5343
911.0000	103.0000	-0.3871	74.3773
911.0000	190.0000	-3.7589	-47.5354
912.0000	103.0000	-0.3871	74.3773
912.0000	190.0000	-3.7589	-47.5363
913.0000	103.0000	-0.3871	74.3773
913.0000	190.0000	-3.7589	-47.5360
914.0000	103.0000	-0.3871	74.3773
914.0000	190.0000	-3.7589	-47.5370
915.0000	103.0000	-0.3871	74.3773
915.0000	190.0000	-3.7589	-47.5368
916.0000	103.0000	-0.3871	74.3772
916.0000	190.0000	-3.7589	-47.5368
917.0000	103.0000	-0.3871	74.3783
917.0000	190.0000	-3.7589	-47.5368
918.0000	103.0000	-0.3871	74.3792
918.0000	190.0000	-3.7589	-47.5368
919.0000	103.0000	-0.3871	74.3790
919.0000	190.0000	-3.7589	-47.5368
920.0000	103.0000	-0.3871	74.3799
920.0000	190.0000	-3.7589	-47.5368
921.0000	103.0000	-0.3873	74.3833
921.0000	190.0000	-3.7589	-47.5368
922.0000	103.0000	-0.3875	74.3923
922.0000	190.0000	-3.7589	-47.5368
923.0000	103.0000	-0.3876	74.4119
923.0000	190.0000	-3.7589	-47.5368
924.0000	103.0000	-0.3879	74.4378
924.0000	190.0000	-3.7589	-47.5367
925.0000	103.0000	-0.3883	74.4684
925.0000	190.0000	-3.7589	-47.5392
926.0000	103.0000	-0.3886	74.5039
926.0000	190.0000	-3.7589	-47.5441
927.0000	103.0000	-0.4008	74.5328
927.0000	190.0000	-3.7519	-47.5628
928.0000	103.0000	-0.3863	74.5434
928.0000	190.0000	-3.7608	-47.6053
929.0000	103.0000	-0.3862	74.5187
929.0000	190.0000	-3.7612	-47.6895
930.0000	103.0000	-0.3862	74.4627
930.0000	190.0000	-3.7615	-47.8125
931.0000	103.0000	-0.3859	74.3836
931.0000	190.0000	-3.7621	-47.9629
932.0000	103.0000	-0.3854	74.2847
932.0000	190.0000	-3.7628	-48.1381
933.0000	103.0000	-0.3845	74.1688
933.0000	190.0000	-3.7637	-48.3365
934.0000	103.0000	-0.3834	74.0366
934.0000	190.0000	-3.7648	-48.5570
935.0000	103.0000	-0.3819	73.8886
935.0000	190.0000	-3.7662	-48.7991
936.0000	103.0000	-0.3802	73.7251
936.0000	190.0000	-3.7677	-49.0624
937.0000	103.0000	-0.3781	73.5463
937.0000	190.0000	-3.7695	-49.3465
938.0000	103.0000	-0.3759	73.3526
938.0000	190.0000	-3.7714	-49.6509
939.0000	103.0000	-0.3734	73.1440
939.0000	190.0000	-3.7735	-49.9755
940.0000	103.0000	-0.3705	72.9258
940.0000	190.0000	-3.7759	-50.3151
941.0000	103.0000	-0.3673	72.7183
941.0000	190.0000	-3.7786	-50.6493
942.0000	103.0000	-0.3636	72.5182
942.0000	190.0000	-3.7816	-50.9819
943.0000	103.0000	-0.3594	72.3207
943.0000	190.0000	-3.7849	-51.3155
944.0000	103.0000	-0.3551	72.1426
944.0000	190.0000	-3.7884	-51.6345
945.0000	103.0000	-0.3499	71.9899
945.0000	190.0000	-3.7925	-51.9326
946.0000	103.0000	-0.3448	71.8548
946.0000	190.0000	-3.7966	-52.2177
947.0000	103.0000	-0.3394	71.7308
947.0000	190.0000	-3.8010	-52.4964
948.0000	103.0000	-0.3336	71.6176
948.0000	190.0000	-3.8056	-52.7671
949.0000	103.0000	-0.3267	71.5192
949.0000	190.0000	-3.8109	-53.0294
950.0000	103.0000	-0.3210	71.4340
950.0000	190.0000	-3.8156	-53.2931
951.0000	103.0000	-0.3152	71.3473
951.0000	190.0000	-3.8205	-53.5631
952.0000	103.0000	-0.3085	71.2757
952.0000	190.0000	-3.8260	-53.8226
953.0000	103.0000	-0.3016	71.2195
953.0000	190.0000	-3.8316	-54.0716
954.0000	103.0000	-0.2931	71.1689
954.0000	190.0000	-3.8383	-54.3196
955.0000	103.0000	-0.2868	71.0246
955.0000	190.0000	-3.8432	-54.5784
956.0000	103.0000	-0.2785	70.7529
956.0000	190.0000	-3.8488	-54.8490
957.0000	103.0000	-0.2703	70.4960
957.0000	190.0000	-3.8544	-55.1107
958.0000	103.0000	-0.2613	70.2502
958.0000	190.0000	-3.8607	-55.3586
959.0000	103.0000	-0.2506	70.0085
959.0000	190.0000	-3.8681	-55.6011
960.0000	103.0000	-0.2421	69.7630
960.0000	190.0000	-3.8741	-55.8470
961.0000	103.0000	-0.2325	69.5185
961.0000	190.0000	-3.8809	-56.0913
962.0000	103.0000	-0.2242	69.2802
962.0000	190.0000	-3.8868	-56.3293
963.0000	103.0000	-0.2150	69.0442
963.0000	190.0000	-3.8934	-56.5649
964.0000	103.0000	-0.2054	68.8066
964.0000	190.0000	-3.9004	-56.8021
965.0000	103.0000	-0.1973	68.5701
965.0000	190.0000	-3.9063	-57.0382
966.0000	103.0000	-0.1881	68.3360
966.0000	190.0000	-3.9130	-57.2718
967.0000	103.0000	-0.1787	68.1026
967.0000	190.0000	-3.9200	-57.5047
968.0000	103.0000	-0.1709	67.8690
968.0000	190.0000	-3.9258	-57.7380
969.0000	103.0000	-0.1620	67.6360
969.0000	190.0000	-3.9326	-57.9704
970.0000	103.0000	-0.1528	67.4039
970.0000	190.0000	-3.9396	-58.2021
971.0000	103.0000	-0.1453	67.1719
971.0000	190.0000	-3.9453	-58.4337
972.0000	103.0000	-0.1366	66.9400
972.0000	190.0000	-3.9519	-58.6650
973.0000	103.0000	-0.1278	66.7086
973.0000	190.0000	-3.9588	-58.8970
974.0000	103.0000	-0.1206	66.4774
974.0000	190.0000	-3.9644	-59.1278
975.0000	103.0000	-0.1123	66.2462
975.0000	190.0000	-3.9709	-59.3585
976.0000	103.0000	-0.1039	66.0169
976.0000	190.0000	-3.9776	-59.5891
977.0000	103.0000	-0.0970	65.7916
977.0000	190.0000	-3.9830	-59.8195
978.0000	103.0000	-0.0890	65.5768
978.0000	190.0000	-3.9894	-60.0499
979.0000	103.0000	-0.0812	65.3666
979.0000	190.0000	-3.9958	-60.2800
980.0000	103.0000	-0.0749	65.1629
980.0000	190.0000	-4.0011	-60.5103
981.0000	103.0000	-0.0677	64.9662
981.0000	190.0000	-4.0072	-60.7406
982.0000	103.0000	-0.0603	64.7762
982.0000	190.0000	-4.0134	-60.9707
983.0000	103.0000	-0.0530	64.5930
983.0000	190.0000	-4.0197	-61.2007
984.0000	103.0000	-0.0474	64.4215
984.0000	190.0000	-4.0246	-61.4267
985.0000	103.0000	-0.0418	64.2853
985.0000	190.0000	-4.0295	-61.6226
986.0000	103.0000	-0.0379	64.2025
986.0000	190.0000	-4.0330	-61.7711
987.0000	103.0000	-0.0389	64.1779
987.0000	190.0000	-4.0322	-61.8677
988.0000	103.0000	-0.0389	64.2375
988.0000	190.0000	-4.0325	-61.8848
989.0000	103.0000	-0.0392	64.3247
989.0000	190.0000	-4.0325	-61.8847
990.0000	103.0000	-0.0396	64.4185
990.0000	190.0000	-4.0326	-61.8843
991.0000	103.0000	-0.0400	64.5175
991.0000	190.0000	-4.0325	-61.8837
992.0000	103.0000	-0.0405	64.6213
992.0000	190.0000	-4.0326	-61.8832
993.0000	103.0000	-0.0409	64.7304
993.0000	190.0000	-4.0326	-61.8828
994.0000	103.0000	-0.0414	64.8445
994.0000	190.0000	-4.0325	-61.8825
995.0000	103.0000	-0.0419	64.9637
995.0000	190.0000	-4.0325	-61.8824
996.0000	103.0000	-0.0424	65.0880
996.0000	190.0000	-4.0325	-61.8822
997.0000	103.0000	-0.0429	65.2173
997.0000	190.0000	-4.0325	-61.8832
998.0000	103.0000	-0.0434	65.3516
998.0000	190.0000	-4.0325	-61.8832
999.0000	103.0000	-0.0440	65.4906
999.0000	190.0000	-4.0325	-61.8832
