0.0000	50.0000	-49.2773	54.1380
0.0000	156.0000	-38.3578	-19.8337
1.0000	50.0000	-49.0332	53.8905
1.0000	156.0000	-38.1930	-20.0968
2.0000	50.0000	-48.7281	53.7499
2.0000	156.0000	-38.0394	-20.2644
3.0000	50.0000	-48.4442	53.6538
3.0000	156.0000	-37.8735	-20.3809
4.0000	50.0000	-48.2195	53.5724
4.0000	156.0000	-37.6844	-20.4713
5.0000	50.0000	-48.0154	53.5620
5.0000	156.0000	-37.4832	-20.4862
6.0000	50.0000	-47.7782	53.5656
6.0000	156.0000	-37.2896	-20.4937
7.0000	50.0000	-47.5204	53.5466
7.0000	156.0000	-37.0924	-20.5258
8.0000	50.0000	-47.2664	53.4614
8.0000	156.0000	-36.8760	-20.6210
9.0000	50.0000	-46.9943	53.3462
9.0000	156.0000	-36.6586	-20.7481
10.0000	50.0000	-46.7082	53.2085
10.0000	156.0000	-36.4391	-20.9001
11.0000	50.0000	-46.4258	53.0364
11.0000	156.0000	-36.2121	-21.0848
12.0000	50.0000	-46.1356	52.8413
12.0000	156.0000	-35.9817	-21.2929
13.0000	50.0000	-45.8547	52.6098
13.0000	156.0000	-35.7424	-21.5350
14.0000	50.0000	-45.5704	52.3547
14.0000	156.0000	-35.4986	-21.8008
15.0000	50.0000	-45.3065	52.0885
15.0000	156.0000	-35.2434	-22.0733
16.0000	50.0000	-45.0081	51.9267
16.0000	156.0000	-34.9976	-22.2473
17.0000	50.0000	-44.7261	51.8441
17.0000	156.0000	-34.7268	-22.3364
18.0000	50.0000	-44.4419	51.8035
18.0000	156.0000	-34.4485	-22.3832
19.0000	50.0000	-44.1515	51.7610
19.0000	156.0000	-34.1661	-22.4320
20.0000	50.0000	-43.8487	51.6338
20.0000	156.0000	-33.8817	-22.5665
21.0000	50.0000	-43.5318	51.4386
21.0000	156.0000	-33.5959	-22.7702
22.0000	50.0000	-43.2177	51.2520
22.0000	156.0000	-33.3031	-22.9643
23.0000	50.0000	-42.9067	51.1289
23.0000	156.0000	-33.0033	-23.0928
24.0000	50.0000	-42.6004	51.0886
24.0000	156.0000	-32.6957	-23.1363
25.0000	50.0000	-42.2889	51.0787
25.0000	156.0000	-32.3843	-23.1498
26.0000	50.0000	-41.9736	51.0689
26.0000	156.0000	-32.0691	-23.1629
27.0000	50.0000	-41.6582	51.0589
27.0000	156.0000	-31.7538	-23.1756
28.0000	50.0000	-41.3295	51.0441
28.0000	156.0000	-31.4259	-23.1929
29.0000	50.0000	-41.0097	50.9936
29.0000	156.0000	-31.0846	-23.2427
30.0000	50.0000	-40.6745	50.9704
30.0000	156.0000	-30.7428	-23.2668
31.0000	50.0000	-40.3296	50.9575
31.0000	156.0000	-30.3986	-23.2813
32.0000	50.0000	-39.9723	50.9289
32.0000	156.0000	-30.0531	-23.3127
33.0000	50.0000	-39.5964	50.9276
33.0000	156.0000	-29.7091	-23.3191
34.0000	50.0000	-39.2392	50.9173
34.0000	156.0000	-29.3519	-23.3301
35.0000	50.0000	-38.8779	50.9072
35.0000	156.0000	-28.9906	-23.3405
36.0000	50.0000	-38.5126	50.8972
36.0000	156.0000	-28.6253	-23.3508
37.0000	50.0000	-38.1434	50.8875
37.0000	156.0000	-28.2561	-23.3604
38.0000	50.0000	-37.7703	50.8778
38.0000	156.0000	-27.8830	-23.3700
39.0000	50.0000	-37.3933	50.8683
39.0000	156.0000	-27.5059	-23.3791
40.0000	50.0000	-37.0138	50.8590
40.0000	156.0000	-27.1265	-23.3878
41.0000	50.0000	-36.6328	50.8501
41.0000	156.0000	-26.7454	-23.3961
42.0000	50.0000	-36.3264	50.8429
42.0000	156.0000	-26.4389	-23.4027
43.0000	50.0000	-36.1907	50.8372
43.0000	156.0000	-26.3888	-23.4072
44.0000	50.0000	-36.0167	50.8201
44.0000	156.0000	-26.3804	-23.4196
45.0000	50.0000	-35.8334	50.7720
45.0000	156.0000	-26.3715	-23.4631
46.0000	50.0000	-35.6447	50.6858
46.0000	156.0000	-26.3685	-23.5460
47.0000	50.0000	-35.4559	50.5599
47.0000	156.0000	-26.3699	-23.6701
48.0000	50.0000	-35.2650	50.4089
48.0000	156.0000	-26.3716	-23.8188
49.0000	50.0000	-35.0663	50.2845
49.0000	156.0000	-26.3741	-23.9412
50.0000	50.0000	-34.8725	50.2340
50.0000	156.0000	-26.3726	-23.9875
51.0000	50.0000	-34.6753	50.2300
51.0000	156.0000	-26.3725	-23.9880
52.0000	50.0000	-34.4692	50.2265
52.0000	156.0000	-26.3807	-23.9917
53.0000	50.0000	-34.2866	50.2149
53.0000	156.0000	-26.3780	-23.9992
54.0000	50.0000	-34.0918	50.2118
54.0000	156.0000	-26.3780	-23.9990
55.0000	50.0000	-33.8911	50.2087
55.0000	156.0000	-26.3780	-23.9989
56.0000	50.0000	-33.7948	50.2072
56.0000	156.0000	-26.3780	-23.9989
57.0000	50.0000	-33.7801	50.2070
57.0000	156.0000	-26.3780	-23.9988
58.0000	50.0000	-33.6847	50.2056
58.0000	156.0000	-26.3780	-23.9988
59.0000	50.0000	-33.5950	50.2042
59.0000	156.0000	-26.3780	-23.9988
60.0000	50.0000	-33.5140	50.2030
60.0000	156.0000	-26.3780	-23.9988
61.0000	50.0000	-33.4332	50.2018
61.0000	156.0000	-26.3780	-23.9988
62.0000	50.0000	-33.3560	50.2006
62.0000	156.0000	-26.3780	-23.9988
63.0000	50.0000	-33.2776	50.1995
63.0000	156.0000	-26.3780	-23.9988
64.0000	50.0000	-33.1928	50.1983
64.0000	156.0000	-26.3780	-23.9988
65.0000	50.0000	-33.1030	50.1970
65.0000	156.0000	-26.3780	-23.9988
66.0000	50.0000	-33.0083	50.1956
66.0000	156.0000	-26.3780	-23.9988
67.0000	50.0000	-32.9177	50.1944
67.0000	156.0000	-26.3780	-23.9988
68.0000	50.0000	-32.8318	50.1932
68.0000	156.0000	-26.3780	-23.9988
69.0000	50.0000	-32.7404	50.1920
69.0000	156.0000	-26.3780	-23.9987
70.0000	50.0000	-32.6434	50.1871
70.0000	156.0000	-26.3782	-24.0022
71.0000	50.0000	-32.5403	50.1801
71.0000	156.0000	-26.3786	-24.0079
72.0000	50.0000	-32.4985	50.1086
72.0000	156.0000	-26.3511	-24.0703
73.0000	50.0000	-32.3814	50.0359
73.0000	156.0000	-26.3526	-24.1419
74.0000	50.0000	-32.3201	49.9156
74.0000	156.0000	-26.3550	-24.2623
75.0000	50.0000	-32.2987	49.7641
75.0000	156.0000	-26.3581	-24.4144
76.0000	50.0000	-32.2375	49.5832
76.0000	156.0000	-26.3603	-24.5952
77.0000	50.0000	-32.1744	49.3766
77.0000	156.0000	-26.3625	-24.8018
78.0000	50.0000	-32.1089	49.1430
78.0000	156.0000	-26.3633	-25.0348
79.0000	50.0000	-32.0315	48.8886
79.0000	156.0000	-26.3665	-25.2892
80.0000	50.0000	-31.9583	48.6099
80.0000	156.0000	-26.3652	-25.5666
81.0000	50.0000	-31.8778	48.3314
81.0000	156.0000	-26.3645	-25.8440
82.0000	50.0000	-31.8455	48.0555
82.0000	156.0000	-26.3649	-26.1195
83.0000	50.0000	-31.8257	47.7798
83.0000	156.0000	-26.3647	-26.3950
84.0000	50.0000	-31.7798	47.5040
84.0000	156.0000	-26.3644	-26.6702
85.0000	50.0000	-31.7297	47.2181
85.0000	156.0000	-26.3641	-26.9554
86.0000	50.0000	-31.6736	46.8881
86.0000	156.0000	-26.3636	-27.2845
87.0000	50.0000	-31.6117	46.5204
87.0000	156.0000	-26.3630	-27.6512
88.0000	50.0000	-31.5465	46.1197
88.0000	156.0000	-26.3612	-28.0507
89.0000	50.0000	-31.4951	45.6887
89.0000	156.0000	-26.3583	-28.4805
90.0000	50.0000	-31.4497	45.2377
90.0000	156.0000	-26.3543	-28.9301
91.0000	50.0000	-31.4006	44.8184
91.0000	156.0000	-26.3501	-29.3480
92.0000	50.0000	-31.3446	44.4628
92.0000	156.0000	-26.3466	-29.7021
93.0000	50.0000	-31.2831	44.1385
93.0000	156.0000	-26.3427	-30.0249
94.0000	50.0000	-31.2159	43.8486
94.0000	156.0000	-26.3384	-30.3132
95.0000	50.0000	-31.1435	43.5749
95.0000	156.0000	-26.3336	-30.5852
96.0000	50.0000	-31.0644	43.3521
96.0000	156.0000	-26.3290	-30.8062
97.0000	50.0000	-30.9768	43.2134
97.0000	156.0000	-26.3261	-30.9432
98.0000	50.0000	-30.8854	43.1648
98.0000	156.0000	-26.3217	-30.9897
99.0000	50.0000	-30.7813	43.1649
99.0000	156.0000	-26.3217	-30.9890
100.0000	50.0000	-30.6717	43.1650
100.0000	156.0000	-26.3217	-30.9882
101.0000	50.0000	-30.5568	43.1645
101.0000	156.0000	-26.3217	-30.9877
102.0000	50.0000	-30.4367	43.1638
102.0000	156.0000	-26.3217	-30.9874
103.0000	50.0000	-30.3743	43.1634
103.0000	156.0000	-26.3217	-30.9872
104.0000	50.0000	-30.3748	43.1633
104.0000	156.0000	-26.3217	-30.9872
105.0000	50.0000	-30.3723	43.1624
105.0000	156.0000	-26.3216	-30.9881
106.0000	50.0000	-30.3709	43.1593
106.0000	156.0000	-26.3216	-30.9912
107.0000	50.0000	-30.3757	43.1476
107.0000	156.0000	-26.3183	-31.0024
108.0000	50.0000	-30.4334	43.0710
108.0000	156.0000	-26.2815	-31.0737
109.0000	50.0000	-30.4349	42.9892
109.0000	156.0000	-26.2807	-31.1554
110.0000	50.0000	-30.4399	42.8591
110.0000	156.0000	-26.2776	-31.2849
111.0000	50.0000	-30.4463	42.6954
111.0000	156.0000	-26.2738	-31.4481
112.0000	50.0000	-30.4541	42.5033
112.0000	156.0000	-26.2691	-31.6395
113.0000	50.0000	-30.4644	42.2838
113.0000	156.0000	-26.2627	-31.8580
114.0000	50.0000	-30.4757	42.0389
114.0000	156.0000	-26.2558	-32.1019
115.0000	50.0000	-30.4897	41.7680
115.0000	156.0000	-26.2469	-32.3715
116.0000	50.0000	-30.5020	41.4747
116.0000	156.0000	-26.2391	-32.6637
117.0000	50.0000	-30.5168	41.1566
117.0000	156.0000	-26.2292	-32.9803
118.0000	50.0000	-30.5325	40.8161
118.0000	156.0000	-26.2186	-33.3194
119.0000	50.0000	-30.5482	40.4550
119.0000	156.0000	-26.2083	-33.6789
120.0000	50.0000	-30.5648	40.0823
120.0000	156.0000	-26.1970	-34.0500
121.0000	50.0000	-30.5822	39.7407
121.0000	156.0000	-26.1828	-34.3899
122.0000	50.0000	-30.6022	39.4157
122.0000	156.0000	-26.1616	-34.7128
123.0000	50.0000	-30.6250	39.1295
123.0000	156.0000	-26.1306	-34.9967
124.0000	50.0000	-30.6462	38.8630
124.0000	156.0000	-26.0923	-35.2611
125.0000	50.0000	-30.6640	38.6711
125.0000	156.0000	-26.0492	-35.4511
126.0000	50.0000	-30.6764	38.4860
126.0000	156.0000	-26.0011	-35.6352
127.0000	50.0000	-30.6820	38.3308
127.0000	156.0000	-25.9481	-35.7896
128.0000	50.0000	-30.6791	38.2462
128.0000	156.0000	-25.8869	-35.8727
129.0000	50.0000	-30.6562	38.2461
129.0000	156.0000	-25.8293	-35.8731
130.0000	50.0000	-30.6263	38.2472
130.0000	156.0000	-25.7654	-35.8728
131.0000	50.0000	-30.5890	38.2478
131.0000	156.0000	-25.6971	-35.8727
132.0000	50.0000	-30.5448	38.2481
132.0000	156.0000	-25.6236	-35.8728
133.0000	50.0000	-30.4937	38.2482
133.0000	156.0000	-25.5439	-35.8731
134.0000	50.0000	-30.4361	38.2483
134.0000	156.0000	-25.4582	-35.8734
135.0000	50.0000	-30.3722	38.2484
135.0000	156.0000	-25.3667	-35.8737
136.0000	50.0000	-30.3081	38.2382
136.0000	156.0000	-25.2650	-35.8837
137.0000	50.0000	-30.2727	38.1841
137.0000	156.0000	-25.1306	-35.9332
138.0000	50.0000	-30.1984	38.1221
138.0000	156.0000	-25.0177	-35.9948
139.0000	50.0000	-30.1219	38.0173
139.0000	156.0000	-24.8966	-36.0987
140.0000	50.0000	-30.0411	37.8704
140.0000	156.0000	-24.7693	-36.2445
141.0000	50.0000	-29.9561	37.7080
141.0000	156.0000	-24.6355	-36.4057
142.0000	50.0000	-29.8638	37.5473
142.0000	156.0000	-24.4980	-36.5653
143.0000	50.0000	-29.7655	37.3872
143.0000	156.0000	-24.3558	-36.7242
144.0000	50.0000	-29.6635	37.2262
144.0000	156.0000	-24.2072	-36.8838
145.0000	50.0000	-29.5543	37.0669
145.0000	156.0000	-24.0553	-37.0418
146.0000	50.0000	-29.4408	36.9169
146.0000	156.0000	-23.8979	-37.1904
147.0000	50.0000	-29.3209	36.7609
147.0000	156.0000	-23.7370	-37.3451
148.0000	50.0000	-29.1993	36.5808
148.0000	156.0000	-23.5690	-37.5232
149.0000	50.0000	-29.0731	36.3762
149.0000	156.0000	-23.3998	-37.7260
150.0000	50.0000	-28.9436	36.1456
150.0000	156.0000	-23.2119	-37.9543
151.0000	50.0000	-28.8113	35.8892
151.0000	156.0000	-23.0160	-38.2080
152.0000	50.0000	-28.6735	35.6097
152.0000	156.0000	-22.8162	-38.4849
153.0000	50.0000	-28.5265	35.3106
153.0000	156.0000	-22.6158	-38.7822
154.0000	50.0000	-28.3761	34.9907
154.0000	156.0000	-22.4127	-39.1004
155.0000	50.0000	-28.2103	34.6481
155.0000	156.0000	-22.2031	-39.4411
156.0000	50.0000	-28.0385	34.2851
156.0000	156.0000	-21.9893	-39.8021
157.0000	50.0000	-27.8604	33.9040
157.0000	156.0000	-21.7749	-40.1815
158.0000	50.0000	-27.6770	33.5051
158.0000	156.0000	-21.5443	-40.5785
159.0000	50.0000	-27.4889	33.0893
159.0000	156.0000	-21.3828	-40.9930
160.0000	50.0000	-27.2967	32.6571
160.0000	156.0000	-21.3264	-41.4248
161.0000	50.0000	-27.0993	32.2167
161.0000	156.0000	-21.2184	-41.8645
162.0000	50.0000	-26.9012	31.7761
162.0000	156.0000	-21.1817	-42.3048
163.0000	50.0000	-26.6859	31.3371
163.0000	156.0000	-21.1721	-42.7441
164.0000	50.0000	-26.4649	30.8988
164.0000	156.0000	-21.1609	-43.1829
165.0000	50.0000	-26.2380	30.4621
165.0000	156.0000	-21.1290	-43.6200
166.0000	50.0000	-26.0066	30.0074
166.0000	156.0000	-21.0891	-44.0750
167.0000	50.0000	-25.7680	29.5087
167.0000	156.0000	-21.0495	-44.5744
168.0000	50.0000	-25.5234	28.9824
168.0000	156.0000	-21.0110	-45.1018
169.0000	50.0000	-25.2742	28.4809
169.0000	156.0000	-20.9667	-45.6044
170.0000	50.0000	-25.0230	28.0501
170.0000	156.0000	-20.9131	-46.0358
171.0000	50.0000	-24.7747	27.6946
171.0000	156.0000	-20.8885	-46.3918
172.0000	50.0000	-24.5170	27.3763
172.0000	156.0000	-20.8657	-46.7109
173.0000	50.0000	-24.2485	27.0967
173.0000	156.0000	-20.8279	-46.9914
174.0000	50.0000	-23.9762	26.8338
174.0000	156.0000	-20.7830	-47.2553
175.0000	50.0000	-23.6962	26.6240
175.0000	156.0000	-20.7349	-47.4663
176.0000	50.0000	-23.4063	26.5006
176.0000	156.0000	-20.6874	-47.5911
177.0000	50.0000	-23.1052	26.4740
177.0000	156.0000	-20.6434	-47.6197
178.0000	50.0000	-22.8036	26.4775
178.0000	156.0000	-20.5865	-47.6185
179.0000	50.0000	-22.4976	26.4810
179.0000	156.0000	-20.5232	-47.6170
180.0000	50.0000	-22.1873	26.4841
180.0000	156.0000	-20.4544	-47.6158
181.0000	50.0000	-21.8728	26.4869
181.0000	156.0000	-20.3813	-47.6146
182.0000	50.0000	-21.6621	26.4886
182.0000	156.0000	-20.3024	-47.6136
183.0000	50.0000	-21.6466	26.4888
183.0000	156.0000	-20.2173	-47.6125
184.0000	50.0000	-21.5223	26.4898
184.0000	156.0000	-20.1263	-47.6115
185.0000	50.0000	-21.3582	26.4909
185.0000	156.0000	-20.0296	-47.6104
186.0000	50.0000	-21.1883	26.4924
186.0000	156.0000	-19.9273	-47.6089
187.0000	50.0000	-21.0143	26.4924
187.0000	156.0000	-19.8193	-47.6089
188.0000	50.0000	-20.8467	26.4851
188.0000	156.0000	-19.7044	-47.6158
189.0000	50.0000	-20.6882	26.4344
189.0000	156.0000	-19.5730	-47.6660
190.0000	50.0000	-20.5199	26.3474
190.0000	156.0000	-19.4418	-47.7523
191.0000	50.0000	-20.3443	26.2210
191.0000	156.0000	-19.3077	-47.8782
192.0000	50.0000	-20.1656	26.0597
192.0000	156.0000	-19.1667	-48.0390
193.0000	50.0000	-19.9917	25.8707
193.0000	156.0000	-19.0212	-48.2274
194.0000	50.0000	-19.8271	25.6554
194.0000	156.0000	-18.8702	-48.4418
195.0000	50.0000	-19.6572	25.4233
195.0000	156.0000	-18.7140	-48.6732
196.0000	50.0000	-19.4811	25.2179
196.0000	156.0000	-18.5545	-48.8777
197.0000	50.0000	-19.2979	25.0710
197.0000	156.0000	-18.3945	-49.0237
198.0000	50.0000	-19.1156	24.9937
198.0000	156.0000	-18.2373	-49.0999
199.0000	50.0000	-18.9496	24.9929
199.0000	156.0000	-18.0634	-49.0995
200.0000	50.0000	-18.7795	24.9949
200.0000	156.0000	-17.8825	-49.0965
201.0000	50.0000	-18.6043	24.9966
201.0000	156.0000	-17.6967	-49.0936
202.0000	50.0000	-18.4250	24.9980
202.0000	156.0000	-17.5061	-49.0908
203.0000	50.0000	-18.2458	24.9992
203.0000	156.0000	-17.3107	-49.0882
204.0000	50.0000	-18.0886	25.0002
204.0000	156.0000	-17.1107	-49.0855
205.0000	50.0000	-17.9294	25.0011
205.0000	156.0000	-16.9064	-49.0829
206.0000	50.0000	-17.7661	25.0020
206.0000	156.0000	-16.7013	-49.0802
207.0000	50.0000	-17.5989	25.0029
207.0000	156.0000	-16.4800	-49.0774
208.0000	50.0000	-17.4309	25.0039
208.0000	156.0000	-16.2518	-49.0744
209.0000	50.0000	-17.2500	25.0010
209.0000	156.0000	-16.0186	-49.0752
210.0000	50.0000	-17.0593	24.9946
210.0000	156.0000	-15.7797	-49.0794
211.0000	50.0000	-16.8600	24.9605
211.0000	156.0000	-15.5434	-49.1116
212.0000	50.0000	-16.6615	24.8661
212.0000	156.0000	-15.2928	-49.2035
213.0000	50.0000	-16.5407	24.7350
213.0000	156.0000	-15.0364	-49.3320
214.0000	50.0000	-16.5457	24.5751
214.0000	156.0000	-14.7759	-49.4887
215.0000	50.0000	-16.5450	24.3880
215.0000	156.0000	-14.5123	-49.6724
216.0000	50.0000	-16.5466	24.1751
216.0000	156.0000	-14.2375	-49.8818
217.0000	50.0000	-16.5480	23.9383
217.0000	156.0000	-13.9550	-50.1150
218.0000	50.0000	-16.5513	23.6768
218.0000	156.0000	-13.6657	-50.3727
219.0000	50.0000	-16.5531	23.4007
219.0000	156.0000	-13.3748	-50.6454
220.0000	50.0000	-16.5547	23.1247
220.0000	156.0000	-13.0800	-50.9178
221.0000	50.0000	-16.5566	22.8491
221.0000	156.0000	-12.7799	-51.1897
222.0000	50.0000	-16.5585	22.5741
222.0000	156.0000	-12.4757	-51.4608
223.0000	50.0000	-16.5606	22.2993
223.0000	156.0000	-12.2469	-51.7323
224.0000	50.0000	-16.5622	22.0205
224.0000	156.0000	-12.2289	-52.0107
225.0000	50.0000	-16.5631	21.7426
225.0000	156.0000	-12.2215	-52.2884
226.0000	50.0000	-16.5650	21.4821
226.0000	156.0000	-12.2134	-52.5486
227.0000	50.0000	-16.5670	21.2318
227.0000	156.0000	-12.2073	-52.7984
228.0000	50.0000	-16.5680	21.0315
228.0000	156.0000	-12.2040	-52.9984
229.0000	50.0000	-16.5684	20.9134
229.0000	156.0000	-12.2024	-53.1161
230.0000	50.0000	-16.5713	20.8842
230.0000	156.0000	-12.1957	-53.1444
231.0000	50.0000	-16.5714	20.8852
231.0000	156.0000	-12.1956	-53.1438
232.0000	50.0000	-16.5714	20.8862
232.0000	156.0000	-12.1956	-53.1432
233.0000	50.0000	-16.5713	20.8867
233.0000	156.0000	-12.1955	-53.1427
234.0000	50.0000	-16.5713	20.8870
234.0000	156.0000	-12.1955	-53.1424
235.0000	50.0000	-16.5713	20.8871
235.0000	156.0000	-12.1955	-53.1423
236.0000	50.0000	-16.5713	20.8872
236.0000	156.0000	-12.1955	-53.1423
237.0000	50.0000	-16.5713	20.8872
237.0000	156.0000	-12.1955	-53.1422
238.0000	50.0000	-16.5713	20.8872
238.0000	156.0000	-12.1955	-53.1422
239.0000	50.0000	-16.5713	20.8872
239.0000	156.0000	-12.1956	-53.1422
240.0000	50.0000	-16.5714	20.8872
240.0000	156.0000	-12.1938	-53.1422
241.0000	50.0000	-16.5696	20.8873
241.0000	156.0000	-12.1882	-53.1422
242.0000	50.0000	-16.5621	20.8874
242.0000	156.0000	-12.1874	-53.1421
243.0000	50.0000	-16.5486	20.8875
243.0000	156.0000	-12.1874	-53.1421
244.0000	50.0000	-16.5261	20.8873
244.0000	156.0000	-12.1873	-53.1424
245.0000	50.0000	-16.4962	20.8859
245.0000	156.0000	-12.1872	-53.1440
246.0000	50.0000	-16.4930	20.8801
246.0000	156.0000	-12.1870	-53.1498
247.0000	50.0000	-16.5049	20.8399
247.0000	156.0000	-12.1598	-53.1876
248.0000	50.0000	-16.5044	20.7680
248.0000	156.0000	-12.1598	-53.2594
249.0000	50.0000	-16.5047	20.6463
249.0000	156.0000	-12.1583	-53.3809
250.0000	50.0000	-16.5051	20.4910
250.0000	156.0000	-12.1573	-53.5362
251.0000	50.0000	-16.5058	20.3078
251.0000	156.0000	-12.1557	-53.7193
252.0000	50.0000	-16.5063	20.0988
252.0000	156.0000	-12.1544	-53.9282
253.0000	50.0000	-16.5070	19.8650
253.0000	156.0000	-12.1530	-54.1619
254.0000	50.0000	-16.5075	19.6069
254.0000	156.0000	-12.1515	-54.4198
255.0000	50.0000	-16.5076	19.3257
255.0000	156.0000	-12.1518	-54.7011
256.0000	50.0000	-16.5074	19.0290
256.0000	156.0000	-12.1497	-54.9981
257.0000	50.0000	-16.5074	18.7580
257.0000	156.0000	-12.1421	-55.2683
258.0000	50.0000	-16.5060	18.5451
258.0000	156.0000	-12.1274	-55.4811
259.0000	50.0000	-16.4989	18.3985
259.0000	156.0000	-12.1064	-55.6272
260.0000	50.0000	-16.4857	18.3273
260.0000	156.0000	-12.0765	-55.6976
261.0000	50.0000	-16.4661	18.2730
261.0000	156.0000	-12.0702	-55.7523
262.0000	50.0000	-16.4357	18.1719
262.0000	156.0000	-12.0710	-55.8538
263.0000	50.0000	-16.3987	18.0413
263.0000	156.0000	-12.0694	-55.9846
264.0000	50.0000	-16.3657	17.9595
264.0000	156.0000	-12.0311	-56.0641
265.0000	50.0000	-16.3147	17.9585
265.0000	156.0000	-12.0151	-56.0653
266.0000	50.0000	-16.2669	17.9229
266.0000	156.0000	-11.9670	-56.0989
267.0000	50.0000	-16.2071	17.8539
267.0000	156.0000	-11.9253	-56.1671
268.0000	50.0000	-16.1443	17.7598
268.0000	156.0000	-11.8699	-56.2597
269.0000	50.0000	-16.0709	17.7487
269.0000	156.0000	-11.8242	-56.2705
270.0000	50.0000	-15.9912	17.7495
270.0000	156.0000	-11.7726	-56.2695
271.0000	50.0000	-15.9054	17.7505
271.0000	156.0000	-11.7145	-56.2683
272.0000	50.0000	-15.8137	17.7514
272.0000	156.0000	-11.6501	-56.2670
273.0000	50.0000	-15.7163	17.7523
273.0000	156.0000	-11.5802	-56.2658
274.0000	50.0000	-15.6133	17.7532
274.0000	156.0000	-11.5061	-56.2645
275.0000	50.0000	-15.5048	17.7540
275.0000	156.0000	-11.4259	-56.2630
276.0000	50.0000	-15.3909	17.7549
276.0000	156.0000	-11.3396	-56.2614
277.0000	50.0000	-15.2718	17.7558
277.0000	156.0000	-11.2475	-56.2594
278.0000	50.0000	-15.1475	17.7567
278.0000	156.0000	-11.2087	-56.2586
279.0000	50.0000	-15.0182	17.7577
279.0000	156.0000	-11.2084	-56.2588
280.0000	50.0000	-14.8839	17.7588
280.0000	156.0000	-11.2065	-56.2586
281.0000	50.0000	-14.7448	17.7560
281.0000	156.0000	-11.2054	-56.2623
282.0000	50.0000	-14.6017	17.7497
282.0000	156.0000	-11.2027	-56.2695
283.0000	50.0000	-14.4498	17.7207
283.0000	156.0000	-11.2117	-56.3002
284.0000	50.0000	-14.2950	17.6413
284.0000	156.0000	-11.2164	-56.3807
285.0000	50.0000	-14.1378	17.5155
285.0000	156.0000	-11.2162	-56.5076
286.0000	50.0000	-13.9795	17.3592
286.0000	156.0000	-11.2161	-56.6650
287.0000	50.0000	-13.8041	17.1762
287.0000	156.0000	-11.2161	-56.8493
288.0000	50.0000	-13.6896	16.9672
288.0000	156.0000	-11.2159	-57.0592
289.0000	50.0000	-13.6867	16.7327
289.0000	156.0000	-11.2160	-57.2939
290.0000	50.0000	-13.6832	16.4817
290.0000	156.0000	-11.2161	-57.5449
291.0000	50.0000	-13.6806	16.2568
291.0000	156.0000	-11.2164	-57.7699
292.0000	50.0000	-13.6793	16.0892
292.0000	156.0000	-11.2167	-57.9374
293.0000	50.0000	-13.6782	15.9843
293.0000	156.0000	-11.2178	-58.0421
294.0000	50.0000	-13.6724	15.9603
294.0000	156.0000	-11.2077	-58.0655
295.0000	50.0000	-13.6563	15.9609
295.0000	156.0000	-11.2077	-58.0654
296.0000	50.0000	-13.6310	15.9612
296.0000	156.0000	-11.2078	-58.0654
297.0000	50.0000	-13.5985	15.9619
297.0000	156.0000	-11.2078	-58.0650
298.0000	50.0000	-13.5588	15.9625
298.0000	156.0000	-11.2078	-58.0648
299.0000	50.0000	-13.5121	15.9630
299.0000	156.0000	-11.2078	-58.0647
300.0000	50.0000	-13.4982	15.9632
300.0000	156.0000	-11.2078	-58.0646
301.0000	50.0000	-13.4914	15.9633
301.0000	156.0000	-11.2078	-58.0646
302.0000	50.0000	-13.4676	15.9635
302.0000	156.0000	-11.2078	-58.0646
303.0000	50.0000	-13.4378	15.9639
303.0000	156.0000	-11.2078	-58.0645
304.0000	50.0000	-13.4009	15.9605
304.0000	156.0000	-11.2078	-58.0682
305.0000	50.0000	-13.3570	15.9540
305.0000	156.0000	-11.2078	-58.0750
306.0000	50.0000	-13.3286	15.9069
306.0000	156.0000	-11.1395	-58.1200
307.0000	50.0000	-13.2750	15.8315
307.0000	156.0000	-11.1286	-58.1957
308.0000	50.0000	-13.2115	15.7128
308.0000	156.0000	-11.1288	-58.3150
309.0000	50.0000	-13.1432	15.5580
309.0000	156.0000	-11.1294	-58.4708
310.0000	50.0000	-13.0698	15.3836
310.0000	156.0000	-11.1302	-58.6466
311.0000	50.0000	-12.9903	15.2357
311.0000	156.0000	-11.1312	-58.7962
312.0000	50.0000	-12.9601	15.1480
312.0000	156.0000	-11.1320	-58.8839
313.0000	50.0000	-12.9596	15.1447
313.0000	156.0000	-11.1321	-58.8870
314.0000	50.0000	-12.9491	15.1320
314.0000	156.0000	-11.1610	-58.9010
315.0000	50.0000	-12.9503	15.1257
315.0000	156.0000	-11.1540	-58.9071
316.0000	50.0000	-12.9498	15.1260
316.0000	156.0000	-11.1541	-58.9069
317.0000	50.0000	-12.9496	15.1262
317.0000	156.0000	-11.1541	-58.9067
318.0000	50.0000	-12.9495	15.1264
318.0000	156.0000	-11.1521	-58.9066
319.0000	50.0000	-12.9494	15.1264
319.0000	156.0000	-11.1518	-58.9066
320.0000	50.0000	-12.9494	15.1264
320.0000	156.0000	-11.1518	-58.9065
321.0000	50.0000	-12.9494	15.1265
321.0000	156.0000	-11.1518	-58.9065
322.0000	50.0000	-12.9494	15.1265
322.0000	156.0000	-11.1507	-58.9065
323.0000	50.0000	-12.9494	15.1266
323.0000	156.0000	-11.1508	-58.9064
324.0000	50.0000	-12.9493	15.1228
324.0000	156.0000	-11.1507	-58.9102
325.0000	50.0000	-12.9494	15.1138
325.0000	156.0000	-11.1503	-58.9191
326.0000	50.0000	-12.9510	15.0736
326.0000	156.0000	-11.1450	-58.9591
327.0000	50.0000	-12.9499	14.9925
327.0000	156.0000	-11.1485	-59.0402
328.0000	50.0000	-12.9490	14.8726
328.0000	156.0000	-11.1515	-59.1602
329.0000	50.0000	-12.9487	14.7164
329.0000	156.0000	-11.1507	-59.3165
330.0000	50.0000	-12.9482	14.5318
330.0000	156.0000	-11.1461	-59.5011
331.0000	50.0000	-12.9456	14.3213
331.0000	156.0000	-11.1323	-59.7113
332.0000	50.0000	-12.9437	14.0862
332.0000	156.0000	-11.1112	-59.9460
333.0000	50.0000	-12.9427	13.8270
333.0000	154.0000	-36.3609	71.1063
333.0000	156.0000	-11.0846	-60.2048
334.0000	50.0000	-12.9416	13.5520
334.0000	154.0000	-36.3561	70.8330
334.0000	156.0000	-11.0510	-60.4792
335.0000	50.0000	-12.9403	13.2773
335.0000	154.0000	-36.3501	70.5602
335.0000	156.0000	-11.0113	-60.7532
336.0000	50.0000	-12.9389	13.0032
336.0000	154.0000	-36.3437	70.2882
336.0000	156.0000	-10.9653	-61.0260
337.0000	50.0000	-12.9375	12.7297
337.0000	154.0000	-36.3368	70.0170
337.0000	156.0000	-10.9133	-61.2985
338.0000	50.0000	-12.9357	12.4569
338.0000	154.0000	-36.3279	69.7465
338.0000	156.0000	-10.8555	-61.5695
339.0000	50.0000	-12.9339	12.1708
339.0000	154.0000	-36.3192	69.4633
339.0000	156.0000	-10.7947	-61.8536
340.0000	50.0000	-12.9303	11.8402
340.0000	154.0000	-36.3108	69.1353
340.0000	156.0000	-10.7278	-62.1825
341.0000	50.0000	-12.9228	11.4732
341.0000	154.0000	-36.3032	68.7703
341.0000	156.0000	-10.6541	-62.5467
342.0000	50.0000	-12.9052	11.0748
342.0000	154.0000	-36.2938	68.3751
342.0000	156.0000	-10.5762	-62.9418
343.0000	50.0000	-12.8828	10.6484
343.0000	154.0000	-36.2815	67.9515
343.0000	156.0000	-10.4932	-63.3648
344.0000	50.0000	-12.8532	10.1948
344.0000	154.0000	-36.2699	67.5007
344.0000	156.0000	-10.4046	-63.8144
345.0000	50.0000	-12.8169	9.7151
345.0000	154.0000	-36.2570	67.0245
345.0000	156.0000	-10.3121	-64.2891
346.0000	50.0000	-12.7740	9.2108
346.0000	154.0000	-36.2446	66.5232
346.0000	156.0000	-10.2145	-64.7880
347.0000	50.0000	-12.7242	8.6824
347.0000	154.0000	-36.2306	65.9987
347.0000	156.0000	-10.1132	-65.3097
348.0000	50.0000	-12.6582	8.1420
348.0000	154.0000	-36.1594	65.4810
348.0000	156.0000	-10.0587	-65.8452
349.0000	50.0000	-12.5455	7.6249
349.0000	154.0000	-35.8375	65.0723
349.0000	156.0000	-10.2290	-66.3647
350.0000	50.0000	-12.3484	7.1799
350.0000	154.0000	-35.0043	64.9060
350.0000	156.0000	-10.8722	-66.8237
351.0000	50.0000	-12.0446	6.8351
351.0000	154.0000	-33.4764	65.0549
351.0000	156.0000	-12.1644	-67.1736
352.0000	50.0000	-11.6398	6.5827
352.0000	154.0000	-31.2495	65.4703
352.0000	156.0000	-14.1032	-67.3750
353.0000	50.0000	-11.1558	6.3889
353.0000	154.0000	-28.4403	66.0314
353.0000	156.0000	-16.5660	-67.4002
354.0000	50.0000	-10.5679	6.2761
354.0000	154.0000	-24.8418	66.7423
354.0000	156.0000	-19.7220	-67.1295
355.0000	50.0000	-10.0414	6.0624
355.0000	154.0000	-21.6652	67.1270
355.0000	156.0000	-22.4448	-66.8498
356.0000	50.0000	-9.5271	5.8165
356.0000	154.0000	-18.5174	67.3591
356.0000	156.0000	-25.1137	-66.4616
357.0000	50.0000	-9.0407	5.5226
357.0000	154.0000	-15.5309	67.4152
357.0000	156.0000	-27.6135	-66.0313
358.0000	50.0000	-8.4931	5.2760
358.0000	154.0000	-11.9718	67.4483
358.0000	156.0000	-30.5772	-65.2492
359.0000	50.0000	-8.0521	4.8967
359.0000	154.0000	-9.2418	67.1952
359.0000	156.0000	-32.7758	-64.7160
360.0000	50.0000	-7.5198	4.5813
360.0000	154.0000	-5.5833	66.9004
360.0000	156.0000	-35.7676	-63.6536
361.0000	50.0000	-6.8972	4.3556
361.0000	154.0000	-1.0605	66.4701
361.0000	156.0000	-39.4250	-61.9080
362.0000	50.0000	-6.5941	3.8785
362.0000	154.0000	0.5555	65.8984
362.0000	156.0000	-40.5808	-61.6187
363.0000	50.0000	-6.4959	3.3211
363.0000	154.0000	0.8061	65.3476
363.0000	156.0000	-40.5967	-62.0661
364.0000	50.0000	-6.3131	2.9470
364.0000	154.0000	2.6433	64.7622
364.0000	156.0000	-41.9786	-61.5537
365.0000	50.0000	-5.9796	2.6885
365.0000	154.0000	5.6573	64.0741
365.0000	156.0000	-44.3326	-60.1892
366.0000	50.0000	-5.7862	2.2978
366.0000	154.0000	7.1267	63.4479
366.0000	156.0000	-45.3462	-59.7659
367.0000	50.0000	-5.6129	1.9473
367.0000	154.0000	8.4504	62.8635
367.0000	156.0000	-46.2435	-59.3462
368.0000	50.0000	-5.5215	1.5944
368.0000	154.0000	8.6937	62.4993
368.0000	156.0000	-46.2187	-59.5865
369.0000	50.0000	-5.5043	1.2640
369.0000	154.0000	7.9309	62.3692
369.0000	156.0000	-45.3324	-60.3947
370.0000	50.0000	-5.4352	1.0922
370.0000	154.0000	7.8144	62.2628
370.0000	156.0000	-45.0784	-60.6342
371.0000	50.0000	-5.3506	1.0275
371.0000	154.0000	7.8274	62.2424
371.0000	156.0000	-45.0908	-60.6503
372.0000	50.0000	-5.2601	0.9823
372.0000	154.0000	7.8275	62.2445
372.0000	156.0000	-44.9943	-60.6645
373.0000	50.0000	-5.1649	0.9338
373.0000	154.0000	7.8276	62.2459
373.0000	156.0000	-44.9217	-60.6824
374.0000	50.0000	-5.0644	0.8833
374.0000	154.0000	7.8277	62.2466
374.0000	156.0000	-44.9123	-60.6842
375.0000	50.0000	-4.9589	0.8310
375.0000	154.0000	7.8278	62.2470
375.0000	156.0000	-44.8563	-60.6942
376.0000	50.0000	-4.9057	0.8050
376.0000	154.0000	7.8278	62.2472
376.0000	156.0000	-44.7998	-60.7037
377.0000	50.0000	-4.9070	0.8032
377.0000	154.0000	7.8278	62.2473
377.0000	156.0000	-44.7461	-60.7153
378.0000	50.0000	-4.9033	0.8020
378.0000	154.0000	7.8278	62.2473
378.0000	156.0000	-44.6870	-60.7265
379.0000	50.0000	-4.8761	0.7902
379.0000	154.0000	7.8278	62.2475
379.0000	156.0000	-44.6236	-60.7362
380.0000	50.0000	-4.8455	0.7740
380.0000	154.0000	7.8284	62.2448
380.0000	156.0000	-44.5557	-60.7519
381.0000	50.0000	-4.8394	0.7540
381.0000	154.0000	7.8390	62.2261
381.0000	156.0000	-44.4897	-60.7729
382.0000	50.0000	-4.8374	0.7087
382.0000	154.0000	7.8597	62.1767
382.0000	156.0000	-44.4249	-60.8185
383.0000	50.0000	-4.8380	0.6466
383.0000	154.0000	7.8201	62.1223
383.0000	156.0000	-44.3003	-60.9209
384.0000	50.0000	-4.8380	0.6298
384.0000	154.0000	7.8041	62.1089
384.0000	156.0000	-44.1920	-60.9586
385.0000	50.0000	-4.8374	0.6281
385.0000	154.0000	7.8101	62.1060
385.0000	156.0000	-44.0987	-60.9694
386.0000	50.0000	-4.8372	0.6269
386.0000	154.0000	7.8139	62.1040
386.0000	156.0000	-43.9978	-60.9805
387.0000	50.0000	-4.8373	0.6090
387.0000	154.0000	7.8051	62.0879
387.0000	156.0000	-43.8793	-61.0156
388.0000	50.0000	-4.8358	0.5657
388.0000	154.0000	7.8228	62.0413
388.0000	156.0000	-43.7791	-61.0635
389.0000	50.0000	-4.8361	0.5134
389.0000	154.0000	7.7952	61.9946
389.0000	156.0000	-43.6314	-61.1411
390.0000	50.0000	-4.8357	0.5101
390.0000	154.0000	7.8030	61.9898
390.0000	156.0000	-43.5126	-61.1503
391.0000	50.0000	-4.8320	0.4830
391.0000	154.0000	7.8689	61.9499
391.0000	156.0000	-43.4407	-61.1467
392.0000	50.0000	-4.8269	0.4219
392.0000	154.0000	7.9535	61.8718
392.0000	156.0000	-43.3786	-61.1662
393.0000	50.0000	-4.8148	0.3473
393.0000	154.0000	8.1523	61.7582
393.0000	156.0000	-43.4128	-61.1253
394.0000	50.0000	-4.8136	0.3376
394.0000	154.0000	8.1657	61.7458
394.0000	156.0000	-43.2788	-61.1355
395.0000	50.0000	-4.8137	0.3378
395.0000	154.0000	8.1656	61.7460
395.0000	156.0000	-43.1288	-61.1364
396.0000	50.0000	-4.8136	0.3381
396.0000	154.0000	8.1656	61.7463
396.0000	156.0000	-42.9742	-61.1377
397.0000	50.0000	-4.8136	0.3382
397.0000	154.0000	8.1656	61.7465
397.0000	156.0000	-42.8168	-61.1358
398.0000	50.0000	-4.8136	0.3383
398.0000	154.0000	8.1656	61.7466
398.0000	156.0000	-42.6533	-61.1263
399.0000	50.0000	-4.8137	0.3384
399.0000	154.0000	8.1656	61.7466
399.0000	156.0000	-42.4795	-61.1242
400.0000	50.0000	-4.8132	0.3342
400.0000	154.0000	8.1737	61.7409
400.0000	156.0000	-42.3202	-61.1126
401.0000	50.0000	-4.8140	0.3065
401.0000	154.0000	8.1346	61.7212
401.0000	156.0000	-42.1811	-61.1543
402.0000	50.0000	-4.8048	0.2595
402.0000	154.0000	8.2810	61.6452
402.0000	156.0000	-42.3088	-61.1231
403.0000	50.0000	-4.7956	0.1848
403.0000	154.0000	8.4215	61.5423
403.0000	156.0000	-42.4274	-61.1174
404.0000	50.0000	-4.7945	0.1741
404.0000	154.0000	8.4332	61.5293
404.0000	156.0000	-42.4347	-61.1203
405.0000	50.0000	-4.7945	0.1742
405.0000	154.0000	8.4332	61.5294
405.0000	156.0000	-42.4336	-61.1192
406.0000	50.0000	-4.7945	0.1740
406.0000	154.0000	8.4328	61.5293
406.0000	156.0000	-42.4326	-61.1195
407.0000	50.0000	-4.7931	0.1699
407.0000	154.0000	8.4605	61.5196
407.0000	156.0000	-42.4572	-61.1073
408.0000	50.0000	-4.7853	0.1523
408.0000	154.0000	8.6172	61.4696
408.0000	156.0000	-42.5979	-61.0333
409.0000	50.0000	-4.7750	0.1009
409.0000	154.0000	8.8040	61.3793
409.0000	156.0000	-42.7635	-60.9755
410.0000	50.0000	-4.7505	0.0270
410.0000	154.0000	9.2450	61.2115
410.0000	156.0000	-43.1536	-60.7896
411.0000	50.0000	-4.7202	-0.0520
411.0000	154.0000	9.7889	61.0129
411.0000	156.0000	-43.6329	-60.5438
412.0000	50.0000	-4.6868	-0.1320
412.0000	154.0000	10.4015	60.7924
412.0000	156.0000	-44.1722	-60.2516
413.0000	50.0000	-4.6464	-0.2210
413.0000	154.0000	11.1625	60.5204
413.0000	156.0000	-44.8412	-59.8686
414.0000	50.0000	-4.5997	-0.3215
414.0000	154.0000	12.0612	60.1917
414.0000	156.0000	-45.6287	-59.3985
415.0000	50.0000	-4.5389	-0.4033
415.0000	154.0000	13.2710	59.7819
415.0000	156.0000	-46.6852	-58.6884
416.0000	50.0000	-4.4884	-0.5053
416.0000	154.0000	14.2696	59.3903
416.0000	156.0000	-47.5485	-58.1186
417.0000	50.0000	-4.4219	-0.5906
417.0000	154.0000	15.6656	58.8719
417.0000	156.0000	-48.7538	-57.2311
418.0000	50.0000	-4.3498	-0.6762
418.0000	154.0000	17.1771	58.2805
418.0000	156.0000	-50.0453	-56.2224
419.0000	50.0000	-4.2945	-0.7895
419.0000	154.0000	18.3456	57.7487
419.0000	156.0000	-51.0343	-55.4600
420.0000	50.0000	-4.2296	-0.8780
420.0000	154.0000	19.8037	57.1021
420.0000	156.0000	-52.2632	-54.4152
421.0000	50.0000	-4.1750	-0.9475
421.0000	154.0000	21.0074	56.5428
421.0000	156.0000	-53.2645	-53.5182
422.0000	50.0000	-4.1490	-0.9967
422.0000	154.0000	21.5553	56.2620
422.0000	156.0000	-53.7148	-53.1185
423.0000	50.0000	-4.1481	-0.9988
423.0000	154.0000	21.5723	56.2527
423.0000	156.0000	-53.7285	-53.1066
424.0000	50.0000	-4.1398	-1.0062
424.0000	154.0000	21.7864	56.1526
424.0000	156.0000	-53.9073	-52.9355
425.0000	50.0000	-4.1213	-1.0385
425.0000	154.0000	22.2144	55.9328
425.0000	156.0000	-54.2602	-52.6093
426.0000	50.0000	-4.0880	-1.0800
426.0000	154.0000	23.0003	55.5373
426.0000	156.0000	-54.9059	-51.9819
427.0000	50.0000	-4.0583	-1.1236
427.0000	154.0000	23.6846	55.1754
427.0000	156.0000	-55.4624	-51.4335
428.0000	50.0000	-4.0565	-1.1284
428.0000	154.0000	23.7075	55.1601
428.0000	156.0000	-55.4794	-51.4190
429.0000	50.0000	-4.0566	-1.1281
429.0000	154.0000	23.7076	55.1603
429.0000	156.0000	-55.4797	-51.4185
430.0000	50.0000	-4.0567	-1.1278
430.0000	154.0000	23.7076	55.1606
430.0000	156.0000	-55.4799	-51.4181
431.0000	50.0000	-4.0568	-1.1276
431.0000	154.0000	23.7076	55.1608
431.0000	156.0000	-55.4801	-51.4178
432.0000	50.0000	-4.0568	-1.1275
432.0000	154.0000	23.7077	55.1608
432.0000	156.0000	-55.4802	-51.4177
433.0000	50.0000	-4.0568	-1.1274
433.0000	154.0000	23.7077	55.1608
433.0000	156.0000	-55.4802	-51.4176
434.0000	50.0000	-4.0568	-1.1274
434.0000	154.0000	23.7078	55.1609
434.0000	156.0000	-55.4803	-51.4175
435.0000	50.0000	-4.0569	-1.1274
435.0000	154.0000	23.7078	55.1609
435.0000	156.0000	-55.4804	-51.4174
436.0000	50.0000	-4.0569	-1.1274
436.0000	154.0000	23.7078	55.1609
436.0000	156.0000	-55.4803	-51.4174
437.0000	50.0000	-4.0569	-1.1274
437.0000	154.0000	23.7078	55.1609
437.0000	156.0000	-55.4803	-51.4174
438.0000	50.0000	-4.0569	-1.1274
438.0000	154.0000	23.7078	55.1609
438.0000	156.0000	-55.4803	-51.4174
439.0000	50.0000	-4.0569	-1.1274
439.0000	154.0000	23.7055	55.1619
439.0000	156.0000	-55.4785	-51.4195
440.0000	50.0000	-4.0561	-1.1286
440.0000	154.0000	23.7268	55.1507
440.0000	156.0000	-55.4959	-51.4020
441.0000	50.0000	-4.0517	-1.1297
441.0000	154.0000	23.8606	55.0855
441.0000	156.0000	-55.6069	-51.2847
442.0000	50.0000	-4.0385	-1.1409
442.0000	154.0000	24.2195	54.9012
442.0000	156.0000	-55.9017	-50.9773
443.0000	50.0000	-4.0171	-1.1817
443.0000	154.0000	24.7348	54.6086
443.0000	156.0000	-56.3186	-50.5580
444.0000	50.0000	-3.9813	-1.2348
444.0000	154.0000	25.6103	54.1148
444.0000	156.0000	-57.0228	-49.8152
445.0000	50.0000	-3.9479	-1.2935
445.0000	154.0000	26.4155	53.6361
445.0000	156.0000	-57.6637	-49.1274
446.0000	50.0000	-3.9131	-1.3560
446.0000	154.0000	27.2850	53.1038
446.0000	156.0000	-58.3525	-48.3646
447.0000	50.0000	-3.8740	-1.4318
447.0000	154.0000	28.2849	52.4662
447.0000	156.0000	-59.1385	-47.4677
448.0000	50.0000	-3.8344	-1.5201
448.0000	154.0000	29.3203	51.7711
448.0000	156.0000	-59.9446	-46.5214
449.0000	50.0000	-3.7924	-1.5949
449.0000	154.0000	30.4543	51.0012
449.0000	156.0000	-60.8187	-45.4294
450.0000	50.0000	-3.7685	-1.6573
450.0000	154.0000	31.0534	50.5598
450.0000	156.0000	-61.2726	-44.8631
451.0000	50.0000	-3.7673	-1.6613
451.0000	154.0000	31.0761	50.5413
451.0000	156.0000	-61.2890	-44.8436
452.0000	50.0000	-3.7675	-1.6608
452.0000	154.0000	31.0760	50.5419
452.0000	156.0000	-61.2893	-44.8429
453.0000	50.0000	-3.7676	-1.6603
453.0000	154.0000	31.0765	50.5414
453.0000	156.0000	-61.2896	-44.8423
454.0000	50.0000	-3.7677	-1.6601
454.0000	154.0000	31.0770	50.5409
454.0000	156.0000	-61.2897	-44.8420
455.0000	50.0000	-3.7677	-1.6599
455.0000	154.0000	31.0783	50.5389
455.0000	156.0000	-61.2897	-44.8419
456.0000	50.0000	-3.7677	-1.6598
456.0000	154.0000	31.0827	50.5322
456.0000	156.0000	-61.2898	-44.8418
457.0000	50.0000	-3.7678	-1.6598
457.0000	154.0000	31.0918	50.5172
457.0000	156.0000	-61.2898	-44.8418
458.0000	50.0000	-3.7678	-1.6598
458.0000	154.0000	31.1047	50.4963
458.0000	156.0000	-61.2897	-44.8418
459.0000	50.0000	-3.7678	-1.6597
459.0000	154.0000	31.1215	50.4691
459.0000	156.0000	-61.2897	-44.8418
460.0000	50.0000	-3.7678	-1.6597
460.0000	154.0000	31.1421	50.4357
460.0000	156.0000	-61.2897	-44.8418
461.0000	50.0000	-3.7678	-1.6597
461.0000	154.0000	31.1664	50.3964
461.0000	156.0000	-61.2897	-44.8418
462.0000	50.0000	-3.7678	-1.6598
462.0000	104.0000	-45.9315	65.0990
462.0000	154.0000	31.1943	50.3513
462.0000	156.0000	-61.2897	-44.8419
463.0000	50.0000	-3.7678	-1.6598
463.0000	104.0000	-45.6724	64.6842
463.0000	154.0000	31.2255	50.3008
463.0000	156.0000	-61.2897	-44.8419
464.0000	50.0000	-3.7678	-1.6598
464.0000	104.0000	-45.4116	64.2665
464.0000	154.0000	31.2600	50.2449
464.0000	156.0000	-61.2897	-44.8419
465.0000	50.0000	-3.7678	-1.6598
465.0000	104.0000	-45.1490	63.8461
465.0000	154.0000	31.2972	50.1848
465.0000	156.0000	-61.2897	-44.8419
466.0000	50.0000	-3.7678	-1.6598
466.0000	104.0000	-44.8846	63.4229
466.0000	154.0000	31.3369	50.1206
466.0000	156.0000	-61.2897	-44.8419
467.0000	50.0000	-3.7678	-1.6598
467.0000	104.0000	-44.6187	62.9972
467.0000	154.0000	31.3797	50.0513
467.0000	156.0000	-61.2897	-44.8419
468.0000	50.0000	-3.7678	-1.6598
468.0000	104.0000	-44.3510	62.5689
468.0000	154.0000	31.4256	49.9770
468.0000	156.0000	-61.2897	-44.8419
469.0000	50.0000	-3.7678	-1.6598
469.0000	104.0000	-44.0818	62.1381
469.0000	154.0000	31.4747	49.8976
469.0000	156.0000	-61.2897	-44.8419
470.0000	50.0000	-3.7678	-1.6598
470.0000	104.0000	-43.8110	61.7047
470.0000	154.0000	31.5267	49.8134
470.0000	156.0000	-61.2897	-44.8419
471.0000	50.0000	-3.7678	-1.6598
471.0000	104.0000	-43.5386	61.2689
471.0000	154.0000	31.5817	49.7245
471.0000	156.0000	-61.2897	-44.8419
472.0000	50.0000	-3.7678	-1.6598
472.0000	104.0000	-43.2646	60.8306
472.0000	154.0000	31.6395	49.6309
472.0000	156.0000	-61.2897	-44.8419
473.0000	50.0000	-3.7678	-1.6598
473.0000	104.0000	-42.9891	60.3899
473.0000	154.0000	31.7001	49.5328
473.0000	156.0000	-61.2897	-44.8419
474.0000	50.0000	-3.7678	-1.6598
474.0000	104.0000	-42.7121	59.9469
474.0000	154.0000	31.7635	49.4303
474.0000	156.0000	-61.2897	-44.8419
475.0000	50.0000	-3.7678	-1.6598
475.0000	104.0000	-42.4336	59.5015
475.0000	154.0000	31.8296	49.3234
475.0000	156.0000	-61.2897	-44.8419
476.0000	50.0000	-3.7678	-1.6598
476.0000	104.0000	-42.1536	59.0538
476.0000	154.0000	31.8983	49.2122
476.0000	156.0000	-61.2897	-44.8419
477.0000	50.0000	-3.7678	-1.6598
477.0000	104.0000	-41.8721	58.6038
477.0000	154.0000	31.9696	49.0968
477.0000	156.0000	-61.2897	-44.8419
478.0000	50.0000	-3.7678	-1.6598
478.0000	104.0000	-41.5892	58.1516
478.0000	154.0000	32.0435	48.9773
478.0000	156.0000	-61.2897	-44.8419
479.0000	50.0000	-3.7678	-1.6598
479.0000	104.0000	-41.3049	57.6972
479.0000	154.0000	32.1198	48.8538
479.0000	156.0000	-61.2897	-44.8419
480.0000	50.0000	-3.7678	-1.6598
480.0000	104.0000	-41.0192	57.2406
480.0000	154.0000	32.1985	48.7265
480.0000	156.0000	-61.2897	-44.8419
481.0000	50.0000	-3.7678	-1.6598
481.0000	104.0000	-40.7322	56.7818
481.0000	154.0000	32.2797	48.5952
481.0000	156.0000	-61.2897	-44.8419
482.0000	50.0000	-3.7678	-1.6598
482.0000	104.0000	-40.4437	56.3209
482.0000	154.0000	32.3625	48.4613
482.0000	156.0000	-61.2897	-44.8419
483.0000	50.0000	-3.7678	-1.6598
483.0000	104.0000	-40.1540	55.8580
483.0000	154.0000	32.4479	48.3231
483.0000	156.0000	-61.2897	-44.8419
484.0000	50.0000	-3.7678	-1.6598
484.0000	104.0000	-39.8628	55.3930
484.0000	154.0000	32.5415	48.1718
484.0000	156.0000	-61.2897	-44.8419
485.0000	50.0000	-3.7678	-1.6598
485.0000	104.0000	-39.5708	54.9265
485.0000	154.0000	32.6376	48.0163
485.0000	156.0000	-61.2897	-44.8419
486.0000	50.0000	-3.7678	-1.6598
486.0000	104.0000	-39.2793	54.4609
486.0000	154.0000	32.7363	47.8567
486.0000	156.0000	-61.2897	-44.8419
487.0000	50.0000	-3.7678	-1.6598
487.0000	104.0000	-38.9780	53.9798
487.0000	154.0000	32.8376	47.6930
487.0000	156.0000	-61.2897	-44.8419
488.0000	50.0000	-3.7678	-1.6598
488.0000	104.0000	-38.6718	53.4909
488.0000	154.0000	32.9413	47.5252
488.0000	156.0000	-61.2897	-44.8419
489.0000	50.0000	-3.7678	-1.6598
489.0000	104.0000	-38.3633	52.9983
489.0000	154.0000	33.0475	47.3535
489.0000	156.0000	-61.2897	-44.8419
490.0000	50.0000	-3.7678	-1.6598
490.0000	104.0000	-38.0530	52.5030
490.0000	154.0000	33.1552	47.1794
490.0000	156.0000	-61.2897	-44.8419
491.0000	50.0000	-3.7678	-1.6598
491.0000	104.0000	-37.7412	52.0053
491.0000	154.0000	33.2659	47.0005
491.0000	156.0000	-61.2897	-44.8419
492.0000	50.0000	-3.7678	-1.6598
492.0000	104.0000	-37.4281	51.5054
492.0000	154.0000	33.3843	46.8092
492.0000	156.0000	-61.2897	-44.8419
493.0000	50.0000	-3.7678	-1.6598
493.0000	104.0000	-37.1135	51.0034
493.0000	154.0000	33.5054	46.6135
493.0000	156.0000	-61.2897	-44.8419
494.0000	50.0000	-3.7678	-1.6598
494.0000	104.0000	-36.7977	50.4994
494.0000	154.0000	33.6292	46.4137
494.0000	156.0000	-61.2897	-44.8419
495.0000	50.0000	-3.7678	-1.6598
495.0000	104.0000	-36.4806	49.9934
495.0000	154.0000	33.7555	46.2097
495.0000	156.0000	-61.2897	-44.8419
496.0000	50.0000	-3.7678	-1.6598
496.0000	104.0000	-36.1622	49.4854
496.0000	154.0000	33.8843	46.0017
496.0000	156.0000	-61.2897	-44.8419
497.0000	50.0000	-3.7678	-1.6598
497.0000	104.0000	-35.8426	48.9754
497.0000	154.0000	34.0157	45.7897
497.0000	156.0000	-61.2897	-44.8419
498.0000	50.0000	-3.7678	-1.6598
498.0000	104.0000	-35.5218	48.4636
498.0000	154.0000	34.1494	45.5739
498.0000	156.0000	-61.2897	-44.8419
499.0000	50.0000	-3.7678	-1.6598
499.0000	104.0000	-35.1998	47.9499
499.0000	154.0000	34.2852	45.3549
499.0000	156.0000	-61.2897	-44.8419
500.0000	50.0000	-3.7678	-1.6598
500.0000	104.0000	-34.8765	47.4344
500.0000	154.0000	34.4215	45.1349
500.0000	156.0000	-61.2897	-44.8419
501.0000	50.0000	-3.7678	-1.6598
501.0000	104.0000	-34.5522	46.9170
501.0000	154.0000	34.5656	44.9026
501.0000	156.0000	-61.2897	-44.8419
502.0000	50.0000	-3.7678	-1.6598
502.0000	104.0000	-34.2266	46.3978
502.0000	154.0000	34.7131	44.6649
502.0000	156.0000	-61.2897	-44.8419
503.0000	50.0000	-3.7678	-1.6598
503.0000	104.0000	-33.9000	45.8768
503.0000	154.0000	34.8631	44.4231
503.0000	156.0000	-61.2897	-44.8419
504.0000	50.0000	-3.7678	-1.6598
504.0000	104.0000	-33.5722	45.3541
504.0000	154.0000	35.0157	44.1773
504.0000	156.0000	-61.2897	-44.8419
505.0000	50.0000	-3.7678	-1.6598
505.0000	104.0000	-33.2433	44.8296
505.0000	154.0000	35.1708	43.9276
505.0000	156.0000	-61.2897	-44.8419
506.0000	50.0000	-3.7678	-1.6598
506.0000	104.0000	-32.9133	44.3035
506.0000	154.0000	35.3283	43.6741
506.0000	156.0000	-61.2897	-44.8419
507.0000	50.0000	-3.7678	-1.6598
507.0000	104.0000	-32.5822	43.7755
507.0000	154.0000	35.4881	43.4168
507.0000	156.0000	-61.2897	-44.8419
508.0000	50.0000	-3.7678	-1.6598
508.0000	104.0000	-32.2501	43.2460
508.0000	154.0000	35.6503	43.1558
508.0000	156.0000	-61.2897	-44.8419
509.0000	50.0000	-3.7678	-1.6598
509.0000	104.0000	-31.9169	42.7148
509.0000	154.0000	35.8148	42.8913
509.0000	156.0000	-61.2897	-44.8419
510.0000	50.0000	-3.7678	-1.6598
510.0000	104.0000	-31.5827	42.1820
510.0000	154.0000	35.9814	42.6235
510.0000	156.0000	-61.2897	-44.8419
511.0000	50.0000	-3.7678	-1.6598
511.0000	104.0000	-31.2475	41.6476
511.0000	154.0000	36.1481	42.3557
511.0000	156.0000	-61.2897	-44.8419
512.0000	50.0000	-3.7678	-1.6598
512.0000	104.0000	-30.9113	41.1117
512.0000	154.0000	36.3215	42.0771
512.0000	156.0000	-61.2897	-44.8419
513.0000	50.0000	-3.7678	-1.6598
513.0000	104.0000	-30.5741	40.5742
513.0000	154.0000	36.4987	41.7924
513.0000	156.0000	-61.2897	-44.8419
514.0000	50.0000	-3.7678	-1.6598
514.0000	104.0000	-30.2809	40.1068
514.0000	154.0000	36.6785	41.5038
514.0000	156.0000	-61.2897	-44.8419
515.0000	50.0000	-3.7678	-1.6598
515.0000	104.0000	-30.1017	39.8213
515.0000	154.0000	36.8606	41.2115
515.0000	156.0000	-61.2897	-44.8419
516.0000	50.0000	-3.7678	-1.6598
516.0000	104.0000	-29.9256	39.5407
516.0000	154.0000	37.0451	40.9155
516.0000	156.0000	-61.2897	-44.8419
517.0000	50.0000	-3.7678	-1.6598
517.0000	104.0000	-29.7483	39.2582
517.0000	154.0000	37.2319	40.6159
517.0000	156.0000	-61.2897	-44.8419
518.0000	50.0000	-3.7678	-1.6598
518.0000	104.0000	-29.5699	38.9739
518.0000	154.0000	37.4209	40.3129
518.0000	156.0000	-61.2897	-44.8419
519.0000	50.0000	-3.7678	-1.6598
519.0000	104.0000	-29.3896	38.6868
519.0000	154.0000	37.6122	40.0063
519.0000	156.0000	-61.2897	-44.8419
520.0000	50.0000	-3.7678	-1.6598
520.0000	104.0000	-29.2070	38.3959
520.0000	154.0000	37.8055	39.6965
520.0000	156.0000	-61.2897	-44.8419
521.0000	50.0000	-3.7678	-1.6598
521.0000	104.0000	-29.0219	38.1010
521.0000	154.0000	38.0011	39.3831
521.0000	156.0000	-61.2897	-44.8419
522.0000	50.0000	-3.7678	-1.6598
522.0000	104.0000	-28.8341	37.8017
522.0000	154.0000	38.1988	39.0666
522.0000	156.0000	-61.2897	-44.8419
523.0000	50.0000	-3.7678	-1.6598
523.0000	104.0000	-28.6435	37.4983
523.0000	154.0000	38.3985	38.7469
523.0000	156.0000	-61.2897	-44.8419
524.0000	50.0000	-3.7678	-1.6598
524.0000	104.0000	-28.4503	37.1905
524.0000	154.0000	38.5998	38.4248
524.0000	156.0000	-61.2897	-44.8419
525.0000	50.0000	-3.7678	-1.6598
525.0000	104.0000	-28.2544	36.8785
525.0000	154.0000	38.8014	38.1021
525.0000	156.0000	-61.2897	-44.8419
526.0000	50.0000	-3.7678	-1.6598
526.0000	104.0000	-28.1068	36.6402
526.0000	154.0000	39.0078	37.7710
526.0000	156.0000	-61.2881	-44.8441
527.0000	50.0000	-3.7671	-1.6612
527.0000	104.0000	-28.0734	36.6180
527.0000	154.0000	39.2341	37.4162
527.0000	156.0000	-61.3034	-44.8243
528.0000	50.0000	-3.7648	-1.6681
528.0000	104.0000	-27.9631	36.5467
528.0000	154.0000	39.4986	37.0134
528.0000	156.0000	-61.3556	-44.7583
529.0000	50.0000	-3.7551	-1.6909
529.0000	104.0000	-27.6689	36.4995
529.0000	154.0000	39.8717	36.4981
529.0000	156.0000	-61.5634	-44.4889
530.0000	50.0000	-3.7388	-1.7340
530.0000	104.0000	-27.2265	36.5085
530.0000	154.0000	40.2478	36.0256
530.0000	156.0000	-61.9165	-44.0284
531.0000	50.0000	-3.7146	-1.7880
531.0000	104.0000	-26.6016	36.5991
531.0000	154.0000	40.7686	35.3835
531.0000	156.0000	-62.4444	-43.3125
532.0000	50.0000	-3.6897	-1.8522
532.0000	104.0000	-25.9552	36.6812
532.0000	154.0000	41.3019	34.7006
532.0000	156.0000	-62.9812	-42.5688
533.0000	50.0000	-3.6823	-1.8719
533.0000	104.0000	-25.7183	36.5840
533.0000	154.0000	41.4437	34.5139
533.0000	156.0000	-63.1159	-42.3745
534.0000	50.0000	-3.6824	-1.8718
534.0000	104.0000	-25.6272	36.4228
534.0000	154.0000	41.4445	34.5122
534.0000	156.0000	-63.1034	-42.3789
535.0000	50.0000	-3.6826	-1.8714
535.0000	104.0000	-25.5328	36.2564
535.0000	154.0000	41.4449	34.5118
535.0000	156.0000	-63.0826	-42.3859
536.0000	50.0000	-3.6826	-1.8712
536.0000	104.0000	-25.4351	36.0841
536.0000	154.0000	41.4452	34.5115
536.0000	156.0000	-63.0547	-42.3955
537.0000	50.0000	-3.6827	-1.8710
537.0000	104.0000	-25.3366	35.9101
537.0000	154.0000	41.4453	34.5114
537.0000	156.0000	-63.0199	-42.4078
538.0000	50.0000	-3.6827	-1.8710
538.0000	104.0000	-25.2427	35.7444
538.0000	154.0000	41.4453	34.5114
538.0000	156.0000	-62.9780	-42.4211
539.0000	50.0000	-3.6827	-1.8709
539.0000	104.0000	-25.1492	35.5791
539.0000	154.0000	41.4453	34.5115
539.0000	156.0000	-62.9302	-42.4384
540.0000	50.0000	-3.6827	-1.8709
540.0000	104.0000	-25.0528	35.4088
540.0000	154.0000	41.4466	34.5092
540.0000	156.0000	-62.8758	-42.4570
541.0000	50.0000	-3.6827	-1.8709
541.0000	104.0000	-24.9535	35.2334
541.0000	154.0000	41.4485	34.5057
541.0000	156.0000	-62.8166	-42.4751
542.0000	50.0000	-3.6827	-1.8709
542.0000	104.0000	-24.9034	35.1448
542.0000	154.0000	41.4529	34.4981
542.0000	156.0000	-62.7533	-42.4972
543.0000	50.0000	-3.6827	-1.8709
543.0000	104.0000	-24.8964	35.1324
543.0000	154.0000	41.4618	34.4823
543.0000	156.0000	-62.6829	-42.5176
544.0000	50.0000	-3.6827	-1.8709
544.0000	104.0000	-24.8451	35.0418
544.0000	154.0000	41.4745	34.4597
544.0000	156.0000	-62.6069	-42.5405
545.0000	50.0000	-3.6827	-1.8709
545.0000	104.0000	-24.8243	35.0052
545.0000	154.0000	41.4909	34.4308
545.0000	156.0000	-62.5256	-42.5668
546.0000	50.0000	-3.6827	-1.8709
546.0000	104.0000	-24.8167	34.9885
546.0000	154.0000	41.5068	34.4018
546.0000	156.0000	-62.4359	-42.5925
547.0000	50.0000	-3.6827	-1.8714
547.0000	104.0000	-24.7965	34.9558
547.0000	154.0000	41.5268	34.3669
547.0000	156.0000	-62.3440	-42.6165
548.0000	50.0000	-3.6827	-1.8714
548.0000	104.0000	-24.7780	34.9233
548.0000	154.0000	41.5488	34.3280
548.0000	156.0000	-62.2455	-42.6460
549.0000	50.0000	-3.6827	-1.8714
549.0000	104.0000	-24.7572	34.8864
549.0000	154.0000	41.5746	34.2824
549.0000	156.0000	-62.1403	-42.6711
550.0000	50.0000	-3.6827	-1.8714
550.0000	104.0000	-24.7327	34.8430
550.0000	154.0000	41.6038	34.2307
550.0000	156.0000	-62.0302	-42.6989
551.0000	50.0000	-3.6827	-1.8714
551.0000	104.0000	-24.7045	34.7933
551.0000	154.0000	41.6339	34.1774
551.0000	156.0000	-61.9763	-42.7123
552.0000	50.0000	-3.6827	-1.8714
552.0000	104.0000	-24.6733	34.7381
552.0000	154.0000	41.6620	34.1276
552.0000	156.0000	-61.9771	-42.7149
553.0000	50.0000	-3.6827	-1.8714
553.0000	104.0000	-24.6439	34.6829
553.0000	154.0000	41.6689	34.1147
553.0000	156.0000	-61.9733	-42.7170
554.0000	50.0000	-3.6822	-1.8729
554.0000	104.0000	-24.6016	34.6362
554.0000	154.0000	41.6818	34.0974
554.0000	156.0000	-61.9847	-42.6984
555.0000	50.0000	-3.6794	-1.8806
555.0000	104.0000	-24.5127	34.6013
555.0000	154.0000	41.7380	34.0219
555.0000	156.0000	-62.0411	-42.6202
556.0000	50.0000	-3.6714	-1.9048
556.0000	104.0000	-24.3191	34.6009
556.0000	154.0000	41.8943	33.8091
556.0000	156.0000	-62.2005	-42.4029
557.0000	50.0000	-3.6542	-1.9428
557.0000	104.0000	-23.8798	34.7120
557.0000	154.0000	42.2857	33.2885
557.0000	156.0000	-62.6068	-41.8217
558.0000	50.0000	-3.6368	-2.0044
558.0000	104.0000	-23.4391	34.7882
558.0000	154.0000	42.6714	32.7398
558.0000	156.0000	-63.0038	-41.2637
559.0000	50.0000	-3.6303	-2.0208
559.0000	104.0000	-23.2059	34.7939
559.0000	154.0000	42.8572	32.4808
559.0000	156.0000	-63.1949	-40.9796
560.0000	50.0000	-3.6292	-2.0261
560.0000	104.0000	-23.1455	34.7144
560.0000	154.0000	42.8817	32.4391
560.0000	156.0000	-63.2106	-40.9591
561.0000	50.0000	-3.6293	-2.0259
561.0000	104.0000	-23.0996	34.6270
561.0000	154.0000	42.8941	32.4156
561.0000	156.0000	-63.2108	-40.9587
562.0000	50.0000	-3.6293	-2.0257
562.0000	104.0000	-23.0510	34.5346
562.0000	154.0000	42.8953	32.4133
562.0000	156.0000	-63.2110	-40.9584
563.0000	50.0000	-3.6294	-2.0256
563.0000	104.0000	-22.9999	34.4372
563.0000	154.0000	42.8955	32.4131
563.0000	156.0000	-63.2088	-40.9589
564.0000	50.0000	-3.6294	-2.0257
564.0000	104.0000	-22.9763	34.3894
564.0000	154.0000	42.8947	32.4138
564.0000	156.0000	-63.2025	-40.9618
565.0000	50.0000	-3.6285	-2.0281
565.0000	104.0000	-22.9473	34.3872
565.0000	154.0000	42.9166	32.3830
565.0000	156.0000	-63.2102	-40.9320
566.0000	50.0000	-3.6236	-2.0425
566.0000	104.0000	-22.8172	34.3738
566.0000	154.0000	43.0145	32.2423
566.0000	156.0000	-63.2903	-40.7903
567.0000	50.0000	-3.6130	-2.0761
567.0000	104.0000	-22.5263	34.4189
567.0000	154.0000	43.2618	31.8845
567.0000	156.0000	-63.5180	-40.4175
568.0000	50.0000	-3.5979	-2.1330
568.0000	104.0000	-22.1129	34.4922
568.0000	154.0000	43.6170	31.3530
568.0000	156.0000	-63.8508	-39.8785
569.0000	50.0000	-3.5757	-2.2081
569.0000	104.0000	-21.4765	34.6428
569.0000	154.0000	44.1649	30.5242
569.0000	156.0000	-64.3775	-39.0037
570.0000	50.0000	-3.5523	-2.3107
570.0000	104.0000	-20.7824	34.7757
570.0000	154.0000	44.7468	29.5917
570.0000	156.0000	-64.9325	-38.0660
571.0000	50.0000	-3.5259	-2.4231
571.0000	104.0000	-19.9037	34.9586
571.0000	154.0000	45.4634	28.4089
571.0000	156.0000	-65.6232	-36.8378
572.0000	50.0000	-3.5029	-2.5718
572.0000	104.0000	-19.1273	35.0994
572.0000	154.0000	46.0857	27.2870
572.0000	156.0000	-66.2102	-35.7692
573.0000	50.0000	-3.4776	-2.7299
573.0000	104.0000	-18.1606	35.3065
573.0000	154.0000	46.8331	25.8944
573.0000	156.0000	-66.9294	-34.3823
574.0000	50.0000	-3.4528	-2.9171
574.0000	104.0000	-17.2345	35.4248
574.0000	154.0000	47.5075	24.5332
574.0000	156.0000	-67.5655	-33.0894
575.0000	50.0000	-3.4303	-3.0971
575.0000	104.0000	-16.4267	35.4922
575.0000	154.0000	48.0667	23.3312
575.0000	156.0000	-68.0783	-31.9722
576.0000	50.0000	-3.4097	-3.2451
576.0000	104.0000	-15.8182	35.5128
576.0000	154.0000	48.4684	22.4256
576.0000	156.0000	-68.4222	-31.1471
577.0000	50.0000	-3.3899	-3.3527
577.0000	104.0000	-15.4141	35.5000
577.0000	154.0000	48.7234	21.8336
577.0000	156.0000	-68.6055	-30.6141
578.0000	50.0000	-3.3705	-3.4014
578.0000	104.0000	-15.3448	35.4410
578.0000	154.0000	48.7566	21.7542
578.0000	156.0000	-68.5491	-30.5790
579.0000	50.0000	-3.3491	-3.4429
579.0000	104.0000	-15.3250	35.3772
579.0000	154.0000	48.7568	21.7536
579.0000	156.0000	-68.4551	-30.6174
580.0000	50.0000	-3.3232	-3.5022
580.0000	104.0000	-15.2327	35.3274
580.0000	154.0000	48.8049	21.6420
580.0000	156.0000	-68.4049	-30.5417
581.0000	50.0000	-3.2952	-3.5886
581.0000	104.0000	-15.0632	35.2806
581.0000	154.0000	48.9030	21.4061
581.0000	156.0000	-68.4028	-30.3610
582.0000	50.0000	-3.2641	-3.7091
582.0000	104.0000	-14.7092	35.2540
582.0000	154.0000	49.1163	20.8926
582.0000	156.0000	-68.5801	-29.8796
583.0000	50.0000	-3.2332	-3.8708
583.0000	104.0000	-14.2821	35.2048
583.0000	154.0000	49.3699	20.2457
583.0000	156.0000	-68.8538	-29.2915
584.0000	50.0000	-3.2008	-4.0588
584.0000	104.0000	-13.7609	35.1496
584.0000	154.0000	49.6726	19.4465
584.0000	156.0000	-69.1774	-28.5601
585.0000	50.0000	-3.1721	-4.2752
585.0000	104.0000	-13.1740	35.0776
585.0000	154.0000	50.0028	18.5316
585.0000	156.0000	-69.5106	-27.7403
586.0000	50.0000	-3.1427	-4.5207
586.0000	104.0000	-12.5734	34.9705
586.0000	154.0000	50.3277	17.5672
586.0000	156.0000	-69.8362	-26.9185
587.0000	50.0000	-3.1184	-4.7920
587.0000	104.0000	-11.9127	34.8433
587.0000	154.0000	50.6703	16.4912
587.0000	156.0000	-70.1814	-26.0057
588.0000	50.0000	-3.0975	-5.0924
588.0000	104.0000	-11.2429	34.6784
588.0000	154.0000	51.0008	15.3697
588.0000	156.0000	-70.5125	-25.0929
589.0000	50.0000	-3.0795	-5.4140
589.0000	104.0000	-10.5970	34.4771
589.0000	154.0000	51.3027	14.2561
589.0000	156.0000	-70.8109	-24.2280
590.0000	50.0000	-3.0654	-5.7453
590.0000	104.0000	-9.9955	34.2492
590.0000	154.0000	51.5684	13.1921
590.0000	156.0000	-71.0696	-23.4386
591.0000	50.0000	-3.0487	-6.0836
591.0000	104.0000	-9.4429	33.9959
591.0000	154.0000	51.7992	12.1855
591.0000	156.0000	-71.2871	-22.7301
592.0000	50.0000	-3.0346	-6.4304
592.0000	104.0000	-8.9398	33.7841
592.0000	154.0000	52.0011	11.2269
592.0000	156.0000	-71.4725	-22.0940
593.0000	50.0000	-3.0202	-6.7846
593.0000	104.0000	-8.4837	33.6181
593.0000	154.0000	52.1767	10.3168
593.0000	156.0000	-71.6730	-21.5024
594.0000	50.0000	-3.0086	-7.1575
594.0000	104.0000	-8.0043	33.4319
594.0000	154.0000	52.3496	9.3511
594.0000	156.0000	-71.8819	-20.8754
595.0000	50.0000	-2.9905	-7.5929
595.0000	104.0000	-7.6594	33.1683
595.0000	154.0000	52.4669	8.5268
595.0000	156.0000	-72.0069	-20.5566
596.0000	50.0000	-2.9984	-8.0119
596.0000	104.0000	-7.3042	32.8691
596.0000	154.0000	52.5797	7.6450
596.0000	156.0000	-72.1318	-20.2464
597.0000	50.0000	-3.0509	-8.3830
597.0000	104.0000	-6.9221	32.5417
597.0000	154.0000	52.6922	6.6874
597.0000	156.0000	-72.2631	-19.9113
598.0000	50.0000	-3.0951	-8.7888
598.0000	104.0000	-6.5996	32.1714
598.0000	154.0000	52.7800	5.7825
598.0000	156.0000	-72.3600	-19.7198
599.0000	50.0000	-3.1376	-9.2233
599.0000	104.0000	-6.3155	31.7649
599.0000	154.0000	52.8508	4.9014
599.0000	156.0000	-72.4337	-19.6275
600.0000	50.0000	-3.1853	-9.6827
600.0000	104.0000	-6.0316	31.3278
600.0000	154.0000	52.9149	3.9885
600.0000	156.0000	-72.5045	-19.5597
601.0000	50.0000	-3.2328	-10.1689
601.0000	104.0000	-5.7750	30.8518
601.0000	154.0000	52.9668	3.0865
601.0000	156.0000	-72.5568	-19.5671
602.0000	50.0000	-3.2766	-10.6822
602.0000	104.0000	-5.5591	30.3357
602.0000	154.0000	53.0055	2.2183
602.0000	156.0000	-72.5871	-19.6821
603.0000	50.0000	-3.3208	-11.2197
603.0000	104.0000	-5.3612	29.7865
603.0000	154.0000	53.0361	1.3495
603.0000	156.0000	-72.6073	-19.8563
604.0000	50.0000	-3.3678	-11.7793
604.0000	104.0000	-5.1691	29.2064
604.0000	154.0000	53.0612	0.4621
604.0000	156.0000	-72.6204	-20.0570
605.0000	50.0000	-3.4103	-12.3631
605.0000	104.0000	-5.0096	28.5920
605.0000	154.0000	53.0782	-0.3986
605.0000	156.0000	-72.6154	-20.3489
606.0000	50.0000	-3.4515	-12.9688
606.0000	104.0000	-4.8681	27.9471
606.0000	154.0000	53.0895	-1.2553
606.0000	156.0000	-72.5990	-20.6968
607.0000	50.0000	-3.4918	-13.5952
607.0000	104.0000	-4.7412	27.2734
607.0000	154.0000	53.0964	-2.1121
607.0000	156.0000	-72.5727	-21.0935
608.0000	50.0000	-3.5305	-14.2418
608.0000	104.0000	-4.6294	26.5721
608.0000	154.0000	53.0995	-2.9664
608.0000	156.0000	-72.5925	-21.5137
609.0000	50.0000	-3.5643	-14.9045
609.0000	104.0000	-4.5397	25.8470
609.0000	154.0000	53.0994	-3.8000
609.0000	156.0000	-72.6363	-21.9740
610.0000	50.0000	-3.5980	-15.5676
610.0000	104.0000	-4.4578	25.1160
610.0000	154.0000	53.0970	-4.6236
610.0000	156.0000	-72.6434	-22.4652
611.0000	50.0000	-3.6352	-16.2289
611.0000	104.0000	-4.3746	24.3820
611.0000	154.0000	53.0919	-5.4528
611.0000	156.0000	-72.6544	-22.9467
612.0000	50.0000	-3.6677	-16.8906
612.0000	104.0000	-4.3072	23.6409
612.0000	154.0000	53.0858	-6.2543
612.0000	156.0000	-72.6515	-23.4637
613.0000	50.0000	-3.6969	-17.5523
613.0000	104.0000	-4.2513	22.8933
613.0000	154.0000	53.0789	-7.0358
613.0000	156.0000	-72.6384	-24.0106
614.0000	50.0000	-3.7271	-18.2188
614.0000	104.0000	-4.1982	22.1348
614.0000	154.0000	53.0704	-7.8202
614.0000	156.0000	-72.6638	-24.5436
615.0000	50.0000	-3.7517	-18.9182
615.0000	104.0000	-4.1583	21.3374
615.0000	154.0000	53.0626	-8.6115
615.0000	156.0000	-72.6985	-25.1325
616.0000	50.0000	-3.7690	-19.6490
616.0000	104.0000	-4.1329	20.5027
616.0000	154.0000	53.0564	-9.4040
616.0000	156.0000	-72.7210	-25.7886
617.0000	50.0000	-3.7823	-20.4063
617.0000	104.0000	-4.1154	19.6358
617.0000	154.0000	53.0513	-10.2065
617.0000	156.0000	-72.7383	-26.4912
618.0000	50.0000	-3.7955	-21.1880
618.0000	104.0000	-4.0993	18.7402
618.0000	154.0000	53.0456	-11.0311
618.0000	156.0000	-72.7560	-27.2188
619.0000	50.0000	-3.8082	-21.9907
619.0000	104.0000	-4.0856	17.8173
619.0000	154.0000	53.0399	-11.8734
619.0000	156.0000	-72.7728	-27.9735
620.0000	50.0000	-3.8195	-22.8145
620.0000	104.0000	-4.0750	16.8683
620.0000	154.0000	53.0346	-12.7306
620.0000	156.0000	-72.7839	-28.7586
621.0000	50.0000	-3.8291	-23.6594
621.0000	104.0000	-4.0669	15.8940
621.0000	154.0000	53.0297	-13.6027
621.0000	156.0000	-72.7871	-29.5732
622.0000	50.0000	-3.8368	-24.5229
622.0000	104.0000	-4.0617	14.8952
622.0000	154.0000	53.0257	-14.4873
622.0000	156.0000	-72.7836	-30.4179
623.0000	50.0000	-3.8432	-25.4052
623.0000	104.0000	-4.0584	13.8727
623.0000	154.0000	53.0222	-15.3864
623.0000	156.0000	-72.7691	-31.2919
624.0000	50.0000	-3.8486	-26.3085
624.0000	104.0000	-4.0558	12.8273
624.0000	154.0000	53.0188	-16.3024
624.0000	156.0000	-72.7474	-32.1880
625.0000	50.0000	-3.8539	-27.2275
625.0000	104.0000	-4.0542	11.7598
625.0000	154.0000	53.0155	-17.2341
625.0000	156.0000	-72.7192	-33.1082
626.0000	50.0000	-3.8580	-28.1628
626.0000	104.0000	-4.0539	10.6704
626.0000	154.0000	53.0132	-18.1788
627.0000	50.0000	-3.8615	-29.1149
627.0000	104.0000	-4.0543	9.5608
627.0000	154.0000	53.0110	-19.1387
628.0000	50.0000	-3.8651	-30.0829
628.0000	104.0000	-4.0548	8.4318
628.0000	154.0000	53.0087	-20.1147
629.0000	50.0000	-3.8684	-31.0651
629.0000	104.0000	-4.0560	7.2758
629.0000	154.0000	53.0067	-21.1036
630.0000	50.0000	-3.8718	-32.0482
630.0000	104.0000	-4.0573	6.1223
630.0000	154.0000	53.0045	-22.0935
631.0000	50.0000	-3.8756	-33.0294
631.0000	104.0000	-4.0586	4.9666
631.0000	154.0000	53.0020	-23.0820
632.0000	50.0000	-3.8799	-34.0085
632.0000	104.0000	-4.0602	3.8096
632.0000	154.0000	52.9990	-24.0694
633.0000	50.0000	-3.8841	-34.9876
633.0000	104.0000	-4.0618	2.6568
633.0000	154.0000	52.9959	-25.0551
634.0000	50.0000	-3.8882	-35.9651
634.0000	104.0000	-4.0634	1.5266
634.0000	154.0000	52.9930	-26.0397
635.0000	50.0000	-3.8910	-36.9626
635.0000	104.0000	-4.0654	0.3727
635.0000	154.0000	52.9910	-27.0420
636.0000	50.0000	-3.8921	-37.9834
636.0000	104.0000	-4.0677	-0.8087
636.0000	154.0000	52.9902	-28.0646
637.0000	50.0000	-3.8911	-39.0248
637.0000	104.0000	-4.0702	-2.0145
637.0000	154.0000	52.9910	-29.1045
638.0000	50.0000	-3.8875	-40.0855
638.0000	104.0000	-4.0727	-3.2401
638.0000	154.0000	52.9936	-30.1596
639.0000	50.0000	-3.8816	-41.1644
639.0000	104.0000	-4.0752	-4.4990
639.0000	154.0000	52.9980	-31.2296
640.0000	50.0000	-3.8727	-42.2609
640.0000	104.0000	-4.0773	-5.7838
640.0000	154.0000	53.0046	-32.3132
641.0000	50.0000	-3.8608	-43.3745
641.0000	104.0000	-4.0790	-7.0903
641.0000	154.0000	53.0135	-33.4098
642.0000	50.0000	-3.8459	-44.5047
642.0000	104.0000	-4.0790	-8.3509
642.0000	154.0000	53.0249	-34.5195
643.0000	50.0000	-3.8278	-45.6513
643.0000	104.0000	-4.0764	-9.5031
643.0000	154.0000	53.0386	-35.6419
644.0000	50.0000	-3.8070	-46.8138
644.0000	104.0000	-4.0735	-10.7107
644.0000	154.0000	53.0547	-36.7772
645.0000	50.0000	-3.7828	-47.9931
645.0000	104.0000	-4.0701	-11.9881
645.0000	154.0000	53.0732	-37.9251
646.0000	50.0000	-3.7564	-49.1867
646.0000	104.0000	-4.0655	-13.2804
646.0000	154.0000	53.0938	-39.0860
647.0000	50.0000	-3.7275	-50.3953
647.0000	104.0000	-4.0598	-14.5931
647.0000	154.0000	53.1165	-40.2597
648.0000	50.0000	-3.6966	-51.6186
648.0000	104.0000	-4.0529	-15.9265
648.0000	154.0000	53.1409	-41.4467
649.0000	50.0000	-3.6635	-52.8560
649.0000	104.0000	-4.0447	-17.2795
649.0000	154.0000	53.1672	-42.6462
650.0000	50.0000	-3.6294	-54.0962
650.0000	104.0000	-4.0356	-18.6407
650.0000	154.0000	53.1945	-43.8483
651.0000	50.0000	-3.5933	-55.3340
651.0000	104.0000	-4.0251	-20.0048
651.0000	154.0000	53.2234	-45.0468
652.0000	50.0000	-3.5555	-56.5694
652.0000	104.0000	-4.0133	-21.3713
652.0000	154.0000	53.2539	-46.2419
653.0000	50.0000	-3.5176	-57.8021
653.0000	104.0000	-4.0004	-22.6805
653.0000	154.0000	53.2846	-47.4352
654.0000	50.0000	-3.4778	-59.0337
654.0000	104.0000	-3.9856	-23.9255
654.0000	154.0000	53.3167	-48.6257
655.0000	50.0000	-3.4372	-60.2764
655.0000	104.0000	-3.9703	-25.2304
655.0000	154.0000	53.3499	-49.8279
656.0000	50.0000	-3.3992	-61.5377
656.0000	104.0000	-3.9557	-26.5565
656.0000	154.0000	53.3811	-51.0523
657.0000	50.0000	-3.3622	-62.8159
657.0000	104.0000	-3.9410	-27.9050
657.0000	154.0000	53.4116	-52.2953
658.0000	50.0000	-3.3264	-64.1098
658.0000	104.0000	-3.9261	-29.2753
658.0000	154.0000	53.4413	-53.5558
659.0000	50.0000	-3.2908	-65.4188
659.0000	104.0000	-3.9109	-30.6669
659.0000	154.0000	53.4707	-54.8324
660.0000	50.0000	-3.2566	-66.7424
660.0000	104.0000	-3.8956	-32.0791
660.0000	154.0000	53.4993	-56.1254
661.0000	50.0000	-3.2229	-68.0802
661.0000	104.0000	-3.8802	-33.5115
661.0000	154.0000	53.5274	-57.4339
662.0000	50.0000	-3.1917	-69.4322
662.0000	104.0000	-3.8653	-34.9039
662.0000	154.0000	53.5537	-58.7591
663.0000	50.0000	-3.1610	-70.7981
663.0000	104.0000	-3.8503	-36.2826
664.0000	50.0000	-3.1325	-72.1776
664.0000	104.0000	-3.8360	-37.7120
665.0000	50.0000	-3.1055	-73.5707
665.0000	104.0000	-3.8223	-39.1586
666.0000	50.0000	-3.0847	-74.9768
666.0000	104.0000	-3.8115	-40.6240
667.0000	50.0000	-3.0683	-76.3982
667.0000	104.0000	-3.8031	-42.1088
668.0000	50.0000	-3.0511	-77.8378
668.0000	104.0000	-3.7952	-43.6118
669.0000	50.0000	-3.0317	-79.2963
669.0000	103.0000	57.7511	55.1297
669.0000	104.0000	-3.7871	-45.0933
670.0000	103.0000	57.7421	53.6814
670.0000	104.0000	-3.7799	-46.5837
671.0000	103.0000	57.7339	52.2198
671.0000	104.0000	-3.7731	-48.0987
672.0000	103.0000	57.7264	50.7451
672.0000	104.0000	-3.7664	-49.6317
673.0000	103.0000	57.7199	49.2572
673.0000	104.0000	-3.7604	-51.1833
674.0000	103.0000	57.7148	47.7558
674.0000	104.0000	-3.7551	-52.7532
675.0000	103.0000	57.7104	46.2417
675.0000	104.0000	-3.7503	-54.3412
676.0000	103.0000	57.7063	44.7154
676.0000	104.0000	-3.7456	-55.9451
677.0000	103.0000	57.7028	43.1769
677.0000	104.0000	-3.7412	-57.5665
678.0000	103.0000	57.7001	41.6258
678.0000	104.0000	-3.7375	-59.2054
679.0000	22.0000	2.1238	79.3814
679.0000	103.0000	57.6979	40.0627
679.0000	104.0000	-3.7343	-60.8617
680.0000	22.0000	2.1215	77.8040
680.0000	103.0000	57.6966	38.4872
680.0000	104.0000	-3.7320	-62.5351
681.0000	22.0000	2.1201	76.2153
681.0000	103.0000	57.6958	36.8998
681.0000	104.0000	-3.7304	-64.2252
682.0000	22.0000	2.1184	74.6156
682.0000	103.0000	57.6949	35.3013
682.0000	104.0000	-3.7288	-65.9319
683.0000	22.0000	2.1174	73.0050
683.0000	103.0000	57.6944	33.6926
683.0000	104.0000	-3.7275	-67.6550
684.0000	22.0000	2.1176	71.3836
684.0000	103.0000	57.6945	32.0711
684.0000	104.0000	-3.7273	-69.3940
684.0000	190.0000	35.7479	70.3727
685.0000	22.0000	2.1183	69.7515
685.0000	103.0000	57.6949	30.4386
685.0000	104.0000	-3.7276	-71.1489
685.0000	190.0000	35.7488	68.7404
686.0000	22.0000	2.1192	68.1089
686.0000	103.0000	57.6953	28.7953
686.0000	104.0000	-3.7282	-72.8593
686.0000	190.0000	35.7497	67.0973
687.0000	22.0000	2.1207	66.4558
687.0000	103.0000	57.6960	27.1410
687.0000	104.0000	-3.7297	-74.5113
687.0000	190.0000	35.7512	65.4436
688.0000	22.0000	2.1227	64.8003
688.0000	103.0000	57.6968	25.4839
688.0000	104.0000	-3.7318	-76.1692
688.0000	190.0000	35.7532	63.7871
689.0000	22.0000	2.1252	63.1928
689.0000	103.0000	57.6979	23.8743
689.0000	104.0000	-3.7346	-77.7780
689.0000	190.0000	35.7557	62.1783
690.0000	22.0000	2.1260	61.6829
690.0000	103.0000	57.6982	22.3641
690.0000	104.0000	-3.7356	-79.2877
690.0000	190.0000	35.7565	60.6681
691.0000	22.0000	2.1232	60.2905
691.0000	103.0000	57.6971	20.9744
691.0000	190.0000	35.7538	59.2771
692.0000	22.0000	2.1149	59.0236
692.0000	103.0000	57.6940	19.7153
692.0000	190.0000	35.7456	58.0147
693.0000	22.0000	2.1003	57.8824
693.0000	103.0000	57.6888	18.5875
693.0000	190.0000	35.7312	56.8816
694.0000	22.0000	2.0820	56.8664
694.0000	103.0000	57.6824	17.5885
694.0000	190.0000	35.7132	55.8758
695.0000	22.0000	2.0593	55.9753
695.0000	103.0000	57.6748	16.7197
695.0000	190.0000	35.6910	54.9975
696.0000	22.0000	2.0315	55.1940
696.0000	103.0000	57.6647	15.9690
696.0000	190.0000	35.6610	54.2347
697.0000	22.0000	2.0080	54.4907
697.0000	103.0000	57.6539	15.3011
697.0000	190.0000	35.6284	53.5547
698.0000	22.0000	1.9885	53.8678
698.0000	103.0000	57.6419	14.7223
698.0000	190.0000	35.5914	52.9617
699.0000	22.0000	1.9749	53.2966
699.0000	103.0000	57.6299	14.1993
699.0000	190.0000	35.5537	52.4240
700.0000	22.0000	1.9639	52.7765
700.0000	103.0000	57.6165	13.7349
700.0000	190.0000	35.5109	51.9427
701.0000	22.0000	1.9580	52.2933
701.0000	103.0000	57.6029	13.3139
701.0000	190.0000	35.4664	51.5040
702.0000	22.0000	1.9673	51.8355
702.0000	103.0000	57.5916	12.9136
702.0000	190.0000	35.4292	51.0888
703.0000	22.0000	1.9832	51.4196
703.0000	103.0000	57.5801	12.5580
703.0000	190.0000	35.3907	50.7175
704.0000	22.0000	2.0028	51.0119
704.0000	103.0000	57.5681	12.2186
704.0000	190.0000	35.3498	50.3615
705.0000	22.0000	2.0375	50.6275
705.0000	103.0000	57.5581	11.8962
705.0000	190.0000	35.3154	50.0237
706.0000	22.0000	2.0748	50.2682
706.0000	103.0000	57.5474	11.6071
706.0000	190.0000	35.2781	49.7191
707.0000	22.0000	2.1182	49.9146
707.0000	103.0000	57.5361	11.3239
707.0000	190.0000	35.2383	49.4192
708.0000	22.0000	2.1891	49.5696
708.0000	103.0000	57.5311	11.0299
708.0000	190.0000	35.2204	49.1177
709.0000	22.0000	2.2464	49.2465
709.0000	103.0000	57.5209	10.7827
709.0000	190.0000	35.1830	48.8546
710.0000	22.0000	2.3223	48.9269
710.0000	103.0000	57.5133	10.5249
710.0000	190.0000	35.1553	48.5849
711.0000	22.0000	2.4143	48.6093
711.0000	103.0000	57.5086	10.2622
711.0000	190.0000	35.1378	48.3148
712.0000	22.0000	2.5035	48.3037
712.0000	103.0000	57.5013	10.0224
712.0000	190.0000	35.1102	48.0630
713.0000	22.0000	2.6124	47.9963
713.0000	103.0000	57.4975	9.7684
713.0000	190.0000	35.0957	47.8028
714.0000	22.0000	2.7253	47.6899
714.0000	103.0000	57.4930	9.5184
714.0000	190.0000	35.0783	47.5451
715.0000	22.0000	2.8457	47.3831
715.0000	103.0000	57.4888	9.2680
715.0000	190.0000	35.0616	47.2873
716.0000	22.0000	2.9802	47.0812
716.0000	103.0000	57.4864	9.0143
716.0000	190.0000	35.0524	47.0296
717.0000	22.0000	3.1201	46.7998
717.0000	103.0000	57.4837	8.7798
717.0000	190.0000	35.0412	46.7902
718.0000	22.0000	3.2608	46.5120
718.0000	103.0000	57.4799	8.5497
718.0000	190.0000	35.0257	46.5531
719.0000	22.0000	3.4234	46.2211
719.0000	103.0000	57.4796	8.2953
719.0000	190.0000	35.0245	46.2982
720.0000	22.0000	3.5869	45.9341
720.0000	103.0000	57.4781	8.0500
720.0000	190.0000	35.0179	46.0499
721.0000	22.0000	3.7599	45.6480
721.0000	103.0000	57.4775	7.8047
721.0000	190.0000	35.0153	45.8034
722.0000	22.0000	3.9350	45.3663
722.0000	103.0000	57.4758	7.5644
722.0000	190.0000	35.0078	45.5597
723.0000	22.0000	4.1250	45.0839
723.0000	103.0000	57.4760	7.3123
723.0000	190.0000	35.0092	45.3082
724.0000	22.0000	4.3148	44.8015
724.0000	103.0000	57.4751	7.0688
724.0000	190.0000	35.0048	45.0627
725.0000	22.0000	4.5158	44.5268
725.0000	103.0000	57.4751	6.8213
725.0000	190.0000	35.0048	44.8152
726.0000	22.0000	4.7213	44.2484
726.0000	103.0000	57.4749	6.5739
726.0000	190.0000	35.0040	44.5674
727.0000	22.0000	4.9348	43.9729
727.0000	103.0000	57.4752	6.3243
727.0000	190.0000	35.0053	44.3184
728.0000	22.0000	5.1536	43.7016
728.0000	103.0000	57.4753	6.0764
728.0000	190.0000	35.0058	44.0709
729.0000	22.0000	5.3792	43.4301
729.0000	103.0000	57.4757	5.8285
729.0000	190.0000	35.0078	43.8221
730.0000	22.0000	5.6100	43.1615
730.0000	103.0000	57.4759	5.5804
730.0000	190.0000	35.0092	43.5737
731.0000	22.0000	5.8459	42.8951
731.0000	103.0000	57.4764	5.3306
731.0000	190.0000	35.0115	43.3250
732.0000	22.0000	6.0804	42.6304
732.0000	103.0000	57.4768	5.0817
732.0000	190.0000	35.0134	43.0770
733.0000	22.0000	6.3137	42.3693
733.0000	103.0000	57.4771	4.8330
733.0000	190.0000	35.0155	42.8292
734.0000	22.0000	6.5459	42.1095
734.0000	103.0000	57.4776	4.5843
734.0000	190.0000	35.0178	42.5817
735.0000	22.0000	6.7764	41.8529
735.0000	103.0000	57.4779	4.3364
735.0000	190.0000	35.0198	42.3348
736.0000	22.0000	7.0066	41.6011
736.0000	103.0000	57.4783	4.0925
736.0000	190.0000	35.0229	42.0919
737.0000	22.0000	7.2432	41.3751
737.0000	103.0000	57.4786	3.8726
737.0000	190.0000	35.0247	41.8729
738.0000	22.0000	7.4861	41.1475
738.0000	103.0000	57.4789	3.6500
738.0000	190.0000	35.0267	41.6513
739.0000	22.0000	7.7353	40.9050
739.0000	103.0000	57.4793	3.4108
739.0000	190.0000	35.0292	41.4134
740.0000	22.0000	7.9907	40.6653
740.0000	103.0000	57.4797	3.1735
740.0000	190.0000	35.0320	41.1764
741.0000	22.0000	8.2523	40.4370
741.0000	103.0000	57.4802	2.9467
741.0000	190.0000	35.0349	40.9511
742.0000	22.0000	8.5203	40.2093
742.0000	103.0000	57.4807	2.7174
742.0000	190.0000	35.0395	40.7236
743.0000	22.0000	8.7946	39.9660
743.0000	103.0000	57.4813	2.4717
743.0000	190.0000	35.0444	40.4800
744.0000	22.0000	9.0754	39.7261
744.0000	103.0000	57.4819	2.2281
744.0000	190.0000	35.0489	40.2388
745.0000	22.0000	9.3620	39.5032
745.0000	103.0000	57.4825	1.9992
745.0000	190.0000	35.0537	40.0123
746.0000	22.0000	9.6547	39.2776
746.0000	103.0000	57.4832	1.7679
746.0000	190.0000	35.0591	39.7838
747.0000	22.0000	9.9537	39.0380
747.0000	103.0000	57.4840	1.5197
747.0000	190.0000	35.0652	39.5387
748.0000	22.0000	10.2588	38.8009
748.0000	103.0000	57.4847	1.2736
748.0000	190.0000	35.0719	39.2961
749.0000	22.0000	10.5693	38.5796
749.0000	103.0000	57.4855	1.0421
749.0000	190.0000	35.0788	39.0683
750.0000	22.0000	10.8849	38.3573
750.0000	103.0000	57.4863	0.8082
750.0000	190.0000	35.0863	38.8383
751.0000	22.0000	11.2051	38.1189
751.0000	103.0000	57.4871	0.5588
751.0000	190.0000	35.0948	38.5917
752.0000	22.0000	11.5243	37.8825
752.0000	103.0000	57.4882	0.3153
752.0000	190.0000	35.1037	38.3460
753.0000	22.0000	11.8420	37.6509
753.0000	103.0000	57.4888	0.0822
753.0000	190.0000	35.1133	38.1042
754.0000	22.0000	12.1582	37.4194
754.0000	103.0000	57.4892	-0.1440
754.0000	190.0000	35.1235	37.8623
755.0000	22.0000	12.4723	37.1887
755.0000	103.0000	57.4896	-0.3610
755.0000	190.0000	35.1336	37.6208
756.0000	22.0000	12.7852	36.9595
756.0000	103.0000	57.4899	-0.5703
756.0000	190.0000	35.1445	37.3803
757.0000	22.0000	13.0981	36.7748
757.0000	103.0000	57.4899	-0.7262
757.0000	190.0000	35.1539	37.1852
758.0000	22.0000	13.4126	36.6571
758.0000	103.0000	57.4896	-0.8044
758.0000	190.0000	35.1590	37.0588
759.0000	22.0000	13.7291	36.6304
759.0000	103.0000	57.4888	-0.7807
759.0000	190.0000	35.1615	37.0255
760.0000	22.0000	14.0500	36.6378
760.0000	103.0000	57.4879	-0.7160
760.0000	190.0000	35.1615	37.0265
761.0000	22.0000	14.3766	36.6453
761.0000	103.0000	57.4868	-0.6452
761.0000	190.0000	35.1615	37.0274
762.0000	22.0000	14.7091	36.6527
762.0000	103.0000	57.4858	-0.5708
762.0000	190.0000	35.1615	37.0279
763.0000	22.0000	15.0474	36.6598
763.0000	103.0000	57.4846	-0.4909
763.0000	190.0000	35.1615	37.0282
764.0000	22.0000	15.3914	36.6671
764.0000	103.0000	57.4834	-0.4050
764.0000	190.0000	35.1615	37.0283
765.0000	22.0000	15.7408	36.6746
765.0000	103.0000	57.4820	-0.3133
765.0000	190.0000	35.1615	37.0284
766.0000	22.0000	16.0952	36.6821
766.0000	103.0000	57.4806	-0.2159
766.0000	190.0000	35.1615	37.0284
767.0000	22.0000	16.4537	36.6899
767.0000	103.0000	57.4801	-0.1740
767.0000	190.0000	35.1615	37.0284
768.0000	22.0000	16.8160	36.6977
768.0000	103.0000	57.4798	-0.1611
768.0000	190.0000	35.1615	37.0284
769.0000	22.0000	17.1814	36.7056
769.0000	103.0000	57.4791	-0.1135
769.0000	190.0000	35.1615	37.0284
770.0000	22.0000	17.5495	36.7137
770.0000	103.0000	57.4784	-0.0628
770.0000	190.0000	35.1614	37.0284
771.0000	22.0000	17.9200	36.7218
771.0000	103.0000	57.4776	-0.0062
771.0000	190.0000	35.1634	37.0285
772.0000	22.0000	18.2893	36.7300
772.0000	103.0000	57.4767	0.0568
772.0000	190.0000	35.1644	37.0285
773.0000	22.0000	18.6559	36.7381
773.0000	103.0000	57.4757	0.1263
773.0000	190.0000	35.1654	37.0285
774.0000	22.0000	19.0199	36.7463
774.0000	103.0000	57.4746	0.2021
774.0000	190.0000	35.1709	37.0286
775.0000	22.0000	19.3813	36.7543
775.0000	103.0000	57.4742	0.2303
775.0000	190.0000	35.1716	37.0286
776.0000	22.0000	19.7401	36.7624
776.0000	103.0000	57.4739	0.2492
776.0000	190.0000	35.1716	37.0286
777.0000	22.0000	20.0952	36.7704
777.0000	103.0000	57.4733	0.2927
777.0000	190.0000	35.1717	37.0286
778.0000	22.0000	20.4537	36.7785
778.0000	103.0000	57.4726	0.3410
778.0000	190.0000	35.1717	37.0286
779.0000	22.0000	20.8178	36.7867
779.0000	103.0000	57.4718	0.3955
779.0000	190.0000	35.1717	37.0286
780.0000	22.0000	21.1877	36.7950
780.0000	103.0000	57.4709	0.4564
780.0000	190.0000	35.1717	37.0286
781.0000	22.0000	21.5633	36.8033
781.0000	103.0000	57.4700	0.5203
781.0000	190.0000	35.1739	37.0286
782.0000	22.0000	21.9447	36.8117
782.0000	103.0000	57.4692	0.5785
782.0000	190.0000	35.1832	37.0287
783.0000	22.0000	22.3318	36.8202
783.0000	103.0000	57.4683	0.6393
783.0000	190.0000	35.1844	37.0287
784.0000	22.0000	22.7246	36.8286
784.0000	103.0000	57.4674	0.7063
784.0000	190.0000	35.1844	37.0287
785.0000	22.0000	23.1226	36.8370
785.0000	103.0000	57.4663	0.7782
785.0000	190.0000	35.1846	37.0287
786.0000	22.0000	23.5251	36.8454
786.0000	103.0000	57.4653	0.8545
786.0000	190.0000	35.1846	37.0287
787.0000	22.0000	23.9316	36.8537
787.0000	103.0000	57.4649	0.8829
787.0000	190.0000	35.1847	37.0287
788.0000	22.0000	24.3415	36.8619
788.0000	103.0000	57.4646	0.9020
788.0000	190.0000	35.1847	37.0287
789.0000	22.0000	24.6541	36.8681
789.0000	103.0000	57.4640	0.9456
789.0000	190.0000	35.1847	37.0287
790.0000	22.0000	24.7863	36.8703
790.0000	103.0000	57.4633	0.9939
790.0000	190.0000	35.1846	37.0287
791.0000	22.0000	24.9847	36.8741
791.0000	103.0000	57.4625	1.0484
791.0000	190.0000	35.1857	37.0287
792.0000	22.0000	25.1899	36.8777
792.0000	103.0000	57.4617	1.1093
792.0000	190.0000	35.1857	37.0287
793.0000	22.0000	25.3898	36.8812
793.0000	103.0000	57.4608	1.1732
793.0000	190.0000	35.1857	37.0287
794.0000	22.0000	25.5876	36.8845
794.0000	103.0000	57.4600	1.2314
794.0000	190.0000	35.1857	37.0287
795.0000	22.0000	25.7839	36.8878
795.0000	103.0000	57.4591	1.2924
795.0000	190.0000	35.1857	37.0287
796.0000	22.0000	25.9789	36.8909
796.0000	103.0000	57.4582	1.3596
796.0000	190.0000	35.1857	37.0287
797.0000	22.0000	26.1578	36.8938
797.0000	103.0000	57.4572	1.4315
797.0000	190.0000	35.1857	37.0287
798.0000	22.0000	26.3304	36.8964
798.0000	103.0000	57.4561	1.5079
798.0000	190.0000	35.1857	37.0287
799.0000	22.0000	26.5108	36.8991
799.0000	103.0000	57.4550	1.5902
799.0000	190.0000	35.1857	37.0287
800.0000	22.0000	26.6982	36.9019
800.0000	103.0000	57.4538	1.6785
800.0000	190.0000	35.1857	37.0287
801.0000	22.0000	26.8926	36.9045
801.0000	103.0000	57.4525	1.7725
801.0000	190.0000	35.1857	37.0287
802.0000	22.0000	27.0941	36.9074
802.0000	103.0000	57.4511	1.8723
802.0000	190.0000	35.1857	37.0287
803.0000	22.0000	27.3028	36.9102
803.0000	103.0000	57.4496	1.9776
803.0000	190.0000	35.1857	37.0287
804.0000	22.0000	27.5187	36.9131
804.0000	103.0000	57.4490	2.0252
804.0000	190.0000	35.1857	37.0287
805.0000	22.0000	27.6451	36.9148
805.0000	103.0000	57.4488	2.0386
805.0000	190.0000	35.1857	37.0287
806.0000	22.0000	27.6598	36.9150
806.0000	103.0000	57.4480	2.0927
806.0000	190.0000	35.1857	37.0287
807.0000	22.0000	27.7374	36.9159
807.0000	103.0000	57.4473	2.1469
807.0000	190.0000	35.1857	37.0287
808.0000	22.0000	27.8217	36.9170
808.0000	103.0000	57.4465	2.2068
808.0000	190.0000	35.1857	37.0287
809.0000	22.0000	27.9126	36.9181
809.0000	103.0000	57.4455	2.2728
809.0000	190.0000	35.1857	37.0287
810.0000	22.0000	28.0116	36.9193
810.0000	103.0000	57.4446	2.3438
810.0000	190.0000	35.1857	37.0287
811.0000	22.0000	28.1193	36.9206
811.0000	103.0000	57.4435	2.4195
811.0000	190.0000	35.1856	37.0287
812.0000	22.0000	28.2326	36.9220
812.0000	103.0000	57.4424	2.5012
812.0000	190.0000	35.1867	37.0287
813.0000	22.0000	28.3452	36.9233
813.0000	103.0000	57.4412	2.5888
813.0000	190.0000	35.1867	37.0287
814.0000	22.0000	28.4572	36.9246
814.0000	103.0000	57.4399	2.6823
814.0000	190.0000	35.1867	37.0287
815.0000	22.0000	28.5687	36.9259
815.0000	103.0000	57.4386	2.7815
815.0000	190.0000	35.1867	37.0287
816.0000	22.0000	28.6796	36.9271
816.0000	103.0000	57.4372	2.8863
816.0000	190.0000	35.1867	37.0287
817.0000	22.0000	28.7826	36.9283
817.0000	103.0000	57.4357	2.9965
817.0000	190.0000	35.1867	37.0287
818.0000	22.0000	28.8806	36.9294
818.0000	103.0000	57.4341	3.1121
818.0000	190.0000	35.1866	37.0287
819.0000	22.0000	28.9868	36.9305
819.0000	103.0000	57.4325	3.2329
819.0000	190.0000	35.1877	37.0287
820.0000	22.0000	29.1003	36.9317
820.0000	103.0000	57.4308	3.3588
820.0000	190.0000	35.1877	37.0287
821.0000	22.0000	29.1432	36.9322
821.0000	103.0000	57.4290	3.4897
821.0000	190.0000	35.1877	37.0287
822.0000	22.0000	29.1540	36.9323
822.0000	103.0000	57.4272	3.6255
822.0000	190.0000	35.1877	37.0287
823.0000	22.0000	29.2016	36.9328
823.0000	103.0000	57.4253	3.7662
823.0000	190.0000	35.1877	37.0287
824.0000	22.0000	29.2553	36.9334
824.0000	103.0000	57.4234	3.9115
824.0000	190.0000	35.1877	37.0287
825.0000	22.0000	29.3164	36.9340
825.0000	103.0000	57.4214	4.0615
825.0000	190.0000	35.1877	37.0287
826.0000	22.0000	29.3857	36.9348
826.0000	103.0000	57.4194	4.2159
826.0000	190.0000	35.1877	37.0287
827.0000	22.0000	29.4633	36.9356
827.0000	103.0000	57.4173	4.3736
827.0000	190.0000	35.1877	37.0287
828.0000	22.0000	29.5491	36.9364
828.0000	103.0000	57.4152	4.5362
828.0000	190.0000	35.1877	37.0287
829.0000	22.0000	29.6430	36.9374
829.0000	103.0000	57.4129	4.7143
829.0000	190.0000	35.1877	37.0287
830.0000	22.0000	29.6734	36.9377
830.0000	103.0000	57.4105	4.8973
830.0000	190.0000	35.1877	37.0287
831.0000	22.0000	29.6818	36.9378
831.0000	103.0000	57.4081	5.0851
831.0000	190.0000	35.1877	37.0287
832.0000	22.0000	29.7184	36.9382
832.0000	103.0000	57.4057	5.2778
832.0000	190.0000	35.1877	37.0287
833.0000	22.0000	29.7526	36.9386
833.0000	103.0000	57.4032	5.4753
833.0000	190.0000	35.1876	37.0287
834.0000	22.0000	29.7858	36.9389
834.0000	103.0000	57.4006	5.6774
834.0000	190.0000	35.1887	37.0287
835.0000	22.0000	29.8187	36.9392
835.0000	103.0000	57.3980	5.8817
835.0000	190.0000	35.1887	37.0287
836.0000	22.0000	29.8514	36.9396
836.0000	103.0000	57.3954	6.0937
836.0000	190.0000	35.1887	37.0287
837.0000	22.0000	29.8832	36.9399
837.0000	103.0000	57.3926	6.3190
837.0000	190.0000	35.1887	37.0287
838.0000	22.0000	29.9163	36.9402
838.0000	103.0000	57.3897	6.5494
838.0000	190.0000	35.1887	37.0287
839.0000	22.0000	29.9568	36.9406
839.0000	103.0000	57.3869	6.7846
839.0000	190.0000	35.1887	37.0287
840.0000	22.0000	30.0054	36.9410
840.0000	103.0000	57.3839	7.0248
840.0000	190.0000	35.1887	37.0287
841.0000	22.0000	30.0616	36.9415
841.0000	103.0000	57.3810	7.2697
841.0000	190.0000	35.1887	37.0287
842.0000	22.0000	30.1254	36.9421
842.0000	103.0000	57.3780	7.5192
842.0000	190.0000	35.1887	37.0287
843.0000	22.0000	30.1758	36.9425
843.0000	103.0000	57.3749	7.7732
843.0000	190.0000	35.1887	37.0287
844.0000	22.0000	30.2230	36.9430
844.0000	103.0000	57.3728	7.9541
844.0000	190.0000	35.1887	37.0287
845.0000	22.0000	30.2764	36.9435
845.0000	103.0000	57.3727	7.9576
845.0000	190.0000	35.1887	37.0287
846.0000	22.0000	30.3367	36.9441
846.0000	103.0000	57.3717	8.0434
846.0000	190.0000	35.1887	37.0287
847.0000	22.0000	30.4040	36.9447
847.0000	103.0000	57.3700	8.1903
847.0000	190.0000	35.1887	37.0287
848.0000	22.0000	30.4786	36.9454
848.0000	103.0000	57.3683	8.3391
848.0000	190.0000	35.1887	37.0287
849.0000	22.0000	30.5605	36.9461
849.0000	103.0000	57.3665	8.4934
849.0000	190.0000	35.1887	37.0287
850.0000	22.0000	30.6498	36.9469
850.0000	103.0000	57.3647	8.6500
850.0000	190.0000	35.1887	37.0287
851.0000	22.0000	30.7463	36.9478
851.0000	103.0000	57.3630	8.7912
851.0000	190.0000	35.1887	37.0287
852.0000	22.0000	30.8500	36.9487
852.0000	103.0000	57.3614	8.9310
852.0000	190.0000	35.1887	37.0287
853.0000	22.0000	30.9607	36.9496
853.0000	103.0000	57.3598	9.0757
853.0000	190.0000	35.1887	37.0287
854.0000	22.0000	31.0783	36.9506
854.0000	103.0000	57.3581	9.2245
854.0000	190.0000	35.1887	37.0287
855.0000	22.0000	31.2027	36.9516
855.0000	103.0000	57.3564	9.3775
855.0000	190.0000	35.1887	37.0287
856.0000	22.0000	31.3338	36.9528
856.0000	103.0000	57.3546	9.5348
856.0000	190.0000	35.1887	37.0287
857.0000	22.0000	31.3948	36.9533
857.0000	103.0000	57.3539	9.5958
857.0000	190.0000	35.1887	37.0287
858.0000	22.0000	31.3935	36.9533
858.0000	103.0000	57.3537	9.6117
858.0000	190.0000	35.1887	37.0287
859.0000	22.0000	31.3967	36.9533
859.0000	103.0000	57.3526	9.7116
859.0000	190.0000	35.1887	37.0287
860.0000	22.0000	31.3991	36.9534
860.0000	103.0000	57.3514	9.8173
860.0000	190.0000	35.1887	37.0287
861.0000	22.0000	31.4005	36.9534
861.0000	103.0000	57.3502	9.9279
861.0000	190.0000	35.1887	37.0287
862.0000	22.0000	31.4011	36.9534
862.0000	103.0000	57.3489	10.0412
862.0000	190.0000	35.1887	37.0287
863.0000	22.0000	31.4014	36.9534
863.0000	103.0000	57.3478	10.1443
863.0000	190.0000	35.1887	37.0287
864.0000	22.0000	31.4016	36.9534
864.0000	103.0000	57.3466	10.2481
864.0000	190.0000	35.1887	37.0287
865.0000	22.0000	31.4017	36.9534
865.0000	103.0000	57.3454	10.3574
865.0000	190.0000	35.1887	37.0287
866.0000	22.0000	31.4017	36.9534
866.0000	103.0000	57.3448	10.4096
866.0000	190.0000	35.1887	37.0287
867.0000	22.0000	31.4017	36.9534
867.0000	103.0000	57.3447	10.4228
867.0000	190.0000	35.1887	37.0287
868.0000	22.0000	31.4017	36.9534
868.0000	103.0000	57.3440	10.4775
868.0000	190.0000	35.1887	37.0287
869.0000	22.0000	31.4017	36.9534
869.0000	103.0000	57.3434	10.5333
869.0000	190.0000	35.1887	37.0287
870.0000	22.0000	31.4017	36.9534
870.0000	103.0000	57.3426	10.5949
870.0000	190.0000	35.1887	37.0287
871.0000	22.0000	31.4017	36.9534
871.0000	103.0000	57.3419	10.6629
871.0000	190.0000	35.1887	37.0287
872.0000	22.0000	31.4017	36.9534
872.0000	103.0000	57.3410	10.7372
872.0000	190.0000	35.1886	37.0287
873.0000	22.0000	31.4017	36.9534
873.0000	103.0000	57.3401	10.8177
873.0000	190.0000	35.1897	37.0288
874.0000	22.0000	31.4017	36.9534
874.0000	103.0000	57.3398	10.8480
874.0000	190.0000	35.1897	37.0288
875.0000	22.0000	31.4017	36.9534
875.0000	103.0000	57.3395	10.8640
875.0000	190.0000	35.1897	37.0288
876.0000	22.0000	31.4017	36.9534
876.0000	103.0000	57.3389	10.9086
876.0000	190.0000	35.1897	37.0288
877.0000	22.0000	31.4017	36.9534
877.0000	103.0000	57.3384	10.9576
877.0000	190.0000	35.1897	37.0288
878.0000	22.0000	31.4017	36.9534
878.0000	103.0000	57.3377	11.0127
878.0000	190.0000	35.1897	37.0288
879.0000	22.0000	31.4017	36.9534
879.0000	103.0000	57.3370	11.0742
879.0000	190.0000	35.1897	37.0288
880.0000	22.0000	31.4017	36.9534
880.0000	103.0000	57.3362	11.1417
880.0000	190.0000	35.1897	37.0288
881.0000	22.0000	31.4017	36.9534
881.0000	103.0000	57.3358	11.1760
881.0000	190.0000	35.1897	37.0288
882.0000	22.0000	31.4017	36.9534
882.0000	103.0000	57.3354	11.2038
882.0000	190.0000	35.1897	37.0288
883.0000	22.0000	31.4017	36.9534
883.0000	103.0000	57.3348	11.2424
883.0000	190.0000	35.1897	37.0288
884.0000	22.0000	31.4017	36.9534
884.0000	103.0000	57.3343	11.2867
884.0000	190.0000	35.1897	37.0288
885.0000	22.0000	31.4017	36.9534
885.0000	103.0000	57.3337	11.3373
885.0000	190.0000	35.1897	37.0288
886.0000	22.0000	31.4017	36.9534
886.0000	103.0000	57.3329	11.3927
886.0000	190.0000	35.1897	37.0288
887.0000	22.0000	31.4017	36.9534
887.0000	103.0000	57.3322	11.4493
887.0000	190.0000	35.1897	37.0288
888.0000	22.0000	31.4017	36.9534
888.0000	103.0000	57.3314	11.5085
888.0000	190.0000	35.1897	37.0288
889.0000	22.0000	31.4017	36.9534
889.0000	103.0000	57.3306	11.5669
889.0000	190.0000	35.1897	37.0288
890.0000	22.0000	31.4017	36.9534
890.0000	103.0000	57.3298	11.6279
890.0000	190.0000	35.1897	37.0288
891.0000	22.0000	31.4017	36.9534
891.0000	103.0000	57.3290	11.6947
891.0000	190.0000	35.1897	37.0288
892.0000	22.0000	31.4017	36.9534
892.0000	103.0000	57.3280	11.7676
892.0000	190.0000	35.1897	37.0288
893.0000	22.0000	31.4017	36.9534
893.0000	103.0000	57.3270	11.8467
893.0000	190.0000	35.1897	37.0288
894.0000	22.0000	31.4017	36.9534
894.0000	103.0000	57.3259	11.9317
894.0000	190.0000	35.1897	37.0288
895.0000	22.0000	31.4017	36.9534
895.0000	103.0000	57.3247	12.0226
895.0000	190.0000	35.1897	37.0288
896.0000	22.0000	31.4017	36.9534
896.0000	103.0000	57.3235	12.1194
896.0000	190.0000	35.1897	37.0288
897.0000	22.0000	31.4017	36.9534
897.0000	103.0000	57.3222	12.2218
897.0000	190.0000	35.1897	37.0288
898.0000	22.0000	31.4017	36.9534
898.0000	103.0000	57.3208	12.3296
898.0000	190.0000	35.1897	37.0288
899.0000	22.0000	31.4017	36.9534
899.0000	103.0000	57.3202	12.3808
899.0000	190.0000	35.1897	37.0288
900.0000	22.0000	31.4017	36.9534
900.0000	103.0000	57.3202	12.3807
900.0000	190.0000	35.1897	37.0288
901.0000	22.0000	31.4017	36.9534
901.0000	103.0000	57.3201	12.3831
901.0000	190.0000	35.1897	37.0288
902.0000	22.0000	31.4017	36.9534
902.0000	103.0000	57.3201	12.3847
902.0000	190.0000	35.1897	37.0288
903.0000	22.0000	31.4017	36.9534
903.0000	103.0000	57.3201	12.3867
903.0000	190.0000	35.1897	37.0288
904.0000	22.0000	31.4017	36.9535
904.0000	103.0000	57.3201	12.3872
904.0000	190.0000	35.1897	37.0289
905.0000	22.0000	31.4019	36.9497
905.0000	103.0000	57.3201	12.3834
905.0000	190.0000	35.1899	37.0251
906.0000	22.0000	31.4075	36.9388
906.0000	103.0000	57.3222	12.3689
906.0000	190.0000	35.1955	37.0136
907.0000	22.0000	31.4368	36.8832
907.0000	103.0000	57.3332	12.2939
907.0000	190.0000	35.2249	36.9551
908.0000	22.0000	31.4397	36.8081
908.0000	103.0000	57.3344	12.2170
908.0000	190.0000	35.2278	36.8798
909.0000	22.0000	31.4435	36.7010
909.0000	103.0000	57.3358	12.1076
909.0000	190.0000	35.2315	36.7724
910.0000	22.0000	31.4479	36.5801
910.0000	103.0000	57.3376	11.9837
910.0000	190.0000	35.2360	36.6510
911.0000	22.0000	31.4526	36.4422
911.0000	103.0000	57.3394	11.8429
911.0000	190.0000	35.2406	36.5127
912.0000	22.0000	31.4589	36.2807
912.0000	103.0000	57.3418	11.6773
912.0000	190.0000	35.2470	36.3506
913.0000	22.0000	31.4666	36.1094
913.0000	103.0000	57.3448	11.5009
913.0000	190.0000	35.2547	36.1785
914.0000	22.0000	31.4742	35.9322
914.0000	103.0000	57.3476	11.3188
914.0000	190.0000	35.2623	36.0007
915.0000	22.0000	31.4835	35.7403
915.0000	103.0000	57.3511	11.1227
915.0000	190.0000	35.2717	35.8079
916.0000	22.0000	31.4928	35.5400
916.0000	103.0000	57.3546	10.9174
916.0000	190.0000	35.2809	35.6067
917.0000	22.0000	31.5023	35.3391
917.0000	103.0000	57.3581	10.7112
917.0000	190.0000	35.2904	35.4049
918.0000	22.0000	31.5122	35.1311
918.0000	103.0000	57.3616	10.5019
918.0000	190.0000	35.3004	35.1959
919.0000	22.0000	31.5227	34.9139
919.0000	103.0000	57.3655	10.2782
919.0000	190.0000	35.3109	34.9777
920.0000	22.0000	31.5335	34.6968
920.0000	103.0000	57.3694	10.0538
920.0000	190.0000	35.3218	34.7594
921.0000	22.0000	31.5446	34.4787
921.0000	103.0000	57.3733	9.8283
921.0000	190.0000	35.3328	34.5403
922.0000	22.0000	31.5560	34.2536
922.0000	103.0000	57.3773	9.5955
922.0000	190.0000	35.3443	34.3141
923.0000	22.0000	31.5660	34.0286
923.0000	103.0000	57.3808	9.3636
923.0000	190.0000	35.3543	34.0880
924.0000	22.0000	31.5772	33.8046
924.0000	103.0000	57.3846	9.1320
924.0000	190.0000	35.3655	33.8629
925.0000	22.0000	31.5887	33.5765
925.0000	103.0000	57.3884	8.8984
925.0000	190.0000	35.3770	33.6337
926.0000	22.0000	31.6005	33.3451
926.0000	103.0000	57.3918	8.6666
926.0000	190.0000	35.3888	33.4010
927.0000	22.0000	31.6123	33.1160
927.0000	103.0000	57.3959	8.4296
927.0000	190.0000	35.4006	33.1707
928.0000	22.0000	31.6242	32.8854
928.0000	103.0000	57.3998	8.1907
928.0000	190.0000	35.4126	32.9389
929.0000	22.0000	31.6343	32.6530
929.0000	103.0000	57.4030	7.9512
929.0000	190.0000	35.4227	32.7054
930.0000	22.0000	31.6458	32.4208
930.0000	103.0000	57.4066	7.7110
930.0000	190.0000	35.4342	32.4721
931.0000	22.0000	31.6573	32.1891
931.0000	103.0000	57.4101	7.4711
931.0000	190.0000	35.4457	32.2392
932.0000	22.0000	31.6686	31.9614
932.0000	103.0000	57.4136	7.2352
932.0000	190.0000	35.4570	32.0102
933.0000	22.0000	31.6761	31.7748
933.0000	103.0000	57.4159	7.0432
933.0000	190.0000	35.4645	31.8228
934.0000	22.0000	31.6824	31.6490
934.0000	103.0000	57.4178	6.9128
934.0000	190.0000	35.4709	31.6964
935.0000	22.0000	31.6807	31.6145
935.0000	103.0000	57.4174	6.8809
935.0000	190.0000	35.4692	31.6621
936.0000	22.0000	31.6807	31.6154
936.0000	103.0000	57.4174	6.8816
936.0000	190.0000	35.4691	31.6630
937.0000	22.0000	31.6807	31.6163
937.0000	103.0000	57.4174	6.8825
937.0000	190.0000	35.4702	31.6639
938.0000	22.0000	31.6807	31.6168
938.0000	103.0000	57.4174	6.8829
938.0000	190.0000	35.4702	31.6644
939.0000	22.0000	31.6807	31.6171
939.0000	103.0000	57.4174	6.8831
939.0000	190.0000	35.4702	31.6646
940.0000	22.0000	31.6807	31.6172
940.0000	103.0000	57.4174	6.8833
940.0000	190.0000	35.4702	31.6647
941.0000	22.0000	31.6807	31.6173
941.0000	103.0000	57.4174	6.8833
941.0000	190.0000	35.4702	31.6648
942.0000	22.0000	31.6807	31.6174
942.0000	103.0000	57.4174	6.8835
942.0000	190.0000	35.4702	31.6650
943.0000	22.0000	31.6809	31.6135
943.0000	103.0000	57.4174	6.8794
943.0000	190.0000	35.4703	31.6610
944.0000	22.0000	31.6765	31.6087
944.0000	103.0000	57.4163	6.8780
944.0000	190.0000	35.4660	31.6568
945.0000	22.0000	31.6731	31.5752
945.0000	103.0000	57.4154	6.8472
945.0000	190.0000	35.4624	31.6236
946.0000	22.0000	31.6714	31.4973
946.0000	103.0000	57.4151	6.7707
946.0000	190.0000	35.4618	31.5459
947.0000	22.0000	31.6770	31.3814
947.0000	103.0000	57.4167	6.6507
947.0000	190.0000	35.4674	31.4294
948.0000	22.0000	31.6832	31.2584
948.0000	103.0000	57.4185	6.5231
948.0000	190.0000	35.4737	31.3057
949.0000	22.0000	31.6910	31.1236
949.0000	103.0000	57.4208	6.3825
949.0000	190.0000	35.4814	31.1701
950.0000	22.0000	31.6973	30.9675
950.0000	103.0000	57.4226	6.2217
950.0000	190.0000	35.4878	31.0133
951.0000	22.0000	31.7057	30.7970
951.0000	103.0000	57.4250	6.0449
951.0000	190.0000	35.4962	30.8419
952.0000	22.0000	31.7126	30.6332
952.0000	103.0000	57.4269	5.8760
952.0000	190.0000	35.5031	30.6773
953.0000	22.0000	31.7183	30.5107
953.0000	103.0000	57.4285	5.7493
953.0000	190.0000	35.5088	30.5542
954.0000	22.0000	31.7227	30.4746
954.0000	103.0000	57.4296	5.7099
954.0000	190.0000	35.5132	30.5176
955.0000	22.0000	31.7227	30.4752
955.0000	103.0000	57.4296	5.7103
955.0000	190.0000	35.5132	30.5182
956.0000	22.0000	31.7227	30.4756
956.0000	103.0000	57.4296	5.7118
956.0000	190.0000	35.5132	30.5186
957.0000	22.0000	31.7230	30.4709
957.0000	103.0000	57.4296	5.7068
957.0000	190.0000	35.5135	30.5139
958.0000	22.0000	31.7494	30.4224
958.0000	103.0000	57.4362	5.6376
958.0000	190.0000	35.5400	30.4623
959.0000	22.0000	31.7631	30.3502
959.0000	103.0000	57.4396	5.5548
959.0000	190.0000	35.5537	30.3886
960.0000	22.0000	31.7668	30.2478
960.0000	103.0000	57.4406	5.4496
960.0000	190.0000	35.5574	30.2857
961.0000	22.0000	31.7717	30.1281
961.0000	103.0000	57.4419	5.3262
961.0000	190.0000	35.5622	30.1655
962.0000	22.0000	31.7779	29.9942
962.0000	103.0000	57.4435	5.1874
962.0000	190.0000	35.5685	30.0309
963.0000	22.0000	31.7841	29.8388
963.0000	103.0000	57.4451	5.0284
963.0000	190.0000	35.5747	29.8747
964.0000	22.0000	31.7896	29.6701
964.0000	103.0000	57.4465	4.8554
964.0000	190.0000	35.5802	29.7054
965.0000	22.0000	31.7966	29.4950
965.0000	103.0000	57.4483	4.6749
965.0000	190.0000	35.5872	29.5295
966.0000	22.0000	31.8027	29.3093
966.0000	103.0000	57.4498	4.4846
966.0000	190.0000	35.5933	29.3432
967.0000	22.0000	31.8090	29.1113
967.0000	103.0000	57.4513	4.2816
967.0000	190.0000	35.5996	29.1444
968.0000	22.0000	31.8152	28.9110
968.0000	103.0000	57.4528	4.0764
968.0000	190.0000	35.6058	28.9434
969.0000	22.0000	31.8214	28.7074
969.0000	103.0000	57.4543	3.8679
969.0000	190.0000	35.6120	28.7391
970.0000	22.0000	31.8276	28.4949
970.0000	103.0000	57.4557	3.6504
970.0000	190.0000	35.6183	28.5258
971.0000	22.0000	31.8338	28.2798
971.0000	103.0000	57.4571	3.4304
971.0000	190.0000	35.6245	28.3100
972.0000	22.0000	31.8398	28.0658
972.0000	103.0000	57.4584	3.2116
972.0000	190.0000	35.6305	28.0953
973.0000	22.0000	31.8458	27.8467
973.0000	103.0000	57.4597	2.9876
973.0000	190.0000	35.6364	27.8755
974.0000	22.0000	31.8517	27.6238
974.0000	103.0000	57.4609	2.7599
974.0000	190.0000	35.6424	27.6518
975.0000	22.0000	31.8575	27.4027
975.0000	103.0000	57.4621	2.5341
975.0000	190.0000	35.6481	27.4301
976.0000	22.0000	31.8631	27.1797
976.0000	103.0000	57.4632	2.3065
976.0000	190.0000	35.6537	27.2064
977.0000	22.0000	31.8686	26.9528
977.0000	103.0000	57.4642	2.0748
977.0000	190.0000	35.6593	26.9788
978.0000	22.0000	31.8727	26.7287
978.0000	103.0000	57.4650	1.8484
978.0000	190.0000	35.6633	26.7542
979.0000	22.0000	31.8774	26.5039
979.0000	103.0000	57.4658	1.6196
979.0000	190.0000	35.6681	26.5288
980.0000	22.0000	31.8821	26.2760
980.0000	103.0000	57.4666	1.3877
980.0000	190.0000	35.6728	26.3003
981.0000	22.0000	31.8867	26.0484
981.0000	103.0000	57.4674	1.1562
981.0000	190.0000	35.6774	26.0722
982.0000	22.0000	31.8899	25.8323
982.0000	103.0000	57.4679	0.9373
982.0000	190.0000	35.6806	25.8556
983.0000	22.0000	31.8928	25.6583
983.0000	103.0000	57.4683	0.7609
983.0000	190.0000	35.6835	25.6813
984.0000	22.0000	31.8948	25.5462
984.0000	103.0000	57.4687	0.6471
984.0000	190.0000	35.6854	25.5689
985.0000	22.0000	31.8996	25.5172
985.0000	103.0000	57.4692	0.6139
985.0000	190.0000	35.6913	25.5393
986.0000	22.0000	31.8996	25.5181
986.0000	103.0000	57.4692	0.6147
986.0000	190.0000	35.6913	25.5402
987.0000	22.0000	31.8996	25.5190
987.0000	103.0000	57.4692	0.6154
987.0000	190.0000	35.6913	25.5410
988.0000	22.0000	31.8996	25.5194
988.0000	103.0000	57.4692	0.6158
988.0000	190.0000	35.6913	25.5415
989.0000	22.0000	31.8996	25.5196
989.0000	103.0000	57.4692	0.6160
989.0000	190.0000	35.6913	25.5417
990.0000	22.0000	31.8996	25.5198
990.0000	103.0000	57.4692	0.6161
990.0000	190.0000	35.6913	25.5418
991.0000	22.0000	31.8996	25.5198
991.0000	103.0000	57.4692	0.6162
991.0000	190.0000	35.6913	25.5419
992.0000	22.0000	31.8996	25.5198
992.0000	103.0000	57.4692	0.6162
992.0000	190.0000	35.6913	25.5419
993.0000	22.0000	31.8996	25.5199
993.0000	103.0000	57.4692	0.6163
993.0000	190.0000	35.6913	25.5419
994.0000	22.0000	31.8996	25.5199
994.0000	103.0000	57.4692	0.6163
994.0000	190.0000	35.6913	25.5419
995.0000	22.0000	31.8996	25.5199
995.0000	103.0000	57.4692	0.6163
995.0000	190.0000	35.6913	25.5419
996.0000	22.0000	31.8996	25.5199
996.0000	103.0000	57.4692	0.6163
996.0000	190.0000	35.6913	25.5419
997.0000	22.0000	31.8996	25.5199
997.0000	103.0000	57.4692	0.6163
997.0000	190.0000	35.6913	25.5419
998.0000	22.0000	31.8996	25.5199
998.0000	103.0000	57.4692	0.6163
998.0000	190.0000	35.6913	25.5419
999.0000	22.0000	31.8996	25.5199
999.0000	103.0000	57.4692	0.6163
999.0000	190.0000	35.6913	25.5419
