0.0000	0.0000	49.4238	-24.1212
0.0000	90.0000	0.0402	9.8864
1.0000	0.0000	49.3909	-24.3286
1.0000	90.0000	0.0509	9.6609
2.0000	0.0000	49.3563	-24.5216
2.0000	90.0000	0.0679	9.4704
3.0000	0.0000	49.3136	-24.7055
3.0000	90.0000	0.0848	9.2883
4.0000	0.0000	49.2926	-24.8642
4.0000	90.0000	0.0923	9.0940
5.0000	0.0000	49.2722	-25.0305
5.0000	90.0000	0.0967	8.8799
6.0000	0.0000	49.2565	-25.1994
6.0000	90.0000	0.0981	8.6539
7.0000	0.0000	49.2372	-25.3529
7.0000	90.0000	0.1021	8.4520
8.0000	0.0000	49.2070	-25.5130
8.0000	90.0000	0.1099	8.2589
9.0000	0.0000	49.1847	-25.6669
9.0000	90.0000	0.1149	8.0595
10.0000	0.0000	49.1702	-25.7916
10.0000	90.0000	0.1145	7.8684
11.0000	0.0000	49.1446	-25.9007
11.0000	90.0000	0.1200	7.7157
12.0000	0.0000	49.1196	-25.9942
12.0000	90.0000	0.1247	7.5763
13.0000	0.0000	49.1003	-26.0622
13.0000	90.0000	0.1269	7.4489
14.0000	0.0000	49.0778	-26.1228
14.0000	90.0000	0.1303	7.3354
15.0000	0.0000	49.0572	-26.1792
15.0000	90.0000	0.1328	7.2307
16.0000	0.0000	49.0406	-26.2121
16.0000	90.0000	0.1333	7.1566
17.0000	0.0000	49.0218	-26.1613
17.0000	90.0000	0.1350	7.1773
18.0000	0.0000	49.0090	-25.9813
18.0000	90.0000	0.1339	7.3208
19.0000	0.0000	48.9980	-25.7519
19.0000	90.0000	0.1320	7.5152
20.0000	0.0000	48.9776	-25.5599
20.0000	90.0000	0.1340	7.6901
21.0000	0.0000	48.9625	-25.3870
21.0000	90.0000	0.1339	7.8334
22.0000	0.0000	48.9492	-25.2448
22.0000	90.0000	0.1337	7.9391
23.0000	0.0000	48.9348	-25.1389
23.0000	90.0000	0.1341	8.0173
24.0000	0.0000	48.9223	-25.0586
24.0000	90.0000	0.1336	8.0710
25.0000	0.0000	48.9123	-24.9865
25.0000	90.0000	0.1325	8.1125
26.0000	0.0000	48.9001	-24.8563
26.0000	90.0000	0.1325	8.2164
27.0000	0.0000	48.8919	-24.6052
27.0000	90.0000	0.1308	8.4331
28.0000	0.0000	48.8849	-24.3223
28.0000	90.0000	0.1294	8.5999
29.0000	0.0000	48.8787	-24.0339
29.0000	90.0000	0.1294	8.6004
30.0000	0.0000	48.8731	-23.7401
30.0000	90.0000	0.1293	8.6048
31.0000	0.0000	48.8684	-23.4409
31.0000	90.0000	0.1293	8.6094
32.0000	0.0000	48.8643	-23.1366
32.0000	90.0000	0.1289	8.6530
33.0000	0.0000	48.8612	-22.8278
33.0000	90.0000	0.1285	8.7038
34.0000	0.0000	48.8587	-22.5159
34.0000	90.0000	0.1281	8.7561
35.0000	0.0000	48.8571	-22.2055
35.0000	90.0000	0.1277	8.8059
36.0000	0.0000	48.8565	-21.8973
36.0000	90.0000	0.1272	8.8612
37.0000	0.0000	48.8563	-21.5912
37.0000	90.0000	0.1267	8.9229
38.0000	0.0000	48.8568	-21.2883
38.0000	90.0000	0.1262	8.9898
39.0000	0.0000	48.8579	-20.9934
39.0000	90.0000	0.1256	9.0554
40.0000	0.0000	48.8663	-20.7067
40.0000	90.0000	0.1211	9.0980
41.0000	0.0000	48.8682	-20.4729
41.0000	90.0000	0.1213	9.0528
42.0000	0.0000	48.8685	-20.2832
42.0000	90.0000	0.1226	8.9326
43.0000	0.0000	48.8710	-20.1259
43.0000	90.0000	0.1234	8.7726
44.0000	0.0000	48.8726	-20.0001
44.0000	90.0000	0.1248	8.5776
45.0000	0.0000	48.8756	-19.8991
45.0000	90.0000	0.1258	8.3500
46.0000	0.0000	48.8786	-19.8236
46.0000	90.0000	0.1269	8.0909
47.0000	0.0000	48.8852	-19.7642
47.0000	90.0000	0.1258	7.8053
48.0000	0.0000	48.8919	-19.7196
48.0000	90.0000	0.1249	7.5058
49.0000	0.0000	48.8974	-19.6519
49.0000	90.0000	0.1248	7.2382
50.0000	0.0000	48.9031	-19.5595
50.0000	90.0000	0.1249	6.9996
51.0000	0.0000	48.9088	-19.4601
51.0000	90.0000	0.1250	6.7715
52.0000	0.0000	48.9157	-19.3609
52.0000	90.0000	0.1245	6.5448
53.0000	0.0000	48.9227	-19.2500
53.0000	90.0000	0.1240	6.3343
54.0000	0.0000	48.9297	-19.1266
54.0000	90.0000	0.1236	6.1414
55.0000	0.0000	48.9369	-19.0060
55.0000	90.0000	0.1230	5.9533
56.0000	0.0000	48.9444	-18.8913
56.0000	90.0000	0.1225	5.7685
57.0000	0.0000	48.9518	-18.7699
57.0000	90.0000	0.1219	5.5973
58.0000	0.0000	48.9593	-18.6463
58.0000	90.0000	0.1213	5.4359
59.0000	0.0000	48.9671	-18.5324
59.0000	90.0000	0.1205	5.2731
60.0000	0.0000	48.9750	-18.4190
60.0000	90.0000	0.1196	5.1187
61.0000	0.0000	48.9832	-18.2898
61.0000	90.0000	0.1186	4.9818
62.0000	0.0000	48.9917	-18.1562
62.0000	90.0000	0.1174	4.8482
63.0000	0.0000	49.0006	-18.0276
63.0000	90.0000	0.1162	4.7088
64.0000	0.0000	49.0098	-17.8872
64.0000	90.0000	0.1148	4.5804
65.0000	0.0000	49.0193	-17.7297
65.0000	90.0000	0.1133	4.4677
66.0000	0.0000	49.0291	-17.5699
66.0000	90.0000	0.1116	4.3560
67.0000	0.0000	49.0391	-17.4126
67.0000	90.0000	0.1098	4.2403
68.0000	0.0000	49.0495	-17.2427
68.0000	90.0000	0.1078	4.1365
69.0000	0.0000	49.0602	-17.0614
69.0000	90.0000	0.1058	4.0437
70.0000	0.0000	49.0710	-16.8824
70.0000	90.0000	0.1036	3.9485
71.0000	0.0000	49.0819	-16.6941
71.0000	90.0000	0.1015	3.8634
72.0000	0.0000	49.0921	-16.4493
72.0000	90.0000	0.0996	3.8385
73.0000	0.0000	49.1002	-16.1223
73.0000	90.0000	0.0988	3.9055
74.0000	0.0000	49.1086	-15.7086
74.0000	90.0000	0.0981	4.0587
75.0000	0.0000	49.1170	-15.2908
75.0000	90.0000	0.0976	4.2252
76.0000	0.0000	49.1254	-14.8763
76.0000	90.0000	0.0972	4.3387
77.0000	0.0000	49.1337	-14.4651
77.0000	90.0000	0.0972	4.3401
78.0000	0.0000	49.1418	-14.0568
78.0000	90.0000	0.0971	4.3432
79.0000	0.0000	49.1490	-13.6630
79.0000	90.0000	0.0976	4.3376
80.0000	0.0000	49.1550	-13.3022
80.0000	90.0000	0.0987	4.3088
81.0000	0.0000	49.1639	-12.9669
81.0000	90.0000	0.0980	4.2399
82.0000	0.0000	49.1730	-12.6627
82.0000	90.0000	0.0973	4.1334
83.0000	0.0000	49.1823	-12.3695
83.0000	90.0000	0.0962	4.0089
84.0000	0.0000	49.1919	-12.0820
84.0000	90.0000	0.0951	3.8717
85.0000	0.0000	49.2015	-11.8093
85.0000	90.0000	0.0938	3.7130
86.0000	0.0000	49.2096	-11.6479
86.0000	90.0000	0.0924	3.5384
87.0000	0.0000	49.2139	-11.6886
87.0000	90.0000	0.0909	3.3600
88.0000	0.0000	49.2194	-11.6778
88.0000	90.0000	0.0893	3.1714
89.0000	0.0000	49.2233	-11.7723
89.0000	90.0000	0.0874	2.9676
90.0000	0.0000	49.2256	-11.9455
90.0000	90.0000	0.0857	2.7733
91.0000	0.0000	49.2280	-12.0203
91.0000	90.0000	0.0846	2.6382
92.0000	0.0000	49.2293	-11.9930
92.0000	90.0000	0.0844	2.6027
93.0000	0.0000	49.2305	-11.9231
93.0000	90.0000	0.0843	2.6032
94.0000	0.0000	49.2319	-11.8439
94.0000	90.0000	0.0843	2.6037
95.0000	0.0000	49.2334	-11.7591
95.0000	90.0000	0.0844	2.6040
96.0000	0.0000	49.2350	-11.6753
96.0000	90.0000	0.0844	2.6041
97.0000	0.0000	49.2365	-11.5918
97.0000	90.0000	0.0844	2.6042
98.0000	0.0000	49.2380	-11.5088
98.0000	90.0000	0.0844	2.6042
99.0000	0.0000	49.2396	-11.4262
99.0000	90.0000	0.0844	2.6042
100.0000	0.0000	49.2409	-11.3466
100.0000	90.0000	0.0844	2.6042
101.0000	0.0000	49.2423	-11.2648
101.0000	90.0000	0.0844	2.6043
102.0000	0.0000	49.2427	-11.2429
102.0000	90.0000	0.0844	2.6043
103.0000	0.0000	49.2428	-11.2375
103.0000	90.0000	0.0844	2.6043
104.0000	0.0000	49.2432	-11.2102
104.0000	90.0000	0.0844	2.6043
105.0000	0.0000	49.2438	-11.1732
105.0000	90.0000	0.0844	2.6043
106.0000	0.0000	49.2446	-11.1269
106.0000	90.0000	0.0844	2.6043
107.0000	0.0000	49.2456	-11.0719
107.0000	90.0000	0.0844	2.6043
108.0000	0.0000	49.2467	-11.0080
108.0000	90.0000	0.0844	2.6043
109.0000	0.0000	49.2480	-10.9346
109.0000	90.0000	0.0844	2.6043
110.0000	0.0000	49.2494	-10.8514
110.0000	90.0000	0.0844	2.6043
111.0000	0.0000	49.2510	-10.7587
111.0000	90.0000	0.0844	2.6043
112.0000	0.0000	49.2527	-10.6566
112.0000	90.0000	0.0844	2.6043
113.0000	0.0000	49.2546	-10.5451
113.0000	90.0000	0.0844	2.6043
114.0000	0.0000	49.2567	-10.4245
114.0000	90.0000	0.0844	2.6043
115.0000	0.0000	49.2574	-10.3835
115.0000	90.0000	0.0844	2.6043
116.0000	0.0000	49.2574	-10.3833
116.0000	90.0000	0.0844	2.6043
117.0000	0.0000	49.2574	-10.3809
117.0000	90.0000	0.0844	2.6043
118.0000	0.0000	49.2575	-10.3792
118.0000	90.0000	0.0844	2.6043
119.0000	0.0000	49.2575	-10.3783
119.0000	90.0000	0.0844	2.6043
120.0000	0.0000	49.2577	-10.3634
120.0000	90.0000	0.0844	2.6043
121.0000	0.0000	49.2589	-10.2974
121.0000	90.0000	0.0844	2.6043
122.0000	0.0000	49.2601	-10.2219
122.0000	90.0000	0.0844	2.6043
123.0000	0.0000	49.2616	-10.1374
123.0000	90.0000	0.0844	2.6043
124.0000	0.0000	49.2632	-10.0434
124.0000	90.0000	0.0844	2.6043
125.0000	0.0000	49.2650	-9.9404
125.0000	90.0000	0.0844	2.6043
126.0000	0.0000	49.2668	-9.8285
126.0000	90.0000	0.0844	2.6043
127.0000	0.0000	49.2688	-9.7080
127.0000	90.0000	0.0844	2.6043
128.0000	0.0000	49.2710	-9.5791
128.0000	90.0000	0.0844	2.6043
129.0000	0.0000	49.2733	-9.4422
129.0000	90.0000	0.0844	2.6043
130.0000	0.0000	49.2758	-9.2971
130.0000	90.0000	0.0844	2.6043
131.0000	0.0000	49.2783	-9.1439
131.0000	90.0000	0.0844	2.6043
132.0000	0.0000	49.2809	-8.9827
132.0000	90.0000	0.0844	2.6043
133.0000	0.0000	49.2836	-8.8137
133.0000	90.0000	0.0844	2.6043
134.0000	0.0000	49.2849	-8.7294
134.0000	90.0000	0.0844	2.6043
135.0000	0.0000	49.2849	-8.7312
135.0000	90.0000	0.0844	2.6043
136.0000	0.0000	49.2850	-8.7277
136.0000	90.0000	0.0844	2.6043
137.0000	0.0000	49.2850	-8.7251
137.0000	90.0000	0.0844	2.6043
138.0000	0.0000	49.2850	-8.7236
138.0000	90.0000	0.0844	2.6043
139.0000	0.0000	49.2851	-8.7229
139.0000	90.0000	0.0844	2.6043
140.0000	0.0000	49.2851	-8.7183
140.0000	90.0000	0.0844	2.6043
141.0000	0.0000	49.2858	-8.6782
141.0000	90.0000	0.0844	2.6043
142.0000	0.0000	49.2866	-8.6281
142.0000	90.0000	0.0844	2.6043
143.0000	0.0000	49.2874	-8.5702
143.0000	90.0000	0.0844	2.6043
144.0000	0.0000	49.2885	-8.5040
144.0000	90.0000	0.0844	2.6043
145.0000	0.0000	49.2897	-8.4291
145.0000	90.0000	0.0844	2.6043
146.0000	0.0000	49.2911	-8.3457
146.0000	90.0000	0.0844	2.6043
147.0000	0.0000	49.2925	-8.2539
147.0000	90.0000	0.0844	2.6043
148.0000	0.0000	49.2940	-8.1539
148.0000	90.0000	0.0844	2.6043
149.0000	0.0000	49.2956	-8.0459
149.0000	90.0000	0.0844	2.6043
150.0000	0.0000	49.2974	-7.9299
150.0000	90.0000	0.0844	2.6043
151.0000	0.0000	49.2982	-7.8845
151.0000	90.0000	0.0844	2.6043
152.0000	0.0000	49.2981	-7.8848
152.0000	90.0000	0.0844	2.6043
153.0000	0.0000	49.2982	-7.8818
153.0000	90.0000	0.0844	2.6043
154.0000	0.0000	49.2985	-7.8603
154.0000	90.0000	0.0844	2.6043
155.0000	0.0000	49.2990	-7.8302
155.0000	90.0000	0.0844	2.6043
156.0000	0.0000	49.2996	-7.7991
156.0000	90.0000	0.0844	2.6043
157.0000	0.0000	49.3001	-7.7684
157.0000	90.0000	0.0844	2.6043
158.0000	0.0000	49.3006	-7.7378
158.0000	90.0000	0.0844	2.6043
159.0000	0.0000	49.3012	-7.7072
159.0000	90.0000	0.0844	2.6043
160.0000	0.0000	49.3017	-7.6769
160.0000	90.0000	0.0844	2.6043
161.0000	0.0000	49.3023	-7.6471
161.0000	90.0000	0.0844	2.6043
162.0000	0.0000	49.3029	-7.6113
162.0000	90.0000	0.0844	2.6043
163.0000	0.0000	49.3035	-7.5674
163.0000	90.0000	0.0844	2.6043
164.0000	0.0000	49.3043	-7.5156
164.0000	90.0000	0.0844	2.6043
165.0000	0.0000	49.3052	-7.4561
165.0000	90.0000	0.0844	2.6043
166.0000	0.0000	49.3061	-7.3890
166.0000	90.0000	0.0844	2.6043
167.0000	0.0000	49.3064	-7.3719
167.0000	90.0000	0.0844	2.6043
168.0000	0.0000	49.3064	-7.3716
168.0000	90.0000	0.0844	2.6043
169.0000	0.0000	49.3064	-7.3693
169.0000	90.0000	0.0844	2.6043
170.0000	0.0000	49.3067	-7.3525
170.0000	90.0000	0.0844	2.6043
171.0000	0.0000	49.3071	-7.3277
171.0000	90.0000	0.0844	2.6043
172.0000	0.0000	49.3076	-7.2959
172.0000	90.0000	0.0844	2.6043
173.0000	0.0000	49.3082	-7.2565
173.0000	90.0000	0.0844	2.6043
174.0000	0.0000	49.3089	-7.2096
174.0000	90.0000	0.0844	2.6043
175.0000	0.0000	49.3097	-7.1554
175.0000	90.0000	0.0844	2.6043
176.0000	0.0000	49.3106	-7.0939
176.0000	90.0000	0.0844	2.6043
177.0000	0.0000	49.3117	-7.0272
177.0000	90.0000	0.0844	2.6043
178.0000	0.0000	49.3126	-6.9616
178.0000	90.0000	0.0844	2.6043
179.0000	0.0000	49.3137	-6.8914
179.0000	90.0000	0.0844	2.6043
180.0000	0.0000	49.3140	-6.8707
180.0000	90.0000	0.0844	2.6043
181.0000	0.0000	49.3140	-6.8704
181.0000	90.0000	0.0844	2.6043
182.0000	0.0000	49.3140	-6.8688
182.0000	90.0000	0.0844	2.6043
183.0000	0.0000	49.3140	-6.8678
183.0000	90.0000	0.0844	2.6043
184.0000	0.0000	49.3141	-6.8673
184.0000	90.0000	0.0844	2.6043
185.0000	0.0000	49.3141	-6.8671
185.0000	90.0000	0.0844	2.6043
186.0000	0.0000	49.3142	-6.8617
186.0000	90.0000	0.0844	2.6043
187.0000	0.0000	49.3142	-6.8496
187.0000	90.0000	0.0844	2.6043
188.0000	0.0000	49.3145	-6.8285
188.0000	90.0000	0.0844	2.6043
189.0000	0.0000	49.3150	-6.7993
189.0000	90.0000	0.0844	2.6043
190.0000	0.0000	49.3155	-6.7620
190.0000	90.0000	0.0844	2.6043
191.0000	0.0000	49.3162	-6.7172
191.0000	90.0000	0.0844	2.6043
192.0000	0.0000	49.3170	-6.6653
192.0000	90.0000	0.0844	2.6043
193.0000	0.0000	49.3178	-6.6063
193.0000	90.0000	0.0844	2.6043
194.0000	0.0000	49.3187	-6.5399
194.0000	90.0000	0.0844	2.6043
195.0000	0.0000	49.3198	-6.4660
195.0000	90.0000	0.0844	2.6043
196.0000	0.0000	49.3209	-6.3846
196.0000	90.0000	0.0844	2.6043
197.0000	0.0000	49.3222	-6.2957
197.0000	90.0000	0.0844	2.6043
198.0000	0.0000	49.3235	-6.1996
198.0000	90.0000	0.0844	2.6043
199.0000	0.0000	49.3250	-6.0963
199.0000	90.0000	0.0844	2.6043
200.0000	0.0000	49.3265	-5.9860
200.0000	90.0000	0.0844	2.6043
201.0000	0.0000	49.3282	-5.8688
201.0000	90.0000	0.0844	2.6043
202.0000	0.0000	49.3288	-5.8189
202.0000	90.0000	0.0844	2.6043
203.0000	0.0000	49.3288	-5.8194
203.0000	90.0000	0.0844	2.6043
204.0000	0.0000	49.3289	-5.8170
204.0000	90.0000	0.0844	2.6043
205.0000	0.0000	49.3289	-5.8152
205.0000	90.0000	0.0844	2.6043
206.0000	0.0000	49.3289	-5.8143
206.0000	90.0000	0.0844	2.6043
207.0000	0.0000	49.3289	-5.8138
207.0000	90.0000	0.0844	2.6043
208.0000	0.0000	49.3289	-5.8136
208.0000	90.0000	0.0844	2.6043
209.0000	0.0000	49.3289	-5.8134
209.0000	90.0000	0.0844	2.6043
210.0000	0.0000	49.3289	-5.8134
210.0000	90.0000	0.0844	2.6043
211.0000	0.0000	49.3289	-5.8133
211.0000	90.0000	0.0844	2.6043
212.0000	0.0000	49.3289	-5.8133
212.0000	90.0000	0.0844	2.6043
213.0000	0.0000	49.3289	-5.8133
213.0000	90.0000	0.0844	2.6043
214.0000	0.0000	49.3289	-5.8133
214.0000	90.0000	0.0844	2.6043
215.0000	0.0000	49.3289	-5.8133
215.0000	90.0000	0.0844	2.6043
216.0000	0.0000	49.3289	-5.8133
216.0000	90.0000	0.0844	2.6043
217.0000	0.0000	49.3289	-5.8133
217.0000	90.0000	0.0844	2.6043
218.0000	0.0000	49.3289	-5.8133
218.0000	90.0000	0.0844	2.6043
219.0000	0.0000	49.3289	-5.8133
219.0000	90.0000	0.0844	2.6043
220.0000	0.0000	49.3289	-5.8133
220.0000	90.0000	0.0844	2.6043
221.0000	0.0000	49.3289	-5.8133
221.0000	90.0000	0.0844	2.6043
222.0000	0.0000	49.3289	-5.8133
222.0000	90.0000	0.0844	2.6043
223.0000	0.0000	49.3289	-5.8133
223.0000	90.0000	0.0844	2.6043
224.0000	0.0000	49.3289	-5.8133
224.0000	90.0000	0.0844	2.6043
225.0000	0.0000	49.3289	-5.8133
225.0000	90.0000	0.0844	2.6043
226.0000	0.0000	49.3289	-5.8133
226.0000	90.0000	0.0844	2.6043
227.0000	0.0000	49.3289	-5.8133
227.0000	90.0000	0.0844	2.6043
228.0000	0.0000	49.3289	-5.8133
228.0000	90.0000	0.0844	2.6043
229.0000	0.0000	49.3289	-5.8133
229.0000	90.0000	0.0844	2.6043
230.0000	0.0000	49.3289	-5.8133
230.0000	90.0000	0.0844	2.6043
231.0000	0.0000	49.3289	-5.8133
231.0000	90.0000	0.0844	2.6043
232.0000	0.0000	49.3289	-5.8133
232.0000	90.0000	0.0844	2.6043
233.0000	0.0000	49.3289	-5.8133
233.0000	90.0000	0.0844	2.6043
234.0000	0.0000	49.3289	-5.8133
234.0000	90.0000	0.0844	2.6043
235.0000	0.0000	49.3289	-5.8133
235.0000	90.0000	0.0844	2.6043
236.0000	0.0000	49.3289	-5.8133
236.0000	90.0000	0.0844	2.6043
237.0000	0.0000	49.3289	-5.8133
237.0000	90.0000	0.0844	2.6043
238.0000	0.0000	49.3289	-5.8133
238.0000	90.0000	0.0844	2.6043
239.0000	0.0000	49.3289	-5.8133
239.0000	90.0000	0.0844	2.6043
240.0000	0.0000	49.3289	-5.8133
240.0000	90.0000	0.0844	2.6043
241.0000	0.0000	49.3289	-5.8133
241.0000	90.0000	0.0844	2.6043
242.0000	0.0000	49.3289	-5.8133
242.0000	90.0000	0.0844	2.6043
243.0000	0.0000	49.3289	-5.8133
243.0000	90.0000	0.0844	2.6043
244.0000	0.0000	49.3289	-5.8133
244.0000	90.0000	0.0844	2.6043
245.0000	0.0000	49.3289	-5.8133
245.0000	90.0000	0.0844	2.6043
246.0000	0.0000	49.3289	-5.8133
246.0000	90.0000	0.0844	2.6043
247.0000	0.0000	49.3289	-5.8133
247.0000	90.0000	0.0844	2.6043
248.0000	0.0000	49.3289	-5.8133
248.0000	90.0000	0.0844	2.6043
249.0000	0.0000	49.3289	-5.8133
249.0000	90.0000	0.0844	2.6043
250.0000	0.0000	49.3289	-5.8133
250.0000	90.0000	0.0844	2.6043
251.0000	0.0000	49.3289	-5.8133
251.0000	90.0000	0.0844	2.6043
252.0000	0.0000	49.3289	-5.8133
252.0000	90.0000	0.0844	2.6043
253.0000	0.0000	49.3289	-5.8133
253.0000	90.0000	0.0844	2.6043
254.0000	0.0000	49.3289	-5.8133
254.0000	90.0000	0.0844	2.6043
255.0000	0.0000	49.3289	-5.8133
255.0000	90.0000	0.0844	2.6043
256.0000	0.0000	49.3289	-5.8133
256.0000	90.0000	0.0844	2.6043
257.0000	0.0000	49.3289	-5.8133
257.0000	90.0000	0.0844	2.6043
258.0000	0.0000	49.3289	-5.8133
258.0000	90.0000	0.0844	2.6043
259.0000	0.0000	49.3289	-5.8133
259.0000	90.0000	0.0844	2.6043
260.0000	0.0000	49.3289	-5.8133
260.0000	90.0000	0.0844	2.6043
261.0000	0.0000	49.3289	-5.8133
261.0000	90.0000	0.0844	2.6043
262.0000	0.0000	49.3289	-5.8133
262.0000	90.0000	0.0844	2.6043
263.0000	0.0000	49.3289	-5.8133
263.0000	90.0000	0.0844	2.6043
264.0000	0.0000	49.3289	-5.8133
264.0000	90.0000	0.0844	2.6043
265.0000	0.0000	49.3289	-5.8133
265.0000	90.0000	0.0844	2.6043
266.0000	0.0000	49.3289	-5.8133
266.0000	90.0000	0.0844	2.6043
267.0000	0.0000	49.3289	-5.8133
267.0000	90.0000	0.0844	2.6043
268.0000	0.0000	49.3289	-5.8133
268.0000	90.0000	0.0844	2.6043
269.0000	0.0000	49.3289	-5.8133
269.0000	90.0000	0.0844	2.6043
270.0000	0.0000	49.3289	-5.8133
270.0000	90.0000	0.0844	2.6043
271.0000	0.0000	49.3289	-5.8133
271.0000	90.0000	0.0844	2.6043
272.0000	0.0000	49.3289	-5.8133
272.0000	90.0000	0.0844	2.6043
273.0000	0.0000	49.3289	-5.8133
273.0000	90.0000	0.0844	2.6043
274.0000	0.0000	49.3289	-5.8133
274.0000	90.0000	0.0844	2.6043
275.0000	0.0000	49.3289	-5.8133
275.0000	90.0000	0.0844	2.6043
276.0000	0.0000	49.3289	-5.8133
276.0000	90.0000	0.0844	2.6043
277.0000	0.0000	49.3289	-5.8133
277.0000	90.0000	0.0844	2.6043
278.0000	0.0000	49.3289	-5.8133
278.0000	90.0000	0.0844	2.6043
279.0000	0.0000	49.3289	-5.8133
279.0000	90.0000	0.0844	2.6043
280.0000	0.0000	49.3289	-5.8133
280.0000	90.0000	0.0844	2.6043
281.0000	0.0000	49.3289	-5.8133
281.0000	90.0000	0.0844	2.6043
282.0000	0.0000	49.3289	-5.8133
282.0000	90.0000	0.0844	2.6043
283.0000	0.0000	49.3289	-5.8133
283.0000	90.0000	0.0844	2.6043
284.0000	0.0000	49.3289	-5.8133
284.0000	90.0000	0.0844	2.6043
285.0000	0.0000	49.3289	-5.8133
285.0000	90.0000	0.0844	2.6043
286.0000	0.0000	49.3289	-5.8133
286.0000	90.0000	0.0844	2.6043
287.0000	0.0000	49.3289	-5.8133
287.0000	90.0000	0.0844	2.6043
288.0000	0.0000	49.3289	-5.8133
288.0000	90.0000	0.0844	2.6043
289.0000	0.0000	49.3289	-5.8133
289.0000	90.0000	0.0844	2.6043
290.0000	0.0000	49.3289	-5.8133
290.0000	90.0000	0.0844	2.6043
291.0000	0.0000	49.3289	-5.8133
291.0000	90.0000	0.0844	2.6043
292.0000	0.0000	49.3289	-5.8133
292.0000	90.0000	0.0844	2.6043
293.0000	0.0000	49.3289	-5.8133
293.0000	90.0000	0.0844	2.6043
294.0000	0.0000	49.3289	-5.8133
294.0000	90.0000	0.0844	2.6043
295.0000	0.0000	49.3289	-5.8133
295.0000	90.0000	0.0844	2.6043
296.0000	0.0000	49.3289	-5.8133
296.0000	90.0000	0.0844	2.6043
297.0000	0.0000	49.3289	-5.8133
297.0000	90.0000	0.0844	2.6043
298.0000	0.0000	49.3289	-5.8134
298.0000	90.0000	0.0844	2.6043
299.0000	0.0000	49.3290	-5.8100
299.0000	90.0000	0.0844	2.6043
300.0000	0.0000	49.3290	-5.8095
300.0000	90.0000	0.0844	2.6043
301.0000	0.0000	49.3290	-5.8084
301.0000	90.0000	0.0844	2.6043
302.0000	0.0000	49.3291	-5.7999
302.0000	90.0000	0.0844	2.6043
303.0000	0.0000	49.3293	-5.7836
303.0000	90.0000	0.0844	2.6043
304.0000	0.0000	49.3297	-5.7592
304.0000	90.0000	0.0844	2.6043
305.0000	0.0000	49.3301	-5.7270
305.0000	90.0000	0.0844	2.6043
306.0000	0.0000	49.3308	-5.6866
306.0000	90.0000	0.0844	2.6043
307.0000	0.0000	49.3315	-5.6381
307.0000	90.0000	0.0844	2.6043
308.0000	0.0000	49.3323	-5.5817
308.0000	90.0000	0.0844	2.6043
309.0000	0.0000	49.3332	-5.5176
309.0000	90.0000	0.0844	2.6043
310.0000	0.0000	49.3343	-5.4458
310.0000	90.0000	0.0844	2.6043
311.0000	0.0000	49.3353	-5.3667
311.0000	90.0000	0.0844	2.6043
312.0000	0.0000	49.3365	-5.2802
312.0000	90.0000	0.0844	2.6043
313.0000	0.0000	49.3378	-5.1866
313.0000	90.0000	0.0844	2.6043
314.0000	0.0000	49.3391	-5.0868
314.0000	90.0000	0.0844	2.6043
315.0000	0.0000	49.3405	-4.9801
315.0000	90.0000	0.0844	2.6043
316.0000	0.0000	49.3420	-4.8664
316.0000	90.0000	0.0844	2.6043
317.0000	0.0000	49.3425	-4.8193
317.0000	90.0000	0.0844	2.6043
318.0000	0.0000	49.3425	-4.8197
318.0000	90.0000	0.0844	2.6043
319.0000	0.0000	49.3425	-4.8173
319.0000	90.0000	0.0844	2.6043
320.0000	0.0000	49.3425	-4.8156
320.0000	90.0000	0.0844	2.6043
321.0000	0.0000	49.3426	-4.8142
321.0000	90.0000	0.0844	2.6043
322.0000	0.0000	49.3425	-4.8043
322.0000	90.0000	0.0844	2.6043
323.0000	0.0000	49.3428	-4.7868
323.0000	90.0000	0.0844	2.6043
324.0000	0.0000	49.3432	-4.7616
324.0000	90.0000	0.0844	2.6043
325.0000	0.0000	49.3435	-4.7283
325.0000	90.0000	0.0844	2.6043
326.0000	0.0000	49.3440	-4.6871
326.0000	90.0000	0.0844	2.6043
327.0000	0.0000	49.3446	-4.6379
327.0000	90.0000	0.0844	2.6043
328.0000	0.0000	49.3452	-4.5807
328.0000	90.0000	0.0844	2.6043
329.0000	0.0000	49.3459	-4.5158
329.0000	90.0000	0.0844	2.6043
330.0000	0.0000	49.3468	-4.4434
330.0000	90.0000	0.0844	2.6043
331.0000	0.0000	49.3477	-4.3635
331.0000	90.0000	0.0844	2.6043
332.0000	0.0000	49.3486	-4.2764
332.0000	90.0000	0.0844	2.6043
333.0000	0.0000	49.3498	-4.1821
333.0000	90.0000	0.0844	2.6043
334.0000	0.0000	49.3510	-4.0816
334.0000	90.0000	0.0844	2.6043
335.0000	0.0000	49.3523	-3.9742
335.0000	90.0000	0.0844	2.6043
336.0000	0.0000	49.3537	-3.8599
336.0000	90.0000	0.0844	2.6043
337.0000	0.0000	49.3552	-3.7386
337.0000	90.0000	0.0844	2.6043
338.0000	0.0000	49.3567	-3.6107
338.0000	90.0000	0.0844	2.6043
339.0000	0.0000	49.3582	-3.4761
339.0000	90.0000	0.0844	2.6043
340.0000	0.0000	49.3598	-3.3349
340.0000	90.0000	0.0844	2.6043
341.0000	0.0000	49.3615	-3.1873
341.0000	90.0000	0.0844	2.6043
342.0000	0.0000	49.3633	-3.0333
342.0000	90.0000	0.0844	2.6043
343.0000	0.0000	49.3651	-2.8730
343.0000	90.0000	0.0844	2.6043
344.0000	0.0000	49.3669	-2.7065
344.0000	90.0000	0.0844	2.6043
345.0000	0.0000	49.3689	-2.5340
345.0000	90.0000	0.0844	2.6043
346.0000	0.0000	49.3701	-2.4287
346.0000	90.0000	0.0844	2.6043
347.0000	0.0000	49.3701	-2.4288
347.0000	90.0000	0.0844	2.6043
348.0000	0.0000	49.3702	-2.4254
348.0000	90.0000	0.0844	2.6043
349.0000	0.0000	49.3702	-2.4226
349.0000	90.0000	0.0844	2.6043
350.0000	0.0000	49.3702	-2.4209
350.0000	90.0000	0.0844	2.6043
351.0000	0.0000	49.3702	-2.4197
351.0000	90.0000	0.0844	2.6043
352.0000	0.0000	49.3703	-2.4117
352.0000	90.0000	0.0844	2.6043
353.0000	0.0000	49.3705	-2.3952
353.0000	90.0000	0.0844	2.6043
354.0000	0.0000	49.3707	-2.3711
354.0000	90.0000	0.0844	2.6043
355.0000	0.0000	49.3711	-2.3390
355.0000	90.0000	0.0844	2.6043
356.0000	0.0000	49.3716	-2.2991
356.0000	90.0000	0.0844	2.6043
357.0000	0.0000	49.3721	-2.2517
357.0000	90.0000	0.0844	2.6043
358.0000	0.0000	49.3727	-2.1969
358.0000	90.0000	0.0844	2.6043
359.0000	0.0000	49.3734	-2.1348
359.0000	90.0000	0.0844	2.6043
360.0000	0.0000	49.3742	-2.0652
360.0000	90.0000	0.0844	2.6043
361.0000	0.0000	49.3751	-1.9881
361.0000	90.0000	0.0844	2.6043
362.0000	0.0000	49.3760	-1.9035
362.0000	90.0000	0.0844	2.6043
363.0000	0.0000	49.3771	-1.8115
363.0000	90.0000	0.0844	2.6043
364.0000	0.0000	49.3782	-1.7123
364.0000	90.0000	0.0844	2.6043
365.0000	0.0000	49.3794	-1.6061
365.0000	90.0000	0.0844	2.6043
366.0000	0.0000	49.3799	-1.5638
366.0000	90.0000	0.0844	2.6043
367.0000	0.0000	49.3799	-1.5641
367.0000	90.0000	0.0844	2.6043
368.0000	0.0000	49.3799	-1.5619
368.0000	90.0000	0.0844	2.6043
369.0000	0.0000	49.3799	-1.5598
369.0000	90.0000	0.0844	2.6043
370.0000	0.0000	49.3799	-1.5438
370.0000	90.0000	0.0844	2.6043
371.0000	0.0000	49.3803	-1.5218
371.0000	90.0000	0.0844	2.6043
372.0000	0.0000	49.3806	-1.4913
372.0000	90.0000	0.0844	2.6043
373.0000	0.0000	49.3810	-1.4532
373.0000	90.0000	0.0844	2.6043
374.0000	0.0000	49.3814	-1.4077
374.0000	90.0000	0.0844	2.6043
375.0000	0.0000	49.3819	-1.3549
375.0000	90.0000	0.0844	2.6043
376.0000	0.0000	49.3826	-1.2948
376.0000	90.0000	0.0844	2.6043
377.0000	0.0000	49.3832	-1.2272
377.0000	90.0000	0.0844	2.6043
378.0000	0.0000	49.3840	-1.1521
378.0000	90.0000	0.0844	2.6043
379.0000	0.0000	49.3848	-1.0695
379.0000	90.0000	0.0844	2.6043
380.0000	0.0000	49.3856	-0.9796
380.0000	90.0000	0.0844	2.6043
381.0000	0.0000	49.3865	-0.8823
381.0000	90.0000	0.0844	2.6043
382.0000	0.0000	49.3875	-0.7779
382.0000	90.0000	0.0844	2.6043
383.0000	0.0000	49.3886	-0.6665
383.0000	90.0000	0.0844	2.6043
384.0000	0.0000	49.3897	-0.5482
384.0000	90.0000	0.0844	2.6043
385.0000	0.0000	49.3909	-0.4231
385.0000	90.0000	0.0844	2.6043
386.0000	0.0000	49.3922	-0.2913
386.0000	90.0000	0.0844	2.6043
387.0000	0.0000	49.3936	-0.1529
387.0000	90.0000	0.0844	2.6043
388.0000	0.0000	49.3951	-0.0079
388.0000	90.0000	0.0844	2.6043
389.0000	0.0000	49.3966	0.1434
389.0000	90.0000	0.0844	2.6043
390.0000	0.0000	49.3982	0.3011
390.0000	90.0000	0.0844	2.6043
391.0000	0.0000	49.3998	0.4650
391.0000	90.0000	0.0844	2.6043
392.0000	0.0000	49.4014	0.6350
392.0000	90.0000	0.0844	2.6043
393.0000	0.0000	49.4030	0.8110
393.0000	90.0000	0.0844	2.6043
394.0000	0.0000	49.4047	0.9930
394.0000	90.0000	0.0844	2.6043
395.0000	0.0000	49.4064	1.1809
395.0000	90.0000	0.0844	2.6043
396.0000	0.0000	49.4075	1.3008
396.0000	90.0000	0.0844	2.6043
397.0000	0.0000	49.4079	1.3363
397.0000	90.0000	0.0844	2.6043
398.0000	0.0000	49.4088	1.4321
398.0000	90.0000	0.0844	2.6043
399.0000	0.0000	49.4097	1.5304
399.0000	90.0000	0.0844	2.6043
400.0000	0.0000	49.4107	1.6339
400.0000	90.0000	0.0844	2.6043
401.0000	0.0000	49.4117	1.7441
401.0000	90.0000	0.0844	2.6043
402.0000	0.0000	49.4129	1.8612
402.0000	90.0000	0.0844	2.6043
403.0000	0.0000	49.4141	1.9850
403.0000	90.0000	0.0844	2.6043
404.0000	0.0000	49.4153	2.1156
404.0000	90.0000	0.0844	2.6043
405.0000	0.0000	49.4159	2.1774
405.0000	90.0000	0.0844	2.6043
406.0000	0.0000	49.4160	2.1891
406.0000	90.0000	0.0844	2.6043
407.0000	0.0000	49.4165	2.2516
407.0000	90.0000	0.0844	2.6043
408.0000	0.0000	49.4171	2.3183
408.0000	90.0000	0.0844	2.6043
409.0000	0.0000	49.4177	2.3911
409.0000	90.0000	0.0844	2.6043
410.0000	0.0000	49.4184	2.4709
410.0000	90.0000	0.0844	2.6043
411.0000	0.0000	49.4192	2.5579
411.0000	90.0000	0.0844	2.6043
412.0000	0.0000	49.4201	2.6520
412.0000	90.0000	0.0844	2.6043
413.0000	0.0000	49.4203	2.6849
413.0000	90.0000	0.0844	2.6043
414.0000	0.0000	49.4205	2.6961
414.0000	90.0000	0.0844	2.6043
415.0000	0.0000	49.4208	2.7415
415.0000	90.0000	0.0844	2.6043
416.0000	0.0000	49.4211	2.7925
416.0000	90.0000	0.0844	2.6043
417.0000	0.0000	49.4216	2.8503
417.0000	90.0000	0.0844	2.6043
418.0000	0.0000	49.4221	2.9157
418.0000	90.0000	0.0844	2.6043
419.0000	0.0000	49.4228	2.9885
419.0000	90.0000	0.0844	2.6043
420.0000	0.0000	49.4230	3.0103
420.0000	90.0000	0.0844	2.6043
421.0000	0.0000	49.4230	3.0105
421.0000	90.0000	0.0844	2.6043
422.0000	0.0000	49.4230	3.0120
422.0000	90.0000	0.0844	2.6042
423.0000	0.0000	49.4230	3.0130
423.0000	90.0000	0.0843	2.6058
424.0000	0.0000	49.4230	3.0135
424.0000	90.0000	0.0843	2.6111
425.0000	0.0000	49.4230	3.0138
425.0000	90.0000	0.0844	2.6244
426.0000	0.0000	49.4230	3.0140
426.0000	90.0000	0.0842	2.6476
427.0000	0.0000	49.4230	3.0140
427.0000	90.0000	0.0840	2.6775
428.0000	0.0000	49.4230	3.0141
428.0000	90.0000	0.0838	2.7147
429.0000	0.0000	49.4230	3.0141
429.0000	90.0000	0.0835	2.7590
430.0000	0.0000	49.4230	3.0141
430.0000	90.0000	0.0833	2.8100
431.0000	0.0000	49.4230	3.0141
431.0000	90.0000	0.0830	2.8675
432.0000	0.0000	49.4230	3.0141
432.0000	90.0000	0.0827	2.9315
433.0000	0.0000	49.4230	3.0141
433.0000	90.0000	0.0824	2.9999
434.0000	0.0000	49.4230	3.0141
434.0000	90.0000	0.0821	3.0734
435.0000	0.0000	49.4230	3.0141
435.0000	90.0000	0.0817	3.1531
436.0000	0.0000	49.4230	3.0142
436.0000	90.0000	0.0814	3.2389
437.0000	0.0000	49.4229	3.0102
437.0000	90.0000	0.0810	3.3262
438.0000	0.0000	49.4248	2.9667
438.0000	90.0000	0.0829	3.3997
439.0000	0.0000	49.4256	2.8945
439.0000	90.0000	0.0835	3.4393
440.0000	0.0000	49.4245	2.8017
440.0000	90.0000	0.0823	3.3849
441.0000	0.0000	49.4234	2.6931
441.0000	90.0000	0.0809	3.2670
442.0000	0.0000	49.4225	2.5845
442.0000	90.0000	0.0800	3.1539
443.0000	0.0000	49.4219	2.5717
443.0000	90.0000	0.0793	3.1364
444.0000	0.0000	49.4219	2.5720
444.0000	90.0000	0.0794	3.1371
445.0000	0.0000	49.4219	2.5722
445.0000	90.0000	0.0794	3.1377
446.0000	0.0000	49.4219	2.5724
446.0000	90.0000	0.0794	3.1379
447.0000	0.0000	49.4219	2.5724
447.0000	90.0000	0.0793	3.1418
448.0000	0.0000	49.4219	2.5725
448.0000	90.0000	0.0794	3.1527
449.0000	0.0000	49.4219	2.5726
449.0000	90.0000	0.0793	3.1686
450.0000	0.0000	49.4218	2.5680
450.0000	90.0000	0.0792	3.1886
451.0000	0.0000	49.4200	2.5598
451.0000	90.0000	0.0771	3.1946
452.0000	0.0000	49.4183	2.5119
452.0000	90.0000	0.0751	3.1699
453.0000	0.0000	49.4174	2.4171
453.0000	90.0000	0.0739	3.1135
454.0000	0.0000	49.4165	2.3214
454.0000	90.0000	0.0729	3.0226
455.0000	0.0000	49.4161	2.3133
455.0000	90.0000	0.0725	3.0114
456.0000	0.0000	49.4161	2.3134
456.0000	90.0000	0.0725	3.0123
457.0000	0.0000	49.4161	2.3136
457.0000	90.0000	0.0725	3.0129
458.0000	0.0000	49.4161	2.3138
458.0000	90.0000	0.0725	3.0133
459.0000	0.0000	49.4161	2.3138
459.0000	90.0000	0.0725	3.0134
460.0000	0.0000	49.4161	2.3138
460.0000	90.0000	0.0725	3.0135
461.0000	0.0000	49.4161	2.3139
461.0000	90.0000	0.0725	3.0135
462.0000	0.0000	49.4161	2.3139
462.0000	90.0000	0.0725	3.0135
463.0000	0.0000	49.4161	2.3139
463.0000	90.0000	0.0725	3.0155
464.0000	0.0000	49.4161	2.3139
464.0000	90.0000	0.0725	3.0233
465.0000	0.0000	49.4161	2.3139
465.0000	90.0000	0.0724	3.0365
466.0000	0.0000	49.4161	2.3139
466.0000	90.0000	0.0724	3.0578
467.0000	0.0000	49.4161	2.3139
467.0000	90.0000	0.0723	3.0882
468.0000	0.0000	49.4161	2.3139
468.0000	90.0000	0.0723	3.1257
469.0000	0.0000	49.4161	2.3139
469.0000	90.0000	0.0722	3.1703
470.0000	0.0000	49.4161	2.3140
470.0000	90.0000	0.0721	3.2218
471.0000	0.0000	49.4161	2.3100
471.0000	90.0000	0.0720	3.2754
472.0000	0.0000	49.4176	2.2675
472.0000	90.0000	0.0739	3.3157
473.0000	0.0000	49.4181	2.1957
473.0000	90.0000	0.0745	3.3201
474.0000	0.0000	49.4171	2.1027
474.0000	90.0000	0.0733	3.2921
475.0000	0.0000	49.4160	1.9947
475.0000	90.0000	0.0719	3.2535
476.0000	0.0000	49.4145	1.8756
476.0000	90.0000	0.0701	3.2072
477.0000	0.0000	49.4130	1.7345
477.0000	90.0000	0.0683	3.1435
478.0000	0.0000	49.4116	1.5875
478.0000	90.0000	0.0666	3.0809
479.0000	0.0000	49.4107	1.4881
479.0000	90.0000	0.0654	3.0764
480.0000	0.0000	49.4107	1.4709
480.0000	90.0000	0.0655	3.1684
481.0000	0.0000	49.4107	1.4713
481.0000	90.0000	0.0656	3.2829
482.0000	0.0000	49.4107	1.4718
482.0000	90.0000	0.0658	3.4027
483.0000	0.0000	49.4106	1.4658
483.0000	90.0000	0.0659	3.5204
484.0000	0.0000	49.4130	1.3993
484.0000	90.0000	0.0701	3.6172
485.0000	0.0000	49.4122	1.3374
485.0000	90.0000	0.0692	3.6807
486.0000	0.0000	49.4113	1.2476
486.0000	90.0000	0.0685	3.7207
487.0000	0.0000	49.4102	1.1425
487.0000	90.0000	0.0675	3.7484
488.0000	0.0000	49.4089	1.0159
488.0000	90.0000	0.0660	3.7564
489.0000	0.0000	49.4075	0.8709
489.0000	90.0000	0.0644	3.7477
490.0000	0.0000	49.4061	0.7188
490.0000	90.0000	0.0628	3.7373
491.0000	0.0000	49.4047	0.5577
491.0000	90.0000	0.0611	3.7182
492.0000	0.0000	49.4032	0.3804
492.0000	90.0000	0.0593	3.6983
493.0000	0.0000	49.4015	0.2022
493.0000	90.0000	0.0570	3.6797
494.0000	0.0000	49.4000	0.0244
494.0000	90.0000	0.0552	3.6688
495.0000	0.0000	49.3986	-0.1622
495.0000	90.0000	0.0532	3.6533
496.0000	0.0000	49.3974	-0.3645
496.0000	90.0000	0.0516	3.6292
497.0000	0.0000	49.3961	-0.5612
497.0000	90.0000	0.0496	3.6128
498.0000	0.0000	49.3950	-0.7538
498.0000	90.0000	0.0480	3.6044
499.0000	0.0000	49.3939	-0.9551
499.0000	90.0000	0.0462	3.5892
500.0000	0.0000	49.3928	-1.1629
500.0000	90.0000	0.0443	3.5827
501.0000	0.0000	49.3920	-1.3671
501.0000	90.0000	0.0431	3.5903
502.0000	0.0000	49.3912	-1.5684
502.0000	90.0000	0.0416	3.6032
503.0000	0.0000	49.3904	-1.7824
503.0000	90.0000	0.0400	3.6070
504.0000	0.0000	49.3897	-1.9943
504.0000	90.0000	0.0383	3.6179
505.0000	0.0000	49.3893	-2.1965
505.0000	90.0000	0.0375	3.6484
506.0000	0.0000	49.3889	-2.3978
506.0000	90.0000	0.0363	3.6817
507.0000	0.0000	49.3885	-2.6145
507.0000	90.0000	0.0348	3.7027
508.0000	0.0000	49.3882	-2.8276
508.0000	90.0000	0.0335	3.7280
509.0000	0.0000	49.3880	-3.0297
509.0000	90.0000	0.0328	3.7826
510.0000	0.0000	49.3879	-3.2313
510.0000	90.0000	0.0317	3.8435
511.0000	0.0000	49.3879	-3.4418
511.0000	90.0000	0.0306	3.9001
512.0000	0.0000	49.3878	-3.6128
512.0000	90.0000	0.0300	4.0049
513.0000	0.0000	49.3878	-3.7071
513.0000	90.0000	0.0303	4.1975
514.0000	0.0000	49.3875	-3.7254
514.0000	90.0000	0.0323	4.4816
515.0000	0.0000	49.3876	-3.7248
515.0000	90.0000	0.0338	4.7841
516.0000	0.0000	49.3875	-3.7358
516.0000	90.0000	0.0354	5.0807
517.0000	0.0000	49.3862	-3.8086
517.0000	90.0000	0.0417	5.3506
518.0000	0.0000	49.3864	-3.8849
518.0000	90.0000	0.0425	5.5826
519.0000	0.0000	49.3866	-4.0026
519.0000	90.0000	0.0423	5.7700
520.0000	0.0000	49.3867	-4.1573
520.0000	90.0000	0.0417	5.9268
521.0000	0.0000	49.3868	-4.3343
521.0000	90.0000	0.0410	6.0724
522.0000	0.0000	49.3869	-4.4966
522.0000	90.0000	0.0403	6.1560
523.0000	0.0000	49.3873	-4.6661
523.0000	90.0000	0.0383	6.0767
524.0000	0.0000	49.3876	-4.8501
524.0000	90.0000	0.0368	6.0191
525.0000	0.0000	49.3880	-5.0172
525.0000	90.0000	0.0351	5.9019
526.0000	0.0000	49.3883	-5.1932
526.0000	90.0000	0.0332	5.7164
527.0000	0.0000	49.3886	-5.3921
527.0000	90.0000	0.0316	5.5121
528.0000	0.0000	49.3892	-5.5881
528.0000	90.0000	0.0295	5.3215
529.0000	0.0000	49.3897	-5.7757
529.0000	90.0000	0.0277	5.1253
530.0000	0.0000	49.3902	-5.9685
530.0000	90.0000	0.0260	4.9228
531.0000	0.0000	49.3907	-6.1797
531.0000	90.0000	0.0242	4.7013
532.0000	0.0000	49.3913	-6.3898
532.0000	90.0000	0.0226	4.4811
533.0000	0.0000	49.3919	-6.5865
533.0000	90.0000	0.0211	4.2751
534.0000	0.0000	49.3925	-6.7859
534.0000	90.0000	0.0197	4.0665
535.0000	0.0000	49.3932	-7.0027
535.0000	90.0000	0.0182	3.8401
536.0000	0.0000	49.3937	-7.2202
536.0000	90.0000	0.0172	3.6158
537.0000	0.0000	49.3942	-7.4100
537.0000	90.0000	0.0163	3.4191
538.0000	0.0000	49.3945	-7.5354
538.0000	90.0000	0.0157	3.2898
539.0000	0.0000	49.3945	-7.5623
539.0000	90.0000	0.0157	3.2646
540.0000	0.0000	49.3945	-7.5618
540.0000	90.0000	0.0157	3.2673
541.0000	0.0000	49.3945	-7.5613
541.0000	90.0000	0.0157	3.2746
542.0000	0.0000	49.3945	-7.5610
542.0000	90.0000	0.0158	3.2871
543.0000	0.0000	49.3945	-7.5607
543.0000	90.0000	0.0158	3.3096
544.0000	0.0000	49.3953	-7.5591
544.0000	90.0000	0.0151	3.3324
545.0000	0.0000	49.3914	-7.6249
545.0000	90.0000	0.0190	3.3379
546.0000	0.0000	49.3918	-7.6890
546.0000	90.0000	0.0186	3.3128
547.0000	0.0000	49.3923	-7.7904
547.0000	90.0000	0.0179	3.2560
548.0000	0.0000	49.3926	-7.9103
548.0000	90.0000	0.0174	3.1879
549.0000	0.0000	49.3929	-8.0417
549.0000	90.0000	0.0170	3.1154
550.0000	0.0000	49.3934	-8.1811
550.0000	90.0000	0.0165	3.0397
551.0000	0.0000	49.3945	-8.2655
551.0000	90.0000	0.0158	3.0191
552.0000	0.0000	49.3944	-8.2698
552.0000	90.0000	0.0161	3.0937
553.0000	0.0000	49.3945	-8.2694
553.0000	90.0000	0.0165	3.1789
554.0000	0.0000	49.3944	-8.2690
554.0000	90.0000	0.0172	3.2699
555.0000	0.0000	49.3945	-8.2765
555.0000	90.0000	0.0173	3.2999
556.0000	0.0000	49.3944	-8.3093
556.0000	90.0000	0.0172	3.2677
557.0000	0.0000	49.3939	-8.3847
557.0000	90.0000	0.0175	3.1968
558.0000	0.0000	49.3942	-8.4971
558.0000	90.0000	0.0171	3.0827
559.0000	0.0000	49.3945	-8.6107
559.0000	90.0000	0.0167	2.9665
560.0000	0.0000	49.3944	-8.6300
560.0000	90.0000	0.0167	2.9476
561.0000	0.0000	49.3944	-8.6298
561.0000	90.0000	0.0167	2.9479
562.0000	0.0000	49.3944	-8.6296
562.0000	90.0000	0.0167	2.9482
563.0000	0.0000	49.3944	-8.6294
563.0000	90.0000	0.0167	2.9483
564.0000	0.0000	49.3944	-8.6293
564.0000	90.0000	0.0167	2.9484
565.0000	0.0000	49.3944	-8.6293
565.0000	90.0000	0.0167	2.9485
566.0000	0.0000	49.3944	-8.6293
566.0000	90.0000	0.0167	2.9485
567.0000	0.0000	49.3944	-8.6293
567.0000	90.0000	0.0167	2.9485
568.0000	0.0000	49.3944	-8.6293
568.0000	90.0000	0.0167	2.9485
569.0000	0.0000	49.3944	-8.6293
569.0000	90.0000	0.0167	2.9485
570.0000	0.0000	49.3944	-8.6293
570.0000	90.0000	0.0167	2.9485
571.0000	0.0000	49.3944	-8.6293
571.0000	90.0000	0.0167	2.9485
572.0000	0.0000	49.3944	-8.6293
572.0000	90.0000	0.0167	2.9485
573.0000	0.0000	49.3944	-8.6293
573.0000	90.0000	0.0167	2.9485
574.0000	0.0000	49.3944	-8.6293
574.0000	90.0000	0.0167	2.9484
575.0000	0.0000	49.3944	-8.6293
575.0000	90.0000	0.0167	2.9495
576.0000	0.0000	49.3944	-8.6293
576.0000	90.0000	0.0167	2.9495
577.0000	0.0000	49.3944	-8.6293
577.0000	90.0000	0.0167	2.9494
578.0000	0.0000	49.3944	-8.6293
578.0000	90.0000	0.0167	2.9519
579.0000	0.0000	49.3944	-8.6293
579.0000	90.0000	0.0166	2.9617
580.0000	0.0000	49.3944	-8.6293
580.0000	90.0000	0.0171	2.9762
581.0000	0.0000	49.3944	-8.6293
581.0000	90.0000	0.0172	2.9993
582.0000	0.0000	49.3944	-8.6293
582.0000	90.0000	0.0175	3.0302
583.0000	0.0000	49.3944	-8.6293
583.0000	90.0000	0.0181	3.0683
584.0000	0.0000	49.3944	-8.6293
584.0000	90.0000	0.0185	3.1135
585.0000	0.0000	49.3944	-8.6293
585.0000	90.0000	0.0193	3.1654
586.0000	0.0000	49.3944	-8.6291
586.0000	90.0000	0.0200	3.2240
587.0000	0.0000	49.3945	-8.6333
587.0000	90.0000	0.0216	3.2840
588.0000	0.0000	49.3921	-8.6742
588.0000	90.0000	0.0244	3.3287
589.0000	0.0000	49.3919	-8.7372
589.0000	90.0000	0.0265	3.3415
590.0000	0.0000	49.3922	-8.8398
590.0000	90.0000	0.0292	3.3165
591.0000	0.0000	49.3926	-8.9547
591.0000	90.0000	0.0316	3.2844
592.0000	0.0000	49.3932	-9.0760
592.0000	90.0000	0.0335	3.2503
593.0000	0.0000	49.3938	-9.2205
593.0000	90.0000	0.0356	3.1409
594.0000	0.0000	49.3943	-9.3803
594.0000	90.0000	0.0342	2.9778
595.0000	0.0000	49.3945	-9.4959
595.0000	90.0000	0.0341	2.8618
596.0000	0.0000	49.3944	-9.5189
596.0000	90.0000	0.0343	2.8398
597.0000	0.0000	49.3944	-9.5186
597.0000	90.0000	0.0344	2.8407
598.0000	0.0000	49.3944	-9.5182
598.0000	90.0000	0.0345	2.8424
599.0000	0.0000	49.3944	-9.5180
599.0000	90.0000	0.0345	2.8427
600.0000	0.0000	49.3944	-9.5179
600.0000	90.0000	0.0345	2.8429
601.0000	0.0000	49.3944	-9.5178
601.0000	90.0000	0.0345	2.8429
602.0000	0.0000	49.3944	-9.5178
602.0000	90.0000	0.0344	2.8463
603.0000	0.0000	49.3944	-9.5178
603.0000	90.0000	0.0348	2.8530
604.0000	0.0000	49.3944	-9.5178
604.0000	90.0000	0.0359	2.8679
605.0000	0.0000	49.3944	-9.5178
605.0000	90.0000	0.0356	2.8688
606.0000	0.0000	49.3944	-9.5178
606.0000	90.0000	0.0355	2.8689
607.0000	0.0000	49.3944	-9.5178
607.0000	90.0000	0.0356	2.8691
608.0000	0.0000	49.3944	-9.5178
608.0000	90.0000	0.0356	2.8691
609.0000	0.0000	49.3944	-9.5178
609.0000	90.0000	0.0357	2.8703
610.0000	0.0000	49.3944	-9.5178
610.0000	90.0000	0.0357	2.8703
611.0000	0.0000	49.3944	-9.5178
611.0000	90.0000	0.0357	2.8703
612.0000	0.0000	49.3944	-9.5178
612.0000	90.0000	0.0357	2.8703
613.0000	0.0000	49.3944	-9.5178
613.0000	90.0000	0.0357	2.8703
614.0000	0.0000	49.3944	-9.5178
614.0000	90.0000	0.0357	2.8703
615.0000	0.0000	49.3944	-9.5178
615.0000	90.0000	0.0357	2.8703
616.0000	0.0000	49.3944	-9.5178
616.0000	90.0000	0.0357	2.8703
617.0000	0.0000	49.3944	-9.5178
617.0000	90.0000	0.0357	2.8703
618.0000	0.0000	49.3944	-9.5178
618.0000	90.0000	0.0357	2.8703
619.0000	0.0000	49.3944	-9.5178
619.0000	90.0000	0.0357	2.8703
620.0000	0.0000	49.3944	-9.5178
620.0000	90.0000	0.0357	2.8703
621.0000	0.0000	49.3944	-9.5178
621.0000	90.0000	0.0357	2.8703
622.0000	0.0000	49.3944	-9.5178
622.0000	90.0000	0.0357	2.8703
623.0000	0.0000	49.3944	-9.5178
623.0000	90.0000	0.0357	2.8703
624.0000	0.0000	49.3944	-9.5178
624.0000	90.0000	0.0357	2.8703
625.0000	0.0000	49.3944	-9.5178
625.0000	90.0000	0.0357	2.8702
626.0000	0.0000	49.3944	-9.5178
626.0000	90.0000	0.0358	2.8723
627.0000	0.0000	49.3944	-9.5178
627.0000	90.0000	0.0363	2.8802
628.0000	0.0000	49.3944	-9.5178
628.0000	90.0000	0.0372	2.8956
629.0000	0.0000	49.3944	-9.5178
629.0000	90.0000	0.0383	2.9157
630.0000	0.0000	49.3944	-9.5178
630.0000	90.0000	0.0380	2.9162
631.0000	0.0000	49.3944	-9.5178
631.0000	90.0000	0.0380	2.9165
632.0000	0.0000	49.3944	-9.5178
632.0000	90.0000	0.0380	2.9168
633.0000	0.0000	49.3944	-9.5178
633.0000	90.0000	0.0381	2.9169
634.0000	0.0000	49.3944	-9.5178
634.0000	90.0000	0.0381	2.9170
635.0000	0.0000	49.3944	-9.5178
635.0000	90.0000	0.0381	2.9170
636.0000	0.0000	49.3944	-9.5178
636.0000	90.0000	0.0381	2.9170
637.0000	0.0000	49.3944	-9.5178
637.0000	90.0000	0.0382	2.9195
638.0000	0.0000	49.3944	-9.5178
638.0000	90.0000	0.0383	2.9206
639.0000	0.0000	49.3944	-9.5178
639.0000	90.0000	0.0383	2.9206
640.0000	0.0000	49.3944	-9.5178
640.0000	90.0000	0.0383	2.9206
641.0000	0.0000	49.3944	-9.5178
641.0000	90.0000	0.0383	2.9206
642.0000	0.0000	49.3944	-9.5178
642.0000	90.0000	0.0383	2.9206
643.0000	0.0000	49.3944	-9.5178
643.0000	90.0000	0.0383	2.9206
644.0000	0.0000	49.3944	-9.5178
644.0000	90.0000	0.0383	2.9206
645.0000	0.0000	49.3944	-9.5178
645.0000	90.0000	0.0383	2.9206
646.0000	0.0000	49.3944	-9.5178
646.0000	90.0000	0.0383	2.9206
647.0000	0.0000	49.3944	-9.5178
647.0000	90.0000	0.0383	2.9206
648.0000	0.0000	49.3944	-9.5178
648.0000	90.0000	0.0383	2.9205
649.0000	0.0000	49.3944	-9.5178
649.0000	90.0000	0.0383	2.9226
650.0000	0.0000	49.3944	-9.5178
650.0000	90.0000	0.0384	2.9230
651.0000	0.0000	49.3944	-9.5178
651.0000	90.0000	0.0385	2.9240
652.0000	0.0000	49.3944	-9.5178
652.0000	90.0000	0.0388	2.9298
653.0000	0.0000	49.3944	-9.5178
653.0000	90.0000	0.0396	2.9407
654.0000	0.0000	49.3944	-9.5178
654.0000	90.0000	0.0407	2.9594
655.0000	0.0000	49.3944	-9.5178
655.0000	90.0000	0.0423	2.9848
656.0000	0.0000	49.3944	-9.5178
656.0000	90.0000	0.0422	2.9882
657.0000	0.0000	49.3944	-9.5178
657.0000	90.0000	0.0425	2.9926
658.0000	0.0000	49.3944	-9.5178
658.0000	90.0000	0.0427	2.9942
659.0000	0.0000	49.3944	-9.5178
659.0000	90.0000	0.0428	2.9944
660.0000	0.0000	49.3944	-9.5178
660.0000	90.0000	0.0429	2.9945
661.0000	0.0000	49.3944	-9.5178
661.0000	90.0000	0.0429	2.9993
662.0000	0.0000	49.3944	-9.5178
662.0000	90.0000	0.0438	3.0096
663.0000	0.0000	49.3944	-9.5178
663.0000	90.0000	0.0451	3.0274
664.0000	0.0000	49.3944	-9.5178
664.0000	90.0000	0.0475	3.0517
665.0000	0.0000	49.3944	-9.5178
665.0000	90.0000	0.0494	3.0829
666.0000	0.0000	49.3944	-9.5178
666.0000	90.0000	0.0493	3.0881
667.0000	0.0000	49.3944	-9.5178
667.0000	90.0000	0.0493	3.0884
668.0000	0.0000	49.3944	-9.5178
668.0000	90.0000	0.0494	3.0888
669.0000	0.0000	49.3944	-9.5178
669.0000	90.0000	0.0501	3.0969
670.0000	0.0000	49.3944	-9.5178
670.0000	90.0000	0.0514	3.1120
671.0000	0.0000	49.3944	-9.5178
671.0000	90.0000	0.0512	3.1126
672.0000	0.0000	49.3944	-9.5178
672.0000	90.0000	0.0512	3.1128
673.0000	0.0000	49.3944	-9.5178
673.0000	90.0000	0.0512	3.1129
674.0000	0.0000	49.3944	-9.5178
674.0000	90.0000	0.0513	3.1130
675.0000	0.0000	49.3944	-9.5178
675.0000	90.0000	0.0515	3.1178
676.0000	0.0000	49.3944	-9.5178
676.0000	90.0000	0.0528	3.1273
677.0000	0.0000	49.3944	-9.5178
677.0000	90.0000	0.0542	3.1462
678.0000	0.0000	49.3944	-9.5178
678.0000	90.0000	0.0562	3.1723
679.0000	0.0000	49.3944	-9.5176
679.0000	90.0000	0.0588	3.2056
680.0000	0.0000	49.3945	-9.5218
680.0000	90.0000	0.0621	3.2415
681.0000	0.0000	49.3940	-9.5497
681.0000	90.0000	0.0688	3.2637
682.0000	0.0000	49.3931	-9.6210
682.0000	90.0000	0.0733	3.2517
683.0000	0.0000	49.3933	-9.7236
683.0000	90.0000	0.0806	3.2065
684.0000	0.0000	49.3937	-9.8398
684.0000	90.0000	0.0810	3.1064
685.0000	0.0000	49.3964	-9.9356
685.0000	90.0000	0.0786	2.9933
686.0000	0.0000	49.3983	-9.9416
686.0000	90.0000	0.0780	2.9767
687.0000	0.0000	49.3983	-9.9414
687.0000	90.0000	0.0785	2.9775
688.0000	0.0000	49.3983	-9.9411
688.0000	90.0000	0.0786	2.9780
689.0000	0.0000	49.3983	-9.9410
689.0000	90.0000	0.0787	2.9783
690.0000	0.0000	49.3983	-9.9409
690.0000	90.0000	0.0787	2.9785
691.0000	0.0000	49.3983	-9.9409
691.0000	90.0000	0.0787	2.9785
692.0000	0.0000	49.3983	-9.9408
692.0000	90.0000	0.0787	2.9786
693.0000	0.0000	49.3983	-9.9408
693.0000	90.0000	0.0787	2.9786
694.0000	0.0000	49.3983	-9.9408
694.0000	90.0000	0.0787	2.9785
695.0000	0.0000	49.3983	-9.9408
695.0000	90.0000	0.0788	2.9808
696.0000	0.0000	49.3983	-9.9408
696.0000	90.0000	0.0799	2.9862
697.0000	0.0000	49.3983	-9.9408
697.0000	90.0000	0.0797	2.9869
698.0000	0.0000	49.3983	-9.9408
698.0000	90.0000	0.0797	2.9869
699.0000	0.0000	49.3983	-9.9408
699.0000	90.0000	0.0797	2.9870
700.0000	0.0000	49.3983	-9.9408
700.0000	90.0000	0.0803	2.9920
701.0000	0.0000	49.3983	-9.9408
701.0000	90.0000	0.0817	3.0024
702.0000	0.0000	49.3983	-9.9408
702.0000	90.0000	0.0841	3.0209
703.0000	0.0000	49.3983	-9.9408
703.0000	90.0000	0.0872	3.0454
704.0000	0.0000	49.3983	-9.9408
704.0000	90.0000	0.0910	3.0763
705.0000	0.0000	49.3983	-9.9408
705.0000	90.0000	0.0981	3.1132
706.0000	0.0000	49.3983	-9.9408
706.0000	90.0000	0.1031	3.1570
707.0000	0.0000	49.3983	-9.9408
707.0000	90.0000	0.1041	3.1694
708.0000	0.0000	49.3983	-9.9407
708.0000	90.0000	0.1057	3.1765
709.0000	0.0000	49.3983	-9.9413
709.0000	90.0000	0.1101	3.1994
710.0000	0.0000	49.3982	-9.9429
710.0000	90.0000	0.1147	3.2273
711.0000	0.0000	49.3961	-9.9646
711.0000	90.0000	0.1217	3.2539
712.0000	0.0000	49.3958	-10.0009
712.0000	90.0000	0.1314	3.2601
713.0000	0.0000	49.3967	-10.0719
713.0000	90.0000	0.1308	3.1933
714.0000	0.0000	49.3969	-10.1828
714.0000	90.0000	0.1299	3.0810
715.0000	0.0000	49.3992	-10.2802
715.0000	90.0000	0.1290	2.9700
716.0000	0.0000	49.4002	-10.2902
716.0000	90.0000	0.1290	2.9545
717.0000	0.0000	49.4002	-10.2901
717.0000	90.0000	0.1306	2.9619
718.0000	0.0000	49.4002	-10.2898
718.0000	90.0000	0.1330	2.9750
719.0000	0.0000	49.4002	-10.2897
719.0000	90.0000	0.1369	2.9958
720.0000	0.0000	49.4002	-10.2897
720.0000	90.0000	0.1417	3.0244
721.0000	0.0000	49.4002	-10.2896
721.0000	90.0000	0.1493	3.0598
722.0000	0.0000	49.4002	-10.2896
722.0000	90.0000	0.1496	3.0685
723.0000	0.0000	49.4002	-10.2896
723.0000	90.0000	0.1492	3.0688
724.0000	0.0000	49.4002	-10.2896
724.0000	90.0000	0.1497	3.0693
725.0000	0.0000	49.4002	-10.2864
725.0000	90.0000	0.1502	3.0695
726.0000	0.0000	49.4001	-10.2751
726.0000	90.0000	0.1514	3.0755
727.0000	0.0000	49.3999	-10.2563
727.0000	90.0000	0.1540	3.0889
728.0000	0.0000	49.3998	-10.2287
728.0000	90.0000	0.1576	3.1065
729.0000	0.0000	49.3995	-10.1936
729.0000	90.0000	0.1637	3.1332
730.0000	0.0000	49.3991	-10.1506
730.0000	90.0000	0.1699	3.1675
731.0000	0.0000	49.3987	-10.0995
731.0000	90.0000	0.1797	3.2081
732.0000	0.0000	49.3982	-10.0404
732.0000	90.0000	0.1888	3.2561
733.0000	0.0000	49.3978	-9.9779
733.0000	90.0000	0.2026	3.3052
734.0000	0.0000	49.3969	-9.9306
734.0000	90.0000	0.2173	3.3391
735.0000	0.0000	49.3965	-9.9128
735.0000	90.0000	0.2337	3.3373
736.0000	0.0000	49.3962	-9.9242
736.0000	90.0000	0.2521	3.3029
737.0000	0.0000	49.3957	-9.9438
737.0000	90.0000	0.2732	3.2598
738.0000	0.0000	49.3952	-9.9748
738.0000	90.0000	0.2804	3.1542
739.0000	0.0000	49.3945	-10.0135
739.0000	90.0000	0.2785	3.0053
740.0000	0.0000	49.3939	-10.0012
740.0000	90.0000	0.2797	2.9016
741.0000	0.0000	49.3928	-9.8955
741.0000	90.0000	0.2874	2.9039
742.0000	0.0000	49.3918	-9.7657
742.0000	90.0000	0.2955	2.9306
743.0000	0.0000	49.3909	-9.6292
743.0000	90.0000	0.3054	2.9637
744.0000	0.0000	49.3898	-9.4864
744.0000	90.0000	0.3191	3.0025
745.0000	0.0000	49.3888	-9.3371
745.0000	90.0000	0.3348	3.0476
746.0000	0.0000	49.3877	-9.1816
746.0000	90.0000	0.3503	3.1001
747.0000	0.0000	49.3866	-9.0199
747.0000	90.0000	0.3721	3.1559
748.0000	0.0000	49.3853	-8.8520
748.0000	90.0000	0.3947	3.2158
749.0000	0.0000	49.3840	-8.6780
749.0000	90.0000	0.4010	3.2360
750.0000	0.0000	49.3832	-8.5720
750.0000	90.0000	0.3999	3.2364
751.0000	0.0000	49.3831	-8.5717
751.0000	90.0000	0.4009	3.2372
752.0000	0.0000	49.3831	-8.5683
752.0000	90.0000	0.4019	3.2375
753.0000	0.0000	49.3831	-8.5655
753.0000	90.0000	0.4025	3.2376
754.0000	0.0000	49.3831	-8.5637
754.0000	90.0000	0.4026	3.2378
755.0000	0.0000	49.3832	-8.5679
755.0000	90.0000	0.4040	3.2352
756.0000	0.0000	49.3797	-8.6196
756.0000	90.0000	0.4065	3.2091
757.0000	0.0000	49.3783	-8.6959
757.0000	90.0000	0.4080	3.1437
758.0000	0.0000	49.3822	-8.7526
758.0000	90.0000	0.4051	3.0584
759.0000	0.0000	49.3815	-8.7640
759.0000	90.0000	0.4056	3.0523
760.0000	0.0000	49.3815	-8.7638
760.0000	90.0000	0.4056	3.0525
761.0000	0.0000	49.3815	-8.7637
761.0000	90.0000	0.4056	3.0526
762.0000	0.0000	49.3815	-8.7636
762.0000	90.0000	0.4057	3.0527
763.0000	0.0000	49.3815	-8.7636
763.0000	90.0000	0.4057	3.0527
764.0000	0.0000	49.3815	-8.7636
764.0000	90.0000	0.4057	3.0527
765.0000	0.0000	49.3815	-8.7635
765.0000	90.0000	0.4057	3.0527
766.0000	0.0000	49.3815	-8.7635
766.0000	90.0000	0.4061	3.0548
767.0000	0.0000	49.3815	-8.7635
767.0000	90.0000	0.4088	3.0608
768.0000	0.0000	49.3815	-8.7636
768.0000	90.0000	0.4148	3.0731
769.0000	0.0000	49.3815	-8.7636
769.0000	90.0000	0.4219	3.0915
770.0000	0.0000	49.3815	-8.7636
770.0000	90.0000	0.4318	3.1165
771.0000	0.0000	49.3815	-8.7636
771.0000	90.0000	0.4462	3.1469
772.0000	0.0000	49.3815	-8.7636
772.0000	90.0000	0.4468	3.1532
773.0000	0.0000	49.3815	-8.7636
773.0000	90.0000	0.4491	3.1586
774.0000	0.0000	49.3815	-8.7634
774.0000	90.0000	0.4580	3.1782
775.0000	0.0000	49.3815	-8.7676
775.0000	90.0000	0.4693	3.1958
776.0000	0.0000	49.3809	-8.7967
776.0000	90.0000	0.4818	3.2004
777.0000	0.0000	49.3833	-8.7884
777.0000	90.0000	0.4970	3.2253
778.0000	0.0000	49.3844	-8.7835
778.0000	90.0000	0.5131	3.2637
779.0000	0.0000	49.3923	-8.7533
779.0000	90.0000	0.5304	3.2814
780.0000	0.0000	49.3920	-8.8230
780.0000	90.0000	0.5564	3.2645
781.0000	0.0000	49.3922	-8.9274
781.0000	90.0000	0.5816	3.2177
782.0000	0.0000	49.3923	-9.0274
782.0000	90.0000	0.5910	3.1358
783.0000	0.0000	49.3923	-9.0364
783.0000	90.0000	0.5900	3.1280
784.0000	0.0000	49.3923	-9.0362
784.0000	90.0000	0.5912	3.1289
785.0000	0.0000	49.3923	-9.0360
785.0000	90.0000	0.5923	3.1294
786.0000	0.0000	49.3923	-9.0359
786.0000	90.0000	0.5977	3.1385
787.0000	0.0000	49.3923	-9.0358
787.0000	90.0000	0.6057	3.1539
788.0000	0.0000	49.3922	-9.0357
788.0000	90.0000	0.6062	3.1554
789.0000	0.0000	49.3919	-9.0451
789.0000	90.0000	0.6062	3.1490
790.0000	0.0000	49.3942	-9.0570
790.0000	90.0000	0.6044	3.1200
791.0000	0.0000	49.3902	-9.0975
791.0000	90.0000	0.6075	3.1071
792.0000	0.0000	49.3902	-9.0975
792.0000	90.0000	0.6076	3.1071
793.0000	0.0000	49.3902	-9.0975
793.0000	90.0000	0.6076	3.1071
794.0000	0.0000	49.3902	-9.0975
794.0000	90.0000	0.6077	3.1072
795.0000	0.0000	49.3902	-9.0975
795.0000	90.0000	0.6077	3.1072
796.0000	0.0000	49.3902	-9.0974
796.0000	90.0000	0.6077	3.1072
797.0000	0.0000	49.3902	-9.0974
797.0000	90.0000	0.6077	3.1072
798.0000	0.0000	49.3902	-9.0974
798.0000	90.0000	0.6076	3.1072
799.0000	0.0000	49.3902	-9.0974
799.0000	90.0000	0.6076	3.1072
800.0000	0.0000	49.3902	-9.0974
800.0000	90.0000	0.6076	3.1072
801.0000	0.0000	49.3902	-9.0974
801.0000	90.0000	0.6076	3.1072
802.0000	0.0000	49.3902	-9.0974
802.0000	90.0000	0.6076	3.1072
803.0000	0.0000	49.3902	-9.0974
803.0000	90.0000	0.6076	3.1072
804.0000	0.0000	49.3902	-9.0974
804.0000	90.0000	0.6076	3.1072
805.0000	0.0000	49.3902	-9.0974
805.0000	90.0000	0.6076	3.1072
806.0000	0.0000	49.3902	-9.0974
806.0000	90.0000	0.6076	3.1072
807.0000	0.0000	49.3902	-9.0974
807.0000	90.0000	0.6076	3.1072
808.0000	0.0000	49.3902	-9.0974
808.0000	90.0000	0.6076	3.1071
809.0000	0.0000	49.3902	-9.0974
809.0000	90.0000	0.6085	3.1092
810.0000	0.0000	49.3902	-9.0974
810.0000	90.0000	0.6115	3.1138
811.0000	0.0000	49.3902	-9.0974
811.0000	90.0000	0.6187	3.1274
812.0000	0.0000	49.3902	-9.0974
812.0000	90.0000	0.6290	3.1472
813.0000	0.0000	49.3902	-9.0974
813.0000	90.0000	0.6425	3.1734
814.0000	0.0000	49.3902	-9.0974
814.0000	90.0000	0.6612	3.2046
815.0000	0.0000	49.3902	-9.0974
815.0000	90.0000	0.6806	3.2435
816.0000	0.0000	49.3902	-9.0974
816.0000	90.0000	0.7070	3.2861
817.0000	0.0000	49.3902	-9.0974
817.0000	90.0000	0.7359	3.3345
818.0000	0.0000	49.3902	-9.0974
818.0000	90.0000	0.7643	3.3887
819.0000	0.0000	49.3902	-9.0974
819.0000	90.0000	0.7997	3.4427
820.0000	0.0000	49.3902	-9.0974
820.0000	90.0000	0.8325	3.4953
821.0000	0.0000	49.3902	-9.0974
821.0000	90.0000	0.8678	3.5485
822.0000	0.0000	49.3902	-9.0974
822.0000	90.0000	0.8783	3.5666
823.0000	0.0000	49.3902	-9.0974
823.0000	90.0000	0.8833	3.5747
824.0000	0.0000	49.3902	-9.0974
824.0000	90.0000	0.9043	3.5992
825.0000	0.0000	49.3902	-9.0974
825.0000	90.0000	0.9245	3.6295
826.0000	0.0000	49.3902	-9.0974
826.0000	90.0000	0.9507	3.6632
827.0000	0.0000	49.3902	-9.0974
827.0000	90.0000	0.9778	3.7042
828.0000	0.0000	49.3902	-9.0975
828.0000	90.0000	1.0098	3.7500
829.0000	0.0000	49.3902	-9.0943
829.0000	90.0000	1.0486	3.7987
830.0000	0.0000	49.3901	-9.0838
830.0000	90.0000	1.0901	3.8530
831.0000	0.0000	49.3899	-9.0644
831.0000	90.0000	1.1363	3.9116
832.0000	0.0000	49.3897	-9.0375
832.0000	90.0000	1.1872	3.9743
833.0000	0.0000	49.3894	-9.0023
833.0000	90.0000	1.2464	4.0371
834.0000	0.0000	49.3890	-8.9596
834.0000	90.0000	1.2646	4.0664
835.0000	0.0000	49.3885	-8.9094
835.0000	90.0000	1.2634	4.0679
836.0000	0.0000	49.3884	-8.8990
836.0000	90.0000	1.2653	4.0683
837.0000	0.0000	49.3884	-8.8987
837.0000	90.0000	1.2668	4.0682
838.0000	0.0000	49.3884	-8.8977
838.0000	90.0000	1.2676	4.0681
839.0000	0.0000	49.3884	-8.8958
839.0000	90.0000	1.2679	4.0681
840.0000	0.0000	49.3884	-8.8955
840.0000	90.0000	1.2680	4.0682
841.0000	0.0000	49.3884	-8.8953
841.0000	90.0000	1.2680	4.0682
842.0000	0.0000	49.3884	-8.8950
842.0000	90.0000	1.2680	4.0684
843.0000	0.0000	49.3884	-8.8992
843.0000	90.0000	1.2680	4.0641
844.0000	0.0000	49.3862	-8.9388
844.0000	90.0000	1.2698	4.0394
845.0000	0.0000	49.3852	-9.0098
845.0000	90.0000	1.2714	3.9761
846.0000	0.0000	49.3855	-9.1137
846.0000	90.0000	1.2710	3.8697
847.0000	0.0000	49.3858	-9.2317
847.0000	90.0000	1.2709	3.7504
848.0000	0.0000	49.3857	-9.3600
848.0000	90.0000	1.2709	3.6224
849.0000	0.0000	49.3859	-9.5092
849.0000	90.0000	1.2707	3.4717
850.0000	0.0000	49.3861	-9.6757
850.0000	90.0000	1.2704	3.2999
851.0000	0.0000	49.3862	-9.8395
851.0000	90.0000	1.2702	3.1240
852.0000	0.0000	49.3863	-10.0001
852.0000	90.0000	1.2700	2.9418
853.0000	0.0000	49.3862	-10.1619
853.0000	90.0000	1.2699	2.7515
854.0000	0.0000	49.3859	-10.2716
854.0000	90.0000	1.2698	2.6065
855.0000	0.0000	49.3855	-10.2812
855.0000	90.0000	1.2698	2.5544
856.0000	0.0000	49.3850	-10.2308
856.0000	90.0000	1.2698	2.5546
857.0000	0.0000	49.3846	-10.1727
857.0000	90.0000	1.2699	2.5551
858.0000	0.0000	49.3840	-10.1075
858.0000	90.0000	1.2699	2.5554
859.0000	0.0000	49.3834	-10.0350
859.0000	90.0000	1.2698	2.5556
860.0000	0.0000	49.3828	-9.9549
860.0000	90.0000	1.2698	2.5557
861.0000	0.0000	49.3821	-9.8675
861.0000	90.0000	1.2699	2.5557
862.0000	0.0000	49.3813	-9.7728
862.0000	90.0000	1.2699	2.5557
863.0000	0.0000	49.3804	-9.6709
863.0000	90.0000	1.2699	2.5558
864.0000	0.0000	49.3794	-9.5619
864.0000	90.0000	1.2699	2.5558
865.0000	0.0000	49.3790	-9.5180
865.0000	90.0000	1.2699	2.5558
866.0000	0.0000	49.3791	-9.5183
866.0000	90.0000	1.2699	2.5558
867.0000	0.0000	49.3790	-9.5161
867.0000	90.0000	1.2699	2.5558
868.0000	0.0000	49.3790	-9.5139
868.0000	90.0000	1.2699	2.5558
869.0000	0.0000	49.3789	-9.4983
869.0000	90.0000	1.2699	2.5558
870.0000	0.0000	49.3788	-9.4762
870.0000	90.0000	1.2698	2.5557
871.0000	0.0000	49.3784	-9.4456
871.0000	90.0000	1.2711	2.5574
872.0000	0.0000	49.3781	-9.4073
872.0000	90.0000	1.2761	2.5616
873.0000	0.0000	49.3776	-9.3615
873.0000	90.0000	1.2761	2.5625
874.0000	0.0000	49.3772	-9.3084
874.0000	90.0000	1.2769	2.5636
875.0000	0.0000	49.3766	-9.2480
875.0000	90.0000	1.2817	2.5681
876.0000	0.0000	49.3761	-9.1802
876.0000	90.0000	1.2926	2.5805
877.0000	0.0000	49.3754	-9.1048
877.0000	90.0000	1.2936	2.5826
878.0000	0.0000	49.3746	-9.0220
878.0000	90.0000	1.2946	2.5840
879.0000	0.0000	49.3737	-8.9317
879.0000	90.0000	1.2950	2.5845
880.0000	0.0000	49.3729	-8.8342
880.0000	90.0000	1.2962	2.5855
881.0000	0.0000	49.3719	-8.7296
881.0000	90.0000	1.3000	2.5893
882.0000	0.0000	49.3709	-8.6179
882.0000	90.0000	1.3003	2.5900
883.0000	0.0000	49.3699	-8.4993
883.0000	90.0000	1.3003	2.5901
884.0000	0.0000	49.3688	-8.3739
884.0000	90.0000	1.3003	2.5901
885.0000	0.0000	49.3677	-8.2419
885.0000	90.0000	1.3004	2.5901
886.0000	0.0000	49.3663	-8.1032
886.0000	90.0000	1.3004	2.5901
887.0000	0.0000	49.3650	-7.9580
887.0000	90.0000	1.3004	2.5902
888.0000	0.0000	49.3636	-7.8064
888.0000	90.0000	1.3004	2.5901
889.0000	0.0000	49.3622	-7.6485
889.0000	90.0000	1.3017	2.5921
890.0000	0.0000	49.3608	-7.4844
890.0000	90.0000	1.3071	2.5978
891.0000	0.0000	49.3593	-7.3142
891.0000	90.0000	1.3181	2.6096
892.0000	0.0000	49.3578	-7.1379
892.0000	90.0000	1.3331	2.6266
893.0000	0.0000	49.3562	-6.9557
893.0000	90.0000	1.3528	2.6489
894.0000	0.0000	49.3547	-6.7676
894.0000	90.0000	1.3788	2.6750
895.0000	0.0000	49.3531	-6.5737
895.0000	90.0000	1.4092	2.7062
896.0000	0.0000	49.3514	-6.3741
896.0000	90.0000	1.4426	2.7444
897.0000	0.0000	49.3498	-6.1688
897.0000	90.0000	1.4840	2.7837
898.0000	0.0000	49.3481	-5.9579
898.0000	90.0000	1.5280	2.8271
899.0000	0.0000	49.3464	-5.7415
899.0000	90.0000	1.5734	2.8762
900.0000	0.0000	49.3446	-5.5196
900.0000	90.0000	1.6279	2.9250
901.0000	0.0000	49.3428	-5.2923
901.0000	90.0000	1.6856	2.9789
902.0000	0.0000	49.3410	-5.0597
902.0000	90.0000	1.7514	3.0320
903.0000	0.0000	49.3393	-4.8251
903.0000	90.0000	1.8176	3.0939
904.0000	0.0000	49.3377	-4.5966
904.0000	90.0000	1.8947	3.1468
905.0000	0.0000	49.3361	-4.3897
905.0000	90.0000	1.9717	3.1891
906.0000	0.0000	49.3347	-4.2202
906.0000	90.0000	2.0569	3.1901
907.0000	0.0000	49.3331	-4.0915
907.0000	90.0000	2.1497	3.1520
908.0000	0.0000	49.3315	-3.9759
908.0000	90.0000	2.2420	3.1064
909.0000	0.0000	49.3300	-3.8635
909.0000	90.0000	2.3455	3.0336
910.0000	0.0000	49.3286	-3.7591
910.0000	90.0000	2.4496	2.9426
911.0000	0.0000	49.3270	-3.6263
911.0000	90.0000	2.5568	2.8406
912.0000	0.0000	49.3249	-3.4937
912.0000	90.0000	2.6690	2.7365
913.0000	0.0000	49.3222	-3.2816
913.0000	90.0000	2.7774	2.6215
914.0000	0.0000	49.3170	-2.9835
914.0000	90.0000	2.8795	2.4994
915.0000	0.0000	49.3059	-2.5060
915.0000	90.0000	2.9675	2.3873
916.0000	0.0000	49.2854	-1.9473
916.0000	90.0000	3.0485	2.2846
917.0000	0.0000	49.2506	-1.2540
917.0000	90.0000	3.1244	2.1724
918.0000	0.0000	49.2053	-0.5599
918.0000	90.0000	3.2140	2.1296
919.0000	0.0000	49.1680	-0.0537
919.0000	90.0000	3.3499	2.1411
920.0000	0.0000	49.1485	0.2458
920.0000	90.0000	3.5171	2.2171
921.0000	0.0000	49.1238	0.5964
921.0000	90.0000	3.6884	2.2631
922.0000	0.0000	49.0757	1.1583
922.0000	90.0000	3.8349	2.2911
923.0000	0.0000	49.0209	1.6874
923.0000	90.0000	3.9870	2.2832
924.0000	0.0000	48.9421	2.3600
924.0000	90.0000	4.1232	2.2742
925.0000	0.0000	48.8207	3.2543
925.0000	90.0000	4.2355	2.2609
926.0000	0.0000	48.6605	4.2539
926.0000	90.0000	4.3461	2.2484
927.0000	0.0000	48.4621	5.3249
927.0000	90.0000	4.3833	2.2127
928.0000	0.0000	48.1758	6.6822
928.0000	90.0000	4.2844	2.1673
929.0000	0.0000	47.8700	7.9148
929.0000	90.0000	4.2440	2.1127
930.0000	0.0000	47.4574	9.3903
930.0000	90.0000	4.1661	2.0805
931.0000	0.0000	46.9782	10.8653
931.0000	90.0000	4.0557	2.0682
932.0000	0.0000	46.4370	12.3410
932.0000	90.0000	3.8900	2.0253
933.0000	0.0000	45.7888	13.9316
933.0000	90.0000	3.6772	1.9643
934.0000	0.0000	45.2405	15.1018
934.0000	90.0000	3.5132	1.8627
935.0000	0.0000	44.5031	16.6128
935.0000	90.0000	3.3142	1.7869
936.0000	0.0000	43.7243	18.0550
936.0000	90.0000	3.1180	1.7021
937.0000	0.0000	43.0161	19.2853
937.0000	90.0000	2.9526	1.6450
938.0000	0.0000	42.8088	19.6191
938.0000	90.0000	2.9024	1.6274
939.0000	0.0000	42.8088	19.6196
939.0000	90.0000	2.9024	1.6279
940.0000	0.0000	42.8091	19.6214
940.0000	90.0000	2.9030	1.6285
941.0000	0.0000	42.8093	19.6225
941.0000	90.0000	2.9035	1.6290
942.0000	0.0000	42.8094	19.6231
942.0000	90.0000	2.9036	1.6292
943.0000	0.0000	42.8094	19.6234
943.0000	90.0000	2.9037	1.6293
944.0000	0.0000	42.8094	19.6236
944.0000	90.0000	2.9038	1.6293
945.0000	0.0000	42.8094	19.6236
945.0000	90.0000	2.9038	1.6293
946.0000	0.0000	42.8095	19.6236
946.0000	90.0000	2.9039	1.6294
947.0000	0.0000	42.8095	19.6236
947.0000	90.0000	2.9039	1.6294
948.0000	0.0000	42.8095	19.6236
948.0000	90.0000	2.9039	1.6294
949.0000	0.0000	42.8095	19.6236
949.0000	90.0000	2.9038	1.6293
950.0000	0.0000	42.8095	19.6235
950.0000	90.0000	2.9058	1.6306
951.0000	0.0000	42.8095	19.6235
951.0000	90.0000	2.9108	1.6334
952.0000	0.0000	42.8095	19.6235
952.0000	90.0000	2.9217	1.6411
953.0000	0.0000	42.8095	19.6235
953.0000	90.0000	2.9224	1.6420
954.0000	0.0000	42.8095	19.6235
954.0000	90.0000	2.9225	1.6421
955.0000	0.0000	42.8095	19.6235
955.0000	90.0000	2.9227	1.6421
956.0000	0.0000	42.8095	19.6235
956.0000	90.0000	2.9228	1.6421
957.0000	0.0000	42.8095	19.6235
957.0000	90.0000	2.9228	1.6421
958.0000	0.0000	42.8095	19.6235
958.0000	90.0000	2.9228	1.6422
959.0000	0.0000	42.8095	19.6235
959.0000	90.0000	2.9229	1.6422
960.0000	0.0000	42.8095	19.6235
960.0000	90.0000	2.9229	1.6422
961.0000	0.0000	42.8095	19.6235
961.0000	90.0000	2.9229	1.6422
962.0000	0.0000	42.8095	19.6235
962.0000	90.0000	2.9229	1.6422
963.0000	0.0000	42.8095	19.6235
963.0000	90.0000	2.9229	1.6422
964.0000	0.0000	42.8095	19.6235
964.0000	90.0000	2.9229	1.6422
965.0000	0.0000	42.8095	19.6235
965.0000	90.0000	2.9229	1.6422
966.0000	0.0000	42.8095	19.6235
966.0000	90.0000	2.9229	1.6422
967.0000	0.0000	42.8095	19.6235
967.0000	90.0000	2.9229	1.6422
968.0000	0.0000	42.8095	19.6235
968.0000	90.0000	2.9229	1.6422
969.0000	0.0000	42.8092	19.6241
969.0000	90.0000	2.9229	1.6422
970.0000	0.0000	42.8079	19.6266
970.0000	90.0000	2.9229	1.6422
971.0000	0.0000	42.8028	19.6362
971.0000	90.0000	2.9229	1.6422
972.0000	0.0000	42.7940	19.6535
972.0000	90.0000	2.9229	1.6422
973.0000	0.0000	42.7816	19.6777
973.0000	90.0000	2.9228	1.6421
974.0000	0.0000	42.7653	19.7093
974.0000	90.0000	2.9241	1.6431
975.0000	0.0000	42.7457	19.7476
975.0000	90.0000	2.9290	1.6463
976.0000	0.0000	42.7226	19.7925
976.0000	90.0000	2.9421	1.6553
977.0000	0.0000	42.6962	19.8439
977.0000	90.0000	2.9588	1.6670
978.0000	0.0000	42.6665	19.9018
978.0000	90.0000	2.9820	1.6828
979.0000	0.0000	42.6588	19.9169
979.0000	90.0000	3.0098	1.7018
980.0000	0.0000	42.6549	19.9243
980.0000	90.0000	3.0431	1.7248
981.0000	0.0000	42.6396	19.9542
981.0000	90.0000	3.0822	1.7511
982.0000	0.0000	42.6213	19.9897
982.0000	90.0000	3.1265	1.7814
983.0000	0.0000	42.5997	20.0317
983.0000	90.0000	3.1766	1.8148
984.0000	0.0000	42.5746	20.0806
984.0000	90.0000	3.2320	1.8521
985.0000	0.0000	42.5459	20.1365
985.0000	90.0000	3.2930	1.8924
986.0000	0.0000	42.5138	20.1990
986.0000	90.0000	3.3593	1.9360
987.0000	0.0000	42.4783	20.2682
987.0000	90.0000	3.4307	1.9829
988.0000	0.0000	42.4407	20.3416
988.0000	90.0000	3.5078	2.0323
989.0000	0.0000	42.3816	20.4509
989.0000	90.0000	3.5858	2.0842
990.0000	0.0000	42.1989	20.7592
990.0000	90.0000	3.6420	2.1365
991.0000	0.0000	41.8864	21.2437
991.0000	90.0000	3.6728	2.1732
992.0000	0.0000	41.3530	22.0412
992.0000	90.0000	3.6599	2.2098
993.0000	0.0000	40.6635	23.0271
993.0000	90.0000	3.6195	2.2549
994.0000	0.0000	39.9387	23.9859
994.0000	90.0000	3.5711	2.2936
995.0000	0.0000	39.2525	24.8066
995.0000	90.0000	3.5325	2.3044
996.0000	0.0000	38.2713	25.9695
996.0000	90.0000	3.4028	2.3047
997.0000	0.0000	37.1425	27.2256
997.0000	90.0000	3.1864	2.2695
998.0000	0.0000	36.1901	28.1652
998.0000	90.0000	3.0118	2.1875
999.0000	0.0000	34.9943	29.3048
999.0000	90.0000	2.8055	2.1130
