0.0000	156.0000	-0.5255	68.7543
1.0000	156.0000	-0.4476	68.5953
2.0000	156.0000	-0.4199	68.3882
3.0000	156.0000	-0.4369	68.1413
4.0000	156.0000	-0.4561	67.8615
5.0000	156.0000	-0.4832	67.5541
6.0000	156.0000	-0.5093	67.2209
7.0000	156.0000	-0.5313	66.8706
8.0000	156.0000	-0.5492	66.5112
9.0000	156.0000	-0.5642	66.1367
10.0000	156.0000	-0.5756	65.7483
11.0000	156.0000	-0.5814	65.3475
12.0000	156.0000	-0.5886	64.9388
13.0000	156.0000	-0.5945	64.5348
14.0000	156.0000	-0.5983	64.1365
15.0000	156.0000	-0.5997	63.7430
16.0000	156.0000	-0.6007	63.3528
17.0000	156.0000	-0.6006	62.9716
18.0000	156.0000	-0.5969	62.5602
19.0000	156.0000	-0.5910	62.1180
20.0000	156.0000	-0.5842	61.6499
21.0000	156.0000	-0.5778	61.1593
22.0000	156.0000	-0.5720	60.6485
23.0000	156.0000	-0.5671	60.1193
24.0000	156.0000	-0.5631	59.5729
25.0000	156.0000	-0.5594	59.0105
26.0000	156.0000	-0.5554	58.4322
27.0000	156.0000	-0.5506	57.8352
28.0000	156.0000	-0.5449	57.2327
29.0000	156.0000	-0.5382	56.6193
30.0000	156.0000	-0.5303	55.9934
31.0000	156.0000	-0.5212	55.3550
32.0000	156.0000	-0.5110	54.7060
33.0000	156.0000	-0.5001	54.0603
34.0000	156.0000	-0.4897	53.4200
35.0000	156.0000	-0.4770	52.7862
36.0000	156.0000	-0.4629	52.1582
37.0000	23.0000	65.0999	45.9622
37.0000	156.0000	-0.4484	51.5344
38.0000	23.0000	65.1118	45.1954
38.0000	156.0000	-0.4326	50.8935
39.0000	23.0000	65.1243	44.4038
39.0000	156.0000	-0.4163	50.2360
40.0000	23.0000	65.1377	43.5902
40.0000	156.0000	-0.3994	49.5672
41.0000	23.0000	65.1516	42.7568
41.0000	156.0000	-0.3827	48.8797
42.0000	23.0000	65.1661	41.9050
42.0000	156.0000	-0.3654	48.1815
43.0000	23.0000	65.1809	41.0354
43.0000	156.0000	-0.3476	47.4706
44.0000	23.0000	65.1957	40.1500
44.0000	156.0000	-0.3304	46.7470
45.0000	23.0000	65.2108	39.2477
45.0000	156.0000	-0.3129	46.0107
46.0000	23.0000	65.2259	38.3295
46.0000	156.0000	-0.2954	45.2624
47.0000	23.0000	65.2406	37.3965
47.0000	156.0000	-0.2787	44.5018
48.0000	23.0000	65.2550	36.4485
48.0000	156.0000	-0.2622	43.7295
49.0000	23.0000	65.2690	35.4859
49.0000	156.0000	-0.2464	42.9453
50.0000	23.0000	65.2827	34.5088
50.0000	156.0000	-0.2309	42.1495
51.0000	23.0000	65.2960	33.5178
51.0000	156.0000	-0.2160	41.3423
52.0000	23.0000	65.3086	32.5137
52.0000	156.0000	-0.2021	40.5242
53.0000	23.0000	65.3207	31.5069
53.0000	156.0000	-0.1885	39.7061
54.0000	23.0000	65.3323	30.5034
54.0000	156.0000	-0.1754	38.8938
55.0000	23.0000	65.3440	29.5029
55.0000	50.0000	-74.1678	29.8335
55.0000	156.0000	-0.1626	38.0873
56.0000	23.0000	65.3547	28.5066
56.0000	50.0000	-74.1598	29.1472
56.0000	156.0000	-0.1508	37.2856
57.0000	23.0000	65.3652	27.5127
57.0000	50.0000	-74.1520	28.4658
57.0000	156.0000	-0.1391	36.4875
58.0000	23.0000	65.3749	26.5125
58.0000	50.0000	-74.1448	27.7779
58.0000	156.0000	-0.1283	35.6991
59.0000	23.0000	65.3837	25.5003
59.0000	50.0000	-74.1387	27.0760
59.0000	156.0000	-0.1188	34.9038
60.0000	23.0000	65.3918	24.4764
60.0000	50.0000	-74.1335	26.3613
60.0000	156.0000	-0.1103	34.0992
61.0000	23.0000	65.4299	24.0478
61.0000	50.0000	-74.1290	25.6331
61.0000	156.0000	-0.1030	33.2849
62.0000	23.0000	65.4397	23.3978
62.0000	50.0000	-74.1251	24.8897
62.0000	156.0000	-0.0962	32.4611
63.0000	23.0000	65.3983	22.3925
63.0000	50.0000	-74.1216	24.1510
63.0000	156.0000	-0.0899	31.6276
64.0000	23.0000	65.3352	21.2769
64.0000	50.0000	-74.1186	23.4076
64.0000	156.0000	-0.0842	30.7846
65.0000	23.0000	65.2879	20.0187
65.0000	50.0000	-74.1163	22.6541
65.0000	156.0000	-0.0794	29.9322
66.0000	23.0000	65.3260	18.8358
66.0000	50.0000	-74.1145	21.8902
66.0000	156.0000	-0.0752	29.0702
67.0000	23.0000	65.4066	17.8365
67.0000	50.0000	-74.1130	21.1155
67.0000	156.0000	-0.0718	28.1988
68.0000	23.0000	65.4899	16.8180
68.0000	50.0000	-74.1119	20.3299
68.0000	156.0000	-0.0711	27.3181
69.0000	23.0000	65.4561	15.8664
69.0000	50.0000	-74.1117	19.5315
69.0000	156.0000	-0.0766	26.4277
70.0000	23.0000	65.4418	15.3382
70.0000	50.0000	-74.1122	18.7210
70.0000	156.0000	-0.0946	25.5276
71.0000	23.0000	65.4594	14.7279
71.0000	50.0000	-74.1129	17.8998
71.0000	156.0000	-0.1258	24.6172
72.0000	23.0000	65.4708	14.0266
72.0000	50.0000	-74.1139	17.0678
72.0000	156.0000	-0.1654	23.6967
73.0000	23.0000	65.5369	13.3237
73.0000	50.0000	-74.1151	16.2323
73.0000	156.0000	-0.2309	22.7708
74.0000	23.0000	65.6015	12.6955
74.0000	50.0000	-74.1163	15.4017
74.0000	156.0000	-0.2974	21.8505
75.0000	23.0000	65.7089	12.0561
75.0000	50.0000	-74.1178	14.5762
75.0000	156.0000	-0.4059	20.9273
76.0000	23.0000	65.8626	11.3749
76.0000	50.0000	-74.1199	13.6705
76.0000	156.0000	-0.5049	20.0122
77.0000	23.0000	66.0317	11.0694
77.0000	50.0000	-74.1205	13.2005
77.0000	156.0000	-0.6406	19.5120
78.0000	23.0000	66.2321	11.0898
78.0000	50.0000	-74.0993	13.1385
78.0000	156.0000	-0.7635	19.4049
79.0000	23.0000	66.4440	11.1502
79.0000	50.0000	-74.0899	13.0337
79.0000	156.0000	-0.9444	19.3199
80.0000	23.0000	66.6017	11.1271
80.0000	50.0000	-74.0493	13.0876
80.0000	156.0000	-1.1089	19.2806
81.0000	23.0000	66.5531	10.9493
81.0000	50.0000	-74.0061	13.1166
81.0000	156.0000	-1.2953	19.2437
82.0000	23.0000	66.4313	10.6329
82.0000	50.0000	-73.9677	13.1324
82.0000	156.0000	-1.5201	19.2120
83.0000	23.0000	66.2952	10.3387
83.0000	50.0000	-73.9154	13.2277
83.0000	156.0000	-1.7620	19.1906
84.0000	23.0000	66.1799	10.0407
84.0000	50.0000	-73.8674	13.3621
84.0000	156.0000	-1.9779	19.1469
85.0000	23.0000	66.0367	9.6841
85.0000	50.0000	-73.8894	13.2273
85.0000	156.0000	-2.2730	18.9299
86.0000	23.0000	66.0939	9.6079
86.0000	50.0000	-73.9180	13.1789
86.0000	156.0000	-2.5845	18.7597
87.0000	23.0000	65.9589	9.3000
87.0000	50.0000	-73.9446	13.1485
87.0000	156.0000	-2.8992	18.5840
88.0000	23.0000	65.8904	8.8158
88.0000	50.0000	-73.9793	13.0044
88.0000	156.0000	-3.2670	18.3695
89.0000	23.0000	66.0684	8.5531
89.0000	50.0000	-74.0706	12.8969
89.0000	156.0000	-3.6661	18.1485
90.0000	23.0000	66.3022	8.3281
90.0000	50.0000	-74.1644	12.7544
90.0000	156.0000	-4.0968	17.9200
91.0000	23.0000	66.5630	8.1260
91.0000	50.0000	-74.2796	12.5904
91.0000	156.0000	-4.5619	17.6375
92.0000	23.0000	66.8994	8.1042
92.0000	50.0000	-74.4852	12.3925
92.0000	156.0000	-5.0245	17.3548
93.0000	23.0000	67.3401	7.9820
93.0000	50.0000	-74.6622	12.2275
93.0000	156.0000	-5.4936	17.0287
94.0000	23.0000	67.3709	7.5068
94.0000	50.0000	-74.8385	12.0811
94.0000	156.0000	-5.9954	16.6287
95.0000	23.0000	67.1992	6.9633
95.0000	50.0000	-75.0369	11.9237
95.0000	156.0000	-6.4958	16.2319
96.0000	23.0000	67.0103	6.4160
96.0000	50.0000	-75.2614	11.7498
96.0000	156.0000	-7.0075	15.8164
97.0000	23.0000	66.8593	5.9093
97.0000	50.0000	-75.4855	11.5733
97.0000	156.0000	-7.5381	15.3598
98.0000	23.0000	66.8249	5.8494
98.0000	50.0000	-75.7382	11.3722
98.0000	156.0000	-8.0710	14.9057
99.0000	23.0000	66.7907	5.5326
99.0000	50.0000	-76.0173	11.1322
99.0000	156.0000	-8.6254	14.3948
100.0000	23.0000	66.7664	5.2010
100.0000	50.0000	-76.3310	10.7985
100.0000	156.0000	-9.1962	13.8643
101.0000	23.0000	66.7491	4.9592
101.0000	50.0000	-76.6578	10.3724
101.0000	156.0000	-9.7900	13.2939
102.0000	23.0000	66.6745	4.9191
102.0000	50.0000	-77.0693	9.6125
102.0000	156.0000	-10.4511	12.6540
103.0000	23.0000	66.4568	5.4357
103.0000	50.0000	-77.6029	8.0312
103.0000	156.0000	-11.2780	11.8525
104.0000	23.0000	65.7409	6.7501
104.0000	50.0000	-78.2608	5.5166
104.0000	156.0000	-12.2647	10.8861
105.0000	23.0000	65.1581	6.2170
105.0000	50.0000	-78.6859	5.0416
105.0000	156.0000	-12.8866	10.2389
106.0000	23.0000	64.2850	6.8611
106.0000	50.0000	-79.3175	2.1045
106.0000	156.0000	-13.9062	9.1399
107.0000	23.0000	62.3474	11.2817
107.0000	156.0000	-15.4656	7.1974
108.0000	23.0000	60.2845	15.7610
108.0000	156.0000	-16.8728	5.0617
109.0000	23.0000	58.5575	17.0097
109.0000	156.0000	-17.6028	3.9589
110.0000	23.0000	58.1831	12.4962
110.0000	156.0000	-17.6905	4.2910
111.0000	23.0000	57.4685	9.4445
111.0000	156.0000	-18.0698	4.0524
112.0000	23.0000	56.4729	10.1758
112.0000	156.0000	-18.9242	2.7518
113.0000	23.0000	54.5995	14.5957
113.0000	156.0000	-19.9802	0.3321
114.0000	23.0000	51.8086	19.4473
114.0000	156.0000	-20.7997	-2.2746
115.0000	23.0000	48.6058	21.8693
115.0000	156.0000	-21.3634	-4.4377
116.0000	23.0000	45.6907	23.4287
116.0000	156.0000	-21.7525	-6.8178
117.0000	23.0000	42.8982	26.7096
117.0000	156.0000	-21.8634	-9.6655
118.0000	23.0000	39.1200	30.9355
118.0000	156.0000	-21.4300	-13.1218
119.0000	23.0000	35.4495	34.3192
119.0000	156.0000	-20.6135	-16.2970
120.0000	23.0000	34.8875	34.4517
120.0000	156.0000	-20.7342	-17.6409
121.0000	23.0000	35.0483	33.7733
121.0000	156.0000	-21.2252	-18.5664
122.0000	23.0000	33.6240	34.3817
122.0000	156.0000	-21.1020	-20.3718
123.0000	23.0000	31.5253	35.3014
123.0000	156.0000	-20.5299	-22.5322
124.0000	23.0000	29.9865	35.5925
124.0000	156.0000	-20.2712	-24.3575
125.0000	23.0000	26.1921	37.1138
125.0000	156.0000	-18.6078	-27.1096
126.0000	23.0000	22.0606	38.8097
126.0000	156.0000	-16.5379	-29.8087
127.0000	23.0000	18.8429	39.9576
127.0000	156.0000	-14.7351	-32.0413
128.0000	23.0000	16.7243	40.5114
128.0000	156.0000	-13.4808	-33.8090
129.0000	23.0000	14.8408	40.8765
129.0000	156.0000	-12.2909	-35.4862
130.0000	23.0000	12.4392	41.2493
130.0000	156.0000	-10.6673	-37.2762
131.0000	23.0000	10.7728	41.2558
131.0000	156.0000	-9.6041	-38.8327
132.0000	23.0000	9.2522	41.1571
132.0000	156.0000	-8.5716	-40.3500
133.0000	23.0000	7.9197	40.9726
133.0000	156.0000	-7.6112	-41.8300
134.0000	23.0000	6.8610	40.7162
134.0000	156.0000	-6.8169	-43.2674
135.0000	23.0000	5.8460	40.4321
135.0000	156.0000	-6.0468	-44.6976
136.0000	23.0000	5.0014	40.0588
136.0000	156.0000	-5.4265	-46.1087
137.0000	23.0000	4.2532	39.7023
137.0000	156.0000	-4.8115	-47.5255
138.0000	23.0000	3.6744	39.2799
138.0000	156.0000	-4.3049	-48.9398
139.0000	23.0000	3.1143	38.7731
139.0000	156.0000	-3.8224	-50.3632
140.0000	23.0000	2.6232	38.2475
140.0000	156.0000	-3.4178	-51.7933
141.0000	23.0000	2.2926	37.7291
141.0000	156.0000	-3.1026	-53.2321
142.0000	23.0000	1.9681	37.2129
142.0000	156.0000	-2.7890	-54.6865
143.0000	23.0000	1.6814	36.6707
143.0000	156.0000	-2.5285	-56.1542
144.0000	23.0000	1.4245	36.1002
144.0000	156.0000	-2.3119	-57.6365
145.0000	23.0000	1.1881	35.5112
145.0000	156.0000	-2.0981	-59.1356
146.0000	23.0000	1.0551	34.9129
146.0000	156.0000	-1.9371	-60.6498
147.0000	23.0000	1.0139	34.2938
147.0000	156.0000	-1.7958	-62.1806
148.0000	23.0000	1.0020	33.6630
148.0000	156.0000	-1.6748	-63.7281
149.0000	23.0000	0.9623	33.0238
149.0000	156.0000	-1.5641	-65.2909
150.0000	23.0000	0.9762	32.3657
150.0000	156.0000	-1.4635	-66.8549
151.0000	23.0000	1.0443	31.6972
151.0000	156.0000	-1.3688	-68.4169
152.0000	23.0000	1.0963	31.0458
152.0000	156.0000	-1.2821	-69.9769
153.0000	23.0000	1.1667	30.3871
153.0000	156.0000	-1.2034	-71.5350
154.0000	23.0000	1.2791	29.7086
154.0000	156.0000	-1.1302	-73.0922
155.0000	23.0000	1.4064	29.0121
155.0000	156.0000	-1.0593	-74.6615
156.0000	23.0000	1.5534	28.2849
156.0000	156.0000	-0.9897	-76.2463
157.0000	23.0000	1.7090	27.5406
157.0000	156.0000	-0.9144	-77.8462
158.0000	23.0000	1.8550	26.7871
158.0000	156.0000	-0.8335	-79.4612
159.0000	23.0000	2.0332	25.9894
160.0000	23.0000	2.2302	25.1806
161.0000	23.0000	2.4331	24.3563
162.0000	23.0000	2.6674	23.4854
163.0000	23.0000	2.9131	22.5989
164.0000	23.0000	3.1656	21.6938
165.0000	23.0000	3.4347	20.7542
166.0000	23.0000	3.7164	19.7818
167.0000	23.0000	4.0010	18.7970
168.0000	23.0000	4.2874	17.7902
169.0000	23.0000	4.5816	16.7478
170.0000	23.0000	4.8750	15.6922
171.0000	23.0000	5.1700	14.6068
172.0000	23.0000	5.4220	13.5146
173.0000	23.0000	5.6365	12.4196
174.0000	23.0000	5.7394	11.3515
175.0000	23.0000	5.5209	10.4203
176.0000	23.0000	4.8087	9.7099
177.0000	23.0000	3.9474	9.0460
178.0000	23.0000	3.1079	8.3524
179.0000	23.0000	2.1024	7.6782
180.0000	23.0000	1.2774	6.9082
181.0000	23.0000	0.7236	6.0569
182.0000	23.0000	0.0922	5.1854
183.0000	23.0000	-0.3980	4.2695
184.0000	23.0000	-0.7832	3.3245
185.0000	23.0000	-1.1214	2.3536
186.0000	23.0000	-1.3355	1.3718
187.0000	23.0000	-1.4384	0.3978
188.0000	23.0000	-1.5111	-0.5872
189.0000	23.0000	-1.5154	-1.5623
190.0000	23.0000	-1.7590	-2.8887
191.0000	23.0000	-1.4839	-4.3193
192.0000	23.0000	-0.9663	-5.1376
193.0000	23.0000	-0.9748	-5.5574
194.0000	23.0000	-1.4806	-6.3833
195.0000	23.0000	-1.9343	-7.6978
196.0000	23.0000	-2.0133	-9.2742
197.0000	23.0000	-1.6297	-10.7458
198.0000	23.0000	-1.0284	-11.8342
199.0000	23.0000	-0.6095	-12.5496
200.0000	23.0000	-0.7146	-13.3774
201.0000	23.0000	-1.1504	-14.4947
202.0000	23.0000	-1.3300	-15.8079
203.0000	23.0000	-1.3335	-16.8952
204.0000	23.0000	-1.1626	-17.9126
205.0000	23.0000	-1.0821	-18.8952
206.0000	23.0000	-1.0427	-19.8905
207.0000	23.0000	-0.9658	-20.9046
208.0000	23.0000	-0.8550	-21.9351
209.0000	23.0000	-0.8177	-22.9636
210.0000	23.0000	-0.8230	-24.0036
211.0000	23.0000	-0.7550	-25.0598
212.0000	23.0000	-0.6265	-26.1399
213.0000	23.0000	-0.5291	-27.2255
214.0000	23.0000	-0.4655	-28.3190
215.0000	23.0000	-0.3532	-29.4373
216.0000	23.0000	-0.2328	-30.5700
217.0000	23.0000	-0.1525	-31.7034
218.0000	23.0000	-0.0615	-32.8493
219.0000	23.0000	0.0393	-34.0080
220.0000	23.0000	0.1399	-35.1750
221.0000	23.0000	0.2502	-36.3517
222.0000	23.0000	0.3543	-37.5258
223.0000	23.0000	0.4497	-38.6955
224.0000	23.0000	0.5374	-39.8619
225.0000	23.0000	0.6152	-41.0264
226.0000	23.0000	0.4913	-41.3066
227.0000	23.0000	-0.1014	-42.0117
228.0000	23.0000	-0.6313	-41.9011
229.0000	23.0000	-0.6647	-41.7782
230.0000	23.0000	-0.5424	-42.4445
231.0000	23.0000	-0.9499	-43.5314
232.0000	23.0000	-1.8558	-44.1080
233.0000	23.0000	-2.5535	-43.9543
234.0000	23.0000	-2.6252	-43.8620
235.0000	23.0000	-2.5139	-44.5518
236.0000	23.0000	-2.9148	-45.6861
237.0000	23.0000	-3.8195	-46.3314
238.0000	23.0000	-4.5292	-46.2362
239.0000	23.0000	-4.6110	-46.1743
240.0000	23.0000	-4.4858	-46.8872
241.0000	23.0000	-4.8573	-48.0678
242.0000	23.0000	-5.7409	-48.7821
243.0000	23.0000	-6.4437	-48.7480
244.0000	23.0000	-6.5166	-48.7197
245.0000	23.0000	-6.3953	-49.5183
246.0000	23.0000	-6.4713	-50.9837
247.0000	23.0000	-6.5118	-52.4661
248.0000	23.0000	-7.0502	-52.8623
249.0000	23.0000	-7.2701	-53.8793
250.0000	23.0000	-6.9989	-55.9583
251.0000	23.0000	-7.2327	-57.0158
252.0000	23.0000	-7.6746	-57.4534
253.0000	23.0000	-7.6025	-58.9699
254.0000	23.0000	-7.8900	-60.4520
255.0000	23.0000	-8.0111	-62.0077
256.0000	23.0000	-8.0650	-63.6301
257.0000	23.0000	-8.0568	-65.2898
258.0000	23.0000	-7.9871	-66.9484
259.0000	23.0000	-7.8687	-68.6220
260.0000	23.0000	-7.7425	-70.3730
261.0000	23.0000	-7.6191	-72.1914
262.0000	23.0000	-7.5007	-74.0345
263.0000	23.0000	-7.3568	-75.9061
264.0000	23.0000	-7.2014	-77.7788
265.0000	23.0000	-6.9749	-79.6468
657.0000	104.0000	-2.3720	-79.7900
658.0000	104.0000	-2.3765	-79.0546
659.0000	104.0000	-2.3865	-78.3184
660.0000	104.0000	-2.3934	-77.5815
661.0000	104.0000	-2.4058	-76.8438
662.0000	104.0000	-2.4144	-76.1056
663.0000	104.0000	-2.4241	-75.3670
664.0000	104.0000	-2.4345	-74.6281
665.0000	104.0000	-2.4386	-73.8891
666.0000	104.0000	-2.4491	-73.1494
667.0000	104.0000	-2.4563	-72.4095
668.0000	104.0000	-2.4666	-71.6691
669.0000	104.0000	-2.4718	-70.9288
670.0000	104.0000	-2.4837	-70.1879
671.0000	104.0000	-2.4805	-69.4472
672.0000	104.0000	-2.4872	-68.7062
673.0000	104.0000	-2.4967	-67.9648
674.0000	104.0000	-2.4946	-67.2238
675.0000	104.0000	-2.4985	-66.4824
676.0000	104.0000	-2.5020	-65.7407
677.0000	104.0000	-2.4982	-64.9994
678.0000	104.0000	-2.4956	-64.2570
679.0000	104.0000	-2.4965	-63.5152
680.0000	104.0000	-2.5000	-62.7733
681.0000	104.0000	-2.4968	-62.0317
682.0000	104.0000	-2.4924	-61.2899
683.0000	104.0000	-2.4923	-60.5478
684.0000	104.0000	-2.4900	-59.8056
685.0000	104.0000	-2.4846	-59.0633
686.0000	104.0000	-2.4799	-58.3209
687.0000	104.0000	-2.4678	-57.5787
688.0000	104.0000	-2.4596	-56.8367
689.0000	104.0000	-2.4523	-56.0947
690.0000	104.0000	-2.4438	-55.3526
691.0000	104.0000	-2.4386	-54.6104
692.0000	104.0000	-2.4566	-53.8750
693.0000	104.0000	-2.4485	-53.1350
693.0000	23.0000	-2.9785	-79.7049
694.0000	104.0000	-2.4109	-52.3950
694.0000	23.0000	-2.9482	-79.4024
695.0000	104.0000	-2.3917	-51.6538
695.0000	23.0000	-2.9458	-79.0989
696.0000	104.0000	-2.3656	-50.9125
696.0000	23.0000	-2.9331	-78.7958
697.0000	104.0000	-2.3559	-50.1702
697.0000	23.0000	-2.9470	-78.4919
698.0000	104.0000	-2.3382	-49.4283
698.0000	23.0000	-2.9485	-78.1886
699.0000	104.0000	-2.3175	-48.6858
699.0000	23.0000	-2.9453	-77.8853
700.0000	104.0000	-2.3057	-47.9433
700.0000	23.0000	-2.9574	-77.5820
701.0000	104.0000	-2.2932	-47.2011
701.0000	23.0000	-2.9688	-77.2790
702.0000	104.0000	-2.2739	-46.4598
702.0000	23.0000	-2.9683	-76.9770
703.0000	104.0000	-2.2551	-45.7178
703.0000	23.0000	-2.9696	-76.6747
704.0000	104.0000	-2.2332	-44.9755
704.0000	23.0000	-2.9658	-76.3726
705.0000	104.0000	-2.2211	-44.2324
705.0000	23.0000	-2.9795	-76.0697
706.0000	104.0000	-2.2016	-43.4899
706.0000	23.0000	-2.9809	-75.7678
707.0000	104.0000	-2.1806	-42.7467
707.0000	23.0000	-2.9791	-75.4657
708.0000	104.0000	-2.1541	-42.0048
708.0000	23.0000	-2.9674	-75.1650
709.0000	104.0000	-2.1374	-41.2626
709.0000	23.0000	-2.9742	-74.8638
710.0000	104.0000	-2.1209	-40.5203
710.0000	23.0000	-2.9821	-74.5625
711.0000	104.0000	-2.1030	-39.7781
711.0000	23.0000	-2.9878	-74.2617
712.0000	104.0000	-2.0797	-39.0363
712.0000	23.0000	-2.9834	-73.9615
713.0000	104.0000	-2.0606	-38.2940
713.0000	23.0000	-2.9875	-73.6610
714.0000	104.0000	-2.0441	-37.5513
714.0000	23.0000	-2.9971	-73.3603
715.0000	104.0000	-2.0272	-36.8082
715.0000	23.0000	-3.0068	-73.0595
716.0000	104.0000	-2.0073	-36.0657
716.0000	23.0000	-3.0107	-72.7595
717.0000	104.0000	-1.9828	-35.3242
717.0000	23.0000	-3.0047	-72.4603
718.0000	104.0000	-1.9648	-34.5823
718.0000	23.0000	-3.0133	-72.1608
719.0000	104.0000	-1.9396	-33.8407
719.0000	23.0000	-3.0063	-71.8619
720.0000	104.0000	-1.9157	-33.0987
720.0000	23.0000	-3.0027	-71.5629
721.0000	104.0000	-1.8924	-32.3573
721.0000	23.0000	-3.0004	-71.2645
722.0000	104.0000	-1.8777	-31.6202
722.0000	23.0000	-3.0189	-70.9708
723.0000	104.0000	-1.8721	-30.8852
723.0000	23.0000	-3.0606	-70.6785
724.0000	104.0000	-1.8568	-30.1532
724.0000	23.0000	-3.0805	-70.3895
725.0000	104.0000	-1.8406	-29.4232
725.0000	23.0000	-3.1006	-70.1024
726.0000	104.0000	-1.8162	-28.6851
726.0000	23.0000	-3.1009	-69.8067
727.0000	104.0000	-1.7994	-27.9457
727.0000	23.0000	-3.0275	-69.4035
728.0000	104.0000	-1.7968	-27.2144
728.0000	23.0000	-2.8778	-69.0439
729.0000	104.0000	-1.7744	-26.4740
729.0000	23.0000	-2.8002	-68.7040
730.0000	104.0000	-1.7493	-25.7322
730.0000	23.0000	-2.8773	-68.4376
731.0000	104.0000	-1.7237	-24.9898
731.0000	23.0000	-2.9402	-68.0859
732.0000	104.0000	-1.7001	-24.2471
732.0000	23.0000	-3.0027	-67.6034
733.0000	104.0000	-1.6746	-23.5048
733.0000	23.0000	-3.0922	-67.3449
734.0000	104.0000	-1.6465	-22.7629
734.0000	23.0000	-3.2067	-66.9529
735.0000	104.0000	-1.6229	-22.0201
735.0000	23.0000	-3.3203	-66.5779
736.0000	104.0000	-1.5946	-21.2776
736.0000	23.0000	-3.3728	-66.2215
737.0000	104.0000	-1.5685	-20.5355
737.0000	23.0000	-3.3940	-65.8508
738.0000	104.0000	-1.5402	-19.7939
738.0000	23.0000	-3.3420	-65.3527
739.0000	104.0000	-1.5152	-19.0515
739.0000	23.0000	-3.3813	-64.6850
740.0000	104.0000	-1.4891	-18.3089
740.0000	23.0000	-3.4399	-63.9788
741.0000	104.0000	-1.4602	-17.5662
741.0000	23.0000	-3.4530	-63.2460
742.0000	104.0000	-1.4187	-16.8247
742.0000	23.0000	-3.4079	-62.5363
743.0000	104.0000	-1.3863	-16.0834
743.0000	23.0000	-3.3919	-61.8338
744.0000	104.0000	-1.3573	-15.3415
744.0000	23.0000	-3.3706	-61.1363
745.0000	104.0000	-1.3275	-14.5996
745.0000	23.0000	-3.3497	-60.4451
746.0000	104.0000	-1.3000	-13.8571
746.0000	23.0000	-3.3487	-59.7582
747.0000	104.0000	-1.2713	-13.1150
747.0000	23.0000	-3.3457	-59.0759
748.0000	104.0000	-1.2419	-12.3727
748.0000	23.0000	-3.3346	-58.3978
749.0000	104.0000	-1.2124	-11.6305
749.0000	23.0000	-3.3126	-57.7240
750.0000	104.0000	-1.1819	-10.8884
750.0000	23.0000	-3.2729	-57.0556
751.0000	104.0000	-1.1508	-10.1467
751.0000	23.0000	-3.2187	-56.3922
752.0000	104.0000	-1.1205	-9.4047
752.0000	23.0000	-3.1653	-55.7327
753.0000	104.0000	-1.0900	-8.6632
753.0000	23.0000	-3.1143	-55.0768
754.0000	104.0000	-1.0592	-7.9319
754.0000	23.0000	-3.0690	-54.4350
755.0000	104.0000	-1.0265	-7.1952
755.0000	23.0000	-3.0049	-53.7897
756.0000	104.0000	-0.9951	-6.4549
756.0000	23.0000	-2.9545	-53.1434
757.0000	104.0000	-0.9633	-5.7139
757.0000	23.0000	-2.9052	-52.4994
758.0000	104.0000	-1.0127	-5.0482
758.0000	23.0000	-2.8612	-51.8577
759.0000	104.0000	-1.5129	-4.9708
759.0000	23.0000	-2.5622	-51.2929
760.0000	104.0000	-1.9970	-4.5516
760.0000	23.0000	-6.0410	-50.4734
761.0000	104.0000	-2.0781	-4.0693
761.0000	23.0000	-8.0409	-49.5734
762.0000	104.0000	-2.0089	-3.4398
762.0000	23.0000	-8.0687	-48.9621
763.0000	104.0000	-2.0196	-2.7235
763.0000	23.0000	-7.9070	-48.3618
764.0000	104.0000	-2.1452	-2.0659
764.0000	23.0000	-7.7978	-47.7504
765.0000	104.0000	-2.3389	-1.5951
765.0000	23.0000	-7.7174	-47.1522
766.0000	104.0000	-2.5359	-1.3258
766.0000	23.0000	-7.6566	-46.5567
767.0000	104.0000	-2.6372	-1.2484
767.0000	23.0000	-7.6002	-45.9662
768.0000	104.0000	-2.6235	-1.3098
768.0000	23.0000	-7.5483	-45.3822
769.0000	104.0000	-2.6073	-1.3747
769.0000	23.0000	-7.5137	-44.8020
770.0000	104.0000	-2.5893	-1.4424
770.0000	23.0000	-7.4772	-44.2282
771.0000	104.0000	-2.5687	-1.5097
771.0000	23.0000	-7.4406	-43.6589
772.0000	104.0000	-2.5243	-1.5713
772.0000	23.0000	-7.4067	-43.0923
773.0000	104.0000	-2.4643	-1.6505
773.0000	23.0000	-7.3713	-42.5272
774.0000	104.0000	-2.4004	-1.7571
774.0000	23.0000	-7.3414	-41.9651
775.0000	104.0000	-2.3329	-1.8866
775.0000	23.0000	-7.3059	-41.4032
776.0000	104.0000	-2.2576	-2.0419
776.0000	23.0000	-7.2554	-40.8417
777.0000	104.0000	-2.1687	-2.2268
777.0000	23.0000	-7.2112	-40.2799
778.0000	104.0000	-1.8128	-2.5604
778.0000	23.0000	-7.1647	-39.7224
779.0000	104.0000	-1.2561	-2.5691
779.0000	23.0000	-7.1785	-39.1581
780.0000	104.0000	-1.2905	-2.5988
780.0000	23.0000	-7.3074	-38.5699
781.0000	104.0000	-1.2941	-2.6131
781.0000	23.0000	-7.2774	-38.0173
782.0000	104.0000	-1.2627	-2.6232
782.0000	23.0000	-7.1893	-37.4799
783.0000	104.0000	-1.2477	-2.6170
783.0000	23.0000	-7.1129	-36.9355
784.0000	104.0000	-1.2353	-2.6224
784.0000	23.0000	-7.0077	-36.3959
785.0000	104.0000	-1.2319	-2.6363
785.0000	23.0000	-6.9202	-35.8554
786.0000	104.0000	-1.2306	-2.6458
786.0000	23.0000	-6.8145	-35.3227
787.0000	104.0000	-1.2431	-2.6603
787.0000	23.0000	-6.7247	-34.7895
788.0000	104.0000	-1.3973	-2.6974
788.0000	23.0000	-6.7222	-34.2811
789.0000	104.0000	-1.4082	-2.8806
789.0000	23.0000	-6.6835	-33.8262
790.0000	104.0000	-1.3101	-3.0433
790.0000	23.0000	-6.5484	-33.4295
791.0000	104.0000	-1.3163	-2.9196
791.0000	23.0000	-7.1374	-32.8863
792.0000	104.0000	-1.4978	-1.6926
792.0000	23.0000	-8.4726	-30.9718
793.0000	104.0000	-1.4910	-0.8904
793.0000	23.0000	-9.9059	-29.2109
794.0000	104.0000	-1.4415	-0.2887
794.0000	23.0000	-9.5937	-28.1674
795.0000	104.0000	-1.7918	0.4818
795.0000	23.0000	-9.5602	-27.1215
796.0000	104.0000	-1.6300	0.8253
796.0000	23.0000	-9.2932	-26.2792
797.0000	104.0000	-1.4063	0.8896
797.0000	23.0000	-9.0437	-25.5355
798.0000	104.0000	-1.2260	0.6952
798.0000	23.0000	-8.8576	-24.8605
799.0000	104.0000	-1.2074	0.3617
799.0000	23.0000	-8.6877	-24.2611
800.0000	104.0000	-1.6602	0.2956
800.0000	23.0000	-8.5188	-23.7086
801.0000	104.0000	-1.9937	0.3432
801.0000	23.0000	-8.3497	-23.1969
802.0000	104.0000	-1.9746	0.4259
802.0000	23.0000	-8.1816	-22.7332
803.0000	104.0000	-1.9345	0.4975
803.0000	23.0000	-8.0144	-22.3055
804.0000	104.0000	-1.8998	0.5335
804.0000	23.0000	-7.8482	-21.9099
805.0000	104.0000	-1.8478	0.5208
805.0000	23.0000	-7.6824	-21.5450
806.0000	104.0000	-1.7952	0.4493
806.0000	23.0000	-7.5174	-21.2100
807.0000	104.0000	-1.7599	0.3712
807.0000	23.0000	-7.3533	-20.9042
808.0000	104.0000	-1.7060	0.2804
808.0000	23.0000	-7.1900	-20.6271
809.0000	104.0000	-1.6376	0.1624
809.0000	23.0000	-7.0464	-20.3751
810.0000	104.0000	-1.5921	0.0335
810.0000	23.0000	-6.8940	-20.1438
811.0000	104.0000	-1.5183	-0.1179
811.0000	23.0000	-6.7205	-19.9205
812.0000	104.0000	-1.4550	-0.2562
812.0000	23.0000	-6.5508	-19.6952
813.0000	104.0000	-1.3755	-0.3925
813.0000	23.0000	-6.3804	-19.4704
814.0000	104.0000	-1.3014	-0.5195
814.0000	23.0000	-6.2089	-19.2467
815.0000	104.0000	-1.2451	-0.5944
815.0000	23.0000	-6.0425	-18.9946
816.0000	104.0000	-1.3691	-0.5295
816.0000	23.0000	-5.5177	-18.7513
817.0000	104.0000	-1.2571	-0.5865
817.0000	23.0000	-5.1549	-18.4508
818.0000	104.0000	-1.2459	-0.5601
818.0000	23.0000	-4.7639	-18.1575
819.0000	104.0000	-1.2987	-0.4469
819.0000	23.0000	-4.4192	-17.8370
820.0000	104.0000	-1.4359	-0.1542
820.0000	23.0000	-4.3006	-17.3476
821.0000	104.0000	-1.8891	0.0036
821.0000	23.0000	-4.1649	-16.8145
822.0000	104.0000	-1.9799	0.0487
822.0000	23.0000	-4.0499	-16.3011
823.0000	104.0000	-2.0145	0.3212
823.0000	23.0000	-3.8527	-15.4991
824.0000	104.0000	-2.0361	0.4924
824.0000	23.0000	-3.7672	-14.7175
825.0000	104.0000	-1.8434	0.5892
825.0000	23.0000	-3.6149	-14.0174
826.0000	104.0000	-1.5826	0.4961
826.0000	23.0000	-3.4690	-13.3642
827.0000	104.0000	-1.3323	0.4965
827.0000	23.0000	-3.3326	-12.7493
828.0000	104.0000	-1.2793	0.5653
828.0000	23.0000	-3.2010	-12.1708
829.0000	104.0000	-1.2966	0.6751
829.0000	23.0000	-3.0735	-11.6230
830.0000	104.0000	-1.6210	0.5998
830.0000	23.0000	-2.9479	-11.0992
831.0000	104.0000	-1.7146	0.7410
831.0000	23.0000	-2.8244	-10.5817
832.0000	104.0000	-1.7302	0.8646
832.0000	23.0000	-2.7013	-10.0650
833.0000	104.0000	-1.6827	0.9891
833.0000	23.0000	-2.5779	-9.5491
834.0000	104.0000	-1.6000	1.1313
834.0000	23.0000	-2.4549	-9.0339
835.0000	104.0000	-1.5411	1.2861
835.0000	23.0000	-2.3312	-8.5204
836.0000	104.0000	-1.5874	1.4864
836.0000	23.0000	-2.2099	-8.0200
837.0000	104.0000	-1.6325	1.6856
837.0000	23.0000	-2.0913	-7.5646
838.0000	104.0000	-1.6981	1.9289
838.0000	23.0000	-1.9740	-7.1474
839.0000	104.0000	-1.7245	1.9864
839.0000	23.0000	-1.8571	-6.7628
840.0000	104.0000	-1.7551	2.0410
840.0000	23.0000	-1.7400	-6.4090
841.0000	104.0000	-1.7427	1.9421
841.0000	23.0000	-1.6222	-6.0850
842.0000	104.0000	-1.6863	1.7477
842.0000	23.0000	-1.5030	-5.7901
843.0000	104.0000	-1.5514	1.5713
843.0000	23.0000	-1.3824	-5.5238
844.0000	104.0000	-1.0971	1.3028
844.0000	23.0000	-1.2555	-5.2893
845.0000	104.0000	-1.1901	0.9455
845.0000	23.0000	-1.1191	-5.0895
846.0000	104.0000	-1.2791	0.6802
846.0000	23.0000	-1.0414	-4.9540
847.0000	104.0000	-1.1864	0.7506
847.0000	23.0000	-1.2562	-5.0702
848.0000	104.0000	-0.9429	0.9124
848.0000	23.0000	-1.4710	-4.4389
849.0000	104.0000	-0.9675	0.9319
849.0000	23.0000	-1.6347	-3.8482
850.0000	104.0000	-1.0588	0.8889
850.0000	23.0000	-1.6396	-3.4904
851.0000	104.0000	-1.0677	0.8515
851.0000	23.0000	-1.6275	-3.2190
852.0000	104.0000	-1.2275	0.8172
852.0000	23.0000	-1.5178	-2.8893
853.0000	104.0000	-1.4523	0.8068
853.0000	23.0000	-1.4267	-2.6453
854.0000	104.0000	-1.4594	0.8603
854.0000	23.0000	-1.5196	-2.5078
855.0000	104.0000	-1.3860	0.9195
855.0000	23.0000	-1.5855	-2.4451
856.0000	104.0000	-1.2114	1.0628
856.0000	23.0000	-1.6120	-2.4743
857.0000	104.0000	-1.2177	1.4159
857.0000	23.0000	-1.5859	-2.4823
858.0000	104.0000	-1.0250	1.5080
858.0000	23.0000	-1.5623	-2.4649
859.0000	104.0000	-1.4013	1.3171
859.0000	23.0000	-1.6739	-2.5989
860.0000	104.0000	-1.5607	1.3807
860.0000	23.0000	-1.7474	-2.6781
861.0000	104.0000	-1.6553	1.4918
861.0000	23.0000	-1.7785	-2.7083
862.0000	104.0000	-1.6890	1.5829
862.0000	23.0000	-1.7375	-2.7332
863.0000	104.0000	-1.6876	1.6202
863.0000	23.0000	-1.6885	-2.7315
864.0000	104.0000	-1.6912	1.6558
864.0000	23.0000	-1.6580	-2.6831
865.0000	104.0000	-1.7024	1.6915
865.0000	23.0000	-1.6779	-2.5802
866.0000	104.0000	-1.7126	1.5944
866.0000	23.0000	-1.7212	-2.4353
867.0000	104.0000	-1.4777	1.7479
867.0000	23.0000	-1.7554	-2.2774
868.0000	104.0000	-1.2877	1.9298
868.0000	23.0000	-1.7734	-2.1254
869.0000	104.0000	-1.2275	2.0439
869.0000	23.0000	-1.7753	-1.9822
870.0000	104.0000	-1.2142	2.1366
870.0000	23.0000	-1.7704	-1.8548
871.0000	104.0000	-1.1984	2.2287
871.0000	23.0000	-1.7759	-1.7194
872.0000	104.0000	-1.1806	2.3439
872.0000	23.0000	-1.7516	-1.7057
873.0000	104.0000	-1.4727	2.1761
873.0000	23.0000	-1.7303	-1.7417
874.0000	104.0000	-1.4833	2.1798
874.0000	23.0000	-1.7296	-1.7455
875.0000	104.0000	-1.4320	2.1505
875.0000	23.0000	-1.7412	-1.7045
876.0000	104.0000	-1.2408	2.1132
876.0000	23.0000	-1.7579	-1.6344
877.0000	104.0000	-1.0299	2.1657
877.0000	23.0000	-1.7765	-1.5416
878.0000	104.0000	-1.1018	2.2421
878.0000	23.0000	-1.7854	-1.4907
879.0000	104.0000	-1.2769	2.1732
879.0000	23.0000	-1.7906	-1.5027
880.0000	104.0000	-1.2691	2.0876
880.0000	23.0000	-1.7901	-1.5585
881.0000	104.0000	-1.3875	2.1020
881.0000	23.0000	-1.7996	-1.6164
882.0000	104.0000	-1.6152	2.2564
882.0000	23.0000	-1.7790	-1.6910
883.0000	104.0000	-1.6444	2.3440
883.0000	23.0000	-1.7434	-1.7792
884.0000	104.0000	-1.3872	2.4336
884.0000	23.0000	-1.7123	-1.8445
885.0000	104.0000	-1.4949	2.1303
885.0000	23.0000	-1.6969	-1.8649
886.0000	104.0000	-1.4569	2.0895
886.0000	23.0000	-1.7210	-1.8179
887.0000	104.0000	-1.3790	2.0470
887.0000	23.0000	-1.7781	-1.7672
888.0000	104.0000	-1.2477	2.0093
888.0000	23.0000	-1.8015	-1.7240
889.0000	104.0000	-1.1383	2.1166
889.0000	23.0000	-1.8225	-1.7021
890.0000	104.0000	-1.0762	2.2958
890.0000	23.0000	-1.8200	-1.7136
891.0000	104.0000	-1.2462	1.9120
891.0000	23.0000	-1.7875	-1.7368
892.0000	104.0000	-1.4643	1.8058
892.0000	23.0000	-1.7094	-1.7302
893.0000	104.0000	-1.7076	1.8215
893.0000	23.0000	-1.7179	-1.5409
894.0000	104.0000	-1.8661	1.9500
894.0000	23.0000	-1.7957	-1.2726
895.0000	104.0000	-1.9590	2.1122
895.0000	23.0000	-1.8258	-1.1231
896.0000	104.0000	-1.9786	2.2710
896.0000	23.0000	-1.8151	-1.0643
897.0000	104.0000	-1.7179	2.2305
897.0000	23.0000	-1.7822	-1.0709
898.0000	104.0000	-1.3900	2.3114
898.0000	23.0000	-1.7219	-1.0837
899.0000	104.0000	-1.3409	2.3661
899.0000	23.0000	-1.6163	-1.0958
900.0000	104.0000	-1.2452	2.3757
900.0000	23.0000	-1.5926	-1.0573
901.0000	104.0000	-1.2029	2.3686
901.0000	23.0000	-1.5916	-0.9674
902.0000	104.0000	-1.1900	2.3618
902.0000	23.0000	-1.5875	-0.9006
903.0000	104.0000	-1.3356	2.2927
903.0000	23.0000	-1.5942	-0.8618
904.0000	104.0000	-1.4584	2.3810
904.0000	23.0000	-1.6304	-0.8214
905.0000	104.0000	-1.5046	2.5258
905.0000	23.0000	-1.6650	-0.7700
906.0000	104.0000	-1.8982	2.4590
906.0000	23.0000	-1.6773	-0.7358
907.0000	104.0000	-1.9737	2.6121
907.0000	23.0000	-1.6843	-0.6983
908.0000	104.0000	-1.9825	2.7948
908.0000	23.0000	-1.6949	-0.6792
909.0000	104.0000	-1.8164	2.9944
909.0000	23.0000	-1.7014	-0.6667
910.0000	104.0000	-1.4414	3.0622
910.0000	23.0000	-1.7043	-0.6463
911.0000	104.0000	-1.3386	3.0904
911.0000	23.0000	-1.6974	-0.6244
912.0000	104.0000	-1.3234	3.1387
912.0000	23.0000	-1.6836	-0.5996
913.0000	104.0000	-1.3185	3.2053
913.0000	23.0000	-1.6953	-0.5475
914.0000	104.0000	-1.2674	3.2749
914.0000	23.0000	-1.7123	-0.4482
915.0000	104.0000	-1.2708	3.3047
915.0000	23.0000	-1.7212	-0.3305
916.0000	104.0000	-1.3087	3.3482
916.0000	23.0000	-1.6899	-0.1946
917.0000	104.0000	-1.2828	3.3754
917.0000	23.0000	-1.6704	-0.2540
918.0000	104.0000	-1.2548	3.3561
918.0000	23.0000	-1.4665	-0.3905
919.0000	104.0000	-1.2369	3.3320
919.0000	23.0000	-1.3959	-0.4397
920.0000	104.0000	-1.2314	3.3189
920.0000	23.0000	-1.3832	-0.4613
921.0000	104.0000	-1.2294	3.3239
921.0000	23.0000	-1.3590	-0.4595
922.0000	104.0000	-1.2798	3.3261
922.0000	23.0000	-1.3739	-0.4162
923.0000	104.0000	-1.4885	3.2132
923.0000	23.0000	-1.3762	-0.2724
924.0000	104.0000	-1.7915	3.0562
924.0000	23.0000	-1.3678	-0.2346
925.0000	104.0000	-1.8362	3.0614
925.0000	23.0000	-1.3220	-0.1222
926.0000	104.0000	-1.8892	3.1110
926.0000	23.0000	-1.3198	0.0324
927.0000	104.0000	-1.9005	3.1718
927.0000	23.0000	-1.3622	0.0736
928.0000	104.0000	-1.8302	3.2614
928.0000	23.0000	-1.4677	0.0430
929.0000	104.0000	-1.6054	3.3897
929.0000	23.0000	-1.3788	0.0051
930.0000	104.0000	-1.2489	3.4150
930.0000	23.0000	-1.2094	0.0181
931.0000	104.0000	-1.2143	3.4939
931.0000	23.0000	-1.0655	0.0867
932.0000	104.0000	-1.1853	3.6050
932.0000	23.0000	-1.1536	0.0783
933.0000	104.0000	-1.2143	3.6491
933.0000	23.0000	-1.2886	0.1702
934.0000	104.0000	-1.7161	3.6898
934.0000	23.0000	-1.3715	0.3039
935.0000	104.0000	-1.8363	3.6494
935.0000	23.0000	-1.4240	0.3365
936.0000	104.0000	-1.8834	3.5478
936.0000	23.0000	-1.4694	0.3570
937.0000	104.0000	-1.9116	3.4424
937.0000	23.0000	-1.4738	0.3609
938.0000	104.0000	-2.0076	3.3240
938.0000	23.0000	-1.5353	0.3015
939.0000	104.0000	-2.0372	3.2275
939.0000	23.0000	-1.3982	0.2915
940.0000	104.0000	-2.0551	3.1191
940.0000	23.0000	-1.2806	0.2167
941.0000	104.0000	-2.1563	3.0408
941.0000	23.0000	-1.2941	0.2488
942.0000	104.0000	-2.3199	2.9368
942.0000	23.0000	-1.3808	0.2610
943.0000	104.0000	-2.4202	2.8280
943.0000	23.0000	-1.4190	0.2877
944.0000	104.0000	-2.4994	2.6985
944.0000	23.0000	-1.4170	0.3103
945.0000	104.0000	-2.5913	2.5363
945.0000	23.0000	-1.3115	0.3270
946.0000	104.0000	-2.6440	2.3030
946.0000	23.0000	-1.0550	0.3739
947.0000	104.0000	-2.5286	1.8242
947.0000	23.0000	-1.1399	0.1278
948.0000	104.0000	-2.2627	1.1763
948.0000	23.0000	-1.2233	0.0755
949.0000	104.0000	-2.1800	0.5104
949.0000	23.0000	-1.2714	0.0480
950.0000	104.0000	-2.1067	0.3553
950.0000	23.0000	-1.2562	0.0965
951.0000	104.0000	-1.9964	0.3686
951.0000	23.0000	-1.0745	0.2512
952.0000	104.0000	-1.8724	0.4075
952.0000	23.0000	-0.9550	0.4558
953.0000	104.0000	-1.8418	0.3997
953.0000	23.0000	-1.1228	0.1200
954.0000	104.0000	-1.8240	0.4266
954.0000	23.0000	-1.1939	0.1603
955.0000	104.0000	-1.8001	0.4998
955.0000	23.0000	-1.1107	0.1629
956.0000	104.0000	-1.6949	0.5645
956.0000	23.0000	-1.0101	0.5490
957.0000	104.0000	-1.8570	0.9628
957.0000	23.0000	-1.4128	0.5186
958.0000	104.0000	-1.9139	1.1501
958.0000	23.0000	-1.8384	0.7366
959.0000	104.0000	-1.6539	0.8258
959.0000	23.0000	-1.8773	0.4404
960.0000	104.0000	-1.5293	0.7028
960.0000	23.0000	-2.4744	-0.0518
961.0000	104.0000	-1.5333	0.6859
961.0000	23.0000	-3.1564	0.0578
962.0000	104.0000	-1.5351	0.7101
962.0000	23.0000	-3.2362	0.0878
963.0000	104.0000	-1.5587	0.3847
963.0000	23.0000	-3.5255	-0.4614
964.0000	104.0000	-1.6819	0.3624
964.0000	23.0000	-4.2967	-0.6690
965.0000	104.0000	-1.7274	0.3427
965.0000	23.0000	-4.6641	-0.4610
966.0000	104.0000	-1.6824	0.2886
966.0000	23.0000	-4.7175	-0.8126
967.0000	104.0000	-1.5906	0.2216
967.0000	23.0000	-5.2984	-1.3246
968.0000	104.0000	-1.6129	0.2036
968.0000	23.0000	-5.9053	-1.1829
969.0000	104.0000	-1.7011	0.1092
969.0000	23.0000	-5.9652	-1.1648
970.0000	104.0000	-1.7112	0.0317
970.0000	23.0000	-6.2400	-1.7017
971.0000	104.0000	-1.6575	-0.0366
971.0000	23.0000	-6.9552	-1.8565
972.0000	104.0000	-1.5613	-0.0921
972.0000	23.0000	-7.1458	-2.0142
973.0000	104.0000	-1.5371	-0.1438
973.0000	23.0000	-7.2527	-2.1677
974.0000	104.0000	-1.5869	-0.1767
974.0000	23.0000	-7.2480	-2.3257
975.0000	104.0000	-1.6474	-0.1793
975.0000	23.0000	-7.1340	-2.4751
976.0000	104.0000	-1.6878	-0.1749
976.0000	23.0000	-6.9839	-2.6002
977.0000	104.0000	-1.7000	-0.1691
977.0000	23.0000	-6.8317	-2.7039
978.0000	104.0000	-1.6832	-0.1626
978.0000	23.0000	-6.6326	-2.7795
979.0000	104.0000	-1.6432	-0.1554
979.0000	23.0000	-6.4888	-2.8201
980.0000	104.0000	-1.6061	-0.1485
980.0000	23.0000	-6.3519	-2.8700
981.0000	104.0000	-1.5928	-0.1412
981.0000	23.0000	-6.1855	-2.9283
982.0000	104.0000	-1.5874	-0.1132
982.0000	23.0000	-6.0075	-3.0390
983.0000	104.0000	-1.4979	-0.1087
983.0000	23.0000	-5.8398	-3.1689
984.0000	104.0000	-1.4462	-0.1040
984.0000	23.0000	-5.6847	-3.2842
985.0000	104.0000	-1.3780	-0.0875
985.0000	23.0000	-5.5614	-3.4548
986.0000	104.0000	-1.3362	-0.0740
986.0000	23.0000	-5.3711	-3.6082
987.0000	104.0000	-1.3367	-0.0677
987.0000	23.0000	-5.1540	-3.7146
988.0000	104.0000	-1.2814	-0.0634
988.0000	23.0000	-4.9616	-3.8519
989.0000	104.0000	-1.2342	-0.0669
989.0000	23.0000	-4.8073	-4.0434
990.0000	104.0000	-1.2199	-0.0720
990.0000	23.0000	-4.7102	-4.2704
991.0000	104.0000	-1.2025	-0.0798
991.0000	23.0000	-4.6399	-4.5186
992.0000	104.0000	-1.1703	-0.0792
992.0000	23.0000	-4.4955	-4.7431
993.0000	104.0000	-1.1175	-0.0638
993.0000	23.0000	-4.3099	-4.9519
994.0000	104.0000	-1.0426	-0.0339
994.0000	23.0000	-4.1597	-5.1975
995.0000	104.0000	-0.9950	-0.0250
995.0000	23.0000	-4.0442	-5.4472
996.0000	104.0000	-0.9319	-0.0055
996.0000	23.0000	-3.9448	-5.6917
997.0000	104.0000	-0.8964	0.0112
997.0000	23.0000	-3.8466	-5.9430
998.0000	104.0000	-0.8572	0.0435
998.0000	23.0000	-3.7429	-6.1926
999.0000	104.0000	-0.7421	0.1188
999.0000	23.0000	-3.6436	-6.4384
