0.0000	156.0000	-3.7223	24.3309
1.0000	156.0000	-3.7223	24.3309
2.0000	156.0000	-3.7223	24.3309
3.0000	156.0000	-3.7223	24.3309
4.0000	156.0000	-3.7223	24.3309
5.0000	156.0000	-3.7223	24.3309
6.0000	156.0000	-3.7223	24.3309
7.0000	156.0000	-3.7223	24.3309
8.0000	156.0000	-3.7223	24.3309
9.0000	156.0000	-3.7223	24.3309
10.0000	156.0000	-3.7223	24.3311
11.0000	156.0000	-3.7223	24.3273
12.0000	156.0000	-3.7304	24.3039
13.0000	156.0000	-3.7450	24.2479
14.0000	156.0000	-3.7442	24.1589
15.0000	156.0000	-3.7439	24.0325
16.0000	156.0000	-3.7443	23.8738
17.0000	156.0000	-3.7449	23.6872
18.0000	156.0000	-3.7457	23.4721
19.0000	156.0000	-3.7467	23.2290
20.0000	156.0000	-3.7480	22.9618
21.0000	156.0000	-3.7495	22.6809
22.0000	156.0000	-3.7512	22.3902
23.0000	156.0000	-3.7531	22.0882
24.0000	156.0000	-3.7552	21.7757
25.0000	156.0000	-3.7576	21.4518
26.0000	156.0000	-3.7601	21.1093
27.0000	156.0000	-3.7630	20.7436
28.0000	156.0000	-3.7659	20.3559
29.0000	156.0000	-3.7691	19.9512
30.0000	156.0000	-3.7724	19.5320
31.0000	156.0000	-3.7760	19.0986
32.0000	156.0000	-3.7798	18.6518
33.0000	156.0000	-3.7836	18.1933
34.0000	156.0000	-3.7876	17.7249
35.0000	156.0000	-3.7918	17.2474
36.0000	156.0000	-3.7960	16.7603
37.0000	156.0000	-3.8005	16.2573
38.0000	156.0000	-3.8048	15.7336
39.0000	156.0000	-3.8091	15.1872
40.0000	156.0000	-3.8130	14.6178
41.0000	156.0000	-3.8173	14.0271
42.0000	156.0000	-3.8214	13.4182
43.0000	156.0000	-3.8255	12.7935
44.0000	156.0000	-3.8295	12.1552
45.0000	156.0000	-3.8335	11.5057
46.0000	156.0000	-3.8373	10.8548
47.0000	156.0000	-3.8415	10.2046
48.0000	156.0000	-3.8453	9.5554
49.0000	156.0000	-3.8491	8.9072
50.0000	156.0000	-3.8526	8.2584
51.0000	156.0000	-3.8560	7.5818
52.0000	156.0000	-3.8587	6.8800
53.0000	156.0000	-3.8613	6.1669
54.0000	156.0000	-3.8638	5.4477
55.0000	156.0000	-3.8661	4.7231
56.0000	156.0000	-3.8682	3.9929
57.0000	156.0000	-3.8701	3.2555
58.0000	156.0000	-3.8719	2.5141
59.0000	156.0000	-3.8734	1.7693
60.0000	156.0000	-3.8747	1.0203
61.0000	156.0000	-3.8759	0.2676
62.0000	156.0000	-3.8768	-0.4884
63.0000	156.0000	-3.8775	-1.2474
64.0000	156.0000	-3.8781	-2.0115
65.0000	156.0000	-3.8783	-2.7824
66.0000	156.0000	-3.8786	-3.5631
67.0000	156.0000	-3.8787	-4.3498
68.0000	156.0000	-3.8785	-5.1426
69.0000	156.0000	-3.8782	-5.9417
70.0000	156.0000	-3.8778	-6.7466
71.0000	156.0000	-3.8773	-7.5185
72.0000	156.0000	-3.8764	-8.2490
73.0000	156.0000	-3.8754	-8.9141
74.0000	156.0000	-3.8745	-9.5209
75.0000	156.0000	-3.8733	-10.0625
76.0000	156.0000	-3.8716	-10.5384
77.0000	156.0000	-3.8697	-10.9822
78.0000	156.0000	-3.8681	-11.4029
79.0000	156.0000	-3.8662	-11.7900
80.0000	156.0000	-3.8640	-12.1539
81.0000	156.0000	-3.8616	-12.5045
82.0000	156.0000	-3.8595	-12.8431
83.0000	156.0000	-3.8574	-13.1726
84.0000	156.0000	-3.8549	-13.4991
85.0000	156.0000	-3.8521	-13.8213
86.0000	156.0000	-3.8495	-14.1402
87.0000	156.0000	-3.8474	-14.4605
88.0000	156.0000	-3.8449	-14.7815
89.0000	156.0000	-3.8418	-15.0960
90.0000	156.0000	-3.8390	-15.3749
91.0000	156.0000	-3.8372	-15.5988
92.0000	156.0000	-3.8364	-15.7650
93.0000	156.0000	-3.8359	-15.8510
94.0000	156.0000	-3.8354	-15.9367
95.0000	156.0000	-3.8348	-16.0281
96.0000	156.0000	-3.8342	-16.1254
97.0000	156.0000	-3.8336	-16.2288
98.0000	156.0000	-3.8329	-16.3377
99.0000	156.0000	-3.8322	-16.4522
100.0000	156.0000	-3.8314	-16.5719
101.0000	156.0000	-3.8307	-16.6966
102.0000	156.0000	-3.8299	-16.8264
103.0000	156.0000	-3.8291	-16.9612
104.0000	156.0000	-3.8282	-17.1005
105.0000	156.0000	-3.8273	-17.2486
106.0000	156.0000	-3.8176	-17.4215
107.0000	156.0000	-3.8112	-17.6280
108.0000	156.0000	-3.8089	-17.8744
109.0000	156.0000	-3.8064	-18.1613
110.0000	156.0000	-3.8040	-18.4995
111.0000	156.0000	-3.8012	-18.8075
112.0000	156.0000	-3.7995	-19.0322
113.0000	156.0000	-3.7974	-19.2879
114.0000	156.0000	-3.7970	-19.5707
115.0000	156.0000	-3.7971	-19.8803
116.0000	156.0000	-3.7970	-20.2174
117.0000	156.0000	-3.7968	-20.5923
118.0000	156.0000	-3.7970	-20.9997
119.0000	156.0000	-3.7968	-21.4415
120.0000	156.0000	-3.7966	-21.9181
121.0000	156.0000	-3.7965	-22.4279
122.0000	156.0000	-3.7963	-22.9704
123.0000	156.0000	-3.7960	-23.5449
124.0000	156.0000	-3.7957	-24.1509
125.0000	156.0000	-3.7952	-24.7880
126.0000	156.0000	-3.7948	-25.4519
127.0000	156.0000	-3.7945	-26.1228
128.0000	156.0000	-3.7942	-26.7987
129.0000	156.0000	-3.7940	-27.4797
130.0000	156.0000	-3.7939	-28.1655
131.0000	156.0000	-3.7940	-28.8595
132.0000	156.0000	-3.7942	-29.5936
133.0000	156.0000	-3.7948	-30.3654
134.0000	156.0000	-3.7956	-31.1677
135.0000	156.0000	-3.7967	-31.9893
136.0000	156.0000	-3.7981	-32.8021
137.0000	156.0000	-3.7998	-33.6197
138.0000	156.0000	-3.8019	-34.4511
139.0000	156.0000	-3.8043	-35.2967
140.0000	156.0000	-3.8072	-36.1548
141.0000	156.0000	-3.8104	-37.0241
142.0000	156.0000	-3.8140	-37.9041
143.0000	156.0000	-3.8182	-38.7928
144.0000	156.0000	-3.8228	-39.6902
145.0000	156.0000	-3.8277	-40.5934
146.0000	156.0000	-3.8331	-41.4570
147.0000	156.0000	-3.8397	-42.2669
148.0000	156.0000	-3.8472	-43.0696
149.0000	156.0000	-3.8543	-43.8760
150.0000	156.0000	-3.8619	-44.6783
151.0000	156.0000	-3.8700	-45.4462
152.0000	156.0000	-3.8791	-46.0809
153.0000	156.0000	-3.8915	-46.5448
154.0000	156.0000	-3.9037	-46.9990
155.0000	156.0000	-3.9141	-47.4638
156.0000	156.0000	-3.9227	-47.9464
157.0000	156.0000	-3.9318	-48.4437
158.0000	156.0000	-3.9415	-48.9232
159.0000	156.0000	-3.9533	-49.3718
160.0000	156.0000	-3.9649	-49.8016
161.0000	156.0000	-3.9771	-50.2004
162.0000	156.0000	-3.9930	-50.5566
163.0000	156.0000	-4.0088	-50.9023
164.0000	156.0000	-4.0207	-51.2600
165.0000	156.0000	-4.0305	-51.6308
166.0000	156.0000	-4.0426	-51.9907
167.0000	156.0000	-4.0548	-52.3434
168.0000	156.0000	-4.0674	-52.6608
169.0000	156.0000	-4.0835	-52.9177
170.0000	156.0000	-4.1053	-53.1209
171.0000	156.0000	-4.1171	-53.3101
172.0000	156.0000	-4.1259	-53.4638
173.0000	156.0000	-4.1332	-53.5574
174.0000	156.0000	-4.1337	-53.5630
175.0000	156.0000	-4.1276	-53.5783
176.0000	156.0000	-4.0961	-53.6210
177.0000	156.0000	-4.0964	-53.6977
178.0000	156.0000	-4.1026	-53.8136
179.0000	156.0000	-4.1119	-53.9646
180.0000	156.0000	-4.1207	-54.1383
181.0000	156.0000	-4.1281	-54.2887
182.0000	156.0000	-4.1333	-54.3801
183.0000	156.0000	-4.1336	-54.3854
184.0000	156.0000	-4.1374	-54.4013
185.0000	156.0000	-4.1512	-54.4410
186.0000	156.0000	-4.1339	-54.4884
187.0000	156.0000	-4.1380	-54.4909
188.0000	156.0000	-4.1643	-54.5127
189.0000	156.0000	-4.1637	-54.5178
190.0000	156.0000	-4.1638	-54.5192
191.0000	156.0000	-4.1639	-54.5199
192.0000	156.0000	-4.1639	-54.5207
193.0000	156.0000	-4.1683	-54.5293
194.0000	156.0000	-4.2138	-54.5596
195.0000	156.0000	-4.2304	-54.5836
196.0000	156.0000	-4.2304	-54.5840
197.0000	156.0000	-4.2304	-54.5840
198.0000	156.0000	-4.2304	-54.5838
199.0000	156.0000	-4.2307	-54.5890
200.0000	156.0000	-4.1885	-54.6183
201.0000	156.0000	-4.1967	-54.6262
202.0000	156.0000	-4.1968	-54.6280
203.0000	156.0000	-4.2014	-54.6448
204.0000	156.0000	-4.1991	-54.6901
205.0000	156.0000	-4.2005	-54.7727
206.0000	156.0000	-4.2061	-54.8916
207.0000	156.0000	-4.2137	-55.0454
208.0000	156.0000	-4.2210	-55.2308
209.0000	156.0000	-4.2294	-55.4460
210.0000	156.0000	-4.2392	-55.6904
211.0000	156.0000	-4.2476	-55.9635
212.0000	156.0000	-4.2498	-56.2654
213.0000	156.0000	-4.2519	-56.5952
214.0000	156.0000	-4.2543	-56.9527
215.0000	156.0000	-4.2567	-57.3372
216.0000	156.0000	-4.2583	-57.7487
217.0000	156.0000	-4.2597	-58.1866
218.0000	156.0000	-4.2614	-58.6507
219.0000	156.0000	-4.2623	-59.1407
220.0000	156.0000	-4.2630	-59.6497
221.0000	156.0000	-4.2642	-60.1374
222.0000	156.0000	-4.2664	-60.5761
223.0000	156.0000	-4.2691	-60.9831
224.0000	156.0000	-4.2719	-61.3673
225.0000	156.0000	-4.2743	-61.7271
226.0000	156.0000	-4.2770	-62.0675
227.0000	156.0000	-4.2794	-62.3913
228.0000	156.0000	-4.2822	-62.7017
229.0000	156.0000	-4.2846	-63.0010
230.0000	156.0000	-4.2869	-63.2909
231.0000	156.0000	-4.2891	-63.5729
232.0000	156.0000	-4.2912	-63.8485
233.0000	156.0000	-4.2926	-64.1187
234.0000	156.0000	-4.2949	-64.3842
235.0000	156.0000	-4.2962	-64.6461
236.0000	156.0000	-4.2972	-64.9048
237.0000	156.0000	-4.2990	-65.1608
238.0000	156.0000	-4.2999	-65.4147
239.0000	156.0000	-4.3011	-65.6668
240.0000	156.0000	-4.3018	-65.9173
241.0000	156.0000	-4.3030	-66.1666
242.0000	156.0000	-4.3036	-66.4148
243.0000	156.0000	-4.3044	-66.6621
244.0000	156.0000	-4.3047	-66.9086
245.0000	156.0000	-4.3052	-67.1545
246.0000	156.0000	-4.3055	-67.4000
247.0000	156.0000	-4.3058	-67.6450
248.0000	156.0000	-4.3059	-67.8820
249.0000	156.0000	-4.3061	-68.0795
250.0000	156.0000	-4.3062	-68.2170
251.0000	156.0000	-4.3013	-68.2888
252.0000	156.0000	-4.3015	-68.2906
253.0000	156.0000	-4.3015	-68.2903
254.0000	156.0000	-4.3015	-68.2899
255.0000	156.0000	-4.3015	-68.2894
256.0000	156.0000	-4.3015	-68.2893
257.0000	156.0000	-4.3015	-68.2893
258.0000	156.0000	-4.3015	-68.2894
259.0000	156.0000	-4.3015	-68.2894
260.0000	156.0000	-4.3015	-68.2894
261.0000	156.0000	-4.3015	-68.2894
262.0000	156.0000	-4.3015	-68.2894
263.0000	156.0000	-4.3015	-68.2894
264.0000	156.0000	-4.3015	-68.2894
265.0000	156.0000	-4.3015	-68.2894
266.0000	156.0000	-4.3015	-68.2894
267.0000	156.0000	-4.3015	-68.2894
268.0000	156.0000	-4.3015	-68.2894
269.0000	156.0000	-4.3015	-68.2894
270.0000	156.0000	-4.3015	-68.2894
271.0000	156.0000	-4.3015	-68.2894
272.0000	156.0000	-4.3015	-68.2894
273.0000	156.0000	-4.3015	-68.2894
274.0000	156.0000	-4.3015	-68.2894
275.0000	156.0000	-4.3015	-68.2894
276.0000	156.0000	-4.3015	-68.2894
277.0000	156.0000	-4.3015	-68.2894
278.0000	156.0000	-4.3015	-68.2894
279.0000	156.0000	-4.3015	-68.2894
280.0000	156.0000	-4.3015	-68.2894
281.0000	156.0000	-4.3015	-68.2894
282.0000	156.0000	-4.3015	-68.2894
283.0000	156.0000	-4.3015	-68.2894
284.0000	156.0000	-4.3015	-68.2894
285.0000	156.0000	-4.3015	-68.2894
286.0000	156.0000	-4.3015	-68.2894
287.0000	156.0000	-4.3015	-68.2894
288.0000	156.0000	-4.3015	-68.2894
289.0000	156.0000	-4.3015	-68.2894
290.0000	156.0000	-4.3015	-68.2894
291.0000	156.0000	-4.3015	-68.2894
292.0000	156.0000	-4.3015	-68.2894
293.0000	156.0000	-4.3015	-68.2894
294.0000	156.0000	-4.3015	-68.2894
295.0000	156.0000	-4.3015	-68.2894
296.0000	156.0000	-4.3015	-68.2892
297.0000	156.0000	-4.3015	-68.2930
298.0000	156.0000	-4.2736	-68.3165
299.0000	156.0000	-4.2272	-68.3700
300.0000	156.0000	-4.2297	-68.4475
301.0000	156.0000	-4.2289	-68.5335
302.0000	156.0000	-4.2278	-68.6363
303.0000	156.0000	-4.2267	-68.7670
304.0000	156.0000	-4.2268	-68.9188
305.0000	156.0000	-4.2270	-69.0802
306.0000	156.0000	-4.2270	-69.2538
307.0000	156.0000	-4.2271	-69.4426
308.0000	156.0000	-4.2271	-69.6397
309.0000	156.0000	-4.2271	-69.8414
310.0000	156.0000	-4.2271	-70.0509
311.0000	156.0000	-4.2271	-70.2670
312.0000	156.0000	-4.2271	-70.4864
313.0000	156.0000	-4.2271	-70.7092
314.0000	156.0000	-4.2271	-70.9361
315.0000	156.0000	-4.2270	-71.1655
316.0000	156.0000	-4.2270	-71.3885
317.0000	156.0000	-4.2270	-71.5726
318.0000	156.0000	-4.2270	-71.6973
319.0000	156.0000	-4.2241	-71.7467
320.0000	156.0000	-4.2241	-71.7466
321.0000	156.0000	-4.2241	-71.7464
322.0000	156.0000	-4.2241	-71.7459
323.0000	156.0000	-4.2241	-71.7455
324.0000	156.0000	-4.2241	-71.7454
325.0000	156.0000	-4.2241	-71.7454
326.0000	156.0000	-4.2241	-71.7453
327.0000	156.0000	-4.2241	-71.7492
328.0000	156.0000	-4.2568	-71.7686
329.0000	156.0000	-4.2886	-71.8184
330.0000	156.0000	-4.3051	-71.8976
331.0000	156.0000	-4.3144	-71.9830
332.0000	156.0000	-4.3176	-72.0857
333.0000	156.0000	-4.3171	-72.2155
334.0000	156.0000	-4.3170	-72.3653
335.0000	156.0000	-4.3168	-72.5260
336.0000	156.0000	-4.3166	-72.6999
337.0000	156.0000	-4.3164	-72.8878
338.0000	156.0000	-4.3161	-73.0755
339.0000	156.0000	-4.3159	-73.2265
340.0000	156.0000	-4.3158	-73.3132
341.0000	156.0000	-4.3160	-73.3154
342.0000	156.0000	-4.3160	-73.3152
343.0000	156.0000	-4.3160	-73.3149
344.0000	156.0000	-4.3160	-73.3144
345.0000	156.0000	-4.3160	-73.3142
346.0000	156.0000	-4.3160	-73.3142
347.0000	156.0000	-4.3160	-73.3142
348.0000	156.0000	-4.3160	-73.3143
349.0000	156.0000	-4.3160	-73.3143
350.0000	156.0000	-4.3160	-73.3143
351.0000	156.0000	-4.3160	-73.3143
352.0000	156.0000	-4.3160	-73.3141
353.0000	156.0000	-4.3160	-73.3179
354.0000	156.0000	-4.3129	-73.3405
355.0000	156.0000	-4.3138	-73.3968
356.0000	156.0000	-4.3111	-73.4872
357.0000	156.0000	-4.3094	-73.6147
358.0000	156.0000	-4.3091	-73.7672
359.0000	156.0000	-4.3086	-73.9150
360.0000	156.0000	-4.3081	-74.0748
361.0000	156.0000	-4.3075	-74.2551
362.0000	156.0000	-4.3069	-74.4455
363.0000	156.0000	-4.3061	-74.6381
364.0000	156.0000	-4.3052	-74.8393
365.0000	156.0000	-4.3041	-75.0521
366.0000	156.0000	-4.3029	-75.2683
367.0000	156.0000	-4.3016	-75.4859
368.0000	156.0000	-4.3001	-75.7091
369.0000	156.0000	-4.2985	-75.9298
370.0000	156.0000	-4.2972	-76.1137
371.0000	156.0000	-4.2962	-76.2387
372.0000	156.0000	-4.2942	-76.2886
373.0000	156.0000	-4.2942	-76.2886
374.0000	156.0000	-4.2942	-76.2883
375.0000	156.0000	-4.2942	-76.2879
376.0000	156.0000	-4.2942	-76.2875
377.0000	156.0000	-4.2942	-76.2874
378.0000	156.0000	-4.2942	-76.2874
379.0000	156.0000	-4.2942	-76.2875
380.0000	156.0000	-4.2942	-76.2875
381.0000	156.0000	-4.2942	-76.2875
382.0000	156.0000	-4.2942	-76.2875
383.0000	156.0000	-4.2942	-76.2875
384.0000	156.0000	-4.2942	-76.2875
385.0000	156.0000	-4.2942	-76.2875
386.0000	156.0000	-4.2942	-76.2875
387.0000	156.0000	-4.2942	-76.2875
388.0000	156.0000	-4.2942	-76.2875
389.0000	156.0000	-4.2942	-76.2875
390.0000	156.0000	-4.2942	-76.2875
391.0000	156.0000	-4.2942	-76.2875
392.0000	156.0000	-4.2942	-76.2875
393.0000	156.0000	-4.2942	-76.2875
394.0000	156.0000	-4.2942	-76.2875
395.0000	156.0000	-4.2942	-76.2875
396.0000	156.0000	-4.2942	-76.2875
397.0000	156.0000	-4.2942	-76.2875
398.0000	156.0000	-4.2942	-76.2875
399.0000	156.0000	-4.2942	-76.2875
400.0000	156.0000	-4.2942	-76.2875
401.0000	156.0000	-4.2942	-76.2875
402.0000	156.0000	-4.2942	-76.2875
403.0000	156.0000	-4.2942	-76.2875
404.0000	156.0000	-4.2942	-76.2875
405.0000	156.0000	-4.2942	-76.2875
406.0000	156.0000	-4.2942	-76.2875
407.0000	156.0000	-4.2942	-76.2875
408.0000	156.0000	-4.2942	-76.2875
409.0000	156.0000	-4.2942	-76.2875
410.0000	156.0000	-4.2942	-76.2875
411.0000	156.0000	-4.2942	-76.2875
412.0000	156.0000	-4.2942	-76.2875
413.0000	156.0000	-4.2942	-76.2875
414.0000	156.0000	-4.2942	-76.2875
415.0000	156.0000	-4.2942	-76.2875
416.0000	156.0000	-4.2942	-76.2875
417.0000	156.0000	-4.2942	-76.2875
418.0000	156.0000	-4.2942	-76.2875
419.0000	156.0000	-4.2942	-76.2875
420.0000	156.0000	-4.2942	-76.2875
421.0000	156.0000	-4.2942	-76.2875
422.0000	156.0000	-4.2942	-76.2875
423.0000	156.0000	-4.2942	-76.2875
424.0000	156.0000	-4.2942	-76.2875
425.0000	156.0000	-4.2942	-76.2875
426.0000	156.0000	-4.2942	-76.2875
427.0000	156.0000	-4.2942	-76.2875
428.0000	156.0000	-4.2942	-76.2875
429.0000	156.0000	-4.2942	-76.2875
430.0000	156.0000	-4.2942	-76.2875
431.0000	156.0000	-4.2942	-76.2875
432.0000	156.0000	-4.2942	-76.2875
433.0000	156.0000	-4.2942	-76.2875
434.0000	156.0000	-4.2942	-76.2875
435.0000	156.0000	-4.2942	-76.2875
436.0000	156.0000	-4.2942	-76.2875
437.0000	156.0000	-4.2942	-76.2875
438.0000	156.0000	-4.2942	-76.2875
439.0000	156.0000	-4.2942	-76.2873
440.0000	156.0000	-4.2942	-76.2911
441.0000	156.0000	-4.2933	-76.3135
442.0000	156.0000	-4.2843	-76.3698
443.0000	156.0000	-4.2831	-76.4589
444.0000	156.0000	-4.2821	-76.5736
445.0000	156.0000	-4.2809	-76.7098
446.0000	156.0000	-4.2794	-76.8630
447.0000	156.0000	-4.2779	-77.0300
448.0000	156.0000	-4.2761	-77.2097
449.0000	156.0000	-4.2739	-77.3996
450.0000	156.0000	-4.2716	-77.5979
451.0000	156.0000	-4.2692	-77.8034
452.0000	156.0000	-4.2666	-78.0071
453.0000	156.0000	-4.2645	-78.1741
454.0000	156.0000	-4.2630	-78.2825
455.0000	156.0000	-4.2631	-78.3034
456.0000	156.0000	-4.2631	-78.3033
457.0000	156.0000	-4.2631	-78.3030
458.0000	156.0000	-4.2631	-78.3025
459.0000	156.0000	-4.2631	-78.3022
460.0000	156.0000	-4.2631	-78.3022
461.0000	156.0000	-4.2631	-78.3022
462.0000	156.0000	-4.2631	-78.3023
463.0000	156.0000	-4.2631	-78.3023
464.0000	156.0000	-4.2631	-78.3023
465.0000	156.0000	-4.2631	-78.3023
466.0000	156.0000	-4.2631	-78.3023
467.0000	156.0000	-4.2631	-78.3023
468.0000	156.0000	-4.2631	-78.3023
469.0000	156.0000	-4.2631	-78.3023
470.0000	156.0000	-4.2631	-78.3023
471.0000	156.0000	-4.2631	-78.3023
472.0000	156.0000	-4.2631	-78.3023
473.0000	156.0000	-4.2631	-78.3023
474.0000	156.0000	-4.2631	-78.3023
475.0000	156.0000	-4.2631	-78.3023
476.0000	156.0000	-4.2631	-78.3023
477.0000	156.0000	-4.2631	-78.3023
478.0000	156.0000	-4.2631	-78.3023
479.0000	156.0000	-4.2631	-78.3023
480.0000	156.0000	-4.2631	-78.3023
481.0000	156.0000	-4.2631	-78.3023
482.0000	156.0000	-4.2631	-78.3023
483.0000	156.0000	-4.2631	-78.3023
484.0000	156.0000	-4.2631	-78.3023
485.0000	156.0000	-4.2631	-78.3023
486.0000	156.0000	-4.2631	-78.3021
487.0000	156.0000	-4.2630	-78.3059
488.0000	156.0000	-4.2523	-78.3273
489.0000	156.0000	-4.2587	-78.3318
490.0000	156.0000	-4.2587	-78.3319
491.0000	156.0000	-4.2587	-78.3319
492.0000	156.0000	-4.2587	-78.3318
493.0000	156.0000	-4.2588	-78.3322
494.0000	156.0000	-4.2588	-78.3329
495.0000	156.0000	-4.2566	-78.3412
496.0000	156.0000	-4.3292	-78.3676
497.0000	156.0000	-4.3309	-78.4301
498.0000	156.0000	-4.3303	-78.5313
499.0000	156.0000	-4.3257	-78.6593
500.0000	156.0000	-4.3251	-78.7828
501.0000	156.0000	-4.3239	-78.9196
502.0000	156.0000	-4.3208	-79.0791
503.0000	156.0000	-4.3176	-79.2523
504.0000	156.0000	-4.3142	-79.4323
505.0000	156.0000	-4.3105	-79.6231
506.0000	156.0000	-4.3064	-79.8272
813.0000	22.0000	19.0310	77.6877
814.0000	22.0000	18.9789	77.6021
815.0000	22.0000	18.9175	77.4897
816.0000	22.0000	18.8477	77.3570
817.0000	22.0000	18.7696	77.2074
818.0000	22.0000	18.6842	77.0428
819.0000	22.0000	18.5897	76.8664
820.0000	22.0000	18.4885	76.6794
821.0000	22.0000	18.3797	76.4841
822.0000	22.0000	18.2636	76.2815
823.0000	22.0000	18.1403	76.0727
824.0000	22.0000	18.0099	75.8590
825.0000	22.0000	17.8724	75.6409
826.0000	22.0000	17.7281	75.4194
827.0000	22.0000	17.5788	75.1947
828.0000	22.0000	17.4217	74.9678
829.0000	22.0000	17.2581	74.7388
830.0000	22.0000	17.0880	74.5081
831.0000	22.0000	16.9133	74.2753
832.0000	22.0000	16.7314	74.0422
833.0000	22.0000	16.5448	73.8075
834.0000	22.0000	16.3513	73.5722
835.0000	22.0000	16.1517	73.3362
836.0000	22.0000	15.9479	73.0996
837.0000	22.0000	15.7375	72.8703
838.0000	22.0000	15.5227	72.6798
839.0000	22.0000	15.3046	72.5482
840.0000	22.0000	15.1635	72.4824
841.0000	22.0000	15.1113	72.4824
842.0000	22.0000	14.9949	72.4846
843.0000	22.0000	14.8759	72.4865
844.0000	22.0000	14.7525	72.4881
845.0000	22.0000	14.6227	72.4894
846.0000	22.0000	14.4864	72.4906
847.0000	22.0000	14.3436	72.4917
848.0000	22.0000	14.1944	72.4929
849.0000	22.0000	14.0388	72.4941
850.0000	22.0000	13.8769	72.4957
851.0000	22.0000	13.7089	72.4973
852.0000	22.0000	13.5349	72.4990
853.0000	22.0000	13.3547	72.4968
854.0000	22.0000	13.1410	72.4815
855.0000	22.0000	12.9158	72.4358
856.0000	22.0000	12.7149	72.3477
857.0000	22.0000	12.5094	72.2351
858.0000	22.0000	12.2983	72.1052
859.0000	22.0000	12.1553	71.9559
860.0000	22.0000	12.1032	71.7894
861.0000	22.0000	11.9870	71.6126
862.0000	22.0000	11.8670	71.4261
863.0000	22.0000	11.7432	71.2298
864.0000	22.0000	11.6132	71.0346
865.0000	22.0000	11.4775	70.8757
866.0000	22.0000	11.3369	70.7750
867.0000	22.0000	11.1916	70.7640
868.0000	22.0000	11.0399	70.7658
869.0000	22.0000	10.8819	70.7682
870.0000	22.0000	10.7177	70.7703
871.0000	22.0000	10.5474	70.7719
872.0000	22.0000	10.3710	70.7733
873.0000	22.0000	10.1887	70.7746
874.0000	22.0000	10.0006	70.7759
875.0000	22.0000	9.8066	70.7772
876.0000	22.0000	9.6069	70.7786
877.0000	22.0000	9.4015	70.7803
878.0000	22.0000	9.1906	70.7820
879.0000	22.0000	8.9741	70.7837
880.0000	22.0000	8.7521	70.7854
881.0000	22.0000	8.5247	70.7870
882.0000	22.0000	8.2921	70.7887
883.0000	22.0000	8.0575	70.7903
884.0000	22.0000	7.9486	70.7909
885.0000	22.0000	7.9506	70.7909
886.0000	22.0000	7.9448	70.7910
887.0000	22.0000	7.9405	70.7910
888.0000	22.0000	7.8947	70.7912
889.0000	22.0000	7.8079	70.7917
890.0000	22.0000	7.8131	70.7917
891.0000	22.0000	7.8118	70.7917
892.0000	22.0000	7.8101	70.7917
893.0000	22.0000	7.8088	70.7917
894.0000	22.0000	7.7980	70.7918
895.0000	22.0000	7.7787	70.7918
896.0000	22.0000	7.7504	70.7918
897.0000	22.0000	7.7140	70.7919
898.0000	22.0000	7.6692	70.7918
899.0000	22.0000	7.6154	70.7917
900.0000	22.0000	7.6026	70.7918
901.0000	22.0000	7.6025	70.7918
902.0000	22.0000	7.6013	70.7918
903.0000	22.0000	7.6004	70.7918
904.0000	22.0000	7.6000	70.7917
905.0000	22.0000	7.5998	70.7917
906.0000	22.0000	7.5997	70.7917
907.0000	22.0000	7.5996	70.7917
908.0000	22.0000	7.5996	70.7917
909.0000	22.0000	7.5996	70.7917
910.0000	22.0000	7.5996	70.7917
911.0000	22.0000	7.5996	70.7917
912.0000	22.0000	7.5996	70.7917
913.0000	22.0000	7.5996	70.7917
914.0000	22.0000	7.5996	70.7917
915.0000	22.0000	7.5996	70.7917
916.0000	22.0000	7.5996	70.7917
917.0000	22.0000	7.5996	70.7917
918.0000	22.0000	7.5996	70.7917
919.0000	22.0000	7.5996	70.7917
920.0000	22.0000	7.5996	70.7917
921.0000	22.0000	7.5996	70.7917
922.0000	22.0000	7.5997	70.7917
923.0000	22.0000	7.5961	70.7918
924.0000	22.0000	7.5851	70.7916
925.0000	22.0000	7.5851	70.7916
926.0000	22.0000	7.5836	70.7917
927.0000	22.0000	7.5721	70.7915
928.0000	22.0000	7.5526	70.7917
929.0000	22.0000	7.5258	70.7916
930.0000	22.0000	7.4906	70.7916
931.0000	22.0000	7.4479	70.7914
932.0000	22.0000	7.3977	70.7914
933.0000	22.0000	7.3402	70.7913
934.0000	22.0000	7.2753	70.7906
935.0000	22.0000	7.2029	70.7900
936.0000	22.0000	7.1230	70.7896
937.0000	22.0000	7.0989	70.7891
938.0000	22.0000	7.0888	70.7889
939.0000	22.0000	7.0486	70.7883
940.0000	22.0000	7.0037	70.7876
941.0000	22.0000	6.9521	70.7867
942.0000	22.0000	6.8934	70.7853
943.0000	22.0000	6.8274	70.7834
944.0000	22.0000	6.7540	70.7821
945.0000	22.0000	6.7330	70.7816
946.0000	22.0000	6.7328	70.7817
947.0000	22.0000	6.7310	70.7816
948.0000	22.0000	6.7298	70.7815
949.0000	22.0000	6.7292	70.7814
950.0000	22.0000	6.7289	70.7814
951.0000	22.0000	6.7287	70.7814
952.0000	22.0000	6.7286	70.7814
953.0000	22.0000	6.7286	70.7814
954.0000	22.0000	6.7286	70.7814
955.0000	22.0000	6.7286	70.7814
956.0000	22.0000	6.7286	70.7814
957.0000	22.0000	6.7286	70.7814
958.0000	22.0000	6.7286	70.7814
959.0000	22.0000	6.7286	70.7814
960.0000	22.0000	6.7286	70.7814
961.0000	22.0000	6.7286	70.7814
962.0000	22.0000	6.7286	70.7814
963.0000	22.0000	6.7286	70.7814
964.0000	22.0000	6.7286	70.7814
965.0000	22.0000	6.7286	70.7814
966.0000	22.0000	6.7286	70.7814
967.0000	22.0000	6.7286	70.7814
968.0000	22.0000	6.7286	70.7814
969.0000	22.0000	6.7286	70.7814
970.0000	22.0000	6.7286	70.7814
971.0000	22.0000	6.7286	70.7814
972.0000	22.0000	6.7286	70.7814
973.0000	22.0000	6.7287	70.7814
974.0000	22.0000	6.7253	70.7813
975.0000	22.0000	6.7140	70.7808
976.0000	22.0000	6.6947	70.7802
977.0000	22.0000	6.6671	70.7791
978.0000	22.0000	6.6320	70.7782
979.0000	22.0000	6.5894	70.7768
980.0000	22.0000	6.5393	70.7742
981.0000	22.0000	6.4818	70.7723
982.0000	22.0000	6.4170	70.7686
983.0000	22.0000	6.3447	70.7658
984.0000	22.0000	6.2650	70.7604
985.0000	22.0000	6.1779	70.7548
986.0000	22.0000	6.0836	70.7479
987.0000	22.0000	5.9821	70.7397
988.0000	22.0000	5.8738	70.7300
989.0000	22.0000	5.7586	70.7188
990.0000	22.0000	5.6367	70.7059
991.0000	22.0000	5.5079	70.6941
992.0000	22.0000	5.3738	70.6723
993.0000	22.0000	5.2323	70.6563
994.0000	22.0000	5.0852	70.6332
995.0000	22.0000	5.0076	70.6219
996.0000	22.0000	4.9958	70.6208
997.0000	22.0000	4.9283	70.6090
998.0000	22.0000	4.8572	70.5977
999.0000	22.0000	4.7810	70.5827
