0.0000	204.0000	56.1224	-54.3983
1.0000	204.0000	56.2009	-54.7882
2.0000	204.0000	56.2713	-55.2245
3.0000	204.0000	56.3698	-55.6942
4.0000	204.0000	56.4963	-56.1884
344.0000	186.0000	-20.0307	77.3978
345.0000	186.0000	-19.1468	76.0201
346.0000	186.0000	-18.2624	74.6402
347.0000	186.0000	-17.3771	73.2583
348.0000	186.0000	-16.4919	71.8741
349.0000	186.0000	-15.6068	70.4877
350.0000	186.0000	-14.7233	69.0987
351.0000	186.0000	-13.8405	67.7074
352.0000	186.0000	-12.9584	66.3138
353.0000	186.0000	-12.0785	64.9178
354.0000	186.0000	-11.1998	63.5194
355.0000	186.0000	-10.3209	62.1227
356.0000	186.0000	-9.4448	60.7775
357.0000	186.0000	-8.5708	59.4356
358.0000	186.0000	-7.6966	58.0321
359.0000	71.0000	-14.9074	77.5302
359.0000	186.0000	-6.8265	56.6088
360.0000	71.0000	-15.5285	76.0999
360.0000	186.0000	-5.9577	55.1897
361.0000	71.0000	-16.1527	74.6713
361.0000	85.0000	-16.1833	78.1709
361.0000	186.0000	-5.0913	53.7711
362.0000	71.0000	-16.7767	73.2432
362.0000	85.0000	-16.8059	76.7427
362.0000	186.0000	-4.2241	52.3522
363.0000	71.0000	-17.4060	71.8189
363.0000	85.0000	-17.4340	75.3185
363.0000	186.0000	-3.3614	50.9364
363.0000	194.0000	24.4377	75.6269
364.0000	71.0000	-18.0353	70.3975
364.0000	85.0000	-18.0621	73.8970
364.0000	186.0000	-2.4983	49.5225
364.0000	194.0000	23.6191	74.1902
365.0000	71.0000	-18.6672	68.9697
365.0000	85.0000	-18.6929	72.4692
365.0000	133.0000	5.8535	79.6514
365.0000	186.0000	-1.6375	48.1016
365.0000	194.0000	22.7980	72.7477
366.0000	71.0000	-19.3067	67.5364
366.0000	85.0000	-19.3314	71.0359
366.0000	133.0000	5.2170	78.2110
366.0000	186.0000	-0.7835	46.6747
366.0000	194.0000	21.9690	71.3010
367.0000	71.0000	-19.9428	66.1079
367.0000	85.0000	-19.9665	69.6073
367.0000	133.0000	4.5840	76.7755
367.0000	186.0000	0.0739	45.2517
367.0000	194.0000	21.1435	69.8592
368.0000	71.0000	-20.5834	64.6757
368.0000	85.0000	-20.6062	68.1750
368.0000	133.0000	3.9462	75.3370
368.0000	186.0000	0.9276	43.8248
368.0000	194.0000	20.3133	68.4151
369.0000	71.0000	-21.2251	63.2343
369.0000	85.0000	-21.2471	66.7336
369.0000	133.0000	3.3068	73.8904
369.0000	186.0000	1.7812	42.3889
369.0000	194.0000	19.4819	66.9637
370.0000	71.0000	-21.8677	61.7901
370.0000	85.0000	-21.8890	65.2893
370.0000	133.0000	2.6662	72.4416
370.0000	186.0000	2.6346	40.9501
370.0000	194.0000	18.6495	65.5106
371.0000	71.0000	-22.5112	60.3444
371.0000	85.0000	-22.5319	63.8436
371.0000	133.0000	2.0246	70.9917
371.0000	186.0000	3.4872	39.5097
371.0000	194.0000	17.8161	64.0566
372.0000	71.0000	-23.1556	58.8974
372.0000	85.0000	-23.1757	62.3965
372.0000	133.0000	1.3820	69.5406
372.0000	186.0000	4.3393	38.0675
372.0000	194.0000	16.9818	62.6016
373.0000	71.0000	-23.8020	57.4484
373.0000	85.0000	-23.8216	60.9475
373.0000	133.0000	0.7372	68.0882
373.0000	186.0000	5.1900	36.6236
373.0000	194.0000	16.1455	61.1459
374.0000	71.0000	-24.4494	55.9977
374.0000	85.0000	-24.4686	59.4968
374.0000	133.0000	0.0911	66.6346
374.0000	186.0000	6.0400	35.1781
374.0000	194.0000	15.3080	59.6891
375.0000	71.0000	-25.0989	54.5450
375.0000	85.0000	-25.1177	58.0440
375.0000	133.0000	-0.5573	65.1796
375.0000	186.0000	6.8887	33.7311
375.0000	194.0000	14.4684	58.2315
376.0000	71.0000	-25.7491	53.0906
376.0000	85.0000	-25.7675	56.5896
376.0000	133.0000	-1.2066	63.7233
376.0000	186.0000	7.7370	32.2825
376.0000	194.0000	13.6280	56.7728
377.0000	71.0000	-26.4000	51.6345
377.0000	85.0000	-26.4182	55.1334
377.0000	133.0000	-1.8567	62.2656
377.0000	186.0000	8.5848	30.8324
377.0000	194.0000	12.7868	55.3129
378.0000	71.0000	-27.0505	50.1756
378.0000	85.0000	-27.0685	53.6745
378.0000	133.0000	-2.5067	60.8058
378.0000	186.0000	9.4336	29.3801
378.0000	194.0000	11.9460	53.8512
379.0000	71.0000	-27.7011	48.7150
379.0000	85.0000	-27.7190	52.2139
379.0000	133.0000	-3.1568	59.3444
379.0000	186.0000	10.2825	27.9263
379.0000	194.0000	11.1050	52.3882
380.0000	71.0000	-28.3521	47.2532
380.0000	85.0000	-28.3699	50.7520
380.0000	133.0000	-3.8075	57.8822
380.0000	186.0000	11.1313	26.4716
380.0000	194.0000	10.2636	50.9244
381.0000	71.0000	-29.0047	45.7894
381.0000	85.0000	-29.0225	49.2882
381.0000	133.0000	-4.4600	56.4183
381.0000	186.0000	11.9787	25.0153
381.0000	194.0000	9.4204	49.4591
382.0000	71.0000	-29.6591	44.3242
382.0000	85.0000	-29.6768	47.8230
382.0000	133.0000	-5.1144	54.9534
382.0000	186.0000	12.8249	23.5584
382.0000	194.0000	8.5756	47.9932
383.0000	71.0000	-30.3144	42.8584
383.0000	85.0000	-30.3321	46.3572
383.0000	133.0000	-5.7697	53.4880
383.0000	186.0000	13.6700	22.1007
383.0000	194.0000	7.7297	46.5266
384.0000	71.0000	-30.9700	41.3912
384.0000	85.0000	-30.9878	44.8899
384.0000	133.0000	-6.4254	52.0212
384.0000	186.0000	14.5151	20.6420
384.0000	194.0000	6.8835	45.0589
385.0000	71.0000	-31.6261	39.9223
385.0000	85.0000	-31.6439	43.4210
385.0000	133.0000	-7.0817	50.5532
385.0000	186.0000	15.3600	19.1821
385.0000	194.0000	6.0369	43.5900
386.0000	71.0000	-32.2823	38.4521
386.0000	85.0000	-32.3001	41.9508
386.0000	133.0000	-7.7381	49.0840
386.0000	186.0000	16.2049	17.7212
386.0000	194.0000	5.1901	42.1200
387.0000	71.0000	-32.9387	36.9804
387.0000	85.0000	-32.9567	40.4791
387.0000	133.0000	-8.3949	47.6135
387.0000	186.0000	17.0497	16.2593
387.0000	194.0000	4.3430	40.6488
388.0000	71.0000	-33.5956	35.5072
388.0000	85.0000	-33.6137	39.0059
388.0000	133.0000	-9.0522	46.1418
388.0000	186.0000	17.8944	14.7965
388.0000	194.0000	3.4955	39.1764
389.0000	71.0000	-34.2524	34.0328
389.0000	85.0000	-34.2707	37.5314
389.0000	133.0000	-9.7095	44.6689
389.0000	186.0000	18.7391	13.3327
389.0000	194.0000	2.6479	37.7029
390.0000	71.0000	-34.9094	32.5569
390.0000	85.0000	-34.9279	36.0555
390.0000	133.0000	-10.3671	43.1948
390.0000	186.0000	19.5838	11.8680
390.0000	194.0000	1.8002	36.2283
391.0000	71.0000	-35.5668	31.0796
391.0000	85.0000	-35.5855	34.5781
391.0000	133.0000	-11.0251	41.7195
391.0000	186.0000	20.4285	10.4026
391.0000	194.0000	0.9521	34.7526
392.0000	71.0000	-36.2242	29.6010
392.0000	85.0000	-36.2431	33.0995
392.0000	133.0000	-11.6832	40.2430
392.0000	186.0000	21.2732	8.9363
392.0000	194.0000	0.1039	33.2758
393.0000	71.0000	-36.8815	28.1213
393.0000	85.0000	-36.9007	31.6198
393.0000	133.0000	-12.3412	38.7655
393.0000	186.0000	22.1180	7.4693
393.0000	194.0000	-0.7442	31.7980
394.0000	71.0000	-37.5389	26.6419
394.0000	85.0000	-37.5584	30.1404
394.0000	133.0000	-12.9995	37.2885
394.0000	186.0000	22.9629	6.0032
394.0000	194.0000	-1.5924	30.3207
395.0000	71.0000	-38.1964	25.1614
395.0000	85.0000	-38.2161	28.6599
395.0000	133.0000	-13.6578	35.8106
395.0000	186.0000	23.8078	4.5365
395.0000	194.0000	-2.4407	28.8425
396.0000	71.0000	-38.8537	23.6782
396.0000	85.0000	-38.8737	27.1767
396.0000	133.0000	-14.3160	34.3299
396.0000	186.0000	24.6529	3.0674
396.0000	194.0000	-3.2889	27.3615
397.0000	71.0000	-39.5110	22.1934
397.0000	85.0000	-39.5313	25.6919
397.0000	133.0000	-14.9741	32.8478
397.0000	186.0000	25.4981	1.5971
397.0000	194.0000	-4.1370	25.8791
398.0000	71.0000	-40.1683	20.7075
398.0000	85.0000	-40.1889	24.2059
398.0000	133.0000	-15.6324	31.3646
398.0000	186.0000	26.3434	0.1261
398.0000	194.0000	-4.9852	24.3956
399.0000	71.0000	-40.8256	19.2204
399.0000	85.0000	-40.8465	22.7188
399.0000	133.0000	-16.2906	29.8804
399.0000	186.0000	27.1889	-1.3454
399.0000	194.0000	-5.8333	22.9111
400.0000	71.0000	-41.4827	17.7343
400.0000	85.0000	-41.5039	21.2327
400.0000	133.0000	-16.9487	28.3972
400.0000	186.0000	28.0345	-2.8155
400.0000	194.0000	-6.6813	21.4277
401.0000	71.0000	-42.1397	16.2563
401.0000	85.0000	-42.1613	19.7547
401.0000	133.0000	-17.6068	26.9222
401.0000	186.0000	28.8803	-4.2771
401.0000	194.0000	-7.5293	19.9524
402.0000	71.0000	-42.7967	14.7760
402.0000	85.0000	-42.8186	18.2744
402.0000	133.0000	-18.2648	25.4450
402.0000	186.0000	29.7262	-5.7405
402.0000	194.0000	-8.3771	18.4748
403.0000	71.0000	-43.4535	13.2846
403.0000	85.0000	-43.4757	16.7830
403.0000	133.0000	-18.9227	23.9567
403.0000	186.0000	30.5723	-7.2146
403.0000	194.0000	-9.2248	16.9862
404.0000	71.0000	-44.1102	11.7910
404.0000	85.0000	-44.1328	15.2894
404.0000	133.0000	-19.5804	22.4662
404.0000	186.0000	31.4185	-8.6905
404.0000	194.0000	-10.0724	15.4954
405.0000	71.0000	-44.7667	10.3070
405.0000	85.0000	-44.7896	13.8055
405.0000	133.0000	-20.2380	20.9854
405.0000	186.0000	32.2649	-10.1565
405.0000	194.0000	-10.9199	14.0141
406.0000	71.0000	-45.4231	8.8355
406.0000	85.0000	-45.4464	12.3339
406.0000	133.0000	-20.8954	19.5168
406.0000	186.0000	33.1114	-11.6097
406.0000	194.0000	-11.7671	12.5452
407.0000	71.0000	-46.0793	7.3524
407.0000	85.0000	-46.1029	10.8508
407.0000	133.0000	-21.5527	18.0368
407.0000	186.0000	33.9581	-13.0740
407.0000	194.0000	-12.6142	11.0647
408.0000	71.0000	-46.7354	5.8533
408.0000	85.0000	-46.7594	9.3517
408.0000	133.0000	-22.2099	16.5409
408.0000	186.0000	34.8050	-14.5541
408.0000	194.0000	-13.4613	9.5683
409.0000	71.0000	-47.3913	4.3525
409.0000	85.0000	-47.4157	7.8509
409.0000	133.0000	-22.8670	15.0433
409.0000	186.0000	35.6520	-16.0355
409.0000	194.0000	-14.3081	8.0702
410.0000	71.0000	-48.0471	2.8691
410.0000	85.0000	-48.0718	6.3675
410.0000	133.0000	-23.5238	13.5630
410.0000	186.0000	36.4992	-17.4991
410.0000	194.0000	-15.1548	6.5893
411.0000	71.0000	-48.7028	1.3905
411.0000	85.0000	-48.7278	4.8888
411.0000	133.0000	-24.1806	12.0873
411.0000	186.0000	37.3465	-18.9573
411.0000	194.0000	-16.0013	5.1131
412.0000	71.0000	-49.3582	-0.1082
412.0000	85.0000	-49.3837	3.3901
412.0000	133.0000	-24.8372	10.5918
412.0000	186.0000	38.1941	-20.4355
412.0000	194.0000	-16.8477	3.6170
413.0000	71.0000	-50.0136	-1.6152
413.0000	85.0000	-50.0394	1.8832
413.0000	133.0000	-25.4936	9.0880
413.0000	186.0000	39.0417	-21.9221
413.0000	194.0000	-17.6940	2.1125
414.0000	71.0000	-50.6687	-3.1191
414.0000	85.0000	-50.6949	0.3793
414.0000	133.0000	-26.1498	7.5871
414.0000	186.0000	39.8894	-23.4054
414.0000	194.0000	-18.5400	0.6108
415.0000	71.0000	-51.3237	-4.6055
415.0000	85.0000	-51.3502	-1.1072
415.0000	133.0000	-26.8059	6.1035
415.0000	186.0000	40.7373	-24.8706
415.0000	194.0000	-19.3859	-0.8735
416.0000	71.0000	-51.9786	-6.0958
416.0000	85.0000	-52.0054	-2.5976
416.0000	133.0000	-27.4618	4.6159
416.0000	186.0000	41.5852	-26.3394
416.0000	194.0000	-20.2317	-2.3618
417.0000	71.0000	-52.6334	-7.6071
417.0000	85.0000	-52.6605	-4.1089
417.0000	133.0000	-28.1175	3.1075
417.0000	186.0000	42.4333	-27.8297
417.0000	194.0000	-21.0773	-3.8711
418.0000	71.0000	-53.2880	-9.1222
418.0000	85.0000	-53.3155	-5.6240
418.0000	133.0000	-28.7732	1.5954
418.0000	186.0000	43.2815	-29.3233
418.0000	194.0000	-21.9228	-5.3841
419.0000	71.0000	-53.9425	-10.6323
419.0000	85.0000	-53.9703	-7.1341
419.0000	133.0000	-29.4286	0.0881
419.0000	186.0000	44.1298	-30.8119
419.0000	194.0000	-22.7681	-6.8924
420.0000	71.0000	-54.5968	-12.1373
420.0000	85.0000	-54.6249	-8.6391
420.0000	133.0000	-30.0840	-1.4143
420.0000	186.0000	44.9782	-32.2951
420.0000	194.0000	-23.6134	-8.3957
421.0000	71.0000	-55.2511	-13.6497
421.0000	85.0000	-55.2795	-10.1516
421.0000	133.0000	-30.7391	-2.9241
421.0000	186.0000	45.8266	-33.7860
421.0000	194.0000	-24.4585	-9.9066
422.0000	71.0000	-55.9052	-15.1701
422.0000	85.0000	-55.9339	-11.6720
422.0000	133.0000	-31.3942	-4.4419
422.0000	186.0000	46.6750	-35.2851
422.0000	194.0000	-25.3035	-11.4256
423.0000	71.0000	-56.5593	-16.6920
423.0000	85.0000	-56.5883	-13.1939
423.0000	133.0000	-32.0491	-5.9612
423.0000	186.0000	47.5235	-36.7858
423.0000	194.0000	-26.1484	-12.9462
424.0000	71.0000	-57.2133	-18.2153
424.0000	85.0000	-57.2425	-14.7171
424.0000	133.0000	-32.7039	-7.4819
424.0000	186.0000	48.3720	-38.2876
424.0000	194.0000	-26.9931	-14.4682
425.0000	71.0000	-57.8672	-19.7396
425.0000	85.0000	-57.8967	-16.2414
425.0000	133.0000	-33.3587	-9.0039
425.0000	186.0000	49.2205	-39.7907
425.0000	194.0000	-27.8378	-15.9915
426.0000	71.0000	-58.5210	-21.2651
426.0000	85.0000	-58.5508	-17.7669
426.0000	133.0000	-34.0133	-10.5271
426.0000	186.0000	50.0690	-41.2953
426.0000	194.0000	-28.6825	-17.5161
427.0000	71.0000	-59.1749	-22.7918
427.0000	85.0000	-59.2049	-19.2936
427.0000	133.0000	-34.6679	-12.0517
427.0000	186.0000	50.9174	-42.8013
427.0000	194.0000	-29.5271	-19.0420
428.0000	71.0000	-59.8287	-24.3197
428.0000	85.0000	-59.8589	-20.8215
428.0000	133.0000	-35.3224	-13.5775
428.0000	186.0000	51.6622	-44.3095
428.0000	194.0000	-30.3717	-20.5694
429.0000	71.0000	-60.4825	-25.8490
429.0000	85.0000	-60.5129	-22.3507
429.0000	133.0000	-35.9768	-15.1048
429.0000	186.0000	52.1291	-45.8214
429.0000	194.0000	-31.2162	-22.0981
430.0000	71.0000	-61.1362	-27.3793
430.0000	85.0000	-61.1669	-23.8810
430.0000	133.0000	-36.6312	-16.6332
430.0000	186.0000	52.5733	-47.3348
430.0000	194.0000	-32.0607	-23.6282
431.0000	71.0000	-61.7900	-28.9109
431.0000	85.0000	-61.8208	-25.4126
431.0000	133.0000	-37.2855	-18.1630
431.0000	186.0000	53.0244	-48.8496
431.0000	194.0000	-32.9052	-25.1595
432.0000	71.0000	-62.4438	-30.4434
432.0000	85.0000	-62.4748	-26.9451
432.0000	133.0000	-37.9398	-19.6939
432.0000	186.0000	53.4764	-50.3659
432.0000	194.0000	-33.7497	-26.6920
433.0000	71.0000	-63.0977	-31.9769
433.0000	85.0000	-63.1288	-28.4786
433.0000	133.0000	-38.5942	-21.2258
433.0000	186.0000	53.9307	-51.8836
433.0000	194.0000	-34.5943	-28.2257
434.0000	71.0000	-63.7515	-33.5114
434.0000	85.0000	-63.7829	-30.0131
434.0000	133.0000	-39.2485	-22.7590
434.0000	186.0000	54.3890	-53.4026
434.0000	194.0000	-35.4388	-29.7605
435.0000	71.0000	-64.4060	-35.0459
435.0000	85.0000	-64.4374	-31.5475
435.0000	133.0000	-39.9032	-24.2925
435.0000	186.0000	54.8504	-54.9238
435.0000	194.0000	-36.2839	-31.2959
436.0000	71.0000	-65.0612	-36.5801
436.0000	85.0000	-65.0926	-33.0817
436.0000	133.0000	-40.5584	-25.8264
436.0000	186.0000	55.3077	-56.4474
436.0000	194.0000	-37.1296	-32.8317
437.0000	71.0000	-65.7169	-38.1144
437.0000	85.0000	-65.7482	-34.6160
437.0000	133.0000	-41.2139	-27.3607
437.0000	194.0000	-37.9758	-34.3680
438.0000	71.0000	-66.3730	-39.6491
438.0000	85.0000	-66.4042	-36.1507
438.0000	133.0000	-41.8697	-28.8958
438.0000	194.0000	-38.8223	-35.9050
439.0000	71.0000	-67.0297	-41.1842
439.0000	85.0000	-67.0608	-37.6858
439.0000	133.0000	-42.5260	-30.4315
439.0000	194.0000	-39.6694	-37.4427
440.0000	85.0000	-67.7179	-39.2212
440.0000	133.0000	-43.1827	-31.9680
440.0000	194.0000	-40.5170	-38.9812
441.0000	85.0000	-68.3755	-40.7569
441.0000	133.0000	-43.8398	-33.5049
441.0000	194.0000	-41.3651	-40.5202
442.0000	133.0000	-44.4973	-35.0419
442.0000	194.0000	-42.2136	-42.0592
443.0000	133.0000	-45.1552	-36.5792
443.0000	194.0000	-43.0626	-43.5986
444.0000	133.0000	-45.8137	-38.1169
444.0000	194.0000	-43.9122	-45.1384
445.0000	133.0000	-46.4725	-39.6552
445.0000	194.0000	-44.7623	-46.6786
446.0000	133.0000	-47.1318	-41.1938
446.0000	194.0000	-45.6129	-48.2192
447.0000	133.0000	-47.7917	-42.7327
447.0000	194.0000	-46.4641	-49.7601
448.0000	133.0000	-48.4519	-44.2722
448.0000	194.0000	-47.3158	-51.3015
449.0000	133.0000	-49.1128	-45.8120
449.0000	194.0000	-48.1680	-52.8432
450.0000	133.0000	-49.7739	-47.3524
450.0000	194.0000	-49.0206	-54.3855
451.0000	133.0000	-50.4355	-48.8931
451.0000	194.0000	-49.8738	-55.9280
452.0000	133.0000	-51.0976	-50.4340
452.0000	194.0000	-50.7274	-57.4707
453.0000	133.0000	-51.7595	-51.9760
453.0000	194.0000	-51.5808	-59.0143
454.0000	133.0000	-52.4218	-53.5183
455.0000	133.0000	-53.0844	-55.0612
456.0000	133.0000	-53.7473	-56.6047
457.0000	133.0000	-54.4113	-58.1480
