636.0000	3.0000	-65.2909	45.8606
637.0000	3.0000	-65.0679	45.7281
638.0000	3.0000	-64.8443	45.5935
639.0000	3.0000	-64.6222	45.4524
640.0000	3.0000	-64.3936	45.3019
641.0000	3.0000	-64.1693	45.1319
642.0000	3.0000	-63.9413	44.9406
643.0000	3.0000	-63.7100	44.7233
644.0000	3.0000	-63.4750	44.4765
645.0000	3.0000	-63.2372	44.1988
646.0000	3.0000	-62.9988	43.8849
647.0000	3.0000	-62.7572	43.5332
648.0000	3.0000	-62.5152	43.1717
649.0000	3.0000	-62.2717	42.8253
650.0000	3.0000	-62.0271	42.4826
651.0000	3.0000	-61.7814	42.1451
652.0000	3.0000	-61.5341	41.8177
653.0000	3.0000	-61.2851	41.4953
654.0000	3.0000	-61.0351	41.1688
655.0000	3.0000	-60.7840	40.8267
656.0000	3.0000	-60.5321	40.4632
657.0000	3.0000	-60.2799	40.0797
658.0000	3.0000	-60.0261	39.7060
659.0000	3.0000	-59.7703	39.3608
660.0000	3.0000	-59.5128	39.0272
661.0000	3.0000	-59.2521	38.7080
662.0000	3.0000	-58.9903	38.3917
663.0000	3.0000	-58.7267	38.0961
664.0000	3.0000	-58.4620	37.8393
665.0000	3.0000	-58.1971	37.6298
666.0000	3.0000	-57.9325	37.4728
667.0000	3.0000	-57.6679	37.3675
668.0000	3.0000	-57.4033	37.3115
669.0000	3.0000	-57.1389	37.2499
670.0000	3.0000	-56.8737	37.1516
671.0000	3.0000	-56.6074	37.0143
672.0000	3.0000	-56.3400	36.8399
673.0000	3.0000	-56.0716	36.6317
673.0000	239.0000	60.2219	51.9747
674.0000	3.0000	-55.8018	36.3937
674.0000	239.0000	59.7360	51.6540
675.0000	3.0000	-55.5305	36.1293
675.0000	239.0000	59.2467	51.3028
676.0000	3.0000	-55.2587	35.8383
676.0000	239.0000	58.7525	50.9305
677.0000	3.0000	-54.9858	35.5216
677.0000	239.0000	58.2550	50.5315
678.0000	3.0000	-54.7117	35.1785
678.0000	239.0000	57.7542	50.1131
679.0000	3.0000	-54.4361	34.8090
679.0000	239.0000	57.2513	49.6648
680.0000	3.0000	-54.1589	34.4134
680.0000	239.0000	56.7460	49.1986
681.0000	3.0000	-53.8812	33.9910
681.0000	239.0000	56.2388	48.7063
682.0000	3.0000	-53.6010	33.5506
682.0000	239.0000	55.7310	48.2024
683.0000	3.0000	-53.3170	33.1008
683.0000	239.0000	55.2237	47.6819
684.0000	3.0000	-53.0306	32.6399
684.0000	239.0000	54.7152	47.1533
685.0000	3.0000	-52.7407	32.1690
685.0000	239.0000	54.2062	46.6092
686.0000	3.0000	-52.4508	31.6836
686.0000	239.0000	53.6945	46.0567
687.0000	3.0000	-52.1592	31.1788
687.0000	239.0000	53.1812	45.4834
688.0000	3.0000	-51.8674	30.6441
688.0000	239.0000	52.6667	44.8807
689.0000	3.0000	-51.5722	30.0857
689.0000	239.0000	52.1537	44.2422
690.0000	3.0000	-51.2728	29.5048
690.0000	239.0000	51.6432	43.5626
691.0000	3.0000	-50.9690	28.8987
691.0000	132.0000	65.5533	44.9517
691.0000	239.0000	51.1354	42.8373
692.0000	3.0000	-50.6615	28.2620
692.0000	132.0000	65.1705	44.0289
692.0000	239.0000	50.6304	42.0624
693.0000	3.0000	-50.3502	27.5927
693.0000	132.0000	64.7930	43.0582
693.0000	239.0000	50.1280	41.2409
694.0000	3.0000	-50.0352	26.8902
694.0000	132.0000	64.4085	42.0369
694.0000	239.0000	49.6304	40.3760
695.0000	3.0000	-49.7173	26.1560
695.0000	132.0000	64.0162	40.9747
695.0000	239.0000	49.1332	39.4754
696.0000	3.0000	-49.3981	25.3894
696.0000	132.0000	63.6186	39.8837
696.0000	239.0000	48.6196	38.5414
697.0000	3.0000	-49.0782	24.5888
697.0000	132.0000	63.2158	38.7649
697.0000	239.0000	48.0999	37.5749
698.0000	3.0000	-48.7578	23.7551
698.0000	132.0000	62.8062	37.6249
698.0000	239.0000	47.5768	36.5757
699.0000	3.0000	-48.4370	22.8867
699.0000	132.0000	62.3931	36.4501
699.0000	239.0000	47.0510	35.5427
700.0000	3.0000	-48.1177	21.9820
700.0000	132.0000	61.9703	35.2614
700.0000	239.0000	46.5200	34.4794
701.0000	3.0000	-47.8011	21.0376
701.0000	132.0000	61.5396	34.0324
701.0000	239.0000	45.9819	33.3784
702.0000	3.0000	-47.4860	20.0542
702.0000	132.0000	61.1001	32.7836
702.0000	239.0000	45.4391	32.2392
703.0000	3.0000	-47.1736	19.0276
703.0000	132.0000	60.6531	31.4850
703.0000	239.0000	44.8895	31.0565
704.0000	3.0000	-46.8640	17.9574
704.0000	132.0000	60.1956	30.1691
704.0000	239.0000	44.3335	29.8318
705.0000	3.0000	-46.5566	16.8449
705.0000	132.0000	59.7324	28.8066
705.0000	239.0000	43.7718	28.5686
706.0000	3.0000	-46.2514	15.6898
706.0000	132.0000	59.2605	27.4234
706.0000	239.0000	43.2044	27.2629
707.0000	3.0000	-45.9493	14.5078
707.0000	132.0000	58.7811	26.0246
707.0000	239.0000	42.6298	25.9480
708.0000	3.0000	-45.6612	13.3119
708.0000	132.0000	58.2756	24.7833
708.0000	239.0000	42.0314	24.7561
709.0000	3.0000	-45.4245	12.1392
709.0000	132.0000	57.6787	23.8983
709.0000	239.0000	41.3418	23.8925
710.0000	3.0000	-42.1306	19.1525
710.0000	132.0000	60.7899	13.7338
710.0000	239.0000	44.6128	16.4564
711.0000	3.0000	-37.2495	26.4051
711.0000	132.0000	62.0521	2.0592
711.0000	239.0000	46.6102	7.7960
712.0000	3.0000	-31.1972	32.2892
712.0000	132.0000	61.3398	-8.9552
712.0000	239.0000	47.1525	-0.5261
713.0000	3.0000	-24.4401	36.7286
713.0000	132.0000	58.9211	-18.8642
713.0000	239.0000	46.3929	-8.1350
714.0000	3.0000	-17.9294	39.7277
714.0000	132.0000	55.4076	-26.9180
714.0000	239.0000	44.6572	-14.3923
715.0000	3.0000	-12.8176	41.5672
715.0000	132.0000	51.8463	-32.5045
715.0000	239.0000	42.6036	-18.7071
716.0000	3.0000	-9.5880	42.7220
716.0000	132.0000	49.1116	-35.5919
716.0000	239.0000	40.8674	-20.9608
717.0000	3.0000	-7.9570	43.4987
717.0000	132.0000	47.5225	-36.4994
717.0000	239.0000	39.7769	-21.3727
718.0000	3.0000	-7.6045	43.8213
718.0000	132.0000	46.9993	-35.7045
718.0000	239.0000	39.3183	-20.3908
719.0000	3.0000	-7.3394	43.8177
719.0000	132.0000	46.8819	-34.7001
719.0000	239.0000	39.1935	-19.3051
720.0000	3.0000	-7.1281	43.6354
720.0000	132.0000	46.8860	-33.9213
720.0000	239.0000	39.1606	-18.4627
721.0000	3.0000	-6.9976	43.3827
721.0000	132.0000	46.7042	-33.3846
721.0000	239.0000	38.9433	-17.8509
722.0000	3.0000	-6.8551	43.1097
722.0000	132.0000	46.5443	-32.9706
722.0000	239.0000	38.7457	-17.3504
723.0000	3.0000	-6.7059	42.8163
723.0000	132.0000	46.3765	-32.6055
723.0000	239.0000	38.5438	-16.9030
724.0000	3.0000	-6.5634	42.5050
724.0000	132.0000	46.1707	-32.2266
724.0000	239.0000	38.3121	-16.4597
725.0000	3.0000	-6.4329	42.1877
725.0000	132.0000	45.9263	-31.8185
725.0000	239.0000	38.0441	-15.9963
726.0000	3.0000	-6.3108	41.8791
726.0000	132.0000	45.6529	-31.3791
726.0000	239.0000	37.7486	-15.5051
727.0000	3.0000	-6.1902	41.5888
727.0000	132.0000	45.3648	-30.9101
727.0000	239.0000	37.4396	-14.9846
728.0000	3.0000	-6.0668	41.3184
728.0000	132.0000	45.0736	-30.4136
728.0000	239.0000	37.1286	-14.4360
729.0000	3.0000	-5.9395	41.0637
729.0000	132.0000	44.7857	-29.8934
729.0000	239.0000	36.8202	-13.8657
730.0000	3.0000	-5.8097	40.8190
730.0000	132.0000	44.5026	-29.3550
730.0000	239.0000	36.5194	-13.2815
731.0000	3.0000	-5.6828	40.5768
731.0000	132.0000	44.2275	-28.8010
731.0000	239.0000	36.2566	-12.7529
732.0000	3.0000	-5.5531	40.3342
732.0000	132.0000	43.9548	-28.2446
732.0000	239.0000	36.0963	-12.4096
733.0000	3.0000	-5.4218	40.0892
733.0000	132.0000	43.6840	-27.6885
733.0000	239.0000	35.9400	-12.0758
734.0000	3.0000	-5.2891	39.8407
734.0000	132.0000	43.4153	-27.1347
734.0000	239.0000	35.7878	-11.7541
735.0000	3.0000	-5.1559	39.5884
735.0000	132.0000	43.1483	-26.5838
735.0000	239.0000	35.6378	-11.4386
736.0000	3.0000	-5.0225	39.3328
736.0000	132.0000	42.8820	-26.0357
736.0000	239.0000	35.4793	-11.1255
737.0000	3.0000	-4.8895	39.0746
737.0000	132.0000	42.6151	-25.4894
737.0000	239.0000	35.3304	-10.8061
738.0000	3.0000	-4.7571	38.8146
738.0000	132.0000	42.3469	-24.9435
738.0000	239.0000	35.1792	-10.4898
739.0000	3.0000	-4.6253	38.5538
739.0000	132.0000	42.0769	-24.3968
739.0000	239.0000	35.0165	-10.1784
740.0000	3.0000	-4.4941	38.2928
740.0000	132.0000	41.8051	-23.8482
740.0000	239.0000	34.8591	-9.8603
741.0000	3.0000	-4.3632	38.0321
741.0000	132.0000	41.5690	-23.3734
741.0000	239.0000	34.7005	-9.5316
742.0000	3.0000	-4.2327	37.7717
742.0000	132.0000	41.4295	-23.0925
742.0000	239.0000	34.5751	-9.2826
743.0000	3.0000	-4.1022	37.5119
743.0000	132.0000	41.2933	-22.8150
743.0000	239.0000	34.5582	-9.2530
744.0000	3.0000	-3.9718	37.2525
744.0000	132.0000	41.1516	-22.5290
744.0000	239.0000	34.5069	-9.1527
745.0000	3.0000	-3.8410	36.9933
745.0000	132.0000	41.0085	-22.2393
745.0000	239.0000	34.4292	-8.9983
746.0000	3.0000	-3.7101	36.7342
746.0000	132.0000	40.8642	-21.9458
746.0000	239.0000	34.3480	-8.8366
747.0000	3.0000	-3.5800	36.4755
747.0000	132.0000	40.7182	-21.6483
747.0000	239.0000	34.2637	-8.6684
748.0000	3.0000	-3.4419	36.1876
748.0000	132.0000	40.5732	-21.3528
748.0000	239.0000	34.1789	-8.4992
749.0000	3.0000	-3.3032	35.9014
749.0000	132.0000	40.4369	-21.0746
749.0000	239.0000	34.0975	-8.3364
750.0000	3.0000	-3.1614	35.6156
750.0000	132.0000	40.3014	-20.7977
750.0000	239.0000	34.0143	-8.1703
751.0000	3.0000	-3.0220	35.3262
751.0000	132.0000	40.1640	-20.5172
751.0000	239.0000	33.9283	-7.9985
752.0000	3.0000	-2.8724	35.0347
752.0000	132.0000	40.0632	-20.3120
752.0000	239.0000	33.8393	-7.8212
753.0000	3.0000	-2.7156	34.7298
753.0000	132.0000	40.0577	-20.3006
753.0000	239.0000	33.7495	-7.6422
754.0000	3.0000	-2.5588	34.4326
754.0000	132.0000	40.0259	-20.2347
754.0000	239.0000	33.6639	-7.4719
755.0000	3.0000	-2.4085	34.1357
755.0000	132.0000	39.9639	-20.1073
755.0000	239.0000	33.5786	-7.3020
756.0000	3.0000	-2.2551	33.8387
756.0000	132.0000	39.9346	-20.0482
756.0000	239.0000	33.4905	-7.1270
757.0000	3.0000	-2.0957	33.5375
757.0000	132.0000	39.9312	-20.0411
757.0000	239.0000	33.3998	-6.9469
758.0000	3.0000	-1.9481	33.2329
758.0000	132.0000	39.9176	-20.0127
758.0000	239.0000	33.3077	-6.7642
759.0000	3.0000	-1.8004	32.9364
759.0000	132.0000	39.9033	-19.9819
759.0000	239.0000	33.2553	-6.6592
760.0000	3.0000	-1.6487	32.6417
760.0000	132.0000	39.8841	-19.9402
760.0000	239.0000	33.2469	-6.6415
761.0000	3.0000	-1.4940	32.3474
761.0000	132.0000	39.8579	-19.8944
761.0000	239.0000	33.2139	-6.5812
762.0000	3.0000	-1.3419	32.0533
762.0000	132.0000	39.8496	-19.8836
762.0000	239.0000	33.1792	-6.5159
763.0000	3.0000	-1.1924	31.7590
763.0000	132.0000	39.8477	-19.8843
763.0000	239.0000	33.1428	-6.4462
764.0000	3.0000	-1.0444	31.4650
764.0000	132.0000	39.8433	-19.8793
764.0000	239.0000	33.1074	-6.3783
765.0000	3.0000	-0.8969	31.1715
765.0000	132.0000	39.8332	-19.8621
765.0000	239.0000	33.0720	-6.3101
766.0000	3.0000	-0.7492	30.8788
766.0000	132.0000	39.8197	-19.8378
766.0000	239.0000	33.0338	-6.2363
767.0000	3.0000	-0.6014	30.5868
767.0000	132.0000	39.8024	-19.8058
767.0000	239.0000	32.9934	-6.1580
768.0000	3.0000	-0.4540	30.2954
768.0000	132.0000	39.7816	-19.7669
768.0000	239.0000	32.9505	-6.0750
769.0000	3.0000	-0.3072	30.0045
769.0000	132.0000	39.7609	-19.7282
769.0000	239.0000	32.9082	-5.9935
770.0000	3.0000	-0.1623	29.7139
770.0000	132.0000	39.7403	-19.6861
770.0000	239.0000	32.8699	-5.9176
771.0000	3.0000	-0.0178	29.4237
771.0000	132.0000	39.7171	-19.6378
771.0000	239.0000	32.8299	-5.8375
772.0000	3.0000	0.1260	29.1339
772.0000	132.0000	39.6906	-19.5829
772.0000	239.0000	32.7872	-5.7524
773.0000	3.0000	0.2691	28.8446
773.0000	132.0000	39.6607	-19.5217
773.0000	239.0000	32.7417	-5.6625
774.0000	3.0000	0.4116	28.5560
774.0000	132.0000	39.6305	-19.4603
774.0000	239.0000	32.6935	-5.5677
775.0000	3.0000	0.5537	28.2679
775.0000	132.0000	39.6025	-19.4033
775.0000	239.0000	32.6429	-5.4679
776.0000	3.0000	0.6954	27.9805
776.0000	132.0000	39.5718	-19.3408
776.0000	239.0000	32.5900	-5.3633
777.0000	3.0000	0.8365	27.6935
777.0000	132.0000	39.5395	-19.2747
777.0000	239.0000	32.5633	-5.3111
778.0000	3.0000	0.9777	27.4071
778.0000	132.0000	39.5054	-19.2038
778.0000	239.0000	32.5581	-5.2995
779.0000	3.0000	1.0412	27.1179
779.0000	132.0000	39.5342	-19.0176
779.0000	239.0000	32.5589	-5.1571
780.0000	3.0000	1.1339	26.8318
780.0000	132.0000	39.4896	-18.8924
780.0000	239.0000	32.5106	-5.0681
781.0000	3.0000	1.2717	26.5471
781.0000	132.0000	39.4363	-18.8093
781.0000	239.0000	32.4712	-5.0126
782.0000	3.0000	1.4142	26.2630
782.0000	132.0000	39.3908	-18.7201
782.0000	239.0000	32.4392	-4.9507
783.0000	3.0000	1.5571	25.9793
783.0000	132.0000	39.3447	-18.6256
783.0000	239.0000	32.4062	-4.8828
784.0000	3.0000	1.6992	25.6961
784.0000	132.0000	39.2963	-18.5259
784.0000	239.0000	32.3702	-4.8092
785.0000	3.0000	1.8373	25.4133
785.0000	132.0000	39.2451	-18.4178
785.0000	239.0000	32.3557	-4.7786
786.0000	3.0000	1.9773	25.1313
786.0000	132.0000	39.1888	-18.3085
786.0000	239.0000	32.3493	-4.7691
787.0000	3.0000	2.1172	24.8498
787.0000	132.0000	39.1307	-18.1945
787.0000	239.0000	32.3284	-4.7302
788.0000	3.0000	2.2571	24.5687
788.0000	132.0000	39.0705	-18.0761
788.0000	239.0000	32.3057	-4.6876
789.0000	3.0000	2.3971	24.2881
789.0000	132.0000	39.0090	-17.9533
789.0000	239.0000	32.2812	-4.6397
790.0000	3.0000	2.5342	24.0078
790.0000	132.0000	38.9460	-17.8231
790.0000	239.0000	32.2531	-4.5836
791.0000	3.0000	2.6734	23.7281
791.0000	132.0000	38.8788	-17.6921
791.0000	239.0000	32.2214	-4.5248
792.0000	3.0000	2.8127	23.4489
792.0000	132.0000	38.8101	-17.5570
792.0000	239.0000	32.2095	-4.5043
793.0000	3.0000	2.9521	23.1701
793.0000	132.0000	38.7398	-17.4181
793.0000	239.0000	32.1981	-4.4837
794.0000	3.0000	3.0914	22.8918
794.0000	132.0000	38.6692	-17.2786
794.0000	239.0000	32.1813	-4.4527
795.0000	3.0000	3.2306	22.6138
795.0000	132.0000	38.5913	-17.1242
795.0000	239.0000	32.1620	-4.4165
796.0000	3.0000	3.3700	22.3363
796.0000	132.0000	38.5110	-16.9636
796.0000	239.0000	32.1404	-4.3747
797.0000	3.0000	3.5066	22.0591
797.0000	132.0000	38.4290	-16.7957
797.0000	239.0000	32.1158	-4.3260
798.0000	3.0000	3.6452	21.7825
798.0000	132.0000	38.3429	-16.6265
798.0000	239.0000	32.0897	-4.2786
799.0000	3.0000	3.7842	21.5063
799.0000	132.0000	38.2552	-16.4530
799.0000	239.0000	32.0622	-4.2270
800.0000	3.0000	3.9231	21.2306
800.0000	132.0000	38.1657	-16.2753
800.0000	239.0000	32.0319	-4.1698
801.0000	3.0000	4.0621	20.9552
801.0000	132.0000	38.0744	-16.0939
801.0000	239.0000	31.9989	-4.1071
802.0000	3.0000	4.2010	20.6803
802.0000	132.0000	37.9825	-15.9117
802.0000	239.0000	31.9630	-4.0388
803.0000	3.0000	4.3399	20.4057
803.0000	132.0000	37.8835	-15.7148
803.0000	239.0000	31.9243	-3.9650
804.0000	3.0000	4.4787	20.1315
804.0000	132.0000	37.7814	-15.5119
804.0000	239.0000	31.8829	-3.8860
805.0000	3.0000	4.6174	19.8578
805.0000	132.0000	37.6770	-15.3046
805.0000	239.0000	31.8389	-3.8018
806.0000	3.0000	4.7561	19.5843
806.0000	132.0000	37.5705	-15.0928
806.0000	239.0000	31.7923	-3.7125
807.0000	3.0000	4.8940	19.3111
807.0000	132.0000	37.4626	-14.8757
807.0000	239.0000	31.7435	-3.6174
808.0000	3.0000	5.0327	19.0380
808.0000	132.0000	37.3540	-14.6548
808.0000	239.0000	31.6938	-3.5179
809.0000	3.0000	5.1691	18.7651
809.0000	132.0000	37.2423	-14.4281
809.0000	239.0000	31.6688	-3.4685
810.0000	3.0000	5.3065	18.4925
810.0000	132.0000	37.1260	-14.2003
810.0000	239.0000	31.6674	-3.4703
811.0000	3.0000	5.4434	18.2198
811.0000	132.0000	37.0096	-13.9716
811.0000	239.0000	31.6655	-3.4695
812.0000	3.0000	5.5799	17.9472
812.0000	132.0000	36.8871	-13.7369
812.0000	239.0000	31.6642	-3.4694
813.0000	3.0000	5.7164	17.6745
813.0000	132.0000	36.7635	-13.4951
813.0000	239.0000	31.6642	-3.4699
814.0000	3.0000	5.8502	17.4021
814.0000	132.0000	36.6423	-13.2396
814.0000	239.0000	31.6637	-3.4681
815.0000	3.0000	5.9834	17.1286
815.0000	132.0000	36.5125	-12.9835
815.0000	239.0000	31.6624	-3.4690
816.0000	3.0000	6.1138	16.8536
816.0000	132.0000	36.3759	-12.7238
816.0000	239.0000	31.6619	-3.4701
817.0000	3.0000	6.2381	16.5754
817.0000	132.0000	36.2388	-12.4560
817.0000	239.0000	31.6616	-3.4712
818.0000	3.0000	6.3575	16.2945
818.0000	132.0000	36.1076	-12.1850
818.0000	239.0000	31.6615	-3.4724
819.0000	3.0000	6.4743	16.0118
819.0000	132.0000	35.9704	-11.9137
819.0000	239.0000	31.6613	-3.4738
820.0000	3.0000	6.5848	15.7263
820.0000	132.0000	35.8304	-11.6389
820.0000	239.0000	31.6611	-3.4751
821.0000	3.0000	6.6914	15.4386
821.0000	132.0000	35.7244	-11.4318
821.0000	239.0000	31.6609	-3.4765
822.0000	3.0000	6.7893	15.1480
822.0000	132.0000	35.7143	-11.4148
822.0000	239.0000	31.6606	-3.4778
823.0000	3.0000	6.8794	14.8541
823.0000	132.0000	35.6865	-11.3616
823.0000	239.0000	31.6604	-3.4791
824.0000	3.0000	6.9641	14.5583
824.0000	132.0000	35.6175	-11.2268
824.0000	239.0000	31.6604	-3.4794
825.0000	3.0000	7.0385	14.2593
825.0000	132.0000	35.5373	-11.0877
825.0000	239.0000	31.6612	-3.4800
826.0000	3.0000	7.1052	13.9579
826.0000	132.0000	35.4698	-10.9363
826.0000	239.0000	31.6618	-3.4806
827.0000	3.0000	7.1652	13.6537
827.0000	132.0000	35.3986	-10.7852
827.0000	239.0000	31.6620	-3.4812
828.0000	3.0000	7.2141	13.3454
828.0000	132.0000	35.3275	-10.6451
828.0000	239.0000	31.6622	-3.4817
829.0000	3.0000	7.2528	13.0371
829.0000	132.0000	35.2583	-10.5105
829.0000	239.0000	31.6623	-3.4822
830.0000	3.0000	7.2864	12.7293
830.0000	132.0000	35.1870	-10.3705
830.0000	239.0000	31.6623	-3.4825
831.0000	3.0000	7.3033	12.4216
831.0000	132.0000	35.1125	-10.2273
831.0000	239.0000	31.6623	-3.4827
832.0000	3.0000	7.3124	12.1102
832.0000	132.0000	35.0285	-10.0883
832.0000	239.0000	31.6623	-3.4829
833.0000	3.0000	7.3075	11.7993
833.0000	132.0000	34.9673	-9.9467
833.0000	239.0000	31.6623	-3.4829
834.0000	3.0000	7.2911	11.4875
834.0000	132.0000	34.9072	-9.8156
834.0000	239.0000	31.6622	-3.4829
835.0000	3.0000	7.2628	11.1772
835.0000	132.0000	34.8391	-9.6819
835.0000	239.0000	31.6621	-3.4829
836.0000	3.0000	7.2225	10.8680
836.0000	132.0000	34.7685	-9.5450
836.0000	239.0000	31.6621	-3.4827
837.0000	3.0000	7.1676	10.5613
837.0000	132.0000	34.6965	-9.4047
837.0000	239.0000	31.6620	-3.4826
838.0000	3.0000	7.0950	10.2586
838.0000	132.0000	34.6686	-9.3504
838.0000	239.0000	31.6621	-3.4824
839.0000	3.0000	7.0144	9.9567
839.0000	132.0000	34.6613	-9.3360
839.0000	239.0000	31.6620	-3.4823
840.0000	3.0000	6.9180	9.6599
840.0000	132.0000	34.6182	-9.2507
840.0000	239.0000	31.6620	-3.4821
841.0000	3.0000	6.8050	9.3629
841.0000	132.0000	34.5729	-9.1618
841.0000	239.0000	31.6620	-3.4820
842.0000	3.0000	6.6718	9.0757
842.0000	132.0000	34.5253	-9.0683
842.0000	239.0000	31.6620	-3.4818
843.0000	3.0000	6.5302	8.7961
843.0000	132.0000	34.4768	-8.9732
843.0000	239.0000	31.6620	-3.4818
844.0000	3.0000	6.4720	8.6532
844.0000	132.0000	34.4339	-8.8875
844.0000	239.0000	31.6628	-3.4819
845.0000	3.0000	6.4851	8.6490
845.0000	132.0000	34.3886	-8.7975
845.0000	239.0000	31.6624	-3.4802
846.0000	3.0000	6.4875	8.6371
846.0000	132.0000	34.3390	-8.7056
846.0000	239.0000	31.6605	-3.4811
847.0000	3.0000	6.4865	8.6278
847.0000	132.0000	34.3161	-8.6648
847.0000	239.0000	31.6594	-3.4818
848.0000	3.0000	6.4822	8.6207
848.0000	132.0000	34.3090	-8.6535
848.0000	239.0000	31.6587	-3.4823
849.0000	3.0000	6.4584	8.5822
849.0000	132.0000	34.2842	-8.6053
849.0000	239.0000	31.6589	-3.4829
850.0000	3.0000	6.4106	8.5570
850.0000	132.0000	34.2937	-8.4635
850.0000	239.0000	31.6810	-3.3993
851.0000	3.0000	6.3903	8.5659
851.0000	132.0000	34.2488	-8.3711
851.0000	239.0000	31.6590	-3.3661
852.0000	3.0000	6.3881	8.5627
852.0000	132.0000	34.2092	-8.3140
852.0000	239.0000	31.6508	-3.3695
853.0000	3.0000	6.3893	8.5597
853.0000	132.0000	34.1779	-8.2522
853.0000	239.0000	31.6531	-3.3723
854.0000	3.0000	6.3893	8.5581
854.0000	132.0000	34.1448	-8.1825
854.0000	239.0000	31.6559	-3.3728
855.0000	3.0000	6.3897	8.5573
855.0000	132.0000	34.1321	-8.1590
855.0000	239.0000	31.6570	-3.3752
856.0000	3.0000	6.3897	8.5570
856.0000	132.0000	34.1216	-8.1400
856.0000	239.0000	31.6574	-3.3771
857.0000	3.0000	6.3898	8.5570
857.0000	132.0000	34.1018	-8.1037
857.0000	239.0000	31.6573	-3.3786
858.0000	3.0000	6.3898	8.5569
858.0000	132.0000	34.0795	-8.0627
858.0000	239.0000	31.6568	-3.3796
859.0000	3.0000	6.3899	8.5570
859.0000	132.0000	34.0543	-8.0160
859.0000	239.0000	31.6563	-3.3803
860.0000	3.0000	6.3901	8.5570
860.0000	132.0000	34.0262	-7.9633
860.0000	239.0000	31.6559	-3.3810
861.0000	3.0000	6.3902	8.5571
861.0000	132.0000	33.9952	-7.9049
861.0000	239.0000	31.6556	-3.3817
862.0000	3.0000	6.3886	8.5534
862.0000	132.0000	33.9644	-7.8468
862.0000	239.0000	31.6553	-3.3824
863.0000	3.0000	6.3882	8.5500
863.0000	132.0000	33.9356	-7.7928
863.0000	239.0000	31.6550	-3.3833
864.0000	3.0000	6.3879	8.5498
864.0000	132.0000	33.9078	-7.7375
864.0000	239.0000	31.6559	-3.3836
865.0000	3.0000	6.3868	8.5496
865.0000	132.0000	33.8773	-7.6763
865.0000	239.0000	31.6562	-3.3827
866.0000	3.0000	6.3866	8.5492
866.0000	132.0000	33.8424	-7.6125
866.0000	239.0000	31.6551	-3.3842
867.0000	3.0000	6.3866	8.5489
867.0000	132.0000	33.8051	-7.5432
867.0000	239.0000	31.6545	-3.3856
868.0000	3.0000	6.3867	8.5486
868.0000	132.0000	33.7654	-7.4686
868.0000	239.0000	31.6541	-3.3870
869.0000	3.0000	6.3868	8.5485
869.0000	132.0000	33.7229	-7.3886
869.0000	239.0000	31.6537	-3.3882
870.0000	3.0000	6.3870	8.5483
870.0000	132.0000	33.6779	-7.3035
870.0000	239.0000	31.6534	-3.3894
871.0000	3.0000	6.3871	8.5482
871.0000	132.0000	33.6303	-7.2132
871.0000	239.0000	31.6530	-3.3905
872.0000	3.0000	6.3872	8.5482
872.0000	132.0000	33.5802	-7.1181
872.0000	239.0000	31.6527	-3.3915
873.0000	3.0000	6.3874	8.5482
873.0000	132.0000	33.5276	-7.0181
873.0000	239.0000	31.6524	-3.3926
874.0000	3.0000	6.3857	8.5444
874.0000	132.0000	33.5014	-6.9699
874.0000	239.0000	31.6521	-3.3937
875.0000	3.0000	6.3798	8.5365
875.0000	132.0000	33.5016	-6.9702
875.0000	239.0000	31.6521	-3.3939
876.0000	3.0000	6.3729	8.5249
876.0000	132.0000	33.5013	-6.9687
876.0000	239.0000	31.6528	-3.3945
877.0000	3.0000	6.3637	8.5080
877.0000	132.0000	33.5012	-6.9680
877.0000	239.0000	31.6534	-3.3951
878.0000	3.0000	6.3523	8.4859
878.0000	132.0000	33.5012	-6.9680
878.0000	239.0000	31.6537	-3.3958
879.0000	3.0000	6.3375	8.4587
879.0000	132.0000	33.5019	-6.9684
879.0000	239.0000	31.6546	-3.3965
880.0000	3.0000	6.3159	8.4262
880.0000	132.0000	33.5022	-6.9669
880.0000	239.0000	31.6548	-3.3954
881.0000	3.0000	6.2617	8.3360
881.0000	132.0000	33.5001	-6.9683
881.0000	239.0000	31.6521	-3.3952
882.0000	3.0000	6.2073	8.2475
882.0000	132.0000	33.4994	-6.9693
882.0000	239.0000	31.6485	-3.3896
883.0000	3.0000	6.1279	8.1366
883.0000	132.0000	33.4986	-6.9676
883.0000	239.0000	31.6407	-3.3751
884.0000	3.0000	6.0515	8.0222
884.0000	132.0000	33.4970	-6.9686
884.0000	239.0000	31.6299	-3.3580
885.0000	3.0000	5.9641	7.8988
885.0000	132.0000	33.4962	-6.9696
885.0000	239.0000	31.6162	-3.3333
886.0000	3.0000	5.8675	7.7658
886.0000	132.0000	33.4959	-6.9706
886.0000	239.0000	31.6005	-3.3043
887.0000	3.0000	5.7650	7.6366
887.0000	132.0000	33.4947	-6.9701
887.0000	239.0000	31.5817	-3.2692
888.0000	3.0000	5.6312	7.4768
888.0000	132.0000	33.4919	-6.9660
888.0000	239.0000	31.5599	-3.2283
889.0000	3.0000	5.6026	7.4411
889.0000	132.0000	33.4856	-6.9559
889.0000	239.0000	31.5351	-3.1817
890.0000	3.0000	5.6048	7.4334
890.0000	132.0000	33.4758	-6.9390
890.0000	239.0000	31.5073	-3.1293
891.0000	3.0000	5.6044	7.4208
891.0000	132.0000	33.4632	-6.9149
891.0000	239.0000	31.4772	-3.0712
892.0000	3.0000	5.6008	7.4142
892.0000	132.0000	33.4474	-6.8839
892.0000	239.0000	31.4432	-3.0051
893.0000	3.0000	5.5962	7.4108
893.0000	132.0000	33.4277	-6.8492
893.0000	239.0000	31.4058	-2.9358
894.0000	3.0000	5.5784	7.3971
894.0000	132.0000	33.4054	-6.8086
894.0000	239.0000	31.3662	-2.8610
895.0000	3.0000	5.5577	7.3799
895.0000	132.0000	33.3803	-6.7620
895.0000	239.0000	31.3241	-2.7809
896.0000	3.0000	5.5315	7.3557
896.0000	132.0000	33.3523	-6.7096
896.0000	239.0000	31.2793	-2.6956
897.0000	3.0000	5.4993	7.3199
897.0000	132.0000	33.3212	-6.6513
897.0000	239.0000	31.2319	-2.6053
898.0000	3.0000	5.4497	7.2672
898.0000	132.0000	33.2872	-6.5873
898.0000	239.0000	31.1821	-2.5100
899.0000	3.0000	5.3919	7.2067
899.0000	132.0000	33.2503	-6.5177
899.0000	239.0000	31.1297	-2.4099
900.0000	3.0000	5.3029	7.1092
900.0000	132.0000	33.2107	-6.4427
900.0000	239.0000	31.0749	-2.3051
901.0000	3.0000	5.2004	7.0040
901.0000	132.0000	33.1683	-6.3624
901.0000	239.0000	31.0179	-2.1958
902.0000	3.0000	5.0920	6.8919
902.0000	132.0000	33.1244	-6.2763
902.0000	239.0000	30.9594	-2.0813
903.0000	3.0000	4.9714	6.7842
903.0000	132.0000	33.0776	-6.1839
903.0000	239.0000	30.8982	-1.9613
904.0000	3.0000	4.8371	6.6702
904.0000	132.0000	33.0267	-6.0890
904.0000	239.0000	30.8334	-1.8391
905.0000	3.0000	4.6956	6.5484
905.0000	132.0000	32.9737	-5.9892
905.0000	239.0000	30.7670	-1.7126
906.0000	3.0000	4.5503	6.4215
906.0000	132.0000	32.9186	-5.8846
906.0000	239.0000	30.7258	-1.6348
907.0000	3.0000	4.3996	6.2880
907.0000	132.0000	32.8619	-5.7754
907.0000	239.0000	30.7182	-1.6201
908.0000	3.0000	4.2393	6.1544
908.0000	132.0000	32.8023	-5.6591
908.0000	239.0000	30.6848	-1.5548
909.0000	3.0000	4.0713	6.0244
909.0000	132.0000	32.7464	-5.5308
909.0000	239.0000	30.6560	-1.4814
910.0000	3.0000	3.8968	5.8982
910.0000	132.0000	32.6779	-5.4024
910.0000	239.0000	30.6147	-1.4074
911.0000	3.0000	3.7188	5.7740
911.0000	132.0000	32.6092	-5.2762
911.0000	239.0000	30.5734	-1.3339
912.0000	3.0000	3.5277	5.6464
912.0000	132.0000	32.5405	-5.1457
912.0000	239.0000	30.5316	-1.2549
913.0000	3.0000	3.3112	5.5009
913.0000	132.0000	32.4703	-5.0112
913.0000	239.0000	30.4877	-1.1707
914.0000	3.0000	3.1021	5.3619
914.0000	132.0000	32.3982	-4.8731
914.0000	239.0000	30.4412	-1.0815
915.0000	3.0000	2.8908	5.2268
915.0000	132.0000	32.3253	-4.7337
915.0000	239.0000	30.3920	-0.9873
916.0000	3.0000	2.6792	5.0950
916.0000	132.0000	32.2450	-4.5799
916.0000	239.0000	30.3401	-0.8881
917.0000	3.0000	2.4621	4.9577
917.0000	132.0000	32.1646	-4.4261
917.0000	239.0000	30.2858	-0.7842
918.0000	3.0000	2.2450	4.8223
918.0000	132.0000	32.0868	-4.2777
918.0000	239.0000	30.2291	-0.6757
919.0000	3.0000	2.0276	4.6915
919.0000	132.0000	32.0386	-4.1863
919.0000	239.0000	30.1701	-0.5626
920.0000	3.0000	1.8119	4.5659
920.0000	132.0000	32.0390	-4.1875
920.0000	239.0000	30.1089	-0.4444
921.0000	3.0000	1.6009	4.4457
921.0000	132.0000	32.0373	-4.1834
921.0000	239.0000	30.0463	-0.3222
922.0000	3.0000	1.3912	4.3281
922.0000	132.0000	32.0109	-4.1302
922.0000	239.0000	29.9822	-0.1959
923.0000	3.0000	1.1867	4.2147
923.0000	132.0000	31.9816	-4.0732
923.0000	239.0000	29.9143	-0.0642
924.0000	3.0000	0.9825	4.1014
924.0000	132.0000	31.9527	-4.0219
924.0000	239.0000	29.8432	0.0697
925.0000	3.0000	0.7673	3.9804
925.0000	132.0000	31.9241	-3.9697
925.0000	239.0000	29.7707	0.2077
926.0000	3.0000	0.5484	3.8606
926.0000	132.0000	31.8933	-3.9125
926.0000	239.0000	29.6981	0.3465
927.0000	3.0000	0.3259	3.7432
927.0000	132.0000	31.8598	-3.8496
927.0000	239.0000	29.6189	0.4989
928.0000	3.0000	0.0660	3.6058
928.0000	132.0000	31.8236	-3.7811
928.0000	239.0000	29.5360	0.6587
929.0000	3.0000	-0.1564	3.4852
929.0000	132.0000	31.7847	-3.7073
929.0000	239.0000	29.4509	0.8227
930.0000	3.0000	-0.3657	3.3728
930.0000	132.0000	31.7439	-3.6282
930.0000	239.0000	29.3644	0.9910
931.0000	3.0000	-0.5858	3.2554
931.0000	132.0000	31.7209	-3.4657
931.0000	239.0000	29.2842	1.2356
932.0000	3.0000	-0.7935	3.1499
932.0000	132.0000	31.6529	-3.3407
932.0000	239.0000	29.1651	1.4449
933.0000	3.0000	-0.9850	3.0517
933.0000	132.0000	31.5957	-3.2493
933.0000	239.0000	29.0634	1.6224
934.0000	3.0000	-1.1673	2.9571
934.0000	132.0000	31.5454	-3.1526
934.0000	239.0000	28.9707	1.8012
935.0000	3.0000	-1.3695	2.8514
935.0000	132.0000	31.4940	-3.0507
935.0000	239.0000	28.8719	1.9950
936.0000	3.0000	-1.5854	2.7372
936.0000	132.0000	31.4389	-2.9438
936.0000	239.0000	28.7688	2.1952
937.0000	3.0000	-1.7795	2.6350
937.0000	132.0000	31.3804	-2.8319
937.0000	239.0000	28.6622	2.4004
938.0000	3.0000	-1.9560	2.5432
938.0000	132.0000	31.3188	-2.7151
938.0000	239.0000	28.5526	2.6103
939.0000	3.0000	-2.1542	2.4405
939.0000	132.0000	31.2547	-2.5936
939.0000	239.0000	28.4405	2.8249
940.0000	3.0000	-2.3642	2.3316
940.0000	132.0000	31.1884	-2.4678
940.0000	239.0000	28.3263	3.0438
941.0000	3.0000	-2.5474	2.2364
941.0000	132.0000	31.1201	-2.3378
941.0000	239.0000	28.2101	3.2668
942.0000	3.0000	-2.7101	2.1514
942.0000	132.0000	31.0497	-2.2030
942.0000	239.0000	28.0917	3.4943
943.0000	3.0000	-2.9071	2.0487
943.0000	132.0000	30.9782	-2.0647
943.0000	239.0000	27.9735	3.7228
944.0000	3.0000	-3.1000	1.9495
944.0000	132.0000	30.9059	-1.9255
944.0000	239.0000	27.8515	3.9582
945.0000	3.0000	-3.2642	1.8648
945.0000	132.0000	30.8277	-1.7751
945.0000	239.0000	27.7610	4.1320
946.0000	3.0000	-3.4219	1.7832
946.0000	132.0000	30.7478	-1.6207
946.0000	239.0000	27.7301	4.1924
947.0000	3.0000	-3.6164	1.6827
947.0000	132.0000	30.6729	-1.4760
947.0000	239.0000	27.6740	4.3016
948.0000	3.0000	-3.7753	1.6020
948.0000	132.0000	30.5960	-1.3325
948.0000	239.0000	27.6145	4.4123
949.0000	3.0000	-3.9196	1.5286
949.0000	132.0000	30.5183	-1.1861
949.0000	239.0000	27.5589	4.5173
950.0000	3.0000	-4.1084	1.4315
950.0000	132.0000	30.4468	-1.0511
950.0000	239.0000	27.5054	4.6187
951.0000	3.0000	-4.2666	1.3503
951.0000	132.0000	30.3793	-0.9231
951.0000	239.0000	27.4493	4.7259
952.0000	3.0000	-4.4037	1.2799
952.0000	132.0000	30.3097	-0.7906
952.0000	239.0000	27.3903	4.8389
953.0000	3.0000	-4.5874	1.1851
953.0000	132.0000	30.2383	-0.6546
953.0000	239.0000	27.3289	4.9564
954.0000	3.0000	-4.7403	1.1051
954.0000	132.0000	30.1654	-0.5156
954.0000	239.0000	27.2692	5.0707
955.0000	3.0000	-4.8659	1.0404
955.0000	132.0000	30.0916	-0.3750
955.0000	239.0000	27.2134	5.1777
956.0000	3.0000	-5.0131	0.9651
956.0000	132.0000	30.0113	-0.2218
956.0000	239.0000	27.1550	5.2895
957.0000	3.0000	-5.1776	0.8795
957.0000	132.0000	29.9317	-0.0692
957.0000	239.0000	27.0938	5.4068
958.0000	3.0000	-5.3026	0.8142
958.0000	132.0000	29.8523	0.0840
958.0000	239.0000	27.0310	5.5283
959.0000	3.0000	-5.4515	0.7364
959.0000	132.0000	29.7708	0.2407
959.0000	239.0000	26.9687	5.6487
960.0000	3.0000	-5.6022	0.6571
960.0000	132.0000	29.6892	0.3971
960.0000	239.0000	26.9131	5.7555
961.0000	3.0000	-5.7179	0.5965
961.0000	132.0000	29.6177	0.5339
961.0000	239.0000	26.8553	5.8661
962.0000	3.0000	-5.8589	0.5226
962.0000	132.0000	29.5452	0.6725
962.0000	239.0000	26.7954	5.9810
963.0000	3.0000	-6.0151	0.4405
963.0000	132.0000	29.4707	0.8151
963.0000	239.0000	26.7332	6.1002
964.0000	3.0000	-6.1322	0.3787
964.0000	132.0000	29.3945	0.9612
964.0000	239.0000	26.6689	6.2236
965.0000	3.0000	-6.2761	0.3031
965.0000	132.0000	29.3185	1.1081
965.0000	239.0000	26.6032	6.3510
966.0000	3.0000	-6.4239	0.2268
966.0000	132.0000	29.2353	1.2681
966.0000	239.0000	26.5339	6.4841
967.0000	3.0000	-6.5361	0.1699
967.0000	132.0000	29.1492	1.4300
967.0000	239.0000	26.4621	6.6195
968.0000	3.0000	-6.6830	0.0929
968.0000	132.0000	29.0711	1.5782
968.0000	239.0000	26.3891	6.7589
969.0000	3.0000	-6.8245	0.0173
969.0000	132.0000	28.9937	1.7258
969.0000	239.0000	26.3159	6.8996
970.0000	3.0000	-6.9332	-0.0405
970.0000	132.0000	28.9153	1.8757
970.0000	239.0000	26.2350	7.0554
971.0000	3.0000	-7.0783	-0.1164
971.0000	132.0000	28.8431	2.0139
971.0000	239.0000	26.1515	7.2164
972.0000	3.0000	-7.2190	-0.1910
972.0000	132.0000	28.7748	2.1446
972.0000	239.0000	26.0658	7.3815
973.0000	3.0000	-7.3287	-0.2492
973.0000	132.0000	28.7044	2.2793
973.0000	239.0000	25.9779	7.5508
974.0000	3.0000	-7.4797	-0.3290
974.0000	132.0000	28.6330	2.4173
974.0000	239.0000	25.8886	7.7240
975.0000	3.0000	-7.6356	-0.4145
975.0000	132.0000	28.5587	2.5595
975.0000	239.0000	25.7953	7.9027
976.0000	3.0000	-7.7563	-0.4805
976.0000	132.0000	28.4823	2.7038
976.0000	239.0000	25.7006	8.0829
977.0000	3.0000	-7.8587	-0.5352
977.0000	132.0000	28.4013	2.8581
977.0000	239.0000	25.6048	8.2650
978.0000	3.0000	-8.0044	-0.6133
978.0000	132.0000	28.3234	3.0066
978.0000	239.0000	25.5016	8.4612
979.0000	3.0000	-8.1447	-0.6900
979.0000	132.0000	28.2447	3.1583
979.0000	239.0000	25.3986	8.6634
980.0000	3.0000	-8.2530	-0.7503
980.0000	132.0000	28.1629	3.3149
980.0000	239.0000	25.2905	8.8717
981.0000	3.0000	-8.3786	-0.8175
981.0000	132.0000	28.0830	3.4661
981.0000	239.0000	25.1800	9.0827
982.0000	3.0000	-8.5403	-0.9047
982.0000	132.0000	28.0130	3.5992
982.0000	239.0000	25.0668	9.2977
983.0000	3.0000	-8.6673	-0.9733
983.0000	132.0000	27.9413	3.7364
983.0000	239.0000	24.9520	9.5172
984.0000	3.0000	-8.7826	-1.0356
984.0000	132.0000	27.8677	3.8771
984.0000	239.0000	24.8372	9.7417
985.0000	3.0000	-8.9467	-1.1243
985.0000	132.0000	27.7925	4.0213
985.0000	239.0000	24.7196	9.9694
986.0000	3.0000	-9.0746	-1.1929
986.0000	132.0000	27.7170	4.1659
986.0000	239.0000	24.6013	10.1973
987.0000	3.0000	-9.1855	-1.2526
987.0000	132.0000	27.6338	4.3253
987.0000	239.0000	24.4777	10.4357
988.0000	3.0000	-9.3472	-1.3408
988.0000	132.0000	27.5499	4.4859
988.0000	239.0000	24.3499	10.6822
989.0000	3.0000	-9.4781	-1.4135
989.0000	132.0000	27.4727	4.6339
989.0000	239.0000	24.2199	10.9330
990.0000	3.0000	-9.5887	-1.4743
990.0000	132.0000	27.3951	4.7827
990.0000	239.0000	24.0874	11.1886
991.0000	3.0000	-9.7504	-1.5615
991.0000	132.0000	27.3177	4.9325
991.0000	239.0000	23.9535	11.4479
992.0000	3.0000	-9.8847	-1.6324
992.0000	132.0000	27.2481	5.0666
992.0000	239.0000	23.8175	11.7112
993.0000	3.0000	-9.9953	-1.6921
993.0000	132.0000	27.1796	5.1984
993.0000	239.0000	23.6791	11.9786
994.0000	3.0000	-10.1584	-1.7820
994.0000	132.0000	27.1089	5.3343
994.0000	239.0000	23.5386	12.2497
995.0000	3.0000	-10.2988	-1.8610
995.0000	132.0000	27.0363	5.4738
995.0000	239.0000	23.3961	12.5249
996.0000	3.0000	-10.4138	-1.9246
996.0000	132.0000	26.9627	5.6152
996.0000	239.0000	23.2516	12.8039
997.0000	3.0000	-10.5713	-2.0098
997.0000	132.0000	26.8852	5.7641
997.0000	239.0000	23.1068	13.0836
998.0000	3.0000	-10.5961	-2.0232
998.0000	132.0000	26.8035	5.9214
998.0000	239.0000	22.9580	13.3711
999.0000	3.0000	-10.6131	-2.0328
999.0000	132.0000	26.7234	6.0754
999.0000	239.0000	22.8046	13.6675
