0.0000	163.0000	-2.4932	48.6734
1.0000	163.0000	-2.4834	48.9674
2.0000	163.0000	-2.4737	49.2614
3.0000	163.0000	-2.4640	49.5554
4.0000	163.0000	-2.4543	49.8493
5.0000	163.0000	-2.4448	50.1433
6.0000	163.0000	-2.4353	50.4372
7.0000	163.0000	-2.4259	50.7310
8.0000	163.0000	-2.4164	51.0249
9.0000	163.0000	-2.4070	51.3188
10.0000	163.0000	-2.3977	51.6126
11.0000	163.0000	-2.3885	51.9064
12.0000	163.0000	-2.3792	52.2002
13.0000	163.0000	-2.3699	52.4940
14.0000	163.0000	-2.3605	52.7878
15.0000	163.0000	-2.3512	53.0816
16.0000	163.0000	-2.3418	53.3754
17.0000	163.0000	-2.3324	53.6691
18.0000	163.0000	-2.3232	53.9629
19.0000	163.0000	-2.3139	54.2566
20.0000	163.0000	-2.3045	54.5503
21.0000	163.0000	-2.2950	54.8441
22.0000	163.0000	-2.2855	55.1377
23.0000	163.0000	-2.2760	55.4315
24.0000	163.0000	-2.2665	55.7252
25.0000	163.0000	-2.2571	56.0189
26.0000	163.0000	-2.2476	56.3126
27.0000	163.0000	-2.2381	56.6063
28.0000	163.0000	-2.2284	56.8999
29.0000	163.0000	-2.2187	57.1936
30.0000	163.0000	-2.2091	57.4872
31.0000	163.0000	-2.1994	57.7809
32.0000	163.0000	-2.1897	58.0746
33.0000	163.0000	-2.1800	58.3682
34.0000	163.0000	-2.1704	58.6619
35.0000	163.0000	-2.1607	58.9555
36.0000	163.0000	-2.1509	59.2492
37.0000	163.0000	-2.1410	59.5428
38.0000	163.0000	-2.1327	59.8466
39.0000	163.0000	-2.1213	60.1663
40.0000	163.0000	-2.1093	60.4867
41.0000	163.0000	-2.1008	60.8096
42.0000	163.0000	-2.0875	61.1321
43.0000	163.0000	-2.0737	61.4498
44.0000	163.0000	-2.0623	61.7658
45.0000	163.0000	-2.0528	62.0807
46.0000	163.0000	-2.0437	62.3943
47.0000	163.0000	-2.0365	62.7141
48.0000	163.0000	-2.0294	63.0444
49.0000	163.0000	-2.0195	63.3670
50.0000	163.0000	-2.0114	63.6854
51.0000	163.0000	-2.0036	64.0001
52.0000	163.0000	-1.9948	64.3192
53.0000	163.0000	-1.9861	64.6383
54.0000	163.0000	-1.9777	64.9568
55.0000	163.0000	-1.9697	65.2743
56.0000	163.0000	-1.9621	65.5914
57.0000	163.0000	-1.9544	65.9077
58.0000	163.0000	-1.9466	66.2236
59.0000	163.0000	-1.9384	66.5388
60.0000	163.0000	-1.9299	66.8536
61.0000	163.0000	-1.9211	67.1677
62.0000	163.0000	-1.9120	67.4815
63.0000	163.0000	-1.9029	67.7946
64.0000	163.0000	-1.8935	68.1075
65.0000	163.0000	-1.8840	68.4198
66.0000	163.0000	-1.8743	68.7317
67.0000	163.0000	-1.8644	69.0430
68.0000	163.0000	-1.8542	69.3542
69.0000	163.0000	-1.8439	69.6647
70.0000	163.0000	-1.8334	69.9750
71.0000	163.0000	-1.8227	70.2848
72.0000	163.0000	-1.8118	70.5943
73.0000	163.0000	-1.8008	70.9033
74.0000	163.0000	-1.7897	71.2121
75.0000	163.0000	-1.7784	71.5204
76.0000	163.0000	-1.7670	71.8284
77.0000	163.0000	-1.7554	72.1360
78.0000	163.0000	-1.7438	72.4433
79.0000	163.0000	-1.7321	72.7503
80.0000	163.0000	-1.7203	73.0571
81.0000	163.0000	-1.7085	73.3634
82.0000	163.0000	-1.7025	73.5114
83.0000	163.0000	-1.7016	73.5081
84.0000	163.0000	-1.7010	73.5205
85.0000	163.0000	-1.7013	73.5317
86.0000	163.0000	-1.7017	73.5391
87.0000	163.0000	-1.7021	73.5425
88.0000	163.0000	-1.7021	73.5437
89.0000	163.0000	-1.7020	73.5440
90.0000	163.0000	-1.7019	73.5440
91.0000	163.0000	-1.7018	73.5440
92.0000	163.0000	-1.7018	73.5439
93.0000	163.0000	-1.7018	73.5439
94.0000	163.0000	-1.7018	73.5439
95.0000	163.0000	-1.7018	73.5439
96.0000	163.0000	-1.7019	73.5439
97.0000	163.0000	-1.7019	73.5439
98.0000	163.0000	-1.7019	73.5439
99.0000	163.0000	-1.7019	73.5439
100.0000	163.0000	-1.7019	73.5439
101.0000	163.0000	-1.7019	73.5439
102.0000	163.0000	-1.7019	73.5439
103.0000	163.0000	-1.7019	73.5439
104.0000	163.0000	-1.7019	73.5439
105.0000	163.0000	-1.7019	73.5439
106.0000	163.0000	-1.7019	73.5439
107.0000	163.0000	-1.7019	73.5439
108.0000	163.0000	-1.7019	73.5439
109.0000	163.0000	-1.7019	73.5439
110.0000	163.0000	-1.7019	73.5439
111.0000	163.0000	-1.7019	73.5439
112.0000	163.0000	-1.7019	73.5439
113.0000	163.0000	-1.7019	73.5439
114.0000	163.0000	-1.7019	73.5439
115.0000	163.0000	-1.7019	73.5439
116.0000	163.0000	-1.7019	73.5439
117.0000	163.0000	-1.7019	73.5439
118.0000	163.0000	-1.7019	73.5439
119.0000	163.0000	-1.7019	73.5439
120.0000	163.0000	-1.7019	73.5439
121.0000	163.0000	-1.7019	73.5439
122.0000	163.0000	-1.7019	73.5439
123.0000	163.0000	-1.7019	73.5439
124.0000	163.0000	-1.7019	73.5439
125.0000	163.0000	-1.7019	73.5439
126.0000	163.0000	-1.7019	73.5439
127.0000	163.0000	-1.7019	73.5439
128.0000	163.0000	-1.7019	73.5439
129.0000	163.0000	-1.7019	73.5439
130.0000	163.0000	-1.7019	73.5439
131.0000	163.0000	-1.7019	73.5439
132.0000	163.0000	-1.7019	73.5439
133.0000	163.0000	-1.7019	73.5439
134.0000	163.0000	-1.7019	73.5439
135.0000	163.0000	-1.7017	73.5469
136.0000	163.0000	-1.7023	73.5468
137.0000	163.0000	-1.7034	73.5503
138.0000	163.0000	-1.7035	73.5594
139.0000	163.0000	-1.7029	73.5742
140.0000	163.0000	-1.7022	73.5948
141.0000	163.0000	-1.7008	73.6297
142.0000	163.0000	-1.6959	73.7223
143.0000	163.0000	-1.6885	73.8298
144.0000	163.0000	-1.6818	73.9547
145.0000	163.0000	-1.6736	74.1120
146.0000	163.0000	-1.6648	74.2801
147.0000	163.0000	-1.6563	74.4505
148.0000	163.0000	-1.6474	74.6247
149.0000	163.0000	-1.6385	74.8018
150.0000	163.0000	-1.6302	74.9810
151.0000	163.0000	-1.6221	75.1623
152.0000	163.0000	-1.6147	75.3458
153.0000	163.0000	-1.6075	75.5324
154.0000	163.0000	-1.6002	75.7586
155.0000	163.0000	-1.5936	76.0129
156.0000	163.0000	-1.5872	76.2630
157.0000	163.0000	-1.5800	76.5154
158.0000	163.0000	-1.5724	76.7696
159.0000	163.0000	-1.5647	77.0247
160.0000	163.0000	-1.5575	77.2805
161.0000	163.0000	-1.5505	77.5366
162.0000	163.0000	-1.5434	77.7933
163.0000	163.0000	-1.5360	78.0504
164.0000	163.0000	-1.5282	78.3081
165.0000	163.0000	-1.5201	78.5663
166.0000	163.0000	-1.5118	78.8253
167.0000	163.0000	-1.5032	79.0849
168.0000	163.0000	-1.4943	79.3453
169.0000	163.0000	-1.4853	79.6063
170.0000	163.0000	-1.4760	79.8681
359.0000	163.0000	5.9824	79.3809
360.0000	163.0000	5.2711	78.6645
361.0000	163.0000	4.6188	77.9313
362.0000	163.0000	4.0276	77.1826
363.0000	163.0000	3.4914	76.4202
364.0000	163.0000	3.0050	75.6458
365.0000	163.0000	2.5730	74.8602
366.0000	163.0000	2.1897	74.0646
367.0000	163.0000	1.8408	73.2606
368.0000	163.0000	1.5324	72.4484
369.0000	163.0000	1.2628	71.6290
370.0000	163.0000	1.0177	70.8031
371.0000	163.0000	0.8029	69.9711
372.0000	163.0000	0.6113	69.1335
373.0000	163.0000	0.4506	68.2914
374.0000	163.0000	0.3073	67.4526
375.0000	163.0000	0.1730	66.6381
376.0000	163.0000	0.0412	65.8774
377.0000	163.0000	-0.0896	65.1843
378.0000	163.0000	-0.2249	64.5727
379.0000	163.0000	-0.3677	64.0597
380.0000	163.0000	-0.5233	63.6369
381.0000	163.0000	-0.6663	63.2350
382.0000	163.0000	-0.7479	62.8298
383.0000	163.0000	-0.7977	62.4126
384.0000	163.0000	-0.8412	61.9809
385.0000	163.0000	-0.8774	61.5458
386.0000	163.0000	-0.9180	61.1680
387.0000	163.0000	-0.9817	60.8821
388.0000	163.0000	-1.0611	60.6166
389.0000	163.0000	-1.1039	60.3438
390.0000	163.0000	-1.1220	60.0716
391.0000	163.0000	-1.1515	59.8609
392.0000	163.0000	-1.2160	59.7389
393.0000	163.0000	-1.2873	59.6332
394.0000	163.0000	-1.3278	59.5321
395.0000	163.0000	-1.3650	59.4647
396.0000	163.0000	-1.4011	59.4027
397.0000	163.0000	-1.4192	59.3578
398.0000	163.0000	-1.4640	59.3425
399.0000	163.0000	-1.4948	59.3269
400.0000	163.0000	-1.5122	59.3218
401.0000	163.0000	-1.5383	59.3359
402.0000	163.0000	-1.5586	59.3477
403.0000	163.0000	-1.5650	59.3646
404.0000	163.0000	-1.5865	59.3891
405.0000	163.0000	-1.5963	59.4119
406.0000	163.0000	-1.6002	59.4346
407.0000	163.0000	-1.6104	59.4592
408.0000	163.0000	-1.6168	59.4852
409.0000	163.0000	-1.6227	59.5117
410.0000	163.0000	-1.6295	59.5387
411.0000	163.0000	-1.6366	59.5666
412.0000	163.0000	-1.6438	59.5950
413.0000	163.0000	-1.6500	59.6239
414.0000	163.0000	-1.6539	59.6533
415.0000	163.0000	-1.6554	59.6832
416.0000	163.0000	-1.6553	59.7134
417.0000	163.0000	-1.6518	59.7441
418.0000	163.0000	-1.6465	59.7748
419.0000	163.0000	-1.6415	59.8155
420.0000	163.0000	-1.6284	59.8890
421.0000	163.0000	-1.6182	60.0350
422.0000	163.0000	-1.6227	60.3033
423.0000	163.0000	-1.6295	60.6222
424.0000	163.0000	-1.6363	60.9388
425.0000	163.0000	-1.6434	61.2548
426.0000	163.0000	-1.6507	61.5702
427.0000	163.0000	-1.6581	61.8850
428.0000	163.0000	-1.6685	62.2087
429.0000	163.0000	-1.6730	62.5312
430.0000	163.0000	-1.6756	62.8497
431.0000	163.0000	-1.6841	63.1622
432.0000	163.0000	-1.6911	63.4767
433.0000	163.0000	-1.6977	63.7933
434.0000	163.0000	-1.7033	64.1092
435.0000	163.0000	-1.7086	64.4243
436.0000	163.0000	-1.7140	64.7389
437.0000	163.0000	-1.7198	65.0530
438.0000	163.0000	-1.7259	65.3666
439.0000	163.0000	-1.7318	65.6797
440.0000	163.0000	-1.7373	65.9923
441.0000	163.0000	-1.7424	66.3045
442.0000	163.0000	-1.7471	66.6162
443.0000	163.0000	-1.7515	66.9276
444.0000	163.0000	-1.7557	67.2385
445.0000	163.0000	-1.7598	67.5490
446.0000	163.0000	-1.7638	67.8592
447.0000	163.0000	-1.7676	68.1689
448.0000	163.0000	-1.7713	68.4782
449.0000	163.0000	-1.7748	68.7872
450.0000	163.0000	-1.7783	69.0958
451.0000	163.0000	-1.7818	69.4041
452.0000	163.0000	-1.7852	69.7120
453.0000	163.0000	-1.7887	70.0195
454.0000	163.0000	-1.7923	70.3266
455.0000	163.0000	-1.7933	70.4591
456.0000	163.0000	-1.7920	70.4791
457.0000	163.0000	-1.7931	70.6519
458.0000	163.0000	-1.7945	70.8283
459.0000	163.0000	-1.7951	70.9972
460.0000	163.0000	-1.7963	71.1729
461.0000	163.0000	-1.7984	71.3652
462.0000	163.0000	-1.8000	71.4130
463.0000	163.0000	-1.8002	71.4372
464.0000	163.0000	-1.7996	71.4594
465.0000	163.0000	-1.7987	71.4627
466.0000	163.0000	-1.7981	71.4646
467.0000	163.0000	-1.7980	71.4653
468.0000	163.0000	-1.7981	71.4655
469.0000	163.0000	-1.7982	71.4655
470.0000	163.0000	-1.7983	71.4655
471.0000	163.0000	-1.7983	71.4655
472.0000	163.0000	-1.7983	71.4655
473.0000	163.0000	-1.7983	71.4655
474.0000	163.0000	-1.7983	71.4655
475.0000	163.0000	-1.7983	71.4655
476.0000	163.0000	-1.7983	71.4655
477.0000	163.0000	-1.7983	71.4655
478.0000	163.0000	-1.7983	71.4655
479.0000	163.0000	-1.7983	71.4655
480.0000	163.0000	-1.7983	71.4655
481.0000	163.0000	-1.7983	71.4655
482.0000	163.0000	-1.7983	71.4655
483.0000	163.0000	-1.7983	71.4655
484.0000	163.0000	-1.7983	71.4655
485.0000	163.0000	-1.7983	71.4655
486.0000	163.0000	-1.7983	71.4655
487.0000	163.0000	-1.7983	71.4655
488.0000	163.0000	-1.7983	71.4655
489.0000	163.0000	-1.7983	71.4655
490.0000	163.0000	-1.7983	71.4655
491.0000	163.0000	-1.7983	71.4655
492.0000	163.0000	-1.7983	71.4655
493.0000	163.0000	-1.7983	71.4655
494.0000	163.0000	-1.7983	71.4655
495.0000	163.0000	-1.7983	71.4655
496.0000	163.0000	-1.7983	71.4655
497.0000	163.0000	-1.7983	71.4655
498.0000	163.0000	-1.7983	71.4655
499.0000	163.0000	-1.7983	71.4655
500.0000	163.0000	-1.7983	71.4655
501.0000	163.0000	-1.7983	71.4655
502.0000	163.0000	-1.7983	71.4655
503.0000	163.0000	-1.7983	71.4655
504.0000	163.0000	-1.7983	71.4655
505.0000	163.0000	-1.7983	71.4655
506.0000	163.0000	-1.7983	71.4655
507.0000	163.0000	-1.7983	71.4655
508.0000	163.0000	-1.7983	71.4655
509.0000	163.0000	-1.7983	71.4655
510.0000	163.0000	-1.7983	71.4655
511.0000	163.0000	-1.7983	71.4655
512.0000	163.0000	-1.7983	71.4655
513.0000	163.0000	-1.7983	71.4655
514.0000	163.0000	-1.7983	71.4655
515.0000	163.0000	-1.7983	71.4655
516.0000	163.0000	-1.7983	71.4655
517.0000	163.0000	-1.7983	71.4655
518.0000	163.0000	-1.7983	71.4655
519.0000	163.0000	-1.7983	71.4655
520.0000	163.0000	-1.7983	71.4655
521.0000	163.0000	-1.7983	71.4655
522.0000	163.0000	-1.7983	71.4655
523.0000	163.0000	-1.7983	71.4655
524.0000	163.0000	-1.7983	71.4655
525.0000	163.0000	-1.7983	71.4655
526.0000	163.0000	-1.7983	71.4655
527.0000	163.0000	-1.7983	71.4655
528.0000	163.0000	-1.7983	71.4655
529.0000	163.0000	-1.7983	71.4655
530.0000	163.0000	-1.7983	71.4655
531.0000	163.0000	-1.7983	71.4655
532.0000	163.0000	-1.7983	71.4655
533.0000	163.0000	-1.7983	71.4655
534.0000	163.0000	-1.7983	71.4655
535.0000	163.0000	-1.7983	71.4655
536.0000	163.0000	-1.7983	71.4655
537.0000	163.0000	-1.7983	71.4655
538.0000	163.0000	-1.7983	71.4655
539.0000	163.0000	-1.7983	71.4655
540.0000	163.0000	-1.7983	71.4655
541.0000	163.0000	-1.7983	71.4655
542.0000	163.0000	-1.7983	71.4655
543.0000	163.0000	-1.7983	71.4655
544.0000	163.0000	-1.7983	71.4655
545.0000	163.0000	-1.7983	71.4655
546.0000	163.0000	-1.7983	71.4655
547.0000	163.0000	-1.7983	71.4655
548.0000	163.0000	-1.7983	71.4655
549.0000	163.0000	-1.7983	71.4655
550.0000	163.0000	-1.7983	71.4655
551.0000	163.0000	-1.7983	71.4655
552.0000	163.0000	-1.7983	71.4655
553.0000	163.0000	-1.7983	71.4655
554.0000	163.0000	-1.7983	71.4655
555.0000	163.0000	-1.7983	71.4655
556.0000	163.0000	-1.7983	71.4655
557.0000	163.0000	-1.7983	71.4655
558.0000	163.0000	-1.7983	71.4655
559.0000	163.0000	-1.7983	71.4655
560.0000	163.0000	-1.7983	71.4655
561.0000	163.0000	-1.7983	71.4655
562.0000	163.0000	-1.7983	71.4655
563.0000	163.0000	-1.7983	71.4655
564.0000	163.0000	-1.7983	71.4655
565.0000	163.0000	-1.7983	71.4655
566.0000	163.0000	-1.7983	71.4655
567.0000	163.0000	-1.7983	71.4655
568.0000	163.0000	-1.7983	71.4655
569.0000	163.0000	-1.7983	71.4655
570.0000	163.0000	-1.7983	71.4655
571.0000	163.0000	-1.7983	71.4655
572.0000	163.0000	-1.7983	71.4655
573.0000	163.0000	-1.7983	71.4655
574.0000	163.0000	-1.7983	71.4655
575.0000	163.0000	-1.7983	71.4655
576.0000	163.0000	-1.7983	71.4655
577.0000	163.0000	-1.7983	71.4655
578.0000	163.0000	-1.7983	71.4655
579.0000	163.0000	-1.7983	71.4655
580.0000	163.0000	-1.7983	71.4655
581.0000	163.0000	-1.7983	71.4655
582.0000	163.0000	-1.7983	71.4655
583.0000	163.0000	-1.7983	71.4655
584.0000	163.0000	-1.7983	71.4655
585.0000	163.0000	-1.7983	71.4655
586.0000	163.0000	-1.7983	71.4655
587.0000	163.0000	-1.7983	71.4655
588.0000	163.0000	-1.7983	71.4655
589.0000	163.0000	-1.7983	71.4655
590.0000	163.0000	-1.7983	71.4655
591.0000	163.0000	-1.7983	71.4655
592.0000	163.0000	-1.7983	71.4655
593.0000	163.0000	-1.7983	71.4655
594.0000	163.0000	-1.7983	71.4655
595.0000	163.0000	-1.7983	71.4658
596.0000	163.0000	-1.7941	71.4614
597.0000	163.0000	-1.8091	71.4420
598.0000	163.0000	-1.7794	71.4061
599.0000	163.0000	-1.7488	71.3522
600.0000	163.0000	-1.7529	71.2774
601.0000	163.0000	-1.7484	71.1825
602.0000	163.0000	-1.7361	71.0677
603.0000	163.0000	-1.7187	70.9336
604.0000	163.0000	-1.6989	70.7803
605.0000	163.0000	-1.6735	70.6080
606.0000	163.0000	-1.6444	70.4170
607.0000	163.0000	-1.6101	70.2071
608.0000	163.0000	-1.5700	69.9786
609.0000	163.0000	-1.5234	69.7316
610.0000	163.0000	-1.4766	69.4660
611.0000	163.0000	-1.4298	69.1818
612.0000	163.0000	-1.3767	68.8793
613.0000	163.0000	-1.3232	68.5585
614.0000	163.0000	-1.2678	68.2194
615.0000	163.0000	-1.2101	67.8621
616.0000	163.0000	-1.1543	67.4867
617.0000	163.0000	-1.0942	67.0934
618.0000	163.0000	-1.0356	66.6821
619.0000	163.0000	-0.9775	66.2529
620.0000	163.0000	-0.9189	65.8059
621.0000	163.0000	-0.8600	65.3412
622.0000	163.0000	-0.8049	64.8589
623.0000	163.0000	-0.7515	64.3589
624.0000	163.0000	-0.6955	63.8416
625.0000	163.0000	-0.6425	63.3068
626.0000	163.0000	-0.5917	62.7548
627.0000	163.0000	-0.5450	62.1856
628.0000	163.0000	-0.4947	61.5993
629.0000	163.0000	-0.4489	60.9960
630.0000	163.0000	-0.4070	60.3759
631.0000	163.0000	-0.3646	59.7388
632.0000	163.0000	-0.3284	59.0848
633.0000	163.0000	-0.2930	58.4142
634.0000	163.0000	-0.2587	57.7269
635.0000	163.0000	-0.2275	57.0233
636.0000	163.0000	-0.1989	56.3031
637.0000	163.0000	-0.1704	55.5667
638.0000	163.0000	-0.1459	54.8140
639.0000	163.0000	-0.1230	54.0450
640.0000	163.0000	-0.1012	53.2600
641.0000	163.0000	-0.0819	52.4590
642.0000	163.0000	-0.0636	51.6427
643.0000	163.0000	-0.0471	50.8115
644.0000	163.0000	-0.0317	49.9652
645.0000	163.0000	-0.0187	49.1041
646.0000	163.0000	-0.0063	48.2329
647.0000	163.0000	0.0056	47.3703
648.0000	163.0000	0.0173	46.5332
649.0000	163.0000	0.0292	45.7149
650.0000	163.0000	0.0404	44.9317
651.0000	163.0000	0.0519	44.1797
652.0000	163.0000	0.0629	43.4348
653.0000	163.0000	0.0713	42.6904
654.0000	163.0000	0.0786	41.9446
655.0000	163.0000	0.0856	41.1978
656.0000	163.0000	0.0912	40.4660
657.0000	163.0000	0.0975	39.7871
658.0000	163.0000	0.1054	39.1473
659.0000	163.0000	0.1125	38.5213
660.0000	163.0000	0.1181	37.9140
661.0000	163.0000	0.1230	37.3148
662.0000	163.0000	0.1274	36.7326
663.0000	163.0000	0.1322	36.1838
664.0000	163.0000	0.1371	35.6383
665.0000	163.0000	0.1403	35.1024
666.0000	163.0000	0.1444	34.5940
667.0000	163.0000	0.1479	34.0865
668.0000	163.0000	0.1506	33.5773
669.0000	163.0000	0.1527	33.0709
670.0000	163.0000	0.1545	32.5676
671.0000	163.0000	0.1560	32.0661
672.0000	163.0000	0.1573	31.5667
673.0000	163.0000	0.1585	31.0694
674.0000	163.0000	0.1593	30.5740
675.0000	163.0000	0.1601	30.0801
676.0000	163.0000	0.1607	29.5877
677.0000	163.0000	0.1611	29.0966
678.0000	163.0000	0.1615	28.6067
679.0000	163.0000	0.1617	28.1180
680.0000	163.0000	0.1619	27.6305
681.0000	163.0000	0.1621	27.1570
682.0000	163.0000	0.1623	26.7289
683.0000	163.0000	0.1625	26.3218
684.0000	163.0000	0.1627	25.9321
685.0000	163.0000	0.1629	25.5834
686.0000	163.0000	0.1631	25.2380
687.0000	163.0000	0.1632	24.9055
688.0000	163.0000	0.1633	24.6075
689.0000	163.0000	0.1633	24.3089
690.0000	163.0000	0.1634	24.0177
691.0000	163.0000	0.1635	23.7439
692.0000	163.0000	0.1636	23.4671
693.0000	163.0000	0.1636	23.1944
694.0000	163.0000	0.1638	22.9290
695.0000	163.0000	0.1637	22.6617
696.0000	163.0000	0.1637	22.3937
697.0000	163.0000	0.1636	22.1274
698.0000	163.0000	0.1635	21.8624
699.0000	163.0000	0.1634	21.5978
700.0000	163.0000	0.1633	21.3336
701.0000	163.0000	0.1631	21.0699
702.0000	163.0000	0.1628	20.8067
703.0000	163.0000	0.1625	20.5439
704.0000	163.0000	0.1620	20.2956
705.0000	163.0000	0.1616	20.1219
706.0000	163.0000	0.1617	20.0675
707.0000	163.0000	0.1617	20.0678
708.0000	163.0000	0.1617	20.0682
709.0000	163.0000	0.1617	20.0684
710.0000	163.0000	0.1617	20.0686
711.0000	163.0000	0.1617	20.0686
712.0000	163.0000	0.1617	20.0687
713.0000	163.0000	0.1617	20.0687
714.0000	163.0000	0.1617	20.0687
715.0000	163.0000	0.1617	20.0687
716.0000	163.0000	0.1617	20.0687
717.0000	163.0000	0.1617	20.0687
718.0000	163.0000	0.1617	20.0687
719.0000	163.0000	0.1617	20.0687
720.0000	163.0000	0.1617	20.0687
721.0000	163.0000	0.1617	20.0687
722.0000	163.0000	0.1617	20.0687
723.0000	163.0000	0.1617	20.0687
724.0000	163.0000	0.1617	20.0687
725.0000	163.0000	0.1617	20.0687
726.0000	163.0000	0.1617	20.0687
727.0000	163.0000	0.1617	20.0687
728.0000	163.0000	0.1617	20.0687
729.0000	163.0000	0.1617	20.0687
730.0000	163.0000	0.1617	20.0687
731.0000	163.0000	0.1617	20.0687
732.0000	163.0000	0.1617	20.0687
733.0000	163.0000	0.1617	20.0687
734.0000	163.0000	0.1617	20.0687
735.0000	163.0000	0.1617	20.0687
736.0000	163.0000	0.1617	20.0687
737.0000	163.0000	0.1617	20.0687
738.0000	163.0000	0.1617	20.0686
739.0000	163.0000	0.1618	20.0716
740.0000	163.0000	0.1610	20.0716
741.0000	163.0000	0.1599	20.0766
742.0000	163.0000	0.1596	20.0863
743.0000	163.0000	0.1597	20.1014
744.0000	163.0000	0.1600	20.1228
745.0000	163.0000	0.1602	20.1523
746.0000	163.0000	0.1616	20.2095
747.0000	163.0000	0.1628	20.2802
748.0000	163.0000	0.1660	20.4049
749.0000	163.0000	0.1693	20.5606
750.0000	163.0000	0.1722	20.7160
751.0000	163.0000	0.1760	20.8777
752.0000	163.0000	0.1802	21.0468
753.0000	163.0000	0.1861	21.2517
754.0000	163.0000	0.1926	21.4515
755.0000	163.0000	0.1981	21.6531
756.0000	163.0000	0.2023	21.8570
757.0000	163.0000	0.2057	22.0628
758.0000	163.0000	0.2090	22.2703
759.0000	163.0000	0.2123	22.4793
760.0000	163.0000	0.2153	22.6901
761.0000	163.0000	0.2177	22.9033
762.0000	163.0000	0.2194	23.1195
763.0000	163.0000	0.2205	23.3387
764.0000	163.0000	0.2211	23.5610
765.0000	163.0000	0.2211	23.7861
766.0000	163.0000	0.2205	24.0138
767.0000	163.0000	0.2195	24.2437
768.0000	163.0000	0.2180	24.4762
769.0000	163.0000	0.2158	24.7116
770.0000	163.0000	0.2132	24.9495
771.0000	163.0000	0.2099	25.1897
772.0000	163.0000	0.2061	25.4319
773.0000	163.0000	0.2018	25.6758
774.0000	163.0000	0.1971	25.9214
775.0000	163.0000	0.1920	26.1684
776.0000	163.0000	0.1867	26.4170
777.0000	163.0000	0.1812	26.6667
778.0000	163.0000	0.1756	26.9178
779.0000	163.0000	0.1699	27.1700
780.0000	163.0000	0.1642	27.4237
781.0000	163.0000	0.1585	27.6737
782.0000	163.0000	0.1504	27.9107
783.0000	163.0000	0.1349	28.1306
784.0000	163.0000	0.1340	28.3333
785.0000	163.0000	0.1289	28.5167
786.0000	163.0000	0.1240	28.6806
787.0000	163.0000	0.1194	28.8252
788.0000	163.0000	0.1150	28.9522
789.0000	163.0000	0.1109	29.0643
790.0000	163.0000	0.1068	29.1640
791.0000	163.0000	0.1031	29.2527
792.0000	163.0000	0.0994	29.3319
793.0000	163.0000	0.0962	29.4027
794.0000	163.0000	0.0931	29.4664
795.0000	163.0000	0.0901	29.5239
796.0000	163.0000	0.0874	29.5760
797.0000	163.0000	0.0848	29.6233
798.0000	163.0000	0.0821	29.6667
799.0000	163.0000	0.0800	29.7065
800.0000	163.0000	0.0778	29.7434
801.0000	163.0000	0.0757	29.7777
802.0000	163.0000	0.0734	29.8099
803.0000	163.0000	0.0714	29.8402
804.0000	163.0000	0.0692	29.8689
805.0000	163.0000	0.0666	29.8962
806.0000	163.0000	0.0650	29.9226
807.0000	163.0000	0.0628	29.9479
808.0000	163.0000	0.0608	29.9727
809.0000	163.0000	0.0586	29.9966
810.0000	163.0000	0.0568	30.0202
811.0000	163.0000	0.0544	30.0433
812.0000	163.0000	0.0523	30.0662
813.0000	163.0000	0.0498	30.0888
814.0000	163.0000	0.0478	30.1114
815.0000	163.0000	0.0452	30.1338
816.0000	163.0000	0.0428	30.1562
817.0000	163.0000	0.0400	30.1786
818.0000	163.0000	0.0376	30.2012
819.0000	163.0000	0.0355	30.2237
820.0000	163.0000	0.0326	30.2465
821.0000	163.0000	0.0300	30.2693
822.0000	163.0000	0.0269	30.2924
823.0000	163.0000	0.0244	30.3155
824.0000	163.0000	0.0212	30.3389
825.0000	163.0000	0.0184	30.3624
826.0000	163.0000	0.0158	30.3862
827.0000	163.0000	0.0125	30.4102
828.0000	163.0000	0.0097	30.4345
829.0000	163.0000	0.0064	30.4589
830.0000	163.0000	0.0035	30.4836
831.0000	163.0000	-0.0001	30.5085
832.0000	163.0000	-0.0032	30.5336
833.0000	163.0000	-0.0061	30.5590
834.0000	163.0000	-0.0097	30.5847
835.0000	163.0000	-0.0127	30.6105
836.0000	163.0000	-0.0162	30.6366
837.0000	163.0000	-0.0193	30.6628
838.0000	163.0000	-0.0223	30.6894
839.0000	163.0000	-0.0260	30.7160
840.0000	163.0000	-0.0290	30.7429
841.0000	163.0000	-0.0326	30.7700
842.0000	163.0000	-0.0354	30.7973
843.0000	163.0000	-0.0382	30.8248
844.0000	163.0000	-0.0416	30.8525
845.0000	163.0000	-0.0445	30.8803
846.0000	163.0000	-0.0480	30.9084
847.0000	163.0000	-0.0510	30.9365
848.0000	163.0000	-0.0537	30.9650
849.0000	163.0000	-0.0567	31.0078
850.0000	163.0000	-0.0589	31.1254
851.0000	163.0000	-0.0595	31.3619
852.0000	163.0000	-0.0596	31.6505
853.0000	163.0000	-0.0596	31.9393
854.0000	163.0000	-0.0597	32.2282
855.0000	163.0000	-0.0598	32.5171
856.0000	163.0000	-0.0599	32.8062
857.0000	163.0000	-0.0601	33.0952
858.0000	163.0000	-0.0602	33.3846
859.0000	163.0000	-0.0603	33.6739
860.0000	163.0000	-0.0603	33.9634
861.0000	163.0000	-0.0604	34.2530
862.0000	163.0000	-0.0606	34.5428
863.0000	163.0000	-0.0607	34.8326
864.0000	163.0000	-0.0609	35.1227
865.0000	163.0000	-0.0612	35.4127
866.0000	163.0000	-0.0613	35.7030
867.0000	163.0000	-0.0615	35.9933
868.0000	163.0000	-0.0617	36.2838
869.0000	163.0000	-0.0618	36.5743
870.0000	163.0000	-0.0619	36.8650
871.0000	163.0000	-0.0620	37.1558
872.0000	163.0000	-0.0622	37.4467
873.0000	163.0000	-0.0624	37.7376
874.0000	163.0000	-0.0625	38.0287
875.0000	163.0000	-0.0627	38.3198
876.0000	163.0000	-0.0629	38.6110
877.0000	163.0000	-0.0631	38.9023
878.0000	163.0000	-0.0633	39.1938
879.0000	163.0000	-0.0635	39.4852
880.0000	163.0000	-0.0636	39.7768
881.0000	163.0000	-0.0637	40.0684
882.0000	163.0000	-0.0638	40.3602
883.0000	163.0000	-0.0640	40.6519
884.0000	163.0000	-0.0642	40.9438
885.0000	163.0000	-0.0643	41.2357
886.0000	163.0000	-0.0645	41.5278
887.0000	163.0000	-0.0646	41.8198
888.0000	163.0000	-0.0647	42.1120
889.0000	163.0000	-0.0649	42.4041
890.0000	163.0000	-0.0650	42.6964
891.0000	163.0000	-0.0654	42.9887
892.0000	163.0000	-0.0655	43.2811
893.0000	163.0000	-0.0657	43.5735
894.0000	163.0000	-0.0658	43.8660
895.0000	163.0000	-0.0661	44.1585
896.0000	163.0000	-0.0663	44.4511
897.0000	163.0000	-0.0665	44.7437
898.0000	163.0000	-0.0667	45.0365
899.0000	163.0000	-0.0669	45.3291
900.0000	163.0000	-0.0672	45.6220
901.0000	163.0000	-0.0675	45.9148
902.0000	163.0000	-0.0678	46.2078
903.0000	163.0000	-0.0681	46.5006
904.0000	163.0000	-0.0685	46.7937
905.0000	163.0000	-0.0688	47.0867
906.0000	163.0000	-0.0691	47.3797
907.0000	163.0000	-0.0694	47.6728
908.0000	163.0000	-0.0696	47.9660
909.0000	163.0000	-0.0699	48.2591
910.0000	163.0000	-0.0702	48.5523
911.0000	163.0000	-0.0705	48.8455
912.0000	163.0000	-0.0707	49.1388
913.0000	163.0000	-0.0710	49.4321
914.0000	163.0000	-0.0712	49.7255
915.0000	163.0000	-0.0715	50.0188
916.0000	163.0000	-0.0718	50.3122
917.0000	163.0000	-0.0720	50.6056
918.0000	163.0000	-0.0723	50.8991
919.0000	163.0000	-0.0726	51.1925
920.0000	163.0000	-0.0729	51.4861
921.0000	163.0000	-0.0730	51.7796
922.0000	163.0000	-0.0732	52.0732
923.0000	163.0000	-0.0734	52.3667
924.0000	163.0000	-0.0735	52.6604
925.0000	163.0000	-0.0738	52.9539
926.0000	163.0000	-0.0739	53.2476
927.0000	163.0000	-0.0741	53.5413
928.0000	163.0000	-0.0743	53.8350
929.0000	163.0000	-0.0745	54.1287
930.0000	163.0000	-0.0747	54.4225
931.0000	163.0000	-0.0748	54.7162
932.0000	163.0000	-0.0750	55.0101
933.0000	163.0000	-0.0752	55.3039
934.0000	163.0000	-0.0754	55.5977
935.0000	163.0000	-0.0757	55.8916
936.0000	163.0000	-0.0758	56.1855
937.0000	163.0000	-0.0760	56.4794
938.0000	163.0000	-0.0762	56.7733
939.0000	163.0000	-0.0764	57.0672
940.0000	163.0000	-0.0766	57.3612
941.0000	163.0000	-0.0768	57.6552
942.0000	163.0000	-0.0770	57.9492
943.0000	163.0000	-0.0771	58.2432
944.0000	163.0000	-0.0773	58.5373
945.0000	163.0000	-0.0775	58.8313
946.0000	163.0000	-0.0777	59.1253
947.0000	163.0000	-0.0779	59.4195
948.0000	163.0000	-0.0781	59.7136
949.0000	163.0000	-0.0783	60.0077
950.0000	163.0000	-0.0785	60.3018
951.0000	163.0000	-0.0788	60.5959
952.0000	163.0000	-0.0790	60.8901
953.0000	163.0000	-0.0792	61.1842
954.0000	163.0000	-0.0793	61.4784
955.0000	163.0000	-0.0796	61.7725
956.0000	163.0000	-0.0798	62.0667
957.0000	163.0000	-0.0800	62.3610
958.0000	163.0000	-0.0802	62.6552
959.0000	163.0000	-0.0804	62.9494
960.0000	163.0000	-0.0806	63.2436
961.0000	163.0000	-0.0807	63.5379
962.0000	163.0000	-0.0809	63.8322
963.0000	163.0000	-0.0811	64.1264
964.0000	163.0000	-0.0814	64.4207
965.0000	163.0000	-0.0816	64.7150
966.0000	163.0000	-0.0817	65.0093
967.0000	163.0000	-0.0820	65.3037
968.0000	163.0000	-0.0822	65.5980
969.0000	163.0000	-0.0825	65.8924
970.0000	163.0000	-0.0827	66.1868
971.0000	163.0000	-0.0829	66.4812
972.0000	163.0000	-0.0831	66.7756
973.0000	163.0000	-0.0833	67.0699
974.0000	163.0000	-0.0835	67.3644
975.0000	163.0000	-0.0837	67.6587
976.0000	163.0000	-0.0839	67.9532
977.0000	163.0000	-0.0841	68.2475
978.0000	163.0000	-0.0843	68.5420
979.0000	163.0000	-0.0845	68.8364
980.0000	163.0000	-0.0847	69.1309
981.0000	163.0000	-0.0849	69.4253
982.0000	163.0000	-0.0851	69.7199
983.0000	163.0000	-0.0854	70.0142
984.0000	163.0000	-0.0856	70.3087
985.0000	163.0000	-0.0858	70.6032
986.0000	163.0000	-0.0861	70.8977
987.0000	163.0000	-0.0864	71.1921
988.0000	163.0000	-0.0865	71.4866
989.0000	163.0000	-0.0867	71.7810
990.0000	163.0000	-0.0869	72.0756
991.0000	163.0000	-0.0871	72.3700
992.0000	163.0000	-0.0874	72.6645
993.0000	163.0000	-0.0876	72.9589
994.0000	163.0000	-0.0878	73.2534
995.0000	163.0000	-0.0880	73.5479
996.0000	163.0000	-0.0882	73.8424
997.0000	163.0000	-0.0884	74.1369
998.0000	163.0000	-0.0886	74.4314
999.0000	163.0000	-0.0888	74.7259
