0.0000	28.0000	-25.7657	2.6639
0.0000	29.0000	0.0191	-22.7777
0.0000	134.0000	-3.1287	50.5021
0.0000	190.0000	-3.4740	21.9070
0.0000	199.0000	26.6407	-70.5209
1.0000	28.0000	-25.7656	2.4127
1.0000	29.0000	0.0188	-23.0146
1.0000	134.0000	-3.1368	50.2035
1.0000	190.0000	-3.4738	21.6556
1.0000	199.0000	26.6401	-70.7726
2.0000	28.0000	-25.7655	2.1370
2.0000	29.0000	0.0187	-23.2900
2.0000	134.0000	-3.1456	49.8756
2.0000	190.0000	-3.4735	21.3798
2.0000	199.0000	26.6396	-71.0488
3.0000	28.0000	-25.7655	1.8612
3.0000	29.0000	0.0186	-23.5650
3.0000	134.0000	-3.1551	49.5456
3.0000	190.0000	-3.4733	21.1040
3.0000	199.0000	26.6391	-71.3250
4.0000	28.0000	-25.7653	1.6181
4.0000	29.0000	0.0184	-23.8077
4.0000	134.0000	-3.1647	49.2422
4.0000	190.0000	-3.4729	20.8608
4.0000	199.0000	26.6383	-71.5685
5.0000	28.0000	-25.7652	1.3785
5.0000	29.0000	0.0182	-24.0472
5.0000	134.0000	-3.1754	48.9382
5.0000	190.0000	-3.4727	20.6210
5.0000	199.0000	26.6378	-71.8085
6.0000	28.0000	-25.7651	1.1396
6.0000	29.0000	0.0182	-24.2862
6.0000	134.0000	-3.1865	48.6295
6.0000	190.0000	-3.4724	20.3819
6.0000	199.0000	26.6373	-72.0478
7.0000	28.0000	-25.7650	0.9013
7.0000	29.0000	0.0181	-24.5247
7.0000	134.0000	-3.1988	48.3152
7.0000	190.0000	-3.4722	20.1434
7.0000	199.0000	26.6369	-72.2867
8.0000	28.0000	-25.7649	0.6468
8.0000	29.0000	0.0180	-24.7795
8.0000	134.0000	-3.2115	47.9785
8.0000	190.0000	-3.4719	19.8886
8.0000	199.0000	26.6363	-72.5417
9.0000	28.0000	-25.7649	0.3766
9.0000	29.0000	0.0178	-25.0477
9.0000	134.0000	-3.2251	47.6203
9.0000	190.0000	-3.4717	19.6183
9.0000	199.0000	26.6359	-72.8122
10.0000	28.0000	-25.7648	0.1245
10.0000	29.0000	0.0176	-25.2913
10.0000	134.0000	-3.2392	47.2745
10.0000	190.0000	-3.4715	19.3660
10.0000	199.0000	26.6354	-73.0648
11.0000	28.0000	-25.7648	-0.1195
11.0000	29.0000	0.0175	-25.5216
11.0000	134.0000	-3.2537	46.9312
11.0000	190.0000	-3.4713	19.1219
11.0000	199.0000	26.6348	-73.3092
12.0000	28.0000	-25.7647	-0.3397
12.0000	29.0000	0.0173	-25.7183
12.0000	134.0000	-3.2603	46.6672
12.0000	190.0000	-3.4711	18.9016
12.0000	199.0000	26.6344	-73.5295
13.0000	28.0000	-25.7646	-0.5505
13.0000	29.0000	0.0170	-25.8986
13.0000	134.0000	-3.2608	46.4561
13.0000	190.0000	-3.4709	18.6906
13.0000	199.0000	26.6339	-73.7407
14.0000	28.0000	-25.7646	-0.7376
14.0000	29.0000	0.0167	-26.0479
14.0000	134.0000	-3.2606	46.2668
14.0000	190.0000	-3.4707	18.5034
14.0000	199.0000	26.6335	-73.9280
15.0000	28.0000	-25.7645	-0.9165
15.0000	29.0000	0.0164	-26.1821
15.0000	134.0000	-3.2601	46.0863
15.0000	190.0000	-3.4705	18.3243
15.0000	199.0000	26.6331	-74.1073
16.0000	28.0000	-25.7645	-1.0729
16.0000	29.0000	0.0161	-26.2869
16.0000	134.0000	-3.2598	45.9293
16.0000	190.0000	-3.4704	18.1679
16.0000	199.0000	26.6329	-74.2639
17.0000	28.0000	-25.7644	-1.2345
17.0000	29.0000	0.0157	-26.3905
17.0000	134.0000	-3.2596	45.7672
17.0000	190.0000	-3.4703	18.0061
17.0000	199.0000	26.6327	-74.4259
18.0000	28.0000	-25.7644	-1.4125
18.0000	29.0000	0.0153	-26.5042
18.0000	134.0000	-3.2593	45.5888
18.0000	190.0000	-3.4701	17.8279
18.0000	199.0000	26.6324	-74.6043
19.0000	28.0000	-25.7643	-1.6029
19.0000	29.0000	0.0150	-26.6245
19.0000	134.0000	-3.2591	45.3983
19.0000	190.0000	-3.4700	17.6375
19.0000	199.0000	26.6322	-74.7948
20.0000	28.0000	-25.7643	-1.7990
20.0000	29.0000	0.0145	-26.7465
20.0000	134.0000	-3.2589	45.2020
20.0000	190.0000	-3.4699	17.4412
20.0000	199.0000	26.6320	-74.9912
21.0000	28.0000	-25.7642	-2.0019
21.0000	29.0000	0.0141	-26.8693
21.0000	134.0000	-3.2586	44.9990
21.0000	190.0000	-3.4698	17.2382
21.0000	199.0000	26.6317	-75.1943
22.0000	28.0000	-25.7642	-2.2127
22.0000	29.0000	0.0136	-26.9938
22.0000	134.0000	-3.2583	44.7882
22.0000	190.0000	-3.4696	17.0274
22.0000	199.0000	26.6314	-75.4053
23.0000	28.0000	-25.7642	-2.4156
23.0000	29.0000	0.0130	-27.1047
23.0000	134.0000	-3.2582	44.5852
23.0000	190.0000	-3.4696	16.8244
24.0000	28.0000	-25.7642	-2.5562
24.0000	29.0000	0.0123	-27.1472
24.0000	134.0000	-3.2579	44.4446
24.0000	190.0000	-3.4695	16.6838
25.0000	28.0000	-25.7642	-2.5948
25.0000	29.0000	0.0116	-27.0817
25.0000	134.0000	-3.2577	44.4053
25.0000	190.0000	-3.4694	16.6449
26.0000	28.0000	-25.7643	-2.5948
26.0000	29.0000	0.0110	-26.9727
26.0000	134.0000	-3.2577	44.4052
26.0000	190.0000	-3.4694	16.6449
27.0000	28.0000	-25.7643	-2.5932
27.0000	29.0000	0.0104	-26.8573
27.0000	134.0000	-3.2576	44.4073
27.0000	190.0000	-3.4694	16.6466
28.0000	28.0000	-25.7643	-2.5915
28.0000	29.0000	0.0098	-26.7365
28.0000	134.0000	-3.2576	44.4091
28.0000	190.0000	-3.4694	16.6483
29.0000	28.0000	-25.7643	-2.5907
29.0000	29.0000	0.0092	-26.6110
29.0000	134.0000	-3.2576	44.4098
29.0000	190.0000	-3.4694	16.6490
30.0000	28.0000	-25.7643	-2.5906
30.0000	29.0000	0.0085	-26.4811
30.0000	134.0000	-3.2575	44.4099
30.0000	190.0000	-3.4693	16.6491
31.0000	28.0000	-25.7608	-2.5906
31.0000	29.0000	0.0078	-26.3465
31.0000	134.0000	-3.2575	44.4098
31.0000	190.0000	-3.4693	16.6491
32.0000	28.0000	-25.7493	-2.5907
32.0000	29.0000	0.0071	-26.2071
32.0000	134.0000	-3.2575	44.4097
32.0000	190.0000	-3.4694	16.6489
33.0000	28.0000	-25.7302	-2.5909
33.0000	29.0000	0.0064	-26.0630
33.0000	134.0000	-3.2575	44.4096
33.0000	190.0000	-3.4694	16.6488
34.0000	28.0000	-25.7026	-2.5909
34.0000	29.0000	0.0056	-25.9141
34.0000	134.0000	-3.2575	44.4095
34.0000	190.0000	-3.4694	16.6487
35.0000	28.0000	-25.6676	-2.5908
35.0000	29.0000	0.0048	-25.7607
35.0000	134.0000	-3.2575	44.4095
35.0000	190.0000	-3.4694	16.6487
36.0000	28.0000	-25.6249	-2.5907
36.0000	29.0000	0.0041	-25.6034
36.0000	134.0000	-3.2575	44.4095
36.0000	190.0000	-3.4694	16.6487
37.0000	28.0000	-25.5747	-2.5906
37.0000	29.0000	0.0033	-25.4440
37.0000	134.0000	-3.2575	44.4095
37.0000	190.0000	-3.4694	16.6487
38.0000	28.0000	-25.5172	-2.5905
38.0000	29.0000	0.0024	-25.2701
38.0000	134.0000	-3.2575	44.4095
38.0000	190.0000	-3.4694	16.6487
39.0000	28.0000	-25.4523	-2.5904
39.0000	29.0000	0.0015	-25.0976
39.0000	134.0000	-3.2575	44.4095
39.0000	190.0000	-3.4694	16.6487
40.0000	28.0000	-25.3798	-2.5906
40.0000	29.0000	0.0007	-24.9241
40.0000	134.0000	-3.2575	44.4096
40.0000	190.0000	-3.4694	16.6487
41.0000	28.0000	-25.2999	-2.5905
41.0000	29.0000	-0.0002	-24.7463
41.0000	134.0000	-3.2577	44.4087
41.0000	190.0000	-3.4694	16.6489
42.0000	28.0000	-25.2125	-2.5911
42.0000	29.0000	-0.0011	-24.5695
42.0000	134.0000	-3.2577	44.4084
42.0000	190.0000	-3.4693	16.6485
43.0000	28.0000	-25.1179	-2.5914
43.0000	29.0000	-0.0019	-24.4145
43.0000	134.0000	-3.2577	44.4083
43.0000	190.0000	-3.4693	16.6485
44.0000	28.0000	-25.0160	-2.5919
44.0000	29.0000	-0.0024	-24.3155
44.0000	134.0000	-3.2577	44.4084
44.0000	190.0000	-3.4693	16.6486
45.0000	28.0000	-24.9070	-2.5947
45.0000	29.0000	-0.0023	-24.3123
45.0000	134.0000	-3.2577	44.4062
45.0000	190.0000	-3.4693	16.6463
46.0000	28.0000	-24.7915	-2.5979
46.0000	29.0000	-0.0106	-24.3205
46.0000	134.0000	-3.2409	44.3959
46.0000	190.0000	-3.4627	16.6361
47.0000	28.0000	-24.6702	-2.6015
47.0000	29.0000	-0.0428	-24.3556
47.0000	134.0000	-3.1758	44.3628
47.0000	190.0000	-3.4369	16.6035
48.0000	28.0000	-24.5405	-2.6824
48.0000	29.0000	-0.0372	-24.4280
48.0000	134.0000	-3.1873	44.2883
48.0000	190.0000	-3.4414	16.5290
49.0000	28.0000	-24.4813	-2.8004
49.0000	29.0000	-0.0372	-24.5446
49.0000	134.0000	-3.1874	44.1707
49.0000	190.0000	-3.4415	16.4116
50.0000	28.0000	-24.4694	-2.9501
50.0000	29.0000	-0.0372	-24.6940
50.0000	134.0000	-3.1876	44.0210
50.0000	190.0000	-3.4416	16.2619
51.0000	28.0000	-24.4065	-3.1290
51.0000	29.0000	-0.0372	-24.8718
51.0000	134.0000	-3.1877	43.8432
51.0000	190.0000	-3.4417	16.0841
52.0000	28.0000	-24.3403	-3.3343
52.0000	29.0000	-0.0373	-25.0760
52.0000	134.0000	-3.1879	43.6391
52.0000	190.0000	-3.4418	15.8799
53.0000	28.0000	-24.2681	-3.5649
53.0000	29.0000	-0.0374	-25.3057
53.0000	134.0000	-3.1882	43.4094
53.0000	190.0000	-3.4420	15.6502
54.0000	28.0000	-24.1888	-3.8208
54.0000	29.0000	-0.0374	-25.5602
54.0000	134.0000	-3.1883	43.1550
54.0000	190.0000	-3.4421	15.3957
55.0000	28.0000	-24.1022	-4.1011
55.0000	29.0000	-0.0371	-25.8390
55.0000	134.0000	-3.1886	42.8762
55.0000	190.0000	-3.4422	15.1169
56.0000	28.0000	-24.0087	-4.3913
56.0000	29.0000	-0.0364	-26.1272
56.0000	134.0000	-3.1893	42.5881
56.0000	190.0000	-3.4423	14.8287
57.0000	28.0000	-23.9088	-4.6812
57.0000	29.0000	-0.0358	-26.4151
57.0000	134.0000	-3.1898	42.3003
57.0000	190.0000	-3.4423	14.5408
58.0000	28.0000	-23.8019	-4.9706
58.0000	29.0000	-0.0354	-26.7024
58.0000	134.0000	-3.1900	42.0130
58.0000	190.0000	-3.4423	14.2535
59.0000	28.0000	-23.7605	-5.2579
59.0000	29.0000	-0.0353	-26.9890
59.0000	134.0000	-3.1899	41.7265
59.0000	190.0000	-3.4422	13.9670
60.0000	28.0000	-23.7488	-5.5438
60.0000	29.0000	-0.0358	-27.2751
60.0000	134.0000	-3.1896	41.4385
60.0000	190.0000	-3.4421	13.6809
61.0000	28.0000	-23.6969	-5.8472
61.0000	29.0000	-0.0364	-27.5779
61.0000	134.0000	-3.1891	41.1347
61.0000	190.0000	-3.4419	13.3781
62.0000	28.0000	-23.6403	-6.1805
62.0000	29.0000	-0.0366	-27.9102
62.0000	134.0000	-3.1891	40.8023
62.0000	190.0000	-3.4420	13.0458
63.0000	28.0000	-23.5770	-6.5405
63.0000	29.0000	-0.0364	-28.2689
63.0000	134.0000	-3.1891	40.4433
63.0000	190.0000	-3.4420	12.6870
64.0000	28.0000	-23.5064	-6.9169
64.0000	29.0000	-0.0362	-28.6440
64.0000	134.0000	-3.1890	40.0683
64.0000	190.0000	-3.4418	12.3119
65.0000	28.0000	-23.4284	-7.2632
65.0000	29.0000	-0.0361	-28.9887
65.0000	134.0000	-3.1885	39.7239
65.0000	190.0000	-3.4415	11.9673
66.0000	28.0000	-23.3431	-7.5398
66.0000	29.0000	-0.0360	-29.2635
66.0000	134.0000	-3.1882	39.4478
66.0000	190.0000	-3.4412	11.6923
67.0000	28.0000	-23.2509	-7.7346
67.0000	29.0000	-0.0360	-29.4557
67.0000	134.0000	-3.1881	39.2544
67.0000	190.0000	-3.4411	11.4994
68.0000	28.0000	-23.1526	-7.8430
68.0000	29.0000	-0.0360	-29.5617
68.0000	134.0000	-3.1880	39.1473
68.0000	190.0000	-3.4410	11.3927
69.0000	28.0000	-23.1184	-7.8624
69.0000	29.0000	-0.0356	-29.5799
69.0000	134.0000	-3.1885	39.1286
69.0000	190.0000	-3.4412	11.3742
70.0000	28.0000	-23.1064	-7.8612
70.0000	29.0000	-0.0356	-29.5791
70.0000	134.0000	-3.1885	39.1311
70.0000	190.0000	-3.4412	11.3760
71.0000	28.0000	-23.0578	-7.8602
71.0000	29.0000	-0.0356	-29.5776
71.0000	134.0000	-3.1886	39.1328
71.0000	190.0000	-3.4412	11.3783
72.0000	28.0000	-23.0043	-7.8635
72.0000	29.0000	-0.0356	-29.5800
72.0000	134.0000	-3.1886	39.1306
72.0000	190.0000	-3.4411	11.3760
73.0000	28.0000	-22.9487	-7.8659
73.0000	29.0000	-0.0561	-29.5979
73.0000	134.0000	-3.1584	39.1148
73.0000	190.0000	-3.4315	11.3606
74.0000	28.0000	-22.8858	-7.8913
74.0000	29.0000	-0.0770	-29.6389
74.0000	134.0000	-3.1279	39.0760
74.0000	190.0000	-3.4217	11.3220
75.0000	28.0000	-22.8112	-7.9642
75.0000	29.0000	-0.0784	-29.7110
75.0000	134.0000	-3.1259	39.0039
75.0000	190.0000	-3.4210	11.2500
76.0000	28.0000	-22.7289	-8.0602
76.0000	29.0000	-0.0779	-29.8045
76.0000	134.0000	-3.1265	38.9105
76.0000	190.0000	-3.4212	11.1565
77.0000	28.0000	-22.6394	-8.1564
77.0000	29.0000	-0.0778	-29.8984
77.0000	134.0000	-3.1266	38.8169
77.0000	190.0000	-3.4212	11.0627
78.0000	28.0000	-22.5429	-8.2527
78.0000	29.0000	-0.0777	-29.9920
78.0000	134.0000	-3.1269	38.7222
78.0000	190.0000	-3.4213	10.9691
79.0000	28.0000	-22.4403	-8.3487
79.0000	29.0000	-0.0776	-30.0853
79.0000	134.0000	-3.1270	38.6290
79.0000	190.0000	-3.4213	10.8758
80.0000	28.0000	-22.3307	-8.4449
80.0000	29.0000	-0.0775	-30.1783
80.0000	134.0000	-3.1271	38.5360
80.0000	190.0000	-3.4213	10.7828
81.0000	28.0000	-22.2875	-8.5436
81.0000	29.0000	-0.0773	-30.2758
81.0000	134.0000	-3.1273	38.4384
81.0000	190.0000	-3.4214	10.6853
82.0000	28.0000	-22.2753	-8.6592
82.0000	29.0000	-0.0771	-30.3911
82.0000	134.0000	-3.1275	38.3231
82.0000	190.0000	-3.4214	10.5700
83.0000	28.0000	-22.2226	-8.8037
83.0000	29.0000	-0.0768	-30.5338
83.0000	134.0000	-3.1279	38.1802
83.0000	190.0000	-3.4215	10.4272
84.0000	28.0000	-22.1657	-8.9755
84.0000	29.0000	-0.0764	-30.7037
84.0000	134.0000	-3.1283	38.0101
84.0000	190.0000	-3.4216	10.2572
85.0000	28.0000	-22.1029	-9.1740
85.0000	29.0000	-0.0759	-30.9001
85.0000	134.0000	-3.1290	37.8137
85.0000	190.0000	-3.4218	10.0607
86.0000	28.0000	-22.0328	-9.3986
86.0000	29.0000	-0.0753	-31.1222
86.0000	134.0000	-3.1297	37.5915
86.0000	190.0000	-3.4220	9.8385
87.0000	28.0000	-21.9553	-9.6485
87.0000	29.0000	-0.0746	-31.3694
87.0000	134.0000	-3.1306	37.3442
87.0000	190.0000	-3.4222	9.5912
88.0000	28.0000	-21.8703	-9.9235
88.0000	29.0000	-0.0736	-31.6413
88.0000	134.0000	-3.1318	37.0723
88.0000	190.0000	-3.4225	9.3193
89.0000	28.0000	-21.8442	-10.2208
89.0000	29.0000	-0.0728	-31.9372
89.0000	134.0000	-3.1327	36.7764
89.0000	190.0000	-3.4228	9.0233
90.0000	28.0000	-21.8327	-10.5414
90.0000	29.0000	-0.0718	-32.2569
90.0000	134.0000	-3.1341	36.4556
90.0000	190.0000	-3.4231	8.7035
91.0000	28.0000	-21.7900	-10.8864
91.0000	29.0000	-0.0708	-32.5999
91.0000	134.0000	-3.1353	36.1125
91.0000	190.0000	-3.4234	8.3604
92.0000	28.0000	-21.7420	-11.2545
92.0000	29.0000	-0.0696	-32.9658
92.0000	134.0000	-3.1367	35.7465
92.0000	190.0000	-3.4238	7.9944
93.0000	28.0000	-21.6870	-11.6454
93.0000	29.0000	-0.0684	-33.3542
93.0000	134.0000	-3.1382	35.3580
93.0000	190.0000	-3.4242	7.6059
94.0000	28.0000	-21.6225	-12.0602
94.0000	29.0000	-0.0641	-33.7652
94.0000	134.0000	-3.1405	34.9469
94.0000	190.0000	-3.4238	7.1946
95.0000	28.0000	-21.5473	-12.4999
95.0000	29.0000	-0.0577	-34.2004
95.0000	134.0000	-3.1388	34.5100
95.0000	190.0000	-3.4200	6.7588
96.0000	28.0000	-21.4769	-12.9488
96.0000	29.0000	-0.0708	-34.6523
96.0000	134.0000	-3.1294	34.0552
96.0000	190.0000	-3.4198	6.3056
97.0000	28.0000	-21.4572	-13.4033
97.0000	29.0000	-0.0717	-35.1033
97.0000	134.0000	-3.1367	33.5989
97.0000	190.0000	-3.4245	5.8513
98.0000	28.0000	-21.4443	-13.8566
98.0000	29.0000	-0.0688	-35.5534
98.0000	134.0000	-3.1416	33.1466
98.0000	190.0000	-3.4263	5.3997
99.0000	28.0000	-21.4038	-14.3108
99.0000	29.0000	-0.0630	-36.0032
99.0000	134.0000	-3.1461	32.6976
99.0000	190.0000	-3.4266	4.9501
100.0000	28.0000	-21.3529	-14.7678
100.0000	29.0000	-0.0492	-36.4533
100.0000	134.0000	-3.1538	32.2516
100.0000	190.0000	-3.4256	4.5020
101.0000	28.0000	-21.3017	-15.2234
101.0000	29.0000	-0.0470	-36.9084
101.0000	134.0000	-3.1570	31.8010
101.0000	190.0000	-3.4267	4.0496
102.0000	28.0000	-21.2458	-15.7089
102.0000	29.0000	-0.0483	-37.3910
102.0000	134.0000	-3.1621	31.3177
102.0000	190.0000	-3.4303	3.5667
103.0000	28.0000	-21.1796	-16.2245
103.0000	29.0000	-0.0466	-37.9028
103.0000	134.0000	-3.1654	30.8047
103.0000	190.0000	-3.4316	3.0540
104.0000	28.0000	-21.1050	-16.7665
104.0000	29.0000	-0.0443	-38.4414
104.0000	134.0000	-3.1672	30.2662
104.0000	190.0000	-3.4317	2.5154
105.0000	28.0000	-21.0230	-17.3324
105.0000	29.0000	-0.0418	-39.0038
105.0000	134.0000	-3.1692	29.7043
105.0000	190.0000	-3.4318	1.9532
106.0000	28.0000	-20.9959	-17.9182
106.0000	29.0000	-0.0393	-39.5876
106.0000	134.0000	-3.1712	29.1206
106.0000	190.0000	-3.4320	1.3693
107.0000	28.0000	-20.9855	-18.5242
107.0000	29.0000	-0.0366	-40.1918
107.0000	134.0000	-3.1735	28.5164
107.0000	190.0000	-3.4323	0.7650
108.0000	28.0000	-20.9474	-19.1507
108.0000	29.0000	-0.0339	-40.8157
108.0000	134.0000	-3.1757	27.8923
108.0000	190.0000	-3.4326	0.1409
109.0000	28.0000	-20.9044	-19.7964
109.0000	29.0000	-0.0312	-41.4587
109.0000	134.0000	-3.1779	27.2491
109.0000	190.0000	-3.4328	-0.5056
110.0000	28.0000	-20.8545	-20.4610
110.0000	29.0000	-0.0284	-42.1203
110.0000	134.0000	-3.1801	26.5872
110.0000	190.0000	-3.4332	-1.1784
111.0000	28.0000	-20.7974	-21.1441
111.0000	29.0000	-0.0254	-42.8001
111.0000	134.0000	-3.1824	25.9071
111.0000	190.0000	-3.4334	-1.8772
112.0000	28.0000	-20.7331	-21.8450
112.0000	29.0000	-0.0223	-43.4974
112.0000	134.0000	-3.1847	25.2096
112.0000	190.0000	-3.4335	-2.6017
113.0000	28.0000	-20.6613	-22.5621
113.0000	29.0000	-0.0192	-44.2109
113.0000	134.0000	-3.1869	24.4959
113.0000	190.0000	-3.4338	-3.3506
114.0000	28.0000	-20.5820	-23.2939
114.0000	29.0000	-0.0160	-44.9387
114.0000	134.0000	-3.1890	23.7679
114.0000	190.0000	-3.4340	-4.1214
115.0000	28.0000	-20.5576	-24.0366
115.0000	29.0000	-0.0128	-45.6792
115.0000	134.0000	-3.1910	23.0271
115.0000	190.0000	-3.4342	-4.9124
116.0000	28.0000	-20.5454	-24.7890
116.0000	29.0000	-0.0094	-46.4296
116.0000	134.0000	-3.1931	22.2765
116.0000	190.0000	-3.4343	-5.7206
117.0000	28.0000	-20.5043	-25.5429
117.0000	29.0000	-0.0060	-47.1808
117.0000	134.0000	-3.1951	21.5252
117.0000	190.0000	-3.4344	-6.5368
118.0000	28.0000	-20.4578	-26.2959
118.0000	29.0000	-0.0024	-47.9308
118.0000	134.0000	-3.1971	20.7749
118.0000	190.0000	-3.4345	-7.3595
119.0000	28.0000	-20.4045	-27.0480
119.0000	29.0000	0.0015	-48.6796
119.0000	134.0000	-3.1991	20.0259
119.0000	190.0000	-3.4345	-8.1886
120.0000	28.0000	-20.3440	-27.7991
120.0000	29.0000	0.0054	-49.4272
120.0000	134.0000	-3.2011	19.2780
120.0000	190.0000	-3.4346	-9.0238
121.0000	28.0000	-20.2788	-28.5508
121.0000	29.0000	0.0092	-50.1753
121.0000	134.0000	-3.2029	18.5296
121.0000	190.0000	-3.4341	-9.8007
122.0000	28.0000	-20.2176	-29.3207
122.0000	29.0000	0.0132	-50.9417
122.0000	134.0000	-3.2047	17.7629
122.0000	190.0000	-3.4336	-10.5674
123.0000	28.0000	-20.1552	-30.1091
123.0000	29.0000	0.0170	-51.7267
123.0000	134.0000	-3.2063	16.9775
123.0000	190.0000	-3.4330	-11.3550
124.0000	28.0000	-20.0860	-30.9100
124.0000	29.0000	0.0205	-52.5242
124.0000	134.0000	-3.2078	16.1798
124.0000	190.0000	-3.4324	-12.1542
125.0000	28.0000	-20.0093	-31.7199
125.0000	29.0000	0.0241	-53.3304
125.0000	134.0000	-3.2092	15.3735
125.0000	190.0000	-3.4317	-12.9614
126.0000	28.0000	-19.9251	-32.5372
126.0000	29.0000	0.0280	-54.1437
126.0000	134.0000	-3.2108	14.5589
126.0000	190.0000	-3.4310	-13.7754
127.0000	28.0000	-19.8337	-33.3611
127.0000	29.0000	0.0318	-54.9635
127.0000	134.0000	-3.2120	13.7389
127.0000	190.0000	-3.4301	-14.5956
128.0000	28.0000	-19.7351	-34.1912
128.0000	29.0000	0.0357	-55.7892
128.0000	134.0000	-3.2133	12.9130
128.0000	190.0000	-3.4293	-15.4217
129.0000	28.0000	-19.6293	-35.0268
129.0000	29.0000	0.0396	-56.6203
129.0000	134.0000	-3.2144	12.0817
129.0000	190.0000	-3.4283	-16.2530
130.0000	28.0000	-19.5166	-35.8675
130.0000	29.0000	0.0432	-57.4564
130.0000	134.0000	-3.2155	11.2454
130.0000	190.0000	-3.4274	-17.0930
131.0000	28.0000	-19.3968	-36.7130
131.0000	29.0000	0.0471	-58.2970
131.0000	134.0000	-3.2168	10.4026
131.0000	190.0000	-3.4264	-17.9458
132.0000	28.0000	-19.2702	-37.5628
132.0000	29.0000	0.0509	-59.1418
132.0000	134.0000	-3.2179	9.5573
132.0000	190.0000	-3.4255	-18.8103
133.0000	28.0000	-19.2093	-38.4160
133.0000	29.0000	0.0595	-59.9903
133.0000	134.0000	-3.2197	8.7083
133.0000	190.0000	-3.4231	-19.6871
134.0000	28.0000	-19.1906	-39.2784
134.0000	29.0000	0.0910	-60.8423
134.0000	134.0000	-3.2256	7.8546
134.0000	190.0000	-3.4137	-20.5766
135.0000	28.0000	-19.1239	-40.1663
135.0000	29.0000	0.1915	-61.6971
135.0000	134.0000	-3.2427	6.9929
135.0000	190.0000	-3.3821	-21.4806
136.0000	28.0000	-18.9799	-41.0950
136.0000	29.0000	0.4129	-62.5539
136.0000	134.0000	-3.2762	6.1228
136.0000	190.0000	-3.3098	-22.3591
137.0000	28.0000	-18.6979	-42.0906
137.0000	29.0000	0.8470	-63.4098
137.0000	134.0000	-3.3346	5.2387
137.0000	190.0000	-3.1639	-23.2429
138.0000	28.0000	-18.2680	-43.1517
138.0000	29.0000	1.5030	-64.2608
138.0000	134.0000	-3.4120	4.3391
138.0000	190.0000	-2.9370	-24.1400
139.0000	28.0000	-17.6427	-44.2875
139.0000	29.0000	2.4455	-65.0948
139.0000	134.0000	-3.5079	3.4228
139.0000	190.0000	-2.6016	-25.0466
140.0000	28.0000	-16.9100	-45.4111
140.0000	29.0000	3.5344	-65.8682
140.0000	134.0000	-3.6017	2.5363
140.0000	190.0000	-2.2037	-25.9135
141.0000	28.0000	-16.4639	-46.3404
141.0000	29.0000	4.1898	-66.5859
141.0000	134.0000	-3.6496	1.7410
141.0000	190.0000	-1.9590	-26.6929
142.0000	28.0000	-16.0462	-47.2147
142.0000	29.0000	4.7979	-67.2639
142.0000	134.0000	-3.6868	0.9856
142.0000	190.0000	-1.7276	-27.4310
143.0000	28.0000	-15.4428	-48.1063
143.0000	29.0000	5.6679	-67.8747
143.0000	134.0000	-3.7299	0.2552
143.0000	190.0000	-1.3904	-28.1328
144.0000	28.0000	-14.7894	-48.9800
144.0000	29.0000	6.6005	-68.4460
144.0000	134.0000	-3.7662	-0.4564
144.0000	190.0000	-1.0227	-28.8083
145.0000	28.0000	-14.1251	-49.8089
145.0000	29.0000	7.5394	-68.9688
145.0000	134.0000	-3.7929	-1.1334
145.0000	190.0000	-0.6466	-29.4435
146.0000	28.0000	-13.3893	-50.6348
146.0000	29.0000	8.5693	-69.4572
146.0000	134.0000	-3.8119	-1.8062
146.0000	190.0000	-0.2277	-30.0632
147.0000	28.0000	-12.4086	-51.5134
147.0000	29.0000	9.9267	-69.8873
147.0000	134.0000	-3.8224	-2.5008
147.0000	190.0000	0.3335	-30.6795
148.0000	28.0000	-11.1407	-52.4447
148.0000	29.0000	11.6595	-70.2384
148.0000	134.0000	-3.8172	-3.2276
148.0000	190.0000	1.0616	-31.2901
149.0000	28.0000	-9.7020	-53.3783
149.0000	29.0000	13.5982	-70.5120
149.0000	134.0000	-3.7905	-3.9717
149.0000	190.0000	1.8897	-31.8831
150.0000	28.0000	-8.5676	-54.1964
150.0000	29.0000	15.1075	-70.8082
150.0000	134.0000	-3.7551	-4.6706
150.0000	190.0000	2.5438	-32.4489
151.0000	28.0000	-7.4008	-54.9872
151.0000	29.0000	16.6419	-71.0624
151.0000	134.0000	-3.7031	-5.3657
151.0000	190.0000	3.2188	-32.9953
152.0000	28.0000	-6.0072	-55.7827
152.0000	29.0000	18.4521	-71.2167
152.0000	134.0000	-3.6226	-6.0808
152.0000	190.0000	4.0273	-33.5178
153.0000	28.0000	-4.3515	-56.5736
153.0000	29.0000	20.5734	-71.2437
153.0000	134.0000	-3.5055	-6.8217
153.0000	190.0000	4.9894	-34.0090
154.0000	28.0000	-2.5478	-57.3341
154.0000	29.0000	22.8506	-71.1683
154.0000	134.0000	-3.3547	-7.5816
154.0000	190.0000	6.0385	-34.4717
155.0000	28.0000	-0.7206	-58.0430
155.0000	29.0000	25.1230	-71.0264
155.0000	134.0000	-3.1787	-8.3448
155.0000	190.0000	7.1020	-34.9082
156.0000	28.0000	0.7092	-58.6786
156.0000	29.0000	26.8778	-70.9938
156.0000	134.0000	-3.0246	-9.0598
156.0000	190.0000	7.9350	-35.3505
157.0000	28.0000	2.1744	-59.2725
157.0000	29.0000	28.6547	-70.9024
157.0000	134.0000	-2.8495	-9.7677
157.0000	190.0000	8.7906	-35.7642
158.0000	28.0000	3.9804	-59.8128
158.0000	29.0000	30.8164	-70.5963
158.0000	134.0000	-2.6122	-10.4924
158.0000	190.0000	9.8472	-36.1063
159.0000	28.0000	5.8592	-60.3022
159.0000	29.0000	33.0337	-70.2018
159.0000	134.0000	-2.3440	-11.2240
159.0000	190.0000	10.9469	-36.4164
160.0000	28.0000	7.8870	-60.7268
160.0000	29.0000	35.3916	-69.6684
160.0000	134.0000	-2.0305	-11.9660
160.0000	190.0000	12.1348	-36.6774
161.0000	28.0000	10.0928	-61.0679
161.0000	29.0000	37.9161	-68.9623
161.0000	134.0000	-1.6625	-12.7184
161.0000	190.0000	13.4275	-36.8751
162.0000	28.0000	11.9854	-61.4103
162.0000	29.0000	40.0492	-68.4020
162.0000	134.0000	-1.3251	-13.4656
162.0000	190.0000	14.5371	-37.1224
163.0000	28.0000	14.2142	-61.6290
163.0000	29.0000	42.5222	-67.5547
163.0000	134.0000	-0.8996	-14.2217
163.0000	190.0000	15.8458	-37.2620
164.0000	28.0000	16.2953	-61.8209
164.0000	134.0000	-0.4768	-14.9758
164.0000	190.0000	17.0683	-37.4115
165.0000	28.0000	18.2959	-61.9799
165.0000	134.0000	-0.0463	-15.7270
165.0000	190.0000	18.2454	-37.5584
166.0000	28.0000	20.4880	-62.0187
166.0000	134.0000	0.4530	-16.4735
166.0000	190.0000	19.5372	-37.6156
167.0000	28.0000	22.4451	-62.0777
167.0000	134.0000	0.9226	-17.2162
167.0000	190.0000	20.6920	-37.7191
168.0000	28.0000	24.4059	-62.0813
168.0000	134.0000	1.4178	-17.9529
168.0000	190.0000	21.8516	-37.7936
169.0000	28.0000	26.5103	-61.9647
169.0000	134.0000	1.9760	-18.6769
169.0000	190.0000	23.0986	-37.7825
170.0000	28.0000	28.3920	-61.8875
170.0000	134.0000	2.4987	-19.3986
170.0000	190.0000	24.2160	-37.8255
171.0000	28.0000	30.2801	-61.7536
171.0000	134.0000	3.0473	-20.1105
171.0000	190.0000	25.3402	-37.8367
172.0000	28.0000	32.1915	-61.5508
172.0000	134.0000	3.6272	-20.8094
172.0000	190.0000	26.4813	-37.8060
173.0000	28.0000	34.1465	-61.2628
173.0000	134.0000	4.2467	-21.4925
173.0000	190.0000	27.6542	-37.7225
174.0000	28.0000	35.9567	-60.9993
174.0000	134.0000	4.8434	-22.1711
174.0000	190.0000	28.7502	-37.6768
175.0000	28.0000	37.8623	-60.6170
175.0000	134.0000	5.4971	-22.8260
175.0000	190.0000	29.9146	-37.5524
176.0000	28.0000	39.6529	-60.2478
176.0000	134.0000	6.1354	-23.4749
176.0000	190.0000	31.0199	-37.4529
177.0000	28.0000	41.3984	-59.8518
177.0000	134.0000	6.7814	-24.1121
177.0000	190.0000	32.1095	-37.3452
178.0000	28.0000	43.2592	-59.3090
178.0000	134.0000	7.4961	-24.7162
178.0000	190.0000	33.2807	-37.1354
179.0000	28.0000	44.9700	-58.8155
179.0000	134.0000	8.1775	-25.3196
179.0000	190.0000	34.3726	-36.9742
180.0000	28.0000	46.6557	-58.2819
180.0000	134.0000	8.8730	-25.9070
180.0000	190.0000	35.4612	-36.7911
181.0000	28.0000	48.4629	-57.5783
181.0000	134.0000	9.6456	-26.4516
181.0000	190.0000	36.6368	-36.4865
182.0000	28.0000	50.1070	-56.9487
182.0000	134.0000	10.3734	-27.0005
182.0000	190.0000	37.7239	-36.2446
183.0000	28.0000	51.8204	-56.1861
183.0000	134.0000	11.1584	-27.5110
183.0000	190.0000	38.8660	-35.9078
184.0000	28.0000	53.4572	-55.4245
184.0000	134.0000	11.9355	-28.0109
184.0000	190.0000	39.9727	-35.5758
185.0000	28.0000	54.9518	-54.7409
185.0000	134.0000	12.6683	-28.5175
185.0000	190.0000	41.0022	-35.3050
186.0000	28.0000	56.3271	-54.1265
186.0000	134.0000	13.3645	-29.0311
186.0000	190.0000	41.9679	-35.0872
187.0000	28.0000	57.5231	-53.6628
187.0000	134.0000	13.9886	-29.5731
187.0000	190.0000	42.8323	-34.9820
188.0000	28.0000	58.7062	-53.1751
188.0000	134.0000	14.6241	-30.1025
188.0000	190.0000	43.7002	-34.8586
189.0000	28.0000	59.7084	-52.8647
189.0000	134.0000	15.1786	-30.6707
189.0000	190.0000	44.4638	-34.8660
190.0000	134.0000	15.6993	-31.2540
190.0000	190.0000	45.1839	-34.9297
191.0000	134.0000	16.1886	-31.8517
191.0000	190.0000	45.8665	-35.0447
192.0000	134.0000	16.6423	-32.4681
192.0000	190.0000	46.5077	-35.2197
193.0000	134.0000	17.0652	-33.1015
193.0000	190.0000	47.1148	-35.4472
194.0000	134.0000	17.4489	-33.7570
194.0000	190.0000	47.6804	-35.7396
195.0000	134.0000	17.8031	-34.4300
195.0000	190.0000	48.2165	-36.0820
196.0000	134.0000	18.1301	-35.1193
196.0000	190.0000	48.7264	-36.4701
197.0000	134.0000	18.4287	-35.8259
197.0000	190.0000	49.2098	-36.9052
198.0000	134.0000	18.7018	-36.5483
198.0000	190.0000	49.6705	-37.3823
199.0000	134.0000	18.9570	-37.2823
199.0000	190.0000	50.1167	-37.8896
200.0000	134.0000	19.1864	-38.0319
200.0000	190.0000	50.5411	-38.4377
201.0000	134.0000	19.3933	-38.7968
201.0000	190.0000	50.9452	-39.0242
202.0000	134.0000	19.5877	-39.5728
202.0000	190.0000	51.3370	-39.6376
203.0000	134.0000	19.7659	-40.3555
203.0000	190.0000	51.7232	-40.2682
204.0000	134.0000	19.9241	-41.1506
204.0000	190.0000	52.0934	-40.9300
205.0000	134.0000	20.0705	-41.9569
205.0000	190.0000	52.3748	-41.6195
206.0000	134.0000	20.2115	-42.7720
206.0000	190.0000	52.5080	-42.3313
207.0000	134.0000	20.3511	-43.5929
207.0000	190.0000	52.6297	-43.0553
208.0000	134.0000	20.4824	-44.4231
208.0000	190.0000	52.7367	-43.8022
209.0000	134.0000	20.6061	-45.2616
209.0000	190.0000	52.8525	-44.5683
210.0000	134.0000	20.7266	-46.1063
210.0000	136.0000	39.5226	68.8549
210.0000	190.0000	52.9641	-45.3483
211.0000	134.0000	20.8494	-46.9542
211.0000	136.0000	39.1259	67.7646
211.0000	190.0000	53.0777	-46.1353
212.0000	134.0000	20.9676	-47.8088
212.0000	136.0000	38.7474	66.6583
212.0000	190.0000	53.1876	-46.9369
213.0000	134.0000	21.0824	-48.6688
213.0000	136.0000	38.3849	65.5384
213.0000	190.0000	53.2949	-47.7514
214.0000	134.0000	21.2005	-49.5314
214.0000	136.0000	38.0271	64.4112
214.0000	190.0000	53.4064	-48.5703
215.0000	134.0000	21.3164	-50.3913
215.0000	136.0000	37.6815	63.2796
215.0000	190.0000	53.4624	-49.3944
216.0000	134.0000	21.4305	-51.2099
216.0000	136.0000	37.3464	62.1824
216.0000	190.0000	53.4960	-50.1830
217.0000	134.0000	21.5583	-51.9439
217.0000	136.0000	37.0004	61.1668
217.0000	190.0000	53.5383	-50.8826
218.0000	134.0000	21.7048	-52.5798
218.0000	136.0000	36.6374	60.2495
218.0000	190.0000	53.5926	-51.4760
219.0000	134.0000	21.8762	-53.1100
219.0000	136.0000	36.2499	59.4406
219.0000	190.0000	53.6651	-51.9520
220.0000	134.0000	22.0606	-53.5379
220.0000	136.0000	35.8533	58.7334
220.0000	190.0000	53.7444	-52.3218
221.0000	134.0000	22.2862	-53.8501
221.0000	136.0000	35.4136	58.1476
221.0000	190.0000	53.8583	-52.5545
222.0000	134.0000	22.5570	-54.0443
222.0000	136.0000	34.9268	57.6847
222.0000	190.0000	54.0106	-52.6456
223.0000	134.0000	22.8424	-54.1334
223.0000	136.0000	34.4287	57.3225
223.0000	190.0000	54.1718	-52.6269
224.0000	134.0000	22.9896	-54.1819
224.0000	136.0000	34.0981	56.9629
224.0000	190.0000	54.1935	-52.6562
225.0000	134.0000	23.1194	-54.1869
225.0000	136.0000	33.7924	56.6423
225.0000	190.0000	54.1934	-52.6560
226.0000	134.0000	23.1942	-54.1889
226.0000	136.0000	33.4848	56.3213
226.0000	190.0000	54.1933	-52.6551
227.0000	134.0000	23.2084	-54.1884
227.0000	136.0000	33.1775	55.9988
227.0000	190.0000	54.1933	-52.6538
228.0000	134.0000	23.2703	-54.1890
228.0000	136.0000	32.8622	55.6654
228.0000	190.0000	54.1933	-52.6529
229.0000	134.0000	23.3343	-54.1907
229.0000	136.0000	32.5380	55.3214
229.0000	190.0000	54.1933	-52.6527
230.0000	134.0000	23.4038	-54.1931
230.0000	136.0000	32.2107	54.9733
230.0000	190.0000	54.1933	-52.6528
231.0000	134.0000	23.4795	-54.1953
231.0000	136.0000	31.8809	54.6220
231.0000	190.0000	54.1933	-52.6530
232.0000	134.0000	23.5615	-54.1974
232.0000	136.0000	31.5487	54.2680
232.0000	190.0000	54.1933	-52.6532
233.0000	134.0000	23.6493	-54.1993
233.0000	136.0000	31.2142	53.9116
233.0000	190.0000	54.1931	-52.6533
234.0000	134.0000	23.7433	-54.2013
234.0000	136.0000	30.8772	53.5524
234.0000	190.0000	54.1966	-52.6533
235.0000	134.0000	23.8428	-54.2028
235.0000	136.0000	30.5382	53.1911
235.0000	190.0000	54.2077	-52.6528
236.0000	134.0000	23.9479	-54.2042
236.0000	136.0000	30.1972	52.8274
236.0000	190.0000	54.2264	-52.6518
237.0000	134.0000	24.0585	-54.2053
237.0000	136.0000	29.8541	52.4613
237.0000	190.0000	54.2536	-52.6506
238.0000	134.0000	24.1743	-54.2061
238.0000	136.0000	29.5090	52.0929
238.0000	190.0000	54.2886	-52.6489
239.0000	134.0000	24.2954	-54.2066
239.0000	136.0000	29.1620	51.7222
239.0000	190.0000	54.3313	-52.6468
240.0000	134.0000	24.4217	-54.2067
240.0000	136.0000	28.8130	51.3493
240.0000	190.0000	54.3814	-52.6444
241.0000	134.0000	24.5529	-54.2064
241.0000	136.0000	28.4621	50.9741
241.0000	190.0000	54.4388	-52.6417
242.0000	134.0000	24.6290	-54.2062
242.0000	136.0000	28.1092	50.5968
242.0000	190.0000	54.5036	-52.6386
243.0000	134.0000	24.6431	-54.2064
243.0000	136.0000	27.7545	50.2172
243.0000	190.0000	54.5760	-52.6351
244.0000	134.0000	24.7053	-54.2054
244.0000	136.0000	27.3979	49.8356
244.0000	190.0000	54.6558	-52.6313
245.0000	134.0000	24.7700	-54.2051
245.0000	136.0000	27.0395	49.4518
245.0000	190.0000	54.7431	-52.6273
246.0000	134.0000	24.8412	-54.2059
246.0000	136.0000	26.6783	49.0648
246.0000	190.0000	54.8384	-52.6236
247.0000	134.0000	24.8831	-54.2316
247.0000	136.0000	26.3492	48.6495
247.0000	190.0000	54.8372	-52.6684
248.0000	134.0000	24.9447	-54.2764
248.0000	136.0000	26.0044	48.2144
248.0000	190.0000	54.8166	-52.7258
249.0000	134.0000	25.0706	-54.3317
249.0000	136.0000	25.6017	47.7673
249.0000	190.0000	54.8551	-52.7606
250.0000	134.0000	25.2056	-54.4249
250.0000	136.0000	25.1947	47.2791
250.0000	190.0000	54.8959	-52.8319
251.0000	134.0000	25.3589	-54.5448
251.0000	136.0000	24.7747	46.7609
251.0000	190.0000	54.9482	-52.9234
252.0000	134.0000	25.4650	-54.6906
252.0000	136.0000	24.3455	46.2152
252.0000	190.0000	55.0086	-53.0343
253.0000	134.0000	25.5222	-54.8723
253.0000	136.0000	23.9326	45.6318
253.0000	190.0000	55.0517	-53.1908
254.0000	134.0000	25.6161	-55.0775
254.0000	136.0000	23.5182	45.0208
254.0000	190.0000	55.0956	-53.3719
255.0000	134.0000	25.7139	-55.3073
255.0000	136.0000	23.1032	44.3827
255.0000	190.0000	55.1440	-53.5773
256.0000	134.0000	25.7567	-55.5912
256.0000	136.0000	22.7442	43.6947
256.0000	190.0000	55.1406	-53.8705
257.0000	134.0000	25.8078	-55.8980
257.0000	136.0000	22.3710	42.9699
257.0000	190.0000	55.1282	-54.1867
258.0000	134.0000	25.8618	-56.2297
258.0000	136.0000	21.9942	42.2136
258.0000	190.0000	55.1120	-54.5298
259.0000	134.0000	25.8781	-56.5828
259.0000	136.0000	21.6080	41.4343
259.0000	190.0000	55.1031	-54.8885
260.0000	134.0000	25.8936	-56.9476
260.0000	136.0000	21.2173	40.6402
260.0000	190.0000	55.0964	-55.2579
261.0000	134.0000	25.9335	-57.2829
261.0000	136.0000	20.8209	39.8718
261.0000	190.0000	55.0941	-55.5960
262.0000	134.0000	25.9803	-57.6136
262.0000	136.0000	20.4210	39.1062
262.0000	190.0000	55.0976	-55.9283
263.0000	134.0000	26.0319	-57.9438
263.0000	136.0000	20.0206	38.3395
263.0000	190.0000	55.1076	-56.2609
264.0000	134.0000	26.0885	-58.2729
264.0000	136.0000	19.6176	37.5722
264.0000	190.0000	55.1275	-56.5911
265.0000	134.0000	26.1419	-58.6033
265.0000	136.0000	19.2132	36.8019
265.0000	190.0000	55.1549	-56.9226
266.0000	134.0000	26.1961	-58.9592
266.0000	136.0000	18.8096	36.0051
266.0000	190.0000	55.1865	-57.2811
267.0000	134.0000	26.2477	-59.3466
267.0000	136.0000	18.4099	35.1758
267.0000	190.0000	55.2180	-57.6752
268.0000	134.0000	26.2935	-59.7556
268.0000	136.0000	18.0147	34.3243
269.0000	134.0000	26.3438	-60.1359
269.0000	136.0000	17.6183	33.4992
270.0000	134.0000	26.4063	-60.4440
270.0000	136.0000	17.2160	32.7424
271.0000	134.0000	26.4823	-60.6794
271.0000	136.0000	16.8072	32.0551
272.0000	134.0000	26.5606	-60.8911
272.0000	136.0000	16.3989	31.3935
273.0000	134.0000	26.6443	-61.0532
273.0000	136.0000	15.9891	30.7799
274.0000	134.0000	26.7477	-61.1273
274.0000	136.0000	15.5697	30.2485
275.0000	134.0000	26.7938	-61.1274
275.0000	136.0000	15.1486	29.7924
276.0000	134.0000	26.8038	-61.1377
276.0000	136.0000	14.7278	29.3303
277.0000	134.0000	26.7646	-61.2039
277.0000	136.0000	14.4123	28.8943
278.0000	134.0000	26.8083	-61.2594
278.0000	136.0000	14.2547	28.6662
279.0000	134.0000	26.8562	-61.3475
279.0000	136.0000	14.2464	28.5641
280.0000	134.0000	26.8619	-61.4716
280.0000	136.0000	14.1746	28.3582
281.0000	134.0000	26.8487	-61.6082
281.0000	136.0000	14.0882	28.1239
282.0000	134.0000	26.8350	-61.7453
282.0000	136.0000	14.0021	27.8890
283.0000	134.0000	26.8198	-61.8823
283.0000	136.0000	13.9775	27.7195
284.0000	134.0000	26.8034	-62.0191
284.0000	136.0000	13.9785	27.5778
285.0000	134.0000	26.7857	-62.1561
285.0000	136.0000	13.9423	27.3962
286.0000	134.0000	26.7667	-62.2979
286.0000	136.0000	13.9019	27.2051
287.0000	134.0000	26.7425	-62.4597
287.0000	136.0000	13.8586	26.9896
288.0000	134.0000	26.7142	-62.6466
288.0000	136.0000	13.8115	26.7437
289.0000	134.0000	26.6816	-62.8603
289.0000	136.0000	13.7657	26.4713
290.0000	134.0000	26.6385	-63.1039
290.0000	136.0000	13.7237	26.1700
291.0000	134.0000	26.5884	-63.3754
291.0000	136.0000	13.6794	25.8365
292.0000	134.0000	26.5408	-63.6703
292.0000	136.0000	13.6280	25.4733
293.0000	134.0000	26.4853	-63.9926
293.0000	136.0000	13.5744	25.0787
294.0000	134.0000	26.4291	-64.3391
294.0000	136.0000	13.5200	24.6592
295.0000	134.0000	26.3725	-64.7084
295.0000	136.0000	13.4677	24.2199
296.0000	134.0000	26.3133	-65.1015
296.0000	136.0000	13.4655	23.8098
297.0000	134.0000	26.2514	-65.5179
297.0000	136.0000	13.4906	23.4050
298.0000	134.0000	26.1874	-65.9569
298.0000	136.0000	13.5135	22.9752
299.0000	134.0000	26.1258	-66.4155
299.0000	136.0000	13.5311	22.5212
300.0000	134.0000	26.0601	-66.8959
300.0000	136.0000	13.5483	22.0447
301.0000	134.0000	25.9936	-67.3862
301.0000	136.0000	13.5595	21.5524
302.0000	134.0000	25.9249	-67.8766
302.0000	136.0000	13.5648	21.0536
303.0000	134.0000	25.8580	-68.3657
303.0000	136.0000	13.5638	20.5504
304.0000	134.0000	25.7870	-68.8548
304.0000	136.0000	13.5587	20.0431
305.0000	134.0000	25.7206	-69.3412
305.0000	136.0000	13.5520	19.5385
306.0000	134.0000	25.6555	-69.8405
306.0000	136.0000	13.5411	19.0178
307.0000	134.0000	25.5930	-70.3690
307.0000	136.0000	13.5233	18.4620
308.0000	134.0000	25.5417	-70.9203
308.0000	136.0000	13.4966	17.8761
309.0000	134.0000	25.4963	-71.4932
309.0000	136.0000	13.4630	17.2627
310.0000	134.0000	25.4450	-72.0907
310.0000	136.0000	13.4322	16.6273
311.0000	134.0000	25.3964	-72.7083
311.0000	136.0000	13.4014	15.9728
312.0000	134.0000	25.3505	-73.3449
312.0000	136.0000	13.3646	15.2939
313.0000	134.0000	25.3060	-74.0003
313.0000	136.0000	13.3244	14.5935
314.0000	134.0000	25.2660	-74.6728
314.0000	136.0000	13.2787	13.8712
315.0000	134.0000	25.2260	-75.3634
315.0000	136.0000	13.2282	13.1265
316.0000	136.0000	13.1725	12.3608
317.0000	136.0000	13.1117	11.5753
318.0000	136.0000	13.0466	10.7712
319.0000	136.0000	12.9766	9.9508
320.0000	136.0000	12.9021	9.1157
321.0000	136.0000	12.8234	8.2699
322.0000	136.0000	12.7406	7.4213
323.0000	136.0000	12.6538	6.5704
324.0000	136.0000	12.5629	5.7178
325.0000	136.0000	12.4682	4.8632
326.0000	136.0000	12.3696	4.0016
327.0000	136.0000	12.2674	3.1166
328.0000	136.0000	12.1615	2.2196
329.0000	136.0000	12.0523	1.3535
330.0000	136.0000	11.9426	0.5401
331.0000	136.0000	11.8215	-0.2536
332.0000	136.0000	11.6950	-1.0192
333.0000	136.0000	11.5651	-1.7243
334.0000	136.0000	11.4315	-2.3449
335.0000	136.0000	11.2943	-2.8871
336.0000	136.0000	11.1535	-3.3911
337.0000	136.0000	11.0096	-3.8889
338.0000	136.0000	10.8650	-4.3954
339.0000	136.0000	10.7084	-4.9292
340.0000	136.0000	10.5474	-5.4861
341.0000	136.0000	10.3831	-6.0657
342.0000	136.0000	10.2154	-6.6586
343.0000	136.0000	10.0438	-7.2109
344.0000	136.0000	9.8678	-7.7163
345.0000	136.0000	9.6875	-8.2155
346.0000	136.0000	9.5031	-8.7049
347.0000	136.0000	9.3136	-9.1762
348.0000	136.0000	9.1130	-9.6432
349.0000	136.0000	8.8974	-10.0962
350.0000	136.0000	8.6746	-10.5413
351.0000	136.0000	8.4419	-10.9781
352.0000	136.0000	8.2061	-11.4145
353.0000	136.0000	7.9537	-11.8277
354.0000	136.0000	7.6909	-12.2305
355.0000	136.0000	7.4275	-12.6398
356.0000	136.0000	7.1414	-12.9900
357.0000	136.0000	6.8624	-13.3708
358.0000	136.0000	6.5644	-13.7136
359.0000	136.0000	6.2574	-14.0414
360.0000	136.0000	5.9367	-14.3395
361.0000	136.0000	5.6147	-14.6635
362.0000	136.0000	5.2808	-14.9308
363.0000	136.0000	4.9431	-15.1753
364.0000	136.0000	4.6076	-15.3840
365.0000	136.0000	4.2642	-15.6166
366.0000	136.0000	3.9193	-15.8146
367.0000	136.0000	3.6033	-15.9060
368.0000	136.0000	3.2566	-16.0677
369.0000	136.0000	2.9068	-16.1783
370.0000	136.0000	2.6336	-16.0831
371.0000	136.0000	2.3684	-15.9241
372.0000	136.0000	2.0728	-15.7217
373.0000	136.0000	1.8485	-15.4437
374.0000	136.0000	1.6236	-15.1532
375.0000	136.0000	1.3592	-14.8756
376.0000	136.0000	1.2544	-14.5060
377.0000	136.0000	1.1337	-14.1519
378.0000	136.0000	0.8568	-13.8457
379.0000	136.0000	0.7016	-13.4788
380.0000	136.0000	0.6764	-13.1637
381.0000	136.0000	0.6251	-13.1097
382.0000	136.0000	0.5628	-13.0103
383.0000	136.0000	0.5308	-12.9178
384.0000	136.0000	0.5306	-12.9086
385.0000	136.0000	0.5154	-12.8547
386.0000	136.0000	0.4999	-12.7981
387.0000	136.0000	0.4834	-12.7429
388.0000	136.0000	0.4637	-12.6827
389.0000	136.0000	0.4450	-12.6135
390.0000	136.0000	0.4210	-12.5380
391.0000	136.0000	0.3996	-12.4550
392.0000	136.0000	0.3772	-12.3739
393.0000	136.0000	0.3557	-12.2922
394.0000	136.0000	0.3332	-12.2030
395.0000	136.0000	0.3103	-12.1081
396.0000	136.0000	0.2865	-12.0067
397.0000	136.0000	0.2631	-11.9058
398.0000	136.0000	0.2423	-11.8117
399.0000	136.0000	0.2216	-11.7114
400.0000	136.0000	0.2003	-11.6050
401.0000	136.0000	0.1814	-11.4923
402.0000	136.0000	0.1582	-11.3793
403.0000	136.0000	0.1405	-11.2784
404.0000	136.0000	0.1234	-11.1735
405.0000	136.0000	0.1060	-11.0638
406.0000	136.0000	0.0888	-10.9488
407.0000	136.0000	0.0716	-10.8288
408.0000	136.0000	0.0560	-10.7036
409.0000	136.0000	0.0382	-10.5742
410.0000	136.0000	0.0223	-10.4392
411.0000	136.0000	0.0073	-10.2993
412.0000	136.0000	-0.0088	-10.1548
413.0000	136.0000	-0.0225	-10.0055
414.0000	136.0000	-0.0373	-9.8516
415.0000	136.0000	-0.0453	-9.7571
416.0000	136.0000	-0.0491	-9.7186
417.0000	136.0000	-0.0563	-9.6350
418.0000	136.0000	-0.0613	-9.5529
419.0000	136.0000	-0.0671	-9.4661
420.0000	136.0000	-0.0731	-9.3735
421.0000	136.0000	-0.0793	-9.2752
422.0000	136.0000	-0.0855	-9.1711
423.0000	136.0000	-0.0917	-9.0621
424.0000	136.0000	-0.0950	-9.0153
425.0000	136.0000	-0.0964	-9.0012
426.0000	136.0000	-0.0984	-8.9461
427.0000	136.0000	-0.1008	-8.8929
428.0000	136.0000	-0.1034	-8.8346
429.0000	136.0000	-0.1064	-8.7699
430.0000	136.0000	-0.1095	-8.6990
431.0000	136.0000	-0.1126	-8.6218
432.0000	136.0000	-0.1160	-8.5385
433.0000	136.0000	-0.1192	-8.4492
434.0000	136.0000	-0.1226	-8.3541
435.0000	136.0000	-0.1259	-8.2533
436.0000	136.0000	-0.1293	-8.1470
437.0000	136.0000	-0.1320	-8.0352
438.0000	136.0000	-0.1351	-7.9182
439.0000	136.0000	-0.1379	-7.7959
440.0000	136.0000	-0.1404	-7.6685
441.0000	136.0000	-0.1432	-7.5362
442.0000	136.0000	-0.1450	-7.3990
443.0000	136.0000	-0.1468	-7.2570
444.0000	136.0000	-0.1493	-7.1103
445.0000	136.0000	-0.1495	-6.9590
446.0000	136.0000	-0.1509	-6.8674
447.0000	136.0000	-0.1522	-6.8688
448.0000	136.0000	-0.1521	-6.8628
449.0000	136.0000	-0.1518	-6.8587
450.0000	136.0000	-0.1515	-6.8566
451.0000	136.0000	-0.1515	-6.8556
452.0000	136.0000	-0.1514	-6.8552
453.0000	136.0000	-0.1515	-6.8550
454.0000	136.0000	-0.1515	-6.8549
455.0000	136.0000	-0.1515	-6.8538
456.0000	136.0000	-0.1515	-6.8538
457.0000	136.0000	-0.1515	-6.8538
458.0000	136.0000	-0.1515	-6.8538
459.0000	136.0000	-0.1514	-6.8538
460.0000	136.0000	-0.1515	-6.8517
461.0000	136.0000	-0.1514	-6.8515
462.0000	136.0000	-0.1514	-6.8514
463.0000	136.0000	-0.1514	-6.8518
464.0000	136.0000	-0.1514	-6.8514
465.0000	136.0000	-0.1514	-6.8551
466.0000	136.0000	-0.1514	-6.8558
467.0000	136.0000	-0.1514	-6.8558
468.0000	136.0000	-0.1514	-6.8558
469.0000	136.0000	-0.1514	-6.8558
470.0000	136.0000	-0.1514	-6.8558
471.0000	136.0000	-0.1514	-6.8558
472.0000	136.0000	-0.1514	-6.8557
473.0000	136.0000	-0.1514	-6.8557
474.0000	136.0000	-0.1514	-6.8559
475.0000	136.0000	-0.1514	-6.8546
476.0000	136.0000	-0.1514	-6.8550
477.0000	136.0000	-0.1514	-6.8550
478.0000	136.0000	-0.1514	-6.8550
479.0000	136.0000	-0.1514	-6.8550
480.0000	136.0000	-0.1514	-6.8550
481.0000	136.0000	-0.1514	-6.8550
482.0000	136.0000	-0.1514	-6.8550
483.0000	136.0000	-0.1514	-6.8550
484.0000	136.0000	-0.1514	-6.8550
485.0000	136.0000	-0.1514	-6.8550
486.0000	136.0000	-0.1514	-6.8549
487.0000	136.0000	-0.1514	-6.8553
488.0000	136.0000	-0.1514	-6.8553
489.0000	136.0000	-0.1514	-6.8554
490.0000	136.0000	-0.1514	-6.8543
491.0000	136.0000	-0.1514	-6.8543
492.0000	136.0000	-0.1514	-6.8544
493.0000	136.0000	-0.1514	-6.8533
494.0000	136.0000	-0.1514	-6.8533
495.0000	136.0000	-0.1514	-6.8533
496.0000	136.0000	-0.1514	-6.8532
497.0000	136.0000	-0.1514	-6.8532
498.0000	136.0000	-0.1514	-6.8532
499.0000	136.0000	-0.1514	-6.8532
500.0000	136.0000	-0.1514	-6.8532
501.0000	136.0000	-0.1514	-6.8534
502.0000	136.0000	-0.1514	-6.8523
503.0000	136.0000	-0.1514	-6.8523
504.0000	136.0000	-0.1514	-6.8523
505.0000	136.0000	-0.1514	-6.8521
506.0000	136.0000	-0.1514	-6.8525
507.0000	136.0000	-0.1514	-6.8525
508.0000	136.0000	-0.1514	-6.8525
509.0000	136.0000	-0.1514	-6.8525
510.0000	136.0000	-0.1514	-6.8525
511.0000	136.0000	-0.1514	-6.8525
512.0000	136.0000	-0.1514	-6.8526
513.0000	136.0000	-0.1514	-6.8515
514.0000	136.0000	-0.1514	-6.8515
515.0000	136.0000	-0.1514	-6.8515
516.0000	136.0000	-0.1514	-6.8515
517.0000	136.0000	-0.1514	-6.8516
518.0000	136.0000	-0.1514	-6.8505
519.0000	136.0000	-0.1514	-6.8495
520.0000	136.0000	-0.1514	-6.8499
521.0000	136.0000	-0.1514	-6.8499
522.0000	136.0000	-0.1514	-6.8499
523.0000	136.0000	-0.1514	-6.8498
524.0000	136.0000	-0.1514	-6.8498
525.0000	136.0000	-0.1514	-6.8498
526.0000	136.0000	-0.1514	-6.8497
527.0000	136.0000	-0.1514	-6.8501
528.0000	136.0000	-0.1514	-6.8501
529.0000	136.0000	-0.1514	-6.8501
530.0000	136.0000	-0.1514	-6.8501
531.0000	136.0000	-0.1514	-6.8501
532.0000	136.0000	-0.1514	-6.8502
533.0000	136.0000	-0.1514	-6.8491
534.0000	136.0000	-0.1514	-6.8491
535.0000	136.0000	-0.1514	-6.8491
536.0000	136.0000	-0.1514	-6.8491
537.0000	136.0000	-0.1514	-6.8491
538.0000	136.0000	-0.1514	-6.8491
539.0000	136.0000	-0.1514	-6.8491
540.0000	136.0000	-0.1514	-6.8492
541.0000	136.0000	-0.1513	-6.8471
542.0000	136.0000	-0.1513	-6.8473
543.0000	136.0000	-0.1513	-6.8473
544.0000	136.0000	-0.1513	-6.8472
545.0000	136.0000	-0.1513	-6.8472
546.0000	136.0000	-0.1513	-6.8472
547.0000	136.0000	-0.1513	-6.8472
548.0000	136.0000	-0.1513	-6.8472
549.0000	136.0000	-0.1513	-6.8472
550.0000	136.0000	-0.1513	-6.8472
551.0000	136.0000	-0.1513	-6.8472
552.0000	136.0000	-0.1513	-6.8472
553.0000	136.0000	-0.1513	-6.8472
554.0000	136.0000	-0.1513	-6.8472
555.0000	136.0000	-0.1513	-6.8471
556.0000	136.0000	-0.1513	-6.8476
557.0000	136.0000	-0.1513	-6.8465
558.0000	136.0000	-0.1513	-6.8465
559.0000	136.0000	-0.1513	-6.8465
560.0000	136.0000	-0.1513	-6.8465
561.0000	136.0000	-0.1513	-6.8464
562.0000	136.0000	-0.1513	-6.8467
563.0000	136.0000	-0.1513	-6.8467
564.0000	136.0000	-0.1513	-6.8467
565.0000	136.0000	-0.1513	-6.8467
566.0000	136.0000	-0.1513	-6.8467
567.0000	136.0000	-0.1513	-6.8467
568.0000	136.0000	-0.1513	-6.8467
569.0000	136.0000	-0.1513	-6.8467
570.0000	136.0000	-0.1513	-6.8467
571.0000	136.0000	-0.1513	-6.8467
572.0000	136.0000	-0.1513	-6.8467
573.0000	136.0000	-0.1513	-6.8467
574.0000	136.0000	-0.1513	-6.8467
575.0000	136.0000	-0.1513	-6.8468
576.0000	136.0000	-0.1513	-6.8458
577.0000	136.0000	-0.1513	-6.8458
578.0000	136.0000	-0.1513	-6.8458
579.0000	136.0000	-0.1513	-6.8457
580.0000	136.0000	-0.1513	-6.8457
581.0000	136.0000	-0.1513	-6.8456
582.0000	136.0000	-0.1513	-6.8460
583.0000	136.0000	-0.1513	-6.8460
584.0000	136.0000	-0.1513	-6.8461
585.0000	136.0000	-0.1513	-6.8450
586.0000	136.0000	-0.1513	-6.8450
587.0000	136.0000	-0.1513	-6.8450
588.0000	136.0000	-0.1513	-6.8450
589.0000	136.0000	-0.1513	-6.8451
590.0000	136.0000	-0.1513	-6.8440
591.0000	136.0000	-0.1513	-6.8440
592.0000	136.0000	-0.1513	-6.8439
593.0000	136.0000	-0.1513	-6.8442
594.0000	136.0000	-0.1513	-6.8443
595.0000	136.0000	-0.1513	-6.8443
596.0000	136.0000	-0.1513	-6.8443
597.0000	136.0000	-0.1513	-6.8443
598.0000	136.0000	-0.1513	-6.8443
599.0000	136.0000	-0.1513	-6.8443
600.0000	136.0000	-0.1513	-6.8443
601.0000	136.0000	-0.1513	-6.8443
602.0000	136.0000	-0.1513	-6.8443
603.0000	136.0000	-0.1513	-6.8441
604.0000	136.0000	-0.1513	-6.8445
605.0000	136.0000	-0.1513	-6.8445
606.0000	136.0000	-0.1513	-6.8445
607.0000	136.0000	-0.1513	-6.8445
608.0000	136.0000	-0.1513	-6.8445
609.0000	136.0000	-0.1513	-6.8445
610.0000	136.0000	-0.1513	-6.8445
611.0000	136.0000	-0.1513	-6.8445
612.0000	136.0000	-0.1513	-6.8445
613.0000	136.0000	-0.1513	-6.8446
614.0000	136.0000	-0.1513	-6.8435
615.0000	136.0000	-0.1513	-6.8436
616.0000	136.0000	-0.1513	-6.8435
617.0000	136.0000	-0.1513	-6.8435
618.0000	136.0000	-0.1513	-6.8435
619.0000	136.0000	-0.1513	-6.8435
620.0000	136.0000	-0.1513	-6.8435
621.0000	136.0000	-0.1513	-6.8435
622.0000	136.0000	-0.1513	-6.8436
623.0000	136.0000	-0.1513	-6.8426
624.0000	136.0000	-0.1513	-6.8426
625.0000	136.0000	-0.1513	-6.8425
626.0000	136.0000	-0.1513	-6.8425
627.0000	136.0000	-0.1513	-6.8425
628.0000	136.0000	-0.1513	-6.8424
629.0000	136.0000	-0.1513	-6.8428
630.0000	136.0000	-0.1513	-6.8428
631.0000	136.0000	-0.1513	-6.8428
632.0000	136.0000	-0.1513	-6.8427
633.0000	136.0000	-0.1513	-6.8431
634.0000	136.0000	-0.1513	-6.8431
635.0000	136.0000	-0.1513	-6.8431
636.0000	136.0000	-0.1513	-6.8432
637.0000	136.0000	-0.1513	-6.8420
638.0000	136.0000	-0.1513	-6.8424
639.0000	136.0000	-0.1513	-6.8424
640.0000	136.0000	-0.1513	-6.8424
641.0000	136.0000	-0.1513	-6.8424
642.0000	136.0000	-0.1513	-6.8423
643.0000	136.0000	-0.1513	-6.8426
644.0000	136.0000	-0.1513	-6.8426
645.0000	136.0000	-0.1513	-6.8426
646.0000	136.0000	-0.1513	-6.8426
647.0000	136.0000	-0.1513	-6.8426
648.0000	136.0000	-0.1513	-6.8426
649.0000	136.0000	-0.1513	-6.8425
650.0000	136.0000	-0.1513	-6.8429
651.0000	136.0000	-0.1513	-6.8429
652.0000	136.0000	-0.1513	-6.8428
653.0000	136.0000	-0.1513	-6.8433
654.0000	136.0000	-0.1514	-6.8423
655.0000	136.0000	-0.1514	-6.8423
656.0000	136.0000	-0.1514	-6.8422
657.0000	136.0000	-0.1513	-6.8423
658.0000	136.0000	-0.1513	-6.8412
659.0000	136.0000	-0.1514	-6.8412
660.0000	136.0000	-0.1513	-6.8413
661.0000	136.0000	-0.1513	-6.8402
662.0000	136.0000	-0.1513	-6.8402
663.0000	136.0000	-0.1513	-6.8402
664.0000	136.0000	-0.1513	-6.8402
665.0000	136.0000	-0.1513	-6.8400
666.0000	136.0000	-0.1513	-6.8404
667.0000	136.0000	-0.1513	-6.8404
668.0000	136.0000	-0.1513	-6.8403
669.0000	136.0000	-0.1513	-6.8408
670.0000	136.0000	-0.1513	-6.8398
671.0000	136.0000	-0.1513	-6.8398
672.0000	136.0000	-0.1513	-6.8397
673.0000	136.0000	-0.1513	-6.8397
674.0000	136.0000	-0.1513	-6.8396
675.0000	136.0000	-0.1513	-6.8400
676.0000	136.0000	-0.1513	-6.8401
677.0000	136.0000	-0.1513	-6.8390
678.0000	136.0000	-0.1513	-6.8389
679.0000	136.0000	-0.1513	-6.8393
680.0000	136.0000	-0.1513	-6.8393
681.0000	136.0000	-0.1513	-6.8393
682.0000	136.0000	-0.1513	-6.8393
683.0000	136.0000	-0.1512	-6.8377
684.0000	136.0000	-0.1514	-6.8375
685.0000	136.0000	-0.1514	-6.8375
686.0000	136.0000	-0.1513	-6.8374
687.0000	136.0000	-0.1514	-6.8367
688.0000	136.0000	-0.1514	-6.8367
689.0000	136.0000	-0.1513	-6.8367
690.0000	136.0000	-0.1513	-6.8356
691.0000	136.0000	-0.1513	-6.8356
692.0000	136.0000	-0.1513	-6.8356
693.0000	136.0000	-0.1513	-6.8356
694.0000	136.0000	-0.1513	-6.8354
695.0000	136.0000	-0.1514	-6.8358
696.0000	136.0000	-0.1514	-6.8358
697.0000	136.0000	-0.1514	-6.8358
698.0000	136.0000	-0.1514	-6.8358
699.0000	136.0000	-0.1514	-6.8358
700.0000	136.0000	-0.1513	-6.8359
701.0000	136.0000	-0.1513	-6.8348
702.0000	136.0000	-0.1513	-6.8349
703.0000	136.0000	-0.1513	-6.8348
704.0000	136.0000	-0.1513	-6.8348
705.0000	136.0000	-0.1513	-6.8348
706.0000	136.0000	-0.1513	-6.8349
707.0000	136.0000	-0.1513	-6.8338
708.0000	136.0000	-0.1513	-6.8329
709.0000	136.0000	-0.1513	-6.8332
710.0000	136.0000	-0.1513	-6.8321
711.0000	136.0000	-0.1513	-6.8325
712.0000	136.0000	-0.1513	-6.8314
713.0000	136.0000	-0.1513	-6.8316
714.0000	136.0000	-0.1513	-6.8319
715.0000	136.0000	-0.1513	-6.8320
716.0000	136.0000	-0.1513	-6.8309
717.0000	136.0000	-0.1513	-6.8309
718.0000	136.0000	-0.1513	-6.8308
719.0000	136.0000	-0.1513	-6.8308
720.0000	136.0000	-0.1513	-6.8308
721.0000	136.0000	-0.1513	-6.8308
722.0000	136.0000	-0.1513	-6.8308
723.0000	136.0000	-0.1513	-6.8308
724.0000	136.0000	-0.1513	-6.8307
725.0000	136.0000	-0.1513	-6.8311
726.0000	136.0000	-0.1513	-6.8319
727.0000	136.0000	-0.1513	-6.8323
728.0000	136.0000	-0.1513	-6.8319
729.0000	136.0000	-0.1513	-6.8347
730.0000	136.0000	-0.1573	-6.8516
731.0000	136.0000	-0.1618	-6.8982
732.0000	136.0000	-0.1621	-6.9893
733.0000	136.0000	-0.1620	-7.0980
734.0000	136.0000	-0.1617	-7.2211
735.0000	136.0000	-0.1619	-7.3629
736.0000	136.0000	-0.1617	-7.5184
737.0000	136.0000	-0.1616	-7.6746
738.0000	136.0000	-0.1615	-7.8310
739.0000	136.0000	-0.1617	-7.9893
740.0000	136.0000	-0.1615	-8.1281
741.0000	136.0000	-0.1613	-8.2644
742.0000	136.0000	-0.1611	-8.4086
743.0000	136.0000	-0.1608	-8.5534
744.0000	136.0000	-0.1605	-8.6918
745.0000	136.0000	-0.1600	-8.8310
746.0000	136.0000	-0.1592	-8.9727
747.0000	136.0000	-0.1585	-9.1105
748.0000	136.0000	-0.1578	-9.2415
749.0000	136.0000	-0.1563	-9.3700
750.0000	136.0000	-0.1551	-9.4967
751.0000	136.0000	-0.1536	-9.6180
752.0000	136.0000	-0.1518	-9.7343
753.0000	136.0000	-0.1498	-9.8475
754.0000	136.0000	-0.1477	-9.9564
755.0000	136.0000	-0.1452	-10.0603
756.0000	136.0000	-0.1424	-10.1600
757.0000	136.0000	-0.1400	-10.2556
758.0000	136.0000	-0.1368	-10.3466
759.0000	136.0000	-0.1332	-10.4332
760.0000	136.0000	-0.1299	-10.5156
761.0000	136.0000	-0.1259	-10.5955
762.0000	136.0000	-0.1221	-10.6756
763.0000	136.0000	-0.1177	-10.7373
764.0000	136.0000	-0.1137	-10.7825
765.0000	136.0000	-0.1090	-10.8347
766.0000	136.0000	-0.1044	-10.8778
767.0000	136.0000	-0.1000	-10.8754
767.0000	192.0000	73.3907	31.8027
768.0000	136.0000	-0.0955	-10.8029
768.0000	192.0000	73.3851	31.6913
769.0000	136.0000	-0.0931	-10.6455
769.0000	192.0000	73.3867	31.6441
770.0000	136.0000	-0.0900	-10.4409
770.0000	192.0000	73.3867	31.6444
771.0000	136.0000	-0.0882	-10.3114
771.0000	192.0000	73.3867	31.6462
772.0000	136.0000	-0.0873	-10.2590
772.0000	192.0000	73.3867	31.6478
773.0000	136.0000	-0.0855	-10.1515
773.0000	192.0000	73.3867	31.6487
774.0000	136.0000	-0.0837	-10.0468
774.0000	192.0000	73.3867	31.6489
775.0000	136.0000	-0.0819	-9.9429
775.0000	192.0000	73.3867	31.6489
776.0000	136.0000	-0.0801	-9.8422
776.0000	192.0000	73.3867	31.6488
777.0000	136.0000	-0.0784	-9.7463
777.0000	192.0000	73.3867	31.6486
778.0000	136.0000	-0.0766	-9.6440
778.0000	192.0000	73.3867	31.6485
779.0000	136.0000	-0.0747	-9.5356
779.0000	192.0000	73.3867	31.6485
780.0000	136.0000	-0.0726	-9.4215
780.0000	192.0000	73.3867	31.6486
781.0000	136.0000	-0.0707	-9.3091
781.0000	192.0000	73.3867	31.6483
782.0000	136.0000	-0.0688	-9.2085
782.0000	192.0000	73.3867	31.6484
783.0000	136.0000	-0.0668	-9.1021
783.0000	192.0000	73.3867	31.6484
784.0000	136.0000	-0.0648	-8.9906
784.0000	192.0000	73.3867	31.6484
785.0000	136.0000	-0.0626	-8.8743
785.0000	192.0000	73.3867	31.6484
786.0000	136.0000	-0.0618	-8.8214
786.0000	192.0000	73.3867	31.6484
787.0000	136.0000	-0.0615	-8.8067
787.0000	192.0000	73.3867	31.6484
788.0000	136.0000	-0.0603	-8.7441
788.0000	192.0000	73.3867	31.6484
789.0000	136.0000	-0.0591	-8.6844
789.0000	192.0000	73.3867	31.6484
790.0000	136.0000	-0.0579	-8.6196
790.0000	192.0000	73.3867	31.6484
791.0000	136.0000	-0.0565	-8.5484
791.0000	192.0000	73.3867	31.6484
792.0000	136.0000	-0.0550	-8.4710
792.0000	192.0000	73.3867	31.6484
793.0000	136.0000	-0.0534	-8.3874
793.0000	192.0000	73.3867	31.6484
794.0000	136.0000	-0.0528	-8.3595
794.0000	192.0000	73.3867	31.6484
795.0000	136.0000	-0.0524	-8.3368
795.0000	192.0000	73.3867	31.6484
796.0000	136.0000	-0.0515	-8.2876
796.0000	192.0000	73.3867	31.6484
797.0000	136.0000	-0.0505	-8.2358
797.0000	192.0000	73.3867	31.6484
798.0000	136.0000	-0.0495	-8.1780
798.0000	192.0000	73.3867	31.6484
799.0000	136.0000	-0.0483	-8.1141
799.0000	192.0000	73.3867	31.6484
800.0000	136.0000	-0.0470	-8.0472
800.0000	192.0000	73.3867	31.6484
801.0000	136.0000	-0.0458	-7.9848
801.0000	192.0000	73.3867	31.6484
802.0000	136.0000	-0.0446	-7.9206
802.0000	192.0000	73.3867	31.6485
803.0000	136.0000	-0.0433	-7.8512
803.0000	192.0000	73.3867	31.6482
804.0000	136.0000	-0.0419	-7.7755
804.0000	192.0000	73.3866	31.6483
805.0000	136.0000	-0.0404	-7.6938
805.0000	192.0000	73.3866	31.6484
806.0000	136.0000	-0.0387	-7.6067
806.0000	192.0000	73.3866	31.6479
807.0000	136.0000	-0.0369	-7.5135
807.0000	192.0000	73.3866	31.6479
808.0000	136.0000	-0.0350	-7.4145
808.0000	192.0000	73.3866	31.6479
809.0000	136.0000	-0.0343	-7.3763
809.0000	192.0000	73.3866	31.6479
810.0000	136.0000	-0.0340	-7.3615
810.0000	192.0000	73.3866	31.6479
811.0000	136.0000	-0.0331	-7.3100
811.0000	192.0000	73.3866	31.6479
812.0000	136.0000	-0.0322	-7.2588
812.0000	192.0000	73.3866	31.6479
813.0000	136.0000	-0.0312	-7.2028
813.0000	192.0000	73.3866	31.6479
814.0000	136.0000	-0.0300	-7.1406
814.0000	192.0000	73.3866	31.6480
815.0000	136.0000	-0.0288	-7.0719
815.0000	192.0000	73.3866	31.6480
816.0000	136.0000	-0.0274	-6.9969
816.0000	192.0000	73.3866	31.6480
817.0000	136.0000	-0.0270	-6.9732
817.0000	192.0000	73.3866	31.6481
818.0000	136.0000	-0.0270	-6.9727
818.0000	192.0000	73.3866	31.6477
819.0000	136.0000	-0.0269	-6.9698
819.0000	192.0000	73.3866	31.6477
820.0000	136.0000	-0.0268	-6.9681
820.0000	192.0000	73.3866	31.6478
821.0000	136.0000	-0.0268	-6.9673
821.0000	192.0000	73.3867	31.6478
822.0000	136.0000	-0.0268	-6.9669
822.0000	192.0000	73.3850	31.6475
823.0000	136.0000	-0.0268	-6.9667
823.0000	192.0000	73.3847	31.6473
824.0000	136.0000	-0.0268	-6.9666
824.0000	192.0000	73.3847	31.6473
825.0000	136.0000	-0.0268	-6.9665
825.0000	192.0000	73.3847	31.6474
826.0000	136.0000	-0.0268	-6.9669
826.0000	192.0000	73.3847	31.6471
827.0000	136.0000	-0.0268	-6.9658
827.0000	192.0000	73.3847	31.6471
828.0000	136.0000	-0.0268	-6.9658
828.0000	192.0000	73.3847	31.6471
829.0000	136.0000	-0.0268	-6.9658
829.0000	192.0000	73.3837	31.6469
830.0000	136.0000	-0.0268	-6.9658
830.0000	192.0000	73.3837	31.6469
831.0000	136.0000	-0.0268	-6.9658
831.0000	192.0000	73.3837	31.6469
832.0000	136.0000	-0.0268	-6.9658
832.0000	192.0000	73.3837	31.6469
833.0000	136.0000	-0.0268	-6.9658
833.0000	192.0000	73.3837	31.6469
834.0000	136.0000	-0.0268	-6.9658
834.0000	192.0000	73.3837	31.6470
835.0000	136.0000	-0.0268	-6.9658
835.0000	192.0000	73.3837	31.6470
836.0000	136.0000	-0.0268	-6.9658
836.0000	192.0000	73.3837	31.6470
837.0000	136.0000	-0.0268	-6.9659
837.0000	192.0000	73.3837	31.6470
838.0000	136.0000	-0.0268	-6.9648
838.0000	192.0000	73.3837	31.6471
839.0000	136.0000	-0.0268	-6.9648
839.0000	192.0000	73.3837	31.6470
840.0000	136.0000	-0.0268	-6.9648
840.0000	192.0000	73.3837	31.6470
841.0000	136.0000	-0.0268	-6.9647
841.0000	192.0000	73.3837	31.6471
842.0000	136.0000	-0.0268	-6.9650
842.0000	192.0000	73.3837	31.6468
843.0000	136.0000	-0.0268	-6.9658
843.0000	192.0000	73.3837	31.6461
844.0000	136.0000	-0.0268	-6.9661
844.0000	192.0000	73.3837	31.6457
845.0000	136.0000	-0.0268	-6.9662
845.0000	192.0000	73.3837	31.6457
846.0000	136.0000	-0.0268	-6.9662
846.0000	192.0000	73.3837	31.6457
847.0000	136.0000	-0.0268	-6.9662
847.0000	192.0000	73.3837	31.6457
848.0000	136.0000	-0.0268	-6.9662
848.0000	192.0000	73.3837	31.6457
849.0000	136.0000	-0.0268	-6.9660
849.0000	192.0000	73.3837	31.6458
850.0000	136.0000	-0.0268	-6.9665
850.0000	192.0000	73.3837	31.6455
851.0000	136.0000	-0.0268	-6.9662
851.0000	192.0000	73.3838	31.6445
852.0000	136.0000	-0.0268	-6.9665
852.0000	192.0000	73.3838	31.6442
853.0000	136.0000	-0.0268	-6.9665
853.0000	192.0000	73.3838	31.6442
854.0000	136.0000	-0.0268	-6.9665
854.0000	192.0000	73.3838	31.6442
855.0000	136.0000	-0.0268	-6.9664
855.0000	192.0000	73.3838	31.6443
856.0000	136.0000	-0.0268	-6.9686
856.0000	192.0000	73.3837	31.6421
857.0000	136.0000	-0.0268	-6.9692
857.0000	192.0000	73.3837	31.6417
858.0000	136.0000	-0.0268	-6.9692
858.0000	192.0000	73.3837	31.6417
859.0000	136.0000	-0.0268	-6.9692
859.0000	192.0000	73.3837	31.6417
860.0000	136.0000	-0.0268	-6.9692
860.0000	192.0000	73.3837	31.6417
861.0000	136.0000	-0.0268	-6.9692
861.0000	192.0000	73.3837	31.6417
862.0000	136.0000	-0.0268	-6.9692
862.0000	192.0000	73.3837	31.6417
863.0000	136.0000	-0.0268	-6.9693
863.0000	192.0000	73.3837	31.6417
864.0000	136.0000	-0.0268	-6.9682
864.0000	192.0000	73.3837	31.6417
865.0000	136.0000	-0.0268	-6.9681
865.0000	192.0000	73.3837	31.6418
866.0000	136.0000	-0.0268	-6.9684
866.0000	192.0000	73.3837	31.6415
867.0000	136.0000	-0.0268	-6.9684
867.0000	192.0000	73.3836	31.6415
868.0000	136.0000	-0.0268	-6.9684
868.0000	192.0000	73.3836	31.6415
869.0000	136.0000	-0.0268	-6.9684
869.0000	192.0000	73.3836	31.6415
870.0000	136.0000	-0.0268	-6.9684
870.0000	192.0000	73.3836	31.6415
871.0000	136.0000	-0.0268	-6.9684
871.0000	192.0000	73.3836	31.6415
872.0000	136.0000	-0.0268	-6.9683
872.0000	192.0000	73.3836	31.6416
873.0000	136.0000	-0.0268	-6.9687
873.0000	192.0000	73.3836	31.6413
874.0000	136.0000	-0.0268	-6.9687
874.0000	192.0000	73.3836	31.6413
875.0000	136.0000	-0.0268	-6.9687
875.0000	192.0000	73.3836	31.6413
876.0000	136.0000	-0.0268	-6.9687
876.0000	192.0000	73.3836	31.6413
877.0000	136.0000	-0.0268	-6.9688
877.0000	192.0000	73.3836	31.6413
878.0000	136.0000	-0.0267	-6.9677
878.0000	192.0000	73.3836	31.6413
879.0000	136.0000	-0.0267	-6.9677
879.0000	192.0000	73.3836	31.6413
880.0000	136.0000	-0.0267	-6.9677
880.0000	192.0000	73.3836	31.6413
881.0000	136.0000	-0.0267	-6.9677
881.0000	192.0000	73.3836	31.6413
882.0000	136.0000	-0.0267	-6.9677
882.0000	192.0000	73.3836	31.6413
883.0000	136.0000	-0.0267	-6.9677
883.0000	192.0000	73.3836	31.6414
884.0000	136.0000	-0.0267	-6.9677
884.0000	192.0000	73.3836	31.6414
885.0000	136.0000	-0.0267	-6.9677
885.0000	192.0000	73.3836	31.6414
886.0000	136.0000	-0.0267	-6.9677
886.0000	192.0000	73.3836	31.6414
887.0000	136.0000	-0.0267	-6.9677
887.0000	192.0000	73.3836	31.6414
888.0000	136.0000	-0.0267	-6.9677
888.0000	192.0000	73.3836	31.6414
889.0000	136.0000	-0.0267	-6.9677
889.0000	192.0000	73.3836	31.6414
890.0000	136.0000	-0.0267	-6.9677
890.0000	192.0000	73.3836	31.6414
891.0000	136.0000	-0.0267	-6.9677
891.0000	192.0000	73.3836	31.6414
892.0000	136.0000	-0.0267	-6.9677
892.0000	192.0000	73.3836	31.6414
893.0000	136.0000	-0.0267	-6.9677
893.0000	192.0000	73.3836	31.6414
894.0000	136.0000	-0.0267	-6.9677
894.0000	192.0000	73.3836	31.6414
895.0000	136.0000	-0.0267	-6.9677
895.0000	192.0000	73.3836	31.6414
896.0000	136.0000	-0.0267	-6.9677
896.0000	192.0000	73.3836	31.6414
897.0000	136.0000	-0.0267	-6.9677
897.0000	192.0000	73.3836	31.6414
898.0000	136.0000	-0.0267	-6.9677
898.0000	192.0000	73.3836	31.6414
899.0000	136.0000	-0.0267	-6.9678
899.0000	192.0000	73.3836	31.6414
900.0000	136.0000	-0.0267	-6.9667
900.0000	192.0000	73.3836	31.6414
901.0000	136.0000	-0.0267	-6.9667
901.0000	192.0000	73.3836	31.6414
902.0000	136.0000	-0.0267	-6.9667
902.0000	192.0000	73.3836	31.6414
903.0000	136.0000	-0.0267	-6.9667
903.0000	192.0000	73.3836	31.6414
904.0000	136.0000	-0.0267	-6.9667
904.0000	192.0000	73.3836	31.6414
905.0000	136.0000	-0.0267	-6.9667
905.0000	192.0000	73.3836	31.6414
906.0000	136.0000	-0.0267	-6.9667
906.0000	192.0000	73.3836	31.6414
907.0000	136.0000	-0.0267	-6.9667
907.0000	192.0000	73.3836	31.6414
908.0000	136.0000	-0.0267	-6.9667
908.0000	192.0000	73.3836	31.6414
909.0000	136.0000	-0.0267	-6.9667
909.0000	192.0000	73.3836	31.6414
910.0000	136.0000	-0.0267	-6.9666
910.0000	192.0000	73.3836	31.6415
911.0000	136.0000	-0.0267	-6.9669
911.0000	192.0000	73.3836	31.6412
912.0000	136.0000	-0.0267	-6.9669
912.0000	192.0000	73.3836	31.6412
913.0000	136.0000	-0.0267	-6.9669
913.0000	192.0000	73.3836	31.6412
914.0000	136.0000	-0.0267	-6.9671
914.0000	192.0000	73.3836	31.6412
915.0000	136.0000	-0.0267	-6.9658
915.0000	192.0000	73.3836	31.6413
916.0000	136.0000	-0.0267	-6.9662
916.0000	192.0000	73.3835	31.6410
917.0000	136.0000	-0.0267	-6.9662
917.0000	192.0000	73.3835	31.6410
918.0000	136.0000	-0.0267	-6.9663
918.0000	192.0000	73.3835	31.6410
919.0000	136.0000	-0.0267	-6.9652
919.0000	192.0000	73.3835	31.6410
920.0000	136.0000	-0.0267	-6.9652
920.0000	192.0000	73.3835	31.6410
921.0000	136.0000	-0.0267	-6.9652
921.0000	192.0000	73.3835	31.6410
922.0000	136.0000	-0.0267	-6.9652
922.0000	192.0000	73.3835	31.6410
923.0000	136.0000	-0.0267	-6.9652
923.0000	192.0000	73.3835	31.6410
924.0000	136.0000	-0.0267	-6.9652
924.0000	192.0000	73.3835	31.6410
925.0000	136.0000	-0.0267	-6.9652
925.0000	192.0000	73.3835	31.6410
926.0000	136.0000	-0.0267	-6.9652
926.0000	192.0000	73.3835	31.6410
927.0000	136.0000	-0.0267	-6.9652
927.0000	192.0000	73.3835	31.6410
928.0000	136.0000	-0.0267	-6.9652
928.0000	192.0000	73.3835	31.6410
929.0000	136.0000	-0.0267	-6.9652
929.0000	192.0000	73.3835	31.6410
930.0000	136.0000	-0.0267	-6.9652
930.0000	192.0000	73.3835	31.6410
931.0000	136.0000	-0.0267	-6.9652
931.0000	192.0000	73.3835	31.6410
932.0000	136.0000	-0.0267	-6.9653
932.0000	192.0000	73.3835	31.6410
933.0000	136.0000	-0.0267	-6.9642
933.0000	192.0000	73.3835	31.6410
934.0000	136.0000	-0.0266	-6.9632
934.0000	192.0000	73.3835	31.6410
935.0000	136.0000	-0.0267	-6.9636
935.0000	192.0000	73.3835	31.6410
936.0000	136.0000	-0.0267	-6.9636
936.0000	192.0000	73.3835	31.6410
937.0000	136.0000	-0.0267	-6.9635
937.0000	192.0000	73.3835	31.6410
938.0000	136.0000	-0.0267	-6.9635
938.0000	192.0000	73.3835	31.6410
938.0000	239.0000	57.4294	55.5975
939.0000	136.0000	-0.0267	-6.9635
939.0000	192.0000	73.3835	31.6410
939.0000	239.0000	57.4293	55.4725
940.0000	136.0000	-0.0267	-6.9635
940.0000	192.0000	73.3835	31.6410
940.0000	239.0000	57.4292	55.3428
941.0000	136.0000	-0.0267	-6.9635
941.0000	192.0000	73.3835	31.6410
941.0000	239.0000	57.4291	55.2083
942.0000	136.0000	-0.0267	-6.9634
942.0000	192.0000	73.3836	31.6412
942.0000	239.0000	57.4291	55.0693
943.0000	136.0000	-0.0267	-6.9638
943.0000	192.0000	73.3835	31.6408
943.0000	239.0000	57.4289	54.9252
944.0000	136.0000	-0.0267	-6.9645
944.0000	192.0000	73.3835	31.6401
944.0000	239.0000	57.4288	54.7762
945.0000	136.0000	-0.0267	-6.9649
945.0000	192.0000	73.3835	31.6398
945.0000	239.0000	57.4286	54.6233
946.0000	136.0000	-0.0267	-6.9649
946.0000	192.0000	73.3835	31.6398
946.0000	239.0000	57.4285	54.4667
947.0000	136.0000	-0.0267	-6.9649
947.0000	192.0000	73.3835	31.6398
947.0000	239.0000	57.4285	54.3103
948.0000	136.0000	-0.0267	-6.9649
948.0000	192.0000	73.3835	31.6398
948.0000	239.0000	57.4284	54.1371
949.0000	136.0000	-0.0267	-6.9649
949.0000	192.0000	73.3835	31.6398
949.0000	239.0000	57.4283	53.9620
950.0000	136.0000	-0.0267	-6.9649
950.0000	192.0000	73.3835	31.6398
950.0000	239.0000	57.4281	53.7984
951.0000	136.0000	-0.0267	-6.9649
951.0000	192.0000	73.3835	31.6398
951.0000	239.0000	57.4280	53.6330
952.0000	136.0000	-0.0267	-6.9649
952.0000	192.0000	73.3835	31.6398
952.0000	239.0000	57.4279	53.4668
953.0000	136.0000	-0.0267	-6.9649
953.0000	192.0000	73.3835	31.6398
953.0000	239.0000	57.4278	53.3177
954.0000	136.0000	-0.0267	-6.9649
954.0000	192.0000	73.3835	31.6398
954.0000	239.0000	57.4277	53.1708
955.0000	136.0000	-0.0267	-6.9649
955.0000	192.0000	73.3835	31.6398
955.0000	239.0000	57.4275	53.0195
956.0000	136.0000	-0.0267	-6.9649
956.0000	192.0000	73.3835	31.6398
956.0000	239.0000	57.4274	52.8643
957.0000	136.0000	-0.0267	-6.9649
957.0000	192.0000	73.3835	31.6398
957.0000	239.0000	57.4274	52.7071
958.0000	136.0000	-0.0267	-6.9649
958.0000	192.0000	73.3835	31.6398
958.0000	239.0000	57.4273	52.5439
959.0000	136.0000	-0.0266	-6.9647
959.0000	192.0000	73.3835	31.6400
959.0000	239.0000	57.4271	52.3707
960.0000	136.0000	-0.0266	-6.9677
960.0000	192.0000	73.3834	31.6372
960.0000	239.0000	57.4268	52.2014
961.0000	136.0000	-0.0273	-6.9759
961.0000	192.0000	73.3869	31.6209
961.0000	239.0000	57.4324	52.0171
962.0000	136.0000	-0.0222	-7.0074
962.0000	192.0000	73.3555	31.6580
962.0000	239.0000	57.3818	51.8657
963.0000	136.0000	-0.0249	-7.0743
963.0000	192.0000	73.3712	31.5555
963.0000	239.0000	57.4069	51.6040
964.0000	136.0000	-0.0271	-7.1682
964.0000	192.0000	73.3830	31.4348
964.0000	239.0000	57.4259	51.3394
965.0000	136.0000	-0.0271	-7.1918
965.0000	192.0000	73.3832	31.4112
965.0000	239.0000	57.4261	51.1621
966.0000	136.0000	-0.0376	-7.2226
966.0000	192.0000	73.4463	31.2341
966.0000	239.0000	57.5267	50.8573
967.0000	136.0000	-0.0367	-7.2841
967.0000	192.0000	73.4424	31.1644
967.0000	239.0000	57.5204	50.6818
968.0000	136.0000	-0.0370	-7.3722
968.0000	192.0000	73.4438	31.0517
968.0000	239.0000	57.5227	50.5642
969.0000	136.0000	-0.0372	-7.3895
969.0000	192.0000	73.4475	30.9975
969.0000	239.0000	57.5287	50.5091
970.0000	136.0000	-0.0363	-7.4100
970.0000	192.0000	73.4457	30.9438
970.0000	239.0000	57.5257	50.4523
971.0000	136.0000	-0.0347	-7.4590
971.0000	192.0000	73.4408	30.8602
971.0000	239.0000	57.5181	50.3649
972.0000	136.0000	-0.0328	-7.5379
972.0000	192.0000	73.4343	30.7434
972.0000	239.0000	57.5078	50.2441
973.0000	136.0000	-0.0307	-7.6336
973.0000	192.0000	73.4271	30.6055
973.0000	239.0000	57.4965	50.1025
974.0000	136.0000	-0.0284	-7.7167
974.0000	192.0000	73.4192	30.4769
974.0000	239.0000	57.4839	49.9702
975.0000	136.0000	-0.0259	-7.8053
975.0000	192.0000	73.4106	30.3412
975.0000	239.0000	57.4702	49.8305
976.0000	136.0000	-0.0237	-7.9157
976.0000	192.0000	73.4034	30.1846
976.0000	239.0000	57.4589	49.6705
977.0000	136.0000	-0.0207	-8.0357
977.0000	192.0000	73.3918	30.0271
977.0000	239.0000	57.4404	49.5073
978.0000	136.0000	-0.0179	-8.1570
978.0000	192.0000	73.3819	29.8612
978.0000	239.0000	57.4247	49.3367
979.0000	136.0000	-0.0155	-8.2903
979.0000	192.0000	73.3734	29.6832
979.0000	239.0000	57.4111	49.1545
980.0000	136.0000	-0.0124	-8.4313
980.0000	192.0000	73.3617	29.5034
980.0000	239.0000	57.3924	48.9691
981.0000	136.0000	-0.0094	-8.5543
981.0000	192.0000	73.3516	29.3328
981.0000	239.0000	57.3762	48.7936
982.0000	136.0000	-0.0065	-8.6655
982.0000	192.0000	73.3422	29.1665
982.0000	239.0000	57.3612	48.6227
983.0000	136.0000	-0.0037	-8.7511
983.0000	192.0000	73.3340	29.0174
983.0000	239.0000	57.3480	48.4696
984.0000	136.0000	-0.0005	-8.8331
984.0000	192.0000	73.3245	28.8687
984.0000	239.0000	57.3326	48.3161
985.0000	136.0000	0.0027	-8.9261
985.0000	192.0000	73.3153	28.7018
985.0000	239.0000	57.3179	48.1443
986.0000	136.0000	0.0091	-9.0268
986.0000	192.0000	73.3071	28.5225
986.0000	239.0000	57.3034	47.9598
987.0000	136.0000	0.0136	-9.1124
987.0000	192.0000	73.2987	28.3522
987.0000	239.0000	57.2893	47.7849
988.0000	136.0000	0.0161	-9.1981
988.0000	192.0000	73.2893	28.1773
988.0000	239.0000	57.2743	47.6053
989.0000	136.0000	0.0165	-9.2939
989.0000	192.0000	73.2796	27.9847
989.0000	239.0000	57.2600	47.4087
990.0000	136.0000	0.0198	-9.3884
990.0000	192.0000	73.2684	27.7949
990.0000	239.0000	57.2419	47.2134
991.0000	136.0000	0.0237	-9.4729
991.0000	192.0000	73.2590	27.6067
991.0000	239.0000	57.2265	47.0205
992.0000	136.0000	0.0277	-9.5550
992.0000	192.0000	73.2499	27.4153
992.0000	239.0000	57.2116	46.8242
993.0000	136.0000	0.0318	-9.6419
993.0000	192.0000	73.2404	27.2148
993.0000	239.0000	57.1960	46.6186
994.0000	136.0000	0.0354	-9.7257
994.0000	192.0000	73.2328	27.0083
994.0000	239.0000	57.1834	46.4080
995.0000	136.0000	0.0393	-9.8008
995.0000	188.0000	60.6532	52.1107
995.0000	192.0000	73.2243	26.8085
995.0000	239.0000	57.1693	46.2036
996.0000	136.0000	0.0427	-9.8737
996.0000	188.0000	60.6408	51.7849
996.0000	192.0000	73.2175	26.6019
996.0000	239.0000	57.1580	45.9933
997.0000	136.0000	0.0493	-9.9492
997.0000	188.0000	60.6240	51.4497
997.0000	192.0000	73.2091	26.3961
997.0000	239.0000	57.1430	45.7823
998.0000	136.0000	0.0531	-10.0229
998.0000	188.0000	60.6150	51.0948
998.0000	192.0000	73.2043	26.1781
998.0000	239.0000	57.1348	45.5615
999.0000	136.0000	0.0551	-10.0887
999.0000	188.0000	60.5978	50.7383
999.0000	192.0000	73.1943	25.9694
999.0000	239.0000	57.1190	45.3478
