398.0000	71.0000	-9.5490	79.1844
399.0000	71.0000	-9.5082	78.8558
400.0000	71.0000	-9.4445	78.5058
401.0000	71.0000	-9.2805	78.1385
402.0000	71.0000	-9.0300	77.7485
403.0000	71.0000	-8.6963	77.3370
404.0000	71.0000	-8.7661	76.8148
405.0000	71.0000	-7.7347	75.6911
406.0000	71.0000	-7.8760	74.7954
407.0000	71.0000	-8.0579	74.4524
408.0000	71.0000	-8.1326	74.3665
409.0000	71.0000	-8.1252	74.2861
410.0000	71.0000	-8.0833	74.1467
411.0000	71.0000	-8.0334	73.8639
412.0000	71.0000	-7.9860	73.3903
413.0000	71.0000	-7.9284	72.7353
414.0000	71.0000	-7.8739	71.9552
415.0000	71.0000	-7.8086	71.1444
416.0000	71.0000	-7.7085	70.3994
417.0000	71.0000	-7.6787	69.9266
418.0000	71.0000	-7.9059	69.6217
419.0000	71.0000	-8.0911	69.5697
420.0000	71.0000	-8.2711	69.5172
421.0000	71.0000	-8.4070	69.4638
422.0000	71.0000	-8.4676	69.4177
423.0000	71.0000	-8.5191	69.3726
424.0000	71.0000	-8.5852	69.2956
425.0000	71.0000	-8.2771	69.2339
426.0000	71.0000	-7.6201	69.3075
427.0000	71.0000	-7.5550	69.3497
428.0000	71.0000	-7.4860	69.2568
429.0000	71.0000	-7.3018	69.0887
430.0000	71.0000	-6.9594	68.8878
431.0000	71.0000	-6.5113	68.6815
432.0000	71.0000	-6.2290	68.4457
433.0000	71.0000	-5.9231	68.2263
434.0000	71.0000	-5.5578	68.0033
435.0000	71.0000	-5.3389	67.7106
436.0000	71.0000	-5.1034	67.3999
437.0000	71.0000	-4.9335	67.0642
438.0000	71.0000	-4.7742	66.7087
439.0000	71.0000	-4.5612	66.3363
440.0000	71.0000	-4.3580	65.9441
441.0000	71.0000	-4.0677	65.5486
442.0000	71.0000	-4.0158	65.1186
443.0000	71.0000	-3.9466	64.6632
444.0000	71.0000	-4.0199	64.1899
445.0000	71.0000	-3.9928	63.7212
446.0000	71.0000	-3.6592	63.2685
447.0000	71.0000	-3.5595	62.7923
448.0000	71.0000	-3.3967	62.2971
449.0000	71.0000	-3.4085	61.7582
450.0000	71.0000	-2.2801	61.3018
451.0000	71.0000	-1.7805	60.8150
452.0000	71.0000	-1.7882	60.2813
453.0000	71.0000	-1.7994	59.7188
454.0000	71.0000	-0.8143	59.1862
455.0000	71.0000	1.7881	58.7438
456.0000	71.0000	4.3145	58.2791
457.0000	71.0000	7.5616	57.6518
458.0000	71.0000	9.2472	57.2157
459.0000	71.0000	11.8814	56.7053
460.0000	71.0000	16.0687	55.7076
461.0000	71.0000	20.7827	54.2600
462.0000	71.0000	25.2220	52.4578
463.0000	71.0000	28.8418	50.6284
464.0000	71.0000	33.1074	48.0022
465.0000	71.0000	37.5013	44.6972
466.0000	71.0000	39.8923	42.5565
467.0000	71.0000	41.9491	40.5580
468.0000	71.0000	43.7379	38.5873
469.0000	71.0000	44.7672	37.2005
470.0000	71.0000	45.2005	36.3971
471.0000	71.0000	47.2045	33.7960
472.0000	71.0000	49.0723	31.1191
473.0000	71.0000	50.3702	28.9167
474.0000	71.0000	51.2678	27.1198
475.0000	71.0000	51.8355	25.7376
476.0000	71.0000	52.0807	24.8411
477.0000	71.0000	52.0736	24.3605
478.0000	71.0000	51.9084	24.1525
479.0000	71.0000	51.5794	24.2330
480.0000	71.0000	51.0641	24.6304
481.0000	71.0000	50.3212	25.3878
482.0000	71.0000	49.3181	26.5116
483.0000	71.0000	48.0350	27.9670
484.0000	71.0000	46.4567	29.6978
485.0000	71.0000	47.6479	27.4137
486.0000	71.0000	48.9355	24.9681
487.0000	71.0000	50.4804	21.7176
488.0000	71.0000	51.6148	18.8557
489.0000	71.0000	52.5927	15.9321
490.0000	71.0000	53.1542	13.7156
491.0000	71.0000	53.4762	11.9432
492.0000	71.0000	53.6107	10.6201
493.0000	71.0000	53.5796	9.8050
494.0000	71.0000	53.4286	9.4093
495.0000	71.0000	53.2056	9.2843
496.0000	71.0000	52.9103	9.4368
497.0000	71.0000	52.5128	9.9623
498.0000	71.0000	51.9970	10.8642
499.0000	71.0000	51.3332	12.1590
500.0000	71.0000	50.4999	13.7995
501.0000	71.0000	49.4685	15.7453
502.0000	71.0000	48.2076	17.9521
503.0000	71.0000	46.6835	20.3730
504.0000	71.0000	44.8612	22.9591
505.0000	71.0000	42.7062	25.6582
506.0000	71.0000	40.1862	28.4113
507.0000	71.0000	37.2740	31.1529
508.0000	71.0000	33.8542	33.9476
509.0000	71.0000	31.3949	35.7298
510.0000	71.0000	30.8169	35.8697
511.0000	71.0000	30.4563	35.8357
512.0000	71.0000	30.1313	35.7731
513.0000	71.0000	29.8044	35.7125
514.0000	71.0000	29.5496	35.5821
515.0000	71.0000	29.3263	35.4115
516.0000	71.0000	29.0577	35.2554
517.0000	71.0000	28.7262	35.1258
518.0000	71.0000	28.3008	35.0445
519.0000	71.0000	27.7441	35.0249
520.0000	71.0000	27.0889	35.0475
521.0000	71.0000	26.3908	35.1061
522.0000	71.0000	25.5340	35.2643
523.0000	71.0000	24.3232	35.5983
524.0000	71.0000	22.9119	36.0033
525.0000	71.0000	21.1915	36.5035
526.0000	71.0000	19.4987	36.8921
527.0000	71.0000	17.5347	37.3255
528.0000	71.0000	14.8024	37.9369
529.0000	71.0000	11.6889	38.4418
530.0000	71.0000	8.2709	38.7513
531.0000	71.0000	4.6218	38.9461
532.0000	71.0000	3.0598	38.9879
533.0000	71.0000	1.2643	38.9492
534.0000	71.0000	-0.9758	38.7978
535.0000	71.0000	-3.5309	38.4815
536.0000	71.0000	-5.3688	38.1011
537.0000	71.0000	-6.0370	37.9030
538.0000	71.0000	-6.6266	37.7310
539.0000	71.0000	-6.9817	37.6366
540.0000	71.0000	-7.0365	37.6191
541.0000	71.0000	-7.0106	37.6282
542.0000	71.0000	-6.9789	37.6443
543.0000	71.0000	-6.9466	37.6613
544.0000	71.0000	-6.9094	37.6785
545.0000	71.0000	-6.8555	37.6991
546.0000	71.0000	-6.7895	37.7218
547.0000	71.0000	-6.9157	37.6955
548.0000	71.0000	-7.0883	37.6496
549.0000	71.0000	-7.1482	37.6298
550.0000	71.0000	-7.1601	37.6262
551.0000	71.0000	-7.1448	37.6320
552.0000	71.0000	-7.1207	37.6421
553.0000	71.0000	-7.0846	37.6565
554.0000	71.0000	-7.0347	37.6751
555.0000	71.0000	-6.9869	37.6931
556.0000	71.0000	-6.9659	37.7055
557.0000	71.0000	-7.0312	37.6927
558.0000	71.0000	-7.1295	37.6713
559.0000	71.0000	-7.2229	37.6508
560.0000	71.0000	-7.3095	37.6319
561.0000	71.0000	-7.3731	37.6188
562.0000	71.0000	-7.4357	37.6072
563.0000	71.0000	-7.4967	37.5954
564.0000	71.0000	-7.5434	37.5870
565.0000	71.0000	-7.5945	37.5778
566.0000	71.0000	-7.6429	37.5694
567.0000	71.0000	-7.6849	37.5620
568.0000	71.0000	-7.7275	37.5531
569.0000	71.0000	-7.7549	37.5471
570.0000	71.0000	-7.7768	37.5419
571.0000	71.0000	-7.8015	37.5364
572.0000	71.0000	-7.7968	37.5404
573.0000	71.0000	-7.7850	37.5483
574.0000	71.0000	-7.7709	37.5576
575.0000	71.0000	-7.7535	37.5677
576.0000	71.0000	-7.7400	37.5774
577.0000	71.0000	-7.7463	37.5802
578.0000	71.0000	-7.8114	37.5675
579.0000	71.0000	-7.8860	37.5490
580.0000	71.0000	-7.9665	37.5276
581.0000	71.0000	-8.0489	37.5049
582.0000	71.0000	-8.1374	37.4802
583.0000	71.0000	-8.2990	37.4397
584.0000	71.0000	-8.4229	37.4041
585.0000	0.0000	73.0997	32.0596
585.0000	71.0000	-8.4998	37.3819
586.0000	0.0000	72.6361	32.1365
586.0000	71.0000	-8.5721	37.3617
587.0000	0.0000	72.1897	32.1765
587.0000	71.0000	-8.6339	37.3467
588.0000	0.0000	71.7139	32.2807
588.0000	71.0000	-8.7227	37.3260
589.0000	0.0000	71.2403	32.3578
589.0000	71.0000	-8.8042	37.3068
590.0000	0.0000	70.7736	32.4125
590.0000	71.0000	-8.8700	37.2914
591.0000	0.0000	70.3095	32.4465
591.0000	71.0000	-8.9269	37.2784
592.0000	0.0000	69.8589	32.4462
592.0000	71.0000	-8.9618	37.2743
593.0000	0.0000	69.4323	32.3862
593.0000	71.0000	-8.9635	37.2808
594.0000	0.0000	68.9997	32.3328
594.0000	71.0000	-8.9645	37.2884
595.0000	0.0000	68.5627	32.2727
595.0000	71.0000	-8.9658	37.2960
596.0000	0.0000	68.1217	32.2165
596.0000	71.0000	-8.9648	37.3038
597.0000	0.0000	67.6498	32.1980
597.0000	71.0000	-8.9961	37.2988
598.0000	0.0000	67.1539	32.2157
598.0000	71.0000	-9.0487	37.2822
599.0000	0.0000	66.6793	32.1718
599.0000	71.0000	-9.0752	37.2692
600.0000	0.0000	66.1791	32.1768
600.0000	71.0000	-9.1257	37.2495
601.0000	0.0000	65.6764	32.1719
601.0000	71.0000	-9.1778	37.2269
602.0000	0.0000	65.1712	32.1743
602.0000	71.0000	-9.2340	37.2015
603.0000	0.0000	64.6829	32.1523
603.0000	71.0000	-9.2750	37.1821
604.0000	0.0000	64.2223	32.0980
604.0000	71.0000	-9.2881	37.1781
605.0000	0.0000	63.7732	32.0303
605.0000	71.0000	-9.2938	37.1805
606.0000	0.0000	63.2805	32.0575
606.0000	71.0000	-9.3509	37.1663
607.0000	0.0000	62.8080	32.0305
607.0000	71.0000	-9.3966	37.1444
608.0000	0.0000	62.3626	31.9722
608.0000	71.0000	-9.4074	37.1384
609.0000	0.0000	61.9293	31.8736
609.0000	71.0000	-9.4045	37.1420
610.0000	0.0000	61.4732	31.8221
610.0000	71.0000	-9.4186	37.1448
611.0000	0.0000	60.9899	31.7811
611.0000	71.0000	-9.4684	37.1331
612.0000	0.0000	60.4729	31.7820
612.0000	71.0000	-9.5445	37.1001
613.0000	0.0000	60.0107	31.6562
613.0000	71.0000	-9.5660	37.0850
614.0000	0.0000	59.5656	31.5022
614.0000	71.0000	-9.5623	37.0862
615.0000	0.0000	59.1135	31.3503
615.0000	71.0000	-9.5718	37.0893
616.0000	0.0000	58.6539	31.2037
616.0000	71.0000	-9.5853	37.0943
617.0000	0.0000	58.2082	31.0188
617.0000	71.0000	-9.5983	37.1011
618.0000	0.0000	57.7549	30.8384
618.0000	71.0000	-9.6065	37.1092
619.0000	0.0000	57.2929	30.6598
619.0000	71.0000	-9.6497	37.1039
620.0000	0.0000	56.8109	30.4961
620.0000	71.0000	-9.7306	37.0759
621.0000	0.0000	56.3399	30.3004
621.0000	71.0000	-9.7930	37.0507
622.0000	0.0000	55.9249	30.0265
622.0000	71.0000	-9.8322	37.0335
623.0000	0.0000	55.4986	29.7755
623.0000	71.0000	-9.8713	37.0181
624.0000	0.0000	55.1094	29.4940
624.0000	71.0000	-9.9114	37.0036
625.0000	0.0000	54.7397	29.2101
625.0000	71.0000	-9.9600	36.9907
626.0000	0.0000	54.3652	28.9308
626.0000	71.0000	-10.0057	36.9765
627.0000	0.0000	54.0543	28.5979
627.0000	71.0000	-10.0441	36.9650
628.0000	0.0000	53.7381	28.2672
628.0000	71.0000	-10.0860	36.9531
629.0000	0.0000	53.4405	27.9170
629.0000	71.0000	-10.1265	36.9418
630.0000	0.0000	53.2067	27.5320
630.0000	71.0000	-10.1731	36.9280
631.0000	0.0000	52.9207	27.1718
631.0000	71.0000	-10.2259	36.9130
632.0000	0.0000	52.6645	26.7848
632.0000	71.0000	-10.2724	36.8993
633.0000	0.0000	52.5090	26.3484
633.0000	71.0000	-10.3113	36.8878
634.0000	0.0000	52.2848	25.9347
634.0000	71.0000	-10.3552	36.8752
635.0000	0.0000	52.0834	25.4955
635.0000	71.0000	-10.3818	36.8729
636.0000	0.0000	52.0187	25.0370
636.0000	71.0000	-10.4177	36.8710
637.0000	0.0000	51.8912	24.5826
637.0000	71.0000	-10.4489	36.8719
638.0000	0.0000	51.7620	24.0826
638.0000	71.0000	-10.4474	36.8802
639.0000	0.0000	51.7499	23.5549
639.0000	71.0000	-10.4427	36.8857
640.0000	0.0000	51.6676	23.0544
640.0000	71.0000	-10.4655	36.8758
641.0000	0.0000	51.5744	22.5722
641.0000	71.0000	-10.5089	36.8573
642.0000	71.0000	-10.5623	36.8353
642.0000	0.0000	51.5597	22.0952
643.0000	71.0000	-10.6268	36.8066
643.0000	0.0000	51.4727	21.6359
644.0000	71.0000	-10.6999	36.7751
644.0000	0.0000	51.4189	21.1936
645.0000	71.0000	-10.7699	36.7479
645.0000	0.0000	51.4036	20.7569
646.0000	71.0000	-10.8032	36.7391
646.0000	0.0000	51.3769	20.2857
647.0000	71.0000	-10.8182	36.7377
647.0000	0.0000	51.4187	19.8003
648.0000	71.0000	-10.8139	36.7389
648.0000	0.0000	51.4324	19.2791
649.0000	71.0000	-10.8266	36.7345
649.0000	0.0000	51.4715	18.7759
650.0000	71.0000	-10.8619	36.7238
650.0000	0.0000	51.4994	18.2976
651.0000	71.0000	-10.8885	36.7154
651.0000	0.0000	51.5412	17.8048
652.0000	71.0000	-10.9097	36.7077
652.0000	0.0000	51.5803	17.2979
653.0000	71.0000	-10.9389	36.6984
653.0000	0.0000	51.6471	16.8001
654.0000	71.0000	-10.9519	36.6962
654.0000	0.0000	51.6889	16.2750
655.0000	71.0000	-10.9998	36.6709
655.0000	0.0000	51.7598	15.7842
656.0000	71.0000	-11.1149	36.6080
656.0000	0.0000	51.7754	15.3505
657.0000	71.0000	-11.1366	36.6283
657.0000	0.0000	51.8467	14.8463
658.0000	71.0000	-11.1128	36.6440
658.0000	0.0000	51.9395	14.2649
659.0000	71.0000	-11.1994	36.5992
659.0000	0.0000	52.0039	13.7938
660.0000	71.0000	-11.3808	36.5014
660.0000	0.0000	52.0055	13.4129
661.0000	71.0000	-11.6961	36.3309
661.0000	0.0000	51.9877	13.1775
662.0000	71.0000	-12.3864	35.9760
662.0000	0.0000	51.8189	13.4471
663.0000	71.0000	-13.1560	35.4963
663.0000	0.0000	51.6407	13.7301
664.0000	71.0000	-12.9002	35.4895
664.0000	0.0000	51.8438	12.6955
665.0000	71.0000	-13.1371	35.2787
665.0000	0.0000	51.8962	12.3043
666.0000	71.0000	-13.4010	35.0073
666.0000	0.0000	51.9213	11.9066
667.0000	71.0000	-13.4455	34.7874
667.0000	0.0000	52.0486	11.1951
668.0000	71.0000	-13.3853	34.6452
668.0000	0.0000	52.2020	10.4267
669.0000	71.0000	-13.2836	34.5295
669.0000	0.0000	52.3868	9.6099
670.0000	71.0000	-13.1693	34.4244
670.0000	0.0000	52.5517	8.7696
671.0000	71.0000	-13.0729	34.3188
671.0000	0.0000	52.7300	7.9581
672.0000	71.0000	-13.0198	34.2014
672.0000	0.0000	52.8717	7.1962
673.0000	71.0000	-13.0646	34.0513
673.0000	0.0000	53.0136	6.5793
674.0000	71.0000	-13.1440	33.9274
674.0000	0.0000	53.1099	6.0660
675.0000	71.0000	-13.2292	33.8354
675.0000	0.0000	53.2438	5.5815
676.0000	71.0000	-13.2883	33.7759
676.0000	0.0000	53.3607	5.0677
677.0000	71.0000	-13.3258	33.7472
677.0000	0.0000	53.5078	4.5410
678.0000	71.0000	-13.3633	33.7370
678.0000	0.0000	53.6380	4.0095
679.0000	71.0000	-13.3773	33.7385
679.0000	0.0000	53.8035	3.4332
680.0000	71.0000	-13.4007	33.7351
680.0000	0.0000	53.9384	2.8730
681.0000	71.0000	-13.4370	33.7246
681.0000	0.0000	54.0952	2.3396
682.0000	71.0000	-13.4812	33.7074
682.0000	0.0000	54.2303	1.8111
683.0000	71.0000	-13.5468	33.6803
683.0000	0.0000	54.3920	1.3144
684.0000	71.0000	-13.5991	33.6567
684.0000	0.0000	54.5297	0.7891
685.0000	71.0000	-13.6464	33.6321
685.0000	0.0000	54.6932	0.2614
686.0000	71.0000	-13.6813	33.6127
686.0000	0.0000	54.8375	-0.2906
687.0000	71.0000	-13.7207	33.5944
687.0000	0.0000	55.0068	-0.8352
688.0000	71.0000	-13.7649	33.5742
688.0000	0.0000	55.1570	-1.3832
689.0000	71.0000	-13.8023	33.5569
689.0000	0.0000	55.3295	-1.9357
690.0000	71.0000	-13.8288	33.5453
690.0000	0.0000	55.4826	-2.5169
691.0000	71.0000	-13.8466	33.5363
691.0000	0.0000	55.6637	-3.1096
692.0000	71.0000	-13.8762	33.5210
692.0000	0.0000	55.8228	-3.6924
693.0000	71.0000	-13.9054	33.5051
693.0000	0.0000	55.9990	-4.2735
694.0000	71.0000	-13.9384	33.4887
694.0000	0.0000	56.1685	-4.8538
695.0000	71.0000	-13.9758	33.4700
695.0000	0.0000	56.3707	-5.4212
696.0000	71.0000	-14.0217	33.4489
696.0000	0.0000	56.5627	-5.9899
697.0000	71.0000	-14.0442	33.4412
697.0000	0.0000	56.7929	-6.5856
698.0000	71.0000	-14.0497	33.4416
698.0000	0.0000	57.0264	-7.2066
699.0000	71.0000	-14.0449	33.4459
699.0000	0.0000	57.2852	-7.8337
700.0000	71.0000	-14.0324	33.4503
700.0000	0.0000	57.5750	-8.4598
701.0000	71.0000	-14.0382	33.4461
701.0000	0.0000	57.8817	-9.0498
702.0000	71.0000	-14.0586	33.4337
702.0000	0.0000	58.2557	-9.5741
703.0000	71.0000	-14.0882	33.4111
703.0000	0.0000	58.6003	-10.0947
704.0000	71.0000	-14.1028	33.3922
704.0000	0.0000	58.9682	-10.6086
705.0000	71.0000	-14.1282	33.3745
705.0000	0.0000	59.4113	-11.0428
706.0000	71.0000	-14.1560	33.3571
706.0000	0.0000	59.8040	-11.5092
707.0000	71.0000	-14.1973	33.3330
707.0000	0.0000	60.2343	-11.9130
708.0000	71.0000	-14.2347	33.3095
708.0000	0.0000	60.7592	-12.1998
709.0000	71.0000	-14.2743	33.2863
709.0000	0.0000	61.2661	-12.5121
710.0000	71.0000	-14.3131	33.2630
710.0000	0.0000	61.7572	-12.8542
711.0000	71.0000	-14.3547	33.2391
711.0000	0.0000	62.3444	-13.0120
712.0000	71.0000	-14.4216	33.2067
712.0000	0.0000	62.9573	-13.0633
713.0000	71.0000	-14.4696	33.1814
713.0000	0.0000	63.5265	-13.3026
714.0000	71.0000	-14.5129	33.1571
714.0000	0.0000	64.1112	-13.4892
715.0000	71.0000	-14.5550	33.1335
715.0000	0.0000	64.7454	-13.4830
716.0000	71.0000	-14.6159	33.1032
716.0000	0.0000	65.3814	-13.4489
717.0000	71.0000	-14.6461	33.0930
717.0000	0.0000	66.0030	-13.5942
718.0000	71.0000	-14.6397	33.1022
718.0000	0.0000	66.6286	-13.7225
719.0000	71.0000	-14.6402	33.1080
719.0000	0.0000	67.2629	-13.8009
720.0000	71.0000	-14.6192	33.1222
720.0000	0.0000	67.8932	-13.9192
721.0000	71.0000	-14.6074	33.1305
721.0000	0.0000	68.5308	-13.9987
722.0000	71.0000	-14.6445	33.1137
722.0000	0.0000	69.1881	-13.9330
723.0000	71.0000	-14.6654	33.0962
723.0000	0.0000	69.8426	-13.9007
724.0000	71.0000	-14.6812	33.0781
724.0000	0.0000	70.4934	-13.8186
725.0000	71.0000	-14.7129	33.0511
725.0000	0.0000	71.1518	-13.7077
726.0000	71.0000	-14.7468	33.0203
726.0000	0.0000	71.8119	-13.5926
727.0000	71.0000	-14.7979	32.9877
727.0000	0.0000	72.4792	-13.4016
728.0000	71.0000	-14.8494	32.9566
728.0000	0.0000	73.1522	-13.2401
729.0000	71.0000	-14.8945	32.9297
729.0000	0.0000	73.8153	-13.0298
730.0000	71.0000	-14.9585	32.8960
730.0000	0.0000	74.4911	-12.7924
731.0000	71.0000	-15.0397	32.8554
731.0000	0.0000	75.1767	-12.5258
732.0000	71.0000	-15.0892	32.8325
732.0000	0.0000	75.8444	-12.2745
733.0000	71.0000	-15.1389	32.8107
733.0000	0.0000	76.5226	-12.0506
734.0000	71.0000	-15.1801	32.7931
734.0000	0.0000	77.1901	-11.7972
735.0000	71.0000	-15.2326	32.7701
735.0000	0.0000	77.8702	-11.5449
736.0000	71.0000	-15.2857	32.7471
736.0000	0.0000	78.5470	-11.2735
737.0000	71.0000	-15.3343	32.7256
737.0000	0.0000	79.2190	-10.9898
738.0000	71.0000	-15.3888	32.7001
739.0000	71.0000	-15.4561	32.6670
740.0000	71.0000	-15.5286	32.6294
741.0000	71.0000	-15.5886	32.5993
742.0000	71.0000	-15.6349	32.5761
743.0000	71.0000	-15.6867	32.5509
744.0000	71.0000	-15.7429	32.5244
745.0000	71.0000	-15.7907	32.5016
746.0000	71.0000	-15.8565	32.4705
747.0000	71.0000	-15.9119	32.4446
748.0000	71.0000	-15.9678	32.4181
749.0000	71.0000	-16.0234	32.3915
750.0000	71.0000	-16.0878	32.3601
751.0000	71.0000	-16.1471	32.3319
752.0000	71.0000	-16.1979	32.3078
753.0000	71.0000	-16.2636	32.2769
754.0000	71.0000	-16.3277	32.2468
755.0000	71.0000	-16.3936	32.2149
756.0000	71.0000	-16.4474	32.1880
757.0000	71.0000	-16.5000	32.1610
758.0000	71.0000	-16.5448	32.1389
759.0000	71.0000	-16.6053	32.1074
760.0000	71.0000	-16.6975	32.0500
761.0000	71.0000	-16.7812	32.0008
762.0000	71.0000	-16.8703	31.9536
763.0000	71.0000	-16.9466	31.9141
764.0000	71.0000	-17.0144	31.8776
765.0000	71.0000	-17.0721	31.8466
766.0000	71.0000	-17.1306	31.8164
767.0000	71.0000	-17.2095	31.7753
768.0000	71.0000	-17.2810	31.7377
769.0000	71.0000	-17.3510	31.6999
770.0000	71.0000	-17.4298	31.6591
771.0000	71.0000	-17.5105	31.6186
772.0000	71.0000	-17.5895	31.5804
773.0000	71.0000	-17.6500	31.5494
774.0000	71.0000	-17.7241	31.5129
775.0000	71.0000	-17.7911	31.4796
776.0000	71.0000	-17.8550	31.4468
777.0000	71.0000	-17.9164	31.4150
778.0000	71.0000	-17.9742	31.3853
779.0000	71.0000	-18.0398	31.3510
780.0000	71.0000	-18.1149	31.3131
781.0000	71.0000	-18.1794	31.2796
782.0000	71.0000	-18.2536	31.2402
783.0000	71.0000	-18.2933	31.2181
784.0000	71.0000	-19.1407	30.6359
785.0000	71.0000	-19.6528	30.2803
786.0000	71.0000	-19.8507	30.1841
787.0000	71.0000	-19.8994	30.1604
788.0000	71.0000	-19.9359	30.1402
789.0000	71.0000	-19.9708	30.1205
790.0000	71.0000	-20.0031	30.1004
791.0000	71.0000	-20.0398	30.0778
792.0000	71.0000	-20.1005	30.0390
793.0000	71.0000	-20.1661	29.9959
794.0000	71.0000	-20.2159	29.9626
795.0000	71.0000	-20.2741	29.9263
796.0000	71.0000	-20.3462	29.8800
797.0000	71.0000	-20.4071	29.8398
798.0000	71.0000	-20.4737	29.7943
799.0000	71.0000	-21.1722	29.1862
800.0000	71.0000	-21.0929	29.1360
801.0000	71.0000	-20.9832	29.1219
802.0000	71.0000	-20.9309	29.0803
803.0000	71.0000	-20.8710	29.0519
804.0000	71.0000	-20.8188	29.0101
805.0000	71.0000	-20.8836	28.9089
806.0000	71.0000	-20.9624	28.8433
807.0000	71.0000	-21.0269	28.7901
808.0000	71.0000	-21.0848	28.7308
809.0000	71.0000	-21.1747	28.6659
810.0000	71.0000	-21.2385	28.6184
811.0000	71.0000	-21.3116	28.5602
812.0000	71.0000	-21.3821	28.5098
813.0000	71.0000	-21.4428	28.4681
814.0000	71.0000	-21.5057	28.4207
815.0000	71.0000	-21.5649	28.3799
816.0000	71.0000	-21.6189	28.3419
817.0000	71.0000	-21.6745	28.3019
818.0000	71.0000	-21.7592	28.2375
819.0000	71.0000	-21.8353	28.1776
820.0000	71.0000	-21.8988	28.1281
821.0000	71.0000	-21.9632	28.0786
822.0000	71.0000	-22.0334	28.0255
823.0000	71.0000	-22.1077	27.9697
824.0000	71.0000	-22.1844	27.9121
825.0000	71.0000	-22.2476	27.8661
826.0000	71.0000	-22.2954	27.8331
827.0000	71.0000	-22.3417	27.8010
828.0000	71.0000	-22.3855	27.7702
829.0000	71.0000	-22.4275	27.7400
830.0000	71.0000	-22.4789	27.7018
831.0000	71.0000	-22.5464	27.6477
832.0000	71.0000	-22.6188	27.5895
833.0000	71.0000	-22.7103	27.5160
834.0000	71.0000	-22.8053	27.4370
835.0000	71.0000	-22.9046	27.3553
836.0000	71.0000	-23.0032	27.2772
837.0000	71.0000	-23.1075	27.1931
838.0000	71.0000	-23.2126	27.1088
839.0000	71.0000	-23.3127	27.0270
840.0000	71.0000	-23.4395	26.9220
841.0000	71.0000	-23.5467	26.8340
842.0000	71.0000	-23.6532	26.7447
843.0000	71.0000	-23.7886	26.6295
844.0000	71.0000	-23.9007	26.5306
845.0000	71.0000	-23.9961	26.4440
846.0000	71.0000	-24.0849	26.3592
847.0000	71.0000	-24.1762	26.2741
848.0000	71.0000	-24.3202	26.1350
849.0000	71.0000	-24.4416	26.0088
850.0000	71.0000	-24.5953	25.8398
851.0000	71.0000	-24.7365	25.7627
852.0000	71.0000	-24.6150	25.9147
853.0000	71.0000	-24.5774	25.9555
854.0000	71.0000	-24.5616	25.9724
855.0000	71.0000	-24.5485	25.9856
856.0000	71.0000	-24.5838	25.9475
857.0000	71.0000	-24.8207	25.7143
858.0000	71.0000	-25.0573	25.4733
859.0000	71.0000	-25.3051	25.2197
860.0000	71.0000	-25.5594	24.9614
861.0000	71.0000	-25.8389	24.6794
862.0000	71.0000	-26.1597	24.3304
863.0000	71.0000	-26.5379	23.9007
864.0000	71.0000	-26.9938	23.3672
865.0000	71.0000	-27.6774	22.6016
866.0000	71.0000	-28.6339	21.5075
867.0000	71.0000	-29.8504	20.0620
868.0000	71.0000	-30.9471	18.6397
869.0000	71.0000	-31.6146	17.5666
870.0000	71.0000	-32.1204	16.5843
871.0000	71.0000	-32.5665	15.6667
872.0000	71.0000	-32.9315	14.7914
873.0000	71.0000	-33.2485	13.9568
874.0000	71.0000	-33.6407	13.1197
875.0000	71.0000	-34.1008	12.1783
876.0000	71.0000	-34.4307	11.5242
877.0000	71.0000	-34.4576	11.3419
878.0000	71.0000	-34.4018	11.3276
879.0000	71.0000	-34.3103	11.4000
880.0000	71.0000	-34.1785	11.5609
881.0000	71.0000	-34.0196	11.7820
882.0000	71.0000	-33.8145	12.0865
883.0000	71.0000	-33.5736	12.4440
884.0000	71.0000	-33.3275	12.7735
885.0000	71.0000	-33.0806	13.0666
886.0000	71.0000	-32.8193	13.3556
887.0000	71.0000	-32.5825	13.5661
888.0000	71.0000	-32.4146	13.6385
889.0000	71.0000	-32.3131	13.5424
890.0000	71.0000	-32.1683	13.5182
891.0000	71.0000	-32.0540	13.3996
892.0000	71.0000	-31.9400	13.2689
893.0000	71.0000	-31.8234	13.1158
894.0000	71.0000	-31.6933	12.9615
895.0000	71.0000	-31.5466	12.8114
896.0000	71.0000	-31.2985	12.9559
897.0000	71.0000	-31.1978	12.9008
898.0000	71.0000	-31.3092	12.4556
899.0000	71.0000	-31.9398	10.9723
900.0000	71.0000	-32.1618	10.2561
901.0000	71.0000	-32.2706	9.7691
902.0000	71.0000	-32.3740	9.2960
903.0000	71.0000	-32.4844	8.8060
904.0000	71.0000	-32.6135	8.2681
905.0000	71.0000	-32.7505	7.7040
906.0000	71.0000	-32.8974	7.0985
907.0000	71.0000	-33.0430	6.4749
908.0000	71.0000	-33.1763	5.8670
909.0000	71.0000	-33.3038	5.2400
910.0000	71.0000	-33.4315	4.5703
911.0000	71.0000	-33.5467	3.9136
912.0000	71.0000	-33.6386	3.3377
913.0000	71.0000	-33.7164	2.7954
914.0000	71.0000	-33.7774	2.3107
915.0000	71.0000	-33.8245	1.8772
916.0000	71.0000	-33.8494	1.5929
917.0000	71.0000	-33.8558	1.4518
918.0000	71.0000	-33.8598	1.3062
919.0000	71.0000	-33.8675	1.1415
920.0000	71.0000	-33.8602	1.1569
921.0000	71.0000	-33.8233	1.3843
922.0000	71.0000	-33.7498	1.8020
923.0000	71.0000	-33.6169	2.4929
924.0000	71.0000	-33.4080	3.4402
925.0000	71.0000	-33.1669	4.4165
926.0000	71.0000	-32.9449	5.1819
927.0000	71.0000	-32.7146	5.8897
928.0000	71.0000	-32.4972	6.5056
929.0000	71.0000	-32.2744	7.0990
930.0000	71.0000	-32.1547	7.2992
931.0000	71.0000	-31.9332	7.9230
932.0000	71.0000	-31.7701	8.3769
933.0000	71.0000	-31.6080	8.7570
934.0000	71.0000	-31.4040	9.2173
935.0000	71.0000	-31.1412	9.8237
936.0000	71.0000	-30.8546	10.4450
937.0000	71.0000	-30.6409	10.8566
938.0000	71.0000	-30.6574	10.8034
939.0000	71.0000	-30.6701	10.7564
940.0000	71.0000	-30.6754	10.7301
941.0000	71.0000	-30.6795	10.7090
942.0000	71.0000	-30.6831	10.6920
943.0000	71.0000	-30.6877	10.6750
944.0000	71.0000	-30.6922	10.6591
945.0000	71.0000	-30.6951	10.6492
946.0000	71.0000	-30.6979	10.6398
947.0000	71.0000	-30.7014	10.6293
948.0000	71.0000	-30.7048	10.6191
949.0000	71.0000	-30.7102	10.6020
950.0000	71.0000	-30.7143	10.5902
951.0000	71.0000	-30.7163	10.5834
952.0000	71.0000	-30.7194	10.5731
953.0000	71.0000	-30.7225	10.5639
954.0000	71.0000	-30.7252	10.5558
955.0000	71.0000	-30.7291	10.5446
956.0000	71.0000	-30.7327	10.5337
957.0000	71.0000	-30.7368	10.5203
958.0000	71.0000	-30.7383	10.5146
959.0000	71.0000	-30.7417	10.5037
960.0000	71.0000	-30.8388	10.2577
961.0000	71.0000	-31.1433	9.1975
962.0000	71.0000	-31.3089	8.3794
963.0000	71.0000	-30.1094	7.9088
964.0000	71.0000	-23.2521	3.9908
965.0000	71.0000	-17.0034	-3.4000
966.0000	71.0000	-9.2308	-9.4357
967.0000	71.0000	-1.8155	-14.6873
968.0000	71.0000	2.8985	-18.4524
969.0000	71.0000	6.4249	-20.5022
970.0000	71.0000	10.2773	-22.4976
971.0000	71.0000	14.6182	-24.7742
972.0000	71.0000	16.7257	-26.6861
973.0000	71.0000	17.0496	-27.7972
974.0000	71.0000	16.8835	-28.1753
975.0000	71.0000	16.7103	-28.3662
976.0000	71.0000	16.5837	-28.4844
977.0000	71.0000	16.2138	-28.7356
978.0000	71.0000	16.0189	-28.8196
979.0000	71.0000	16.0241	-28.7478
980.0000	71.0000	16.3350	-28.3820
981.0000	71.0000	17.0218	-27.6028
982.0000	71.0000	18.1521	-26.2406
983.0000	71.0000	19.6760	-24.3230
984.0000	0.0000	72.9189	21.5313
984.0000	71.0000	21.6369	-21.8570
985.0000	0.0000	57.7508	-5.2022
985.0000	71.0000	23.0692	-19.5584
986.0000	0.0000	61.4497	-23.5127
986.0000	71.0000	22.7211	-18.3919
987.0000	0.0000	64.5070	-41.7502
987.0000	71.0000	22.2648	-17.1648
988.0000	71.0000	21.8862	-16.1653
989.0000	71.0000	21.8413	-15.4038
990.0000	71.0000	21.6440	-14.7652
991.0000	71.0000	21.3293	-14.2331
992.0000	71.0000	18.4144	-12.3918
993.0000	71.0000	15.4625	-10.2722
994.0000	71.0000	12.1177	-7.8038
995.0000	71.0000	9.3657	-4.7313
996.0000	71.0000	9.5677	-1.2852
997.0000	71.0000	9.7034	1.4631
998.0000	71.0000	9.1435	1.4346
999.0000	71.0000	8.5384	1.5355
