0.0000	3.0000	-4.2275	64.2216
1.0000	3.0000	-4.2266	64.1855
2.0000	3.0000	-4.2236	64.1296
3.0000	3.0000	-4.2218	64.0763
4.0000	3.0000	-4.2185	64.0077
5.0000	3.0000	-4.2141	63.9306
6.0000	3.0000	-4.2100	63.8540
7.0000	3.0000	-4.2025	63.7332
8.0000	3.0000	-4.2024	63.7225
9.0000	3.0000	-4.2019	63.7032
10.0000	3.0000	-4.1971	63.6245
11.0000	3.0000	-4.1945	63.5821
12.0000	3.0000	-4.1925	63.5533
13.0000	3.0000	-4.1890	63.5072
14.0000	3.0000	-4.1848	63.4446
15.0000	3.0000	-4.1819	63.3913
16.0000	3.0000	-4.1780	63.3265
17.0000	3.0000	-4.1738	63.2611
18.0000	3.0000	-4.1690	63.1923
19.0000	3.0000	-4.1637	63.1167
20.0000	3.0000	-4.1567	63.0197
21.0000	3.0000	-4.1552	63.0049
22.0000	3.0000	-4.1527	62.9721
23.0000	3.0000	-4.1522	62.9644
24.0000	3.0000	-4.1498	62.9308
25.0000	3.0000	-4.1501	62.9210
26.0000	3.0000	-4.1510	62.9292
27.0000	3.0000	-4.1507	62.9435
28.0000	3.0000	-4.1505	62.9468
29.0000	3.0000	-4.1487	62.9377
30.0000	3.0000	-4.1470	62.9207
31.0000	3.0000	-4.1426	62.8586
32.0000	3.0000	-4.1425	62.8566
33.0000	3.0000	-4.1420	62.8548
34.0000	3.0000	-4.1413	62.8509
35.0000	3.0000	-4.1407	62.8492
36.0000	3.0000	-4.1405	62.8487
37.0000	3.0000	-4.1404	62.8487
38.0000	3.0000	-4.1403	62.8487
39.0000	3.0000	-4.1403	62.8487
40.0000	3.0000	-4.1402	62.8487
41.0000	3.0000	-4.1401	62.8487
42.0000	3.0000	-4.1402	62.8487
43.0000	3.0000	-4.1402	62.8487
44.0000	3.0000	-4.1402	62.8487
45.0000	3.0000	-4.1402	62.8487
46.0000	3.0000	-4.1402	62.8487
47.0000	3.0000	-4.1402	62.8487
48.0000	3.0000	-4.1402	62.8487
49.0000	3.0000	-4.1402	62.8487
50.0000	3.0000	-4.1402	62.8488
51.0000	3.0000	-4.1397	62.8391
52.0000	3.0000	-4.1318	62.8077
53.0000	3.0000	-4.1355	62.7345
54.0000	3.0000	-4.1339	62.6491
55.0000	3.0000	-4.1336	62.5426
56.0000	3.0000	-4.1362	62.4292
57.0000	3.0000	-4.1391	62.3138
58.0000	3.0000	-4.1414	62.1983
59.0000	3.0000	-4.1459	62.0608
60.0000	3.0000	-4.1494	61.9021
61.0000	3.0000	-4.1518	61.7467
62.0000	3.0000	-4.1536	61.5825
63.0000	3.0000	-4.1553	61.4123
64.0000	3.0000	-4.1567	61.2934
65.0000	3.0000	-4.1449	61.2539
66.0000	3.0000	-4.1433	61.2458
67.0000	3.0000	-4.1410	61.2249
68.0000	3.0000	-4.1365	61.1593
69.0000	3.0000	-4.1364	61.1567
70.0000	3.0000	-4.1350	61.1412
71.0000	3.0000	-4.1319	61.0968
72.0000	3.0000	-4.1310	61.0818
73.0000	3.0000	-4.1306	61.0786
74.0000	3.0000	-4.1298	61.0602
75.0000	3.0000	-4.1280	61.0361
76.0000	3.0000	-4.1332	60.9420
77.0000	3.0000	-4.1304	60.9137
78.0000	3.0000	-4.1285	60.8230
79.0000	3.0000	-4.1260	60.7331
80.0000	3.0000	-4.1280	60.6260
81.0000	3.0000	-4.1287	60.4978
82.0000	3.0000	-4.1290	60.3492
83.0000	3.0000	-4.1307	60.2054
84.0000	3.0000	-4.1299	60.0561
85.0000	3.0000	-4.1321	59.9009
86.0000	3.0000	-4.1348	59.7388
87.0000	3.0000	-4.1375	59.5669
88.0000	3.0000	-4.1392	59.3812
89.0000	3.0000	-4.1384	59.1756
90.0000	3.0000	-4.1361	58.9644
91.0000	3.0000	-4.1335	58.8041
92.0000	3.0000	-4.1183	58.6742
93.0000	3.0000	-4.1181	58.6759
94.0000	3.0000	-4.1163	58.6588
95.0000	3.0000	-4.1151	58.6534
96.0000	3.0000	-4.1138	58.6444
97.0000	3.0000	-4.1134	58.6436
98.0000	3.0000	-4.1239	58.6368
99.0000	3.0000	-4.1188	58.6194
100.0000	3.0000	-4.1201	58.5700
101.0000	3.0000	-4.1255	58.5192
102.0000	3.0000	-4.1273	58.4573
103.0000	3.0000	-4.1297	58.3522
104.0000	3.0000	-4.1256	58.1511
105.0000	3.0000	-4.1247	57.9941
106.0000	3.0000	-4.1217	57.7997
107.0000	3.0000	-4.1208	57.6073
108.0000	3.0000	-4.1203	57.4078
109.0000	3.0000	-4.1185	57.1837
110.0000	3.0000	-4.1136	56.8937
111.0000	3.0000	-4.1108	56.6128
112.0000	3.0000	-4.1056	56.2948
113.0000	3.0000	-4.1014	55.9910
114.0000	3.0000	-4.0962	55.7008
115.0000	3.0000	-4.0903	55.4001
116.0000	3.0000	-4.0854	55.1100
117.0000	3.0000	-4.0795	54.8057
118.0000	3.0000	-4.0740	54.4836
119.0000	3.0000	-4.0705	54.1432
120.0000	3.0000	-4.0671	53.7849
121.0000	3.0000	-4.0625	53.4025
122.0000	3.0000	-4.0567	52.9920
123.0000	3.0000	-4.0508	52.5617
124.0000	3.0000	-4.0439	52.1068
125.0000	3.0000	-4.0344	51.6211
126.0000	3.0000	-4.0232	51.1039
127.0000	3.0000	-4.0082	50.5186
128.0000	3.0000	-3.9977	49.9767
129.0000	3.0000	-3.9871	49.3963
130.0000	3.0000	-3.9742	48.7623
131.0000	3.0000	-3.9651	48.1625
132.0000	3.0000	-3.9549	47.5362
133.0000	3.0000	-3.9449	46.9219
134.0000	3.0000	-3.9348	46.3206
135.0000	3.0000	-3.9260	45.8165
136.0000	3.0000	-3.9126	45.4453
137.0000	3.0000	-3.8922	45.1904
138.0000	3.0000	-3.8678	45.0219
139.0000	3.0000	-3.8686	44.9478
140.0000	3.0000	-3.8696	44.9594
141.0000	3.0000	-3.8685	44.9608
142.0000	3.0000	-3.8637	44.8960
143.0000	3.0000	-3.8640	44.9001
144.0000	3.0000	-3.8625	44.8855
145.0000	3.0000	-3.8594	44.8489
146.0000	3.0000	-3.8589	44.8533
147.0000	3.0000	-3.8577	44.8422
148.0000	3.0000	-3.8575	44.8424
149.0000	3.0000	-3.8570	44.8398
150.0000	3.0000	-3.8567	44.8505
151.0000	3.0000	-3.8602	44.8758
152.0000	3.0000	-3.8622	44.9067
153.0000	3.0000	-3.8643	44.9341
154.0000	3.0000	-3.8656	44.9587
155.0000	3.0000	-3.8664	44.9741
156.0000	3.0000	-3.8655	44.9760
157.0000	3.0000	-3.8641	44.9691
158.0000	3.0000	-3.8604	44.9164
159.0000	3.0000	-3.8607	44.9150
160.0000	3.0000	-3.8591	44.9003
161.0000	3.0000	-3.8538	44.8582
162.0000	3.0000	-3.8539	44.8627
163.0000	3.0000	-3.8531	44.8517
164.0000	3.0000	-3.8532	44.8513
165.0000	3.0000	-3.8525	44.8480
166.0000	3.0000	-3.8513	44.8567
167.0000	3.0000	-3.8514	44.8784
168.0000	3.0000	-3.8540	44.9057
169.0000	3.0000	-3.8567	44.9250
170.0000	3.0000	-3.8572	44.9421
171.0000	3.0000	-3.8565	44.9480
172.0000	3.0000	-3.8553	44.9497
173.0000	3.0000	-3.8529	44.9329
174.0000	3.0000	-3.8502	44.9034
175.0000	3.0000	-3.8463	44.8310
176.0000	3.0000	-3.8464	44.8318
177.0000	3.0000	-3.8453	44.8154
178.0000	3.0000	-3.8441	44.8104
179.0000	3.0000	-3.8433	44.8029
180.0000	3.0000	-3.8434	44.8023
181.0000	3.0000	-3.8440	44.8011
182.0000	3.0000	-3.8461	44.8150
183.0000	3.0000	-3.8465	44.8417
184.0000	3.0000	-3.8477	44.8737
185.0000	3.0000	-3.8499	44.9063
186.0000	3.0000	-3.8518	44.9292
187.0000	3.0000	-3.8537	44.9494
188.0000	3.0000	-3.8548	44.9552
189.0000	3.0000	-3.8550	44.9458
190.0000	3.0000	-3.8538	44.9270
191.0000	3.0000	-3.8467	44.8335
192.0000	3.0000	-3.8464	44.8390
193.0000	3.0000	-3.8457	44.8223
194.0000	3.0000	-3.8431	44.7648
195.0000	3.0000	-3.8427	44.7392
196.0000	3.0000	-3.8414	44.7186
197.0000	3.0000	-3.8398	44.6953
198.0000	3.0000	-3.8377	44.6636
199.0000	3.0000	-3.8348	44.6212
200.0000	3.0000	-3.8327	44.5804
201.0000	3.0000	-3.8305	44.5327
202.0000	3.0000	-3.8277	44.4790
203.0000	3.0000	-3.8235	44.4147
204.0000	3.0000	-3.8184	44.3361
205.0000	3.0000	-3.8094	44.1974
206.0000	3.0000	-3.8011	44.0642
207.0000	3.0000	-3.7923	43.9149
208.0000	3.0000	-3.7830	43.7681
209.0000	3.0000	-3.7755	43.6426
210.0000	3.0000	-3.7681	43.5146
211.0000	3.0000	-3.7601	43.3737
212.0000	3.0000	-3.7533	43.2406
213.0000	3.0000	-3.7469	43.1147
214.0000	3.0000	-3.7397	42.9643
215.0000	3.0000	-3.7306	42.7839
216.0000	3.0000	-3.7236	42.6162
217.0000	3.0000	-3.7138	42.4153
218.0000	3.0000	-3.7043	42.2386
219.0000	3.0000	-3.6965	42.0767
220.0000	3.0000	-3.6906	41.8642
221.0000	3.0000	-3.6862	41.6740
222.0000	3.0000	-3.6819	41.5028
223.0000	3.0000	-3.6762	41.3310
224.0000	3.0000	-3.6674	41.1111
225.0000	3.0000	-3.6599	40.9206
226.0000	3.0000	-3.6551	40.7429
227.0000	3.0000	-3.6522	40.5194
228.0000	3.0000	-3.6506	40.3219
229.0000	3.0000	-3.6483	40.1410
230.0000	3.0000	-3.6444	39.9586
231.0000	3.0000	-3.6391	39.7243
232.0000	3.0000	-3.6335	39.5197
233.0000	3.0000	-3.6300	39.3007
234.0000	3.0000	-3.6284	39.0724
235.0000	3.0000	-3.6264	38.8648
236.0000	3.0000	-3.6246	38.6676
237.0000	3.0000	-3.6232	38.4723
238.0000	3.0000	-3.6224	38.2888
239.0000	3.0000	-3.6223	38.0439
240.0000	3.0000	-3.6212	37.8033
241.0000	3.0000	-3.6198	37.5784
242.0000	3.0000	-3.6189	37.3636
243.0000	3.0000	-3.6189	37.1592
244.0000	3.0000	-3.6197	36.9624
245.0000	3.0000	-3.6220	36.7126
246.0000	3.0000	-3.6252	36.4826
247.0000	3.0000	-3.6273	36.2649
248.0000	3.0000	-3.6282	36.0574
249.0000	3.0000	-3.6279	35.8079
250.0000	3.0000	-3.6272	35.5689
251.0000	3.0000	-3.6273	35.3442
252.0000	3.0000	-3.6286	35.1302
253.0000	3.0000	-3.6309	34.9241
254.0000	3.0000	-3.6344	34.6693
255.0000	3.0000	-3.6380	34.4355
256.0000	3.0000	-3.6401	34.2139
257.0000	3.0000	-3.6408	34.0025
258.0000	3.0000	-3.6399	33.7494
259.0000	3.0000	-3.6381	33.5072
260.0000	3.0000	-3.6380	33.2792
261.0000	3.0000	-3.6395	33.0620
262.0000	3.0000	-3.6417	32.8555
263.0000	3.0000	-3.6446	32.6095
264.0000	3.0000	-3.6484	32.3652
265.0000	3.0000	-3.6510	32.1361
266.0000	3.0000	-3.6520	31.9174
267.0000	3.0000	-3.6520	31.7017
268.0000	3.0000	-3.6515	31.4427
269.0000	3.0000	-3.6511	31.2071
270.0000	3.0000	-3.6517	30.9833
271.0000	3.0000	-3.6534	30.7704
272.0000	3.0000	-3.6559	30.5329
273.0000	3.0000	-3.6588	30.2838
274.0000	3.0000	-3.6602	30.2156
275.0000	3.0000	-3.6588	30.1934
276.0000	3.0000	-3.6588	30.0523
277.0000	3.0000	-3.6583	30.0441
278.0000	3.0000	-3.6586	30.0267
279.0000	3.0000	-3.6589	29.9549
280.0000	3.0000	-3.6585	29.9008
281.0000	3.0000	-3.6592	29.8452
282.0000	3.0000	-3.6603	29.7699
283.0000	3.0000	-3.6621	29.6477
284.0000	3.0000	-3.6654	29.5225
285.0000	3.0000	-3.6678	29.3771
286.0000	3.0000	-3.6690	29.2386
287.0000	3.0000	-3.6702	29.1083
288.0000	3.0000	-3.6708	28.9424
289.0000	3.0000	-3.6705	28.9111
290.0000	3.0000	-3.6711	28.8900
291.0000	3.0000	-3.6717	28.7905
292.0000	3.0000	-3.6719	28.7181
293.0000	3.0000	-3.6721	28.6455
294.0000	3.0000	-3.6716	28.5608
295.0000	3.0000	-3.6709	28.4247
296.0000	3.0000	-3.6704	28.2836
297.0000	3.0000	-3.6706	28.2672
298.0000	3.0000	-3.6713	28.2455
299.0000	3.0000	-3.6726	28.1538
300.0000	3.0000	-3.6739	28.0879
301.0000	3.0000	-3.6743	28.0288
302.0000	3.0000	-3.6740	27.9583
303.0000	3.0000	-3.6742	27.8644
304.0000	3.0000	-3.6741	27.7378
305.0000	3.0000	-3.6742	27.7280
306.0000	3.0000	-3.6745	27.7075
307.0000	3.0000	-3.6747	27.6193
308.0000	3.0000	-3.6751	27.5539
309.0000	3.0000	-3.6743	27.4947
310.0000	3.0000	-3.6725	27.4123
311.0000	3.0000	-3.6713	27.3046
312.0000	3.0000	-3.6690	27.1531
313.0000	3.0000	-3.6691	27.1470
314.0000	3.0000	-3.6694	27.1243
315.0000	3.0000	-3.6688	27.0280
316.0000	3.0000	-3.6693	26.9576
317.0000	3.0000	-3.6684	26.8805
318.0000	3.0000	-3.6668	26.8006
319.0000	3.0000	-3.6636	26.6678
320.0000	3.0000	-3.6595	26.5298
321.0000	3.0000	-3.6567	26.3902
322.0000	3.0000	-3.6551	26.2348
323.0000	3.0000	-3.6531	26.0815
324.0000	3.0000	-3.6509	25.9038
325.0000	3.0000	-3.6489	25.7259
326.0000	3.0000	-3.6479	25.5289
327.0000	3.0000	-3.6494	25.3325
328.0000	3.0000	-3.6526	25.1475
329.0000	3.0000	-3.6554	24.9708
330.0000	3.0000	-3.6574	24.8033
331.0000	3.0000	-3.6669	24.5710
332.0000	3.0000	-3.6770	24.3592
333.0000	3.0000	-3.6917	24.1579
334.0000	3.0000	-3.7095	23.9590
335.0000	3.0000	-3.7270	23.7553
336.0000	3.0000	-3.7540	23.4848
337.0000	3.0000	-3.7859	23.2378
338.0000	3.0000	-3.8252	22.9992
339.0000	3.0000	-3.8691	22.7669
340.0000	3.0000	-3.9141	22.5441
341.0000	3.0000	-3.9638	22.3241
342.0000	3.0000	-4.0174	22.1043
343.0000	3.0000	-4.0811	21.8868
344.0000	3.0000	-4.0983	21.8246
345.0000	3.0000	-4.0998	21.7983
346.0000	3.0000	-4.1456	21.6556
347.0000	3.0000	-4.1472	21.6470
348.0000	3.0000	-4.1536	21.6288
349.0000	3.0000	-4.1785	21.5633
350.0000	3.0000	-4.2012	21.5073
351.0000	3.0000	-4.2245	21.4477
352.0000	3.0000	-4.2481	21.3812
353.0000	3.0000	-4.2801	21.2992
354.0000	3.0000	-4.3220	21.1961
355.0000	3.0000	-4.3801	21.0618
356.0000	3.0000	-4.4374	20.9329
357.0000	3.0000	-4.4958	20.8014
358.0000	3.0000	-4.5588	20.6683
359.0000	3.0000	-4.6249	20.5333
360.0000	3.0000	-4.6957	20.3964
361.0000	3.0000	-4.7857	20.2331
362.0000	3.0000	-4.8749	20.0753
363.0000	3.0000	-4.9687	19.9178
364.0000	3.0000	-5.0662	19.7599
365.0000	3.0000	-5.1690	19.6053
366.0000	3.0000	-5.2729	19.4519
367.0000	3.0000	-5.3802	19.3007
368.0000	3.0000	-5.4936	19.1540
369.0000	3.0000	-5.6076	19.0073
370.0000	3.0000	-5.7252	18.8633
371.0000	3.0000	-5.7462	18.8322
372.0000	3.0000	-5.7596	18.8109
373.0000	3.0000	-5.8577	18.7095
374.0000	3.0000	-5.9580	18.6062
375.0000	3.0000	-6.0730	18.4856
376.0000	3.0000	-6.1909	18.3596
377.0000	3.0000	-6.3200	18.2287
378.0000	3.0000	-6.4619	18.0937
379.0000	3.0000	-6.6074	17.9645
380.0000	3.0000	-6.7556	17.8414
381.0000	3.0000	-6.9042	17.7187
382.0000	3.0000	-7.0579	17.6011
383.0000	3.0000	-7.2135	17.4840
384.0000	3.0000	-7.3730	17.3701
385.0000	3.0000	-7.5382	17.2625
386.0000	3.0000	-7.7049	17.1549
387.0000	3.0000	-7.8776	17.0537
388.0000	3.0000	-8.0768	16.9392
389.0000	3.0000	-8.3130	16.8171
390.0000	3.0000	-8.5464	16.7048
391.0000	3.0000	-8.7838	16.5982
392.0000	3.0000	-9.0259	16.5011
393.0000	3.0000	-9.2693	16.4066
394.0000	3.0000	-9.5149	16.3211
395.0000	3.0000	-9.7615	16.2392
396.0000	3.0000	-10.0109	16.1700
397.0000	3.0000	-10.2616	16.1068
398.0000	3.0000	-10.5127	16.0499
399.0000	3.0000	-10.7671	15.9948
400.0000	3.0000	-11.0318	15.9476
401.0000	3.0000	-11.3313	15.8989
402.0000	3.0000	-11.6402	15.8552
403.0000	3.0000	-11.9516	15.8136
404.0000	3.0000	-12.2637	15.7802
405.0000	3.0000	-12.5802	15.7506
406.0000	3.0000	-12.9026	15.7222
407.0000	3.0000	-13.2254	15.6951
408.0000	3.0000	-13.5505	15.6692
409.0000	3.0000	-13.8763	15.6470
410.0000	3.0000	-14.2063	15.6285
411.0000	3.0000	-14.5430	15.6135
412.0000	3.0000	-14.8899	15.6017
413.0000	3.0000	-15.2442	15.5939
414.0000	3.0000	-15.5997	15.5832
415.0000	3.0000	-15.9505	15.5717
416.0000	3.0000	-16.3010	15.5638
417.0000	3.0000	-16.6598	15.5530
418.0000	3.0000	-17.0284	15.5425
419.0000	3.0000	-17.4032	15.5345
420.0000	3.0000	-17.7833	15.5297
421.0000	3.0000	-18.1687	15.5261
422.0000	3.0000	-18.5592	15.5228
423.0000	3.0000	-18.9549	15.5190
424.0000	3.0000	-19.3557	15.5152
425.0000	3.0000	-19.7615	15.5116
426.0000	3.0000	-20.1723	15.5085
427.0000	3.0000	-20.5882	15.5059
428.0000	3.0000	-21.0089	15.5038
429.0000	3.0000	-21.4401	15.5024
430.0000	3.0000	-21.8865	15.5016
431.0000	3.0000	-22.3370	15.5005
432.0000	3.0000	-22.7867	15.4992
433.0000	3.0000	-23.2436	15.4980
434.0000	3.0000	-23.7103	15.4973
435.0000	3.0000	-24.1875	15.4971
436.0000	3.0000	-24.6747	15.4970
437.0000	3.0000	-25.1732	15.4961
438.0000	3.0000	-25.6840	15.4899
439.0000	3.0000	-26.2078	15.4775
440.0000	3.0000	-26.7446	15.4630
441.0000	3.0000	-27.2954	15.4489
442.0000	3.0000	-27.8603	15.4363
443.0000	3.0000	-28.4398	15.4241
444.0000	3.0000	-29.0346	15.4114
445.0000	3.0000	-29.6447	15.3973
446.0000	3.0000	-30.2711	15.3818
447.0000	3.0000	-30.9118	15.3659
448.0000	3.0000	-31.5681	15.3504
449.0000	3.0000	-32.2397	15.3359
450.0000	3.0000	-32.9286	15.3226
451.0000	3.0000	-33.6350	15.3100
452.0000	3.0000	-34.3586	15.2979
453.0000	3.0000	-35.0991	15.2860
454.0000	3.0000	-35.8560	15.2742
455.0000	3.0000	-36.6292	15.2627
456.0000	3.0000	-37.4184	15.2517
457.0000	3.0000	-38.2233	15.2411
458.0000	3.0000	-38.8904	15.2304
459.0000	3.0000	-39.3454	15.2201
460.0000	3.0000	-39.8153	15.2061
461.0000	3.0000	-40.2949	15.1934
462.0000	3.0000	-40.7797	15.1840
463.0000	3.0000	-41.2681	15.1789
464.0000	3.0000	-41.6332	15.1779
465.0000	3.0000	-41.7998	15.1784
466.0000	3.0000	-42.0503	15.1783
467.0000	3.0000	-42.2965	15.1759
468.0000	3.0000	-42.5543	15.1736
469.0000	3.0000	-42.6637	15.1709
470.0000	3.0000	-42.6831	15.1690
471.0000	3.0000	-42.8453	15.1690
472.0000	3.0000	-43.0059	15.1689
473.0000	3.0000	-43.1833	15.1683
474.0000	3.0000	-43.3845	15.1677
475.0000	3.0000	-43.6085	15.1670
476.0000	3.0000	-43.8539	15.1662
477.0000	3.0000	-44.1199	15.1651
478.0000	3.0000	-44.4055	15.1639
479.0000	3.0000	-44.7097	15.1628
480.0000	3.0000	-45.0330	15.1618
481.0000	3.0000	-45.3756	15.1609
482.0000	3.0000	-45.7367	15.1602
483.0000	3.0000	-45.9488	15.1603
484.0000	3.0000	-45.9795	15.1618
485.0000	3.0000	-46.1554	15.1636
486.0000	3.0000	-46.3411	15.1641
487.0000	3.0000	-46.5353	15.1650
488.0000	3.0000	-46.7531	15.1664
489.0000	3.0000	-46.9929	15.1680
490.0000	3.0000	-47.2505	15.1698
491.0000	3.0000	-47.3591	15.1700
492.0000	3.0000	-47.3793	15.1689
493.0000	3.0000	-47.5365	15.1682
494.0000	3.0000	-47.6922	15.1670
495.0000	3.0000	-47.8630	15.1667
496.0000	3.0000	-48.0561	15.1665
497.0000	3.0000	-48.1069	15.1668
498.0000	3.0000	-48.1318	15.1676
499.0000	3.0000	-48.2711	15.1680
500.0000	3.0000	-48.4080	15.1689
501.0000	3.0000	-48.5607	15.1691
502.0000	3.0000	-48.7348	15.1686
503.0000	3.0000	-48.7730	15.1678
504.0000	3.0000	-48.7979	15.1674
505.0000	3.0000	-48.9233	15.1667
506.0000	3.0000	-49.0470	15.1653
507.0000	3.0000	-49.1916	15.1645
508.0000	3.0000	-49.2156	15.1651
509.0000	3.0000	-49.2404	15.1658
510.0000	3.0000	-49.3647	15.1656
511.0000	3.0000	-49.4894	15.1660
512.0000	3.0000	-49.4990	15.1646
513.0000	3.0000	-49.5226	15.1632
514.0000	3.0000	-49.6277	15.1618
515.0000	3.0000	-49.7347	15.1602
516.0000	3.0000	-49.7473	15.1613
517.0000	3.0000	-49.7696	15.1625
518.0000	3.0000	-49.8618	15.1614
519.0000	3.0000	-49.9589	15.1588
520.0000	3.0000	-49.9609	15.1589
521.0000	3.0000	-49.9838	15.1594
522.0000	3.0000	-50.0671	15.1580
523.0000	3.0000	-50.1590	15.1566
524.0000	3.0000	-50.1597	15.1573
525.0000	3.0000	-50.1825	15.1579
526.0000	3.0000	-50.2681	15.1589
527.0000	3.0000	-50.2664	15.1580
528.0000	3.0000	-50.2860	15.1570
529.0000	3.0000	-50.3495	15.1556
530.0000	3.0000	-50.4235	15.1544
531.0000	3.0000	-50.4236	15.1557
532.0000	3.0000	-50.4447	15.1568
533.0000	3.0000	-50.5176	15.1581
534.0000	3.0000	-50.5145	15.1570
535.0000	3.0000	-50.5460	15.1560
536.0000	3.0000	-50.6038	15.1563
537.0000	3.0000	-50.6781	15.1574
538.0000	3.0000	-50.7681	15.1584
539.0000	3.0000	-50.8766	15.1589
540.0000	3.0000	-51.0034	15.1583
541.0000	3.0000	-51.1462	15.1578
542.0000	3.0000	-51.3051	15.1576
543.0000	3.0000	-51.4803	15.1576
544.0000	3.0000	-51.5169	15.1573
545.0000	3.0000	-51.5208	15.1565
546.0000	3.0000	-51.5287	15.1568
547.0000	3.0000	-51.5341	15.1574
548.0000	3.0000	-51.5369	15.1578
549.0000	3.0000	-51.5380	15.1579
550.0000	3.0000	-51.5384	15.1579
551.0000	3.0000	-51.5386	15.1578
552.0000	3.0000	-51.5386	15.1577
553.0000	3.0000	-51.5387	15.1577
554.0000	3.0000	-51.5387	15.1577
555.0000	3.0000	-51.5388	15.1577
556.0000	3.0000	-51.5388	15.1577
557.0000	3.0000	-51.5389	15.1577
558.0000	3.0000	-51.5389	15.1577
559.0000	3.0000	-51.5390	15.1577
560.0000	3.0000	-51.5390	15.1577
561.0000	3.0000	-51.5391	15.1577
562.0000	3.0000	-51.5391	15.1577
563.0000	3.0000	-51.5392	15.1577
564.0000	3.0000	-51.5392	15.1577
565.0000	3.0000	-51.5393	15.1577
566.0000	3.0000	-51.5393	15.1577
567.0000	3.0000	-51.5394	15.1577
568.0000	3.0000	-51.5394	15.1577
569.0000	3.0000	-51.5395	15.1577
570.0000	3.0000	-51.5395	15.1577
571.0000	3.0000	-51.5396	15.1577
572.0000	3.0000	-51.5396	15.1577
573.0000	3.0000	-51.5396	15.1577
574.0000	3.0000	-51.5397	15.1577
575.0000	3.0000	-51.5397	15.1577
576.0000	3.0000	-51.5398	15.1577
577.0000	3.0000	-51.5398	15.1577
578.0000	3.0000	-51.5399	15.1577
579.0000	3.0000	-51.5399	15.1577
580.0000	3.0000	-51.5400	15.1577
581.0000	3.0000	-51.5400	15.1577
582.0000	3.0000	-51.5401	15.1577
583.0000	3.0000	-51.5401	15.1577
584.0000	3.0000	-51.5402	15.1577
585.0000	3.0000	-51.5402	15.1577
586.0000	3.0000	-51.5403	15.1577
587.0000	3.0000	-51.5403	15.1577
588.0000	3.0000	-51.5404	15.1577
589.0000	3.0000	-51.5404	15.1577
590.0000	3.0000	-51.5405	15.1577
591.0000	3.0000	-51.5405	15.1577
592.0000	3.0000	-51.5406	15.1576
593.0000	3.0000	-51.5406	15.1576
594.0000	3.0000	-51.5407	15.1576
595.0000	3.0000	-51.5407	15.1576
596.0000	3.0000	-51.5408	15.1576
597.0000	3.0000	-51.5408	15.1576
598.0000	3.0000	-51.5409	15.1576
599.0000	3.0000	-51.5409	15.1576
600.0000	3.0000	-51.5410	15.1576
601.0000	3.0000	-51.5410	15.1576
602.0000	3.0000	-51.5411	15.1576
603.0000	3.0000	-51.5411	15.1576
604.0000	3.0000	-51.5412	15.1576
605.0000	3.0000	-51.5412	15.1576
606.0000	3.0000	-51.5413	15.1576
607.0000	3.0000	-51.5413	15.1576
608.0000	3.0000	-51.5413	15.1576
609.0000	3.0000	-51.5414	15.1576
610.0000	3.0000	-51.5414	15.1576
611.0000	3.0000	-51.5415	15.1576
612.0000	3.0000	-51.5415	15.1576
613.0000	3.0000	-51.5416	15.1576
614.0000	3.0000	-51.5416	15.1576
615.0000	3.0000	-51.5417	15.1576
616.0000	3.0000	-51.5417	15.1576
617.0000	3.0000	-51.5418	15.1576
618.0000	3.0000	-51.5418	15.1576
619.0000	3.0000	-51.5419	15.1576
620.0000	3.0000	-51.5419	15.1576
621.0000	3.0000	-51.5420	15.1576
622.0000	3.0000	-51.5420	15.1576
623.0000	3.0000	-51.5421	15.1576
624.0000	3.0000	-51.5421	15.1576
625.0000	3.0000	-51.5422	15.1576
626.0000	3.0000	-51.5422	15.1576
627.0000	3.0000	-51.5423	15.1576
628.0000	3.0000	-51.5423	15.1576
629.0000	3.0000	-51.5452	15.1424
630.0000	3.0000	-51.5425	15.1224
631.0000	3.0000	-51.5409	15.0511
632.0000	3.0000	-51.5376	14.9490
633.0000	3.0000	-51.5339	14.8163
634.0000	3.0000	-51.5302	14.6529
635.0000	3.0000	-51.5261	14.4733
636.0000	3.0000	-51.5228	14.3321
637.0000	3.0000	-51.5206	14.2418
638.0000	3.0000	-51.5181	14.1385
639.0000	3.0000	-51.5151	14.0068
640.0000	3.0000	-51.5120	13.8458
641.0000	3.0000	-51.5225	13.6595
642.0000	3.0000	-51.5480	13.4448
643.0000	3.0000	-51.5897	13.2010
644.0000	3.0000	-51.6505	12.9454
645.0000	3.0000	-51.7273	12.6915
646.0000	3.0000	-51.8226	12.4388
647.0000	3.0000	-51.9366	12.1839
648.0000	3.0000	-52.0683	11.9280
649.0000	3.0000	-52.2154	11.6468
650.0000	3.0000	-52.3874	11.2927
651.0000	3.0000	-52.5833	10.8687
652.0000	3.0000	-52.8733	10.1031
653.0000	3.0000	-53.2986	8.7559
654.0000	3.0000	-53.7996	6.9376
655.0000	3.0000	-54.2125	5.4843
656.0000	3.0000	-54.2775	5.2251
657.0000	3.0000	-54.3294	4.8915
658.0000	3.0000	-54.5075	3.7873
659.0000	3.0000	-54.6722	2.7448
660.0000	3.0000	-54.8382	1.6845
661.0000	3.0000	-54.9334	0.1390
662.0000	3.0000	-54.9888	-0.7457
663.0000	3.0000	-55.0985	-1.8852
664.0000	3.0000	-55.1929	-3.6338
665.0000	3.0000	-55.1662	-5.1014
666.0000	3.0000	-55.1221	-6.7163
667.0000	3.0000	-55.0892	-8.3905
668.0000	3.0000	-54.9297	-10.0748
669.0000	3.0000	-54.7484	-11.8396
670.0000	3.0000	-54.6587	-12.9407
671.0000	3.0000	-54.4944	-14.3898
672.0000	3.0000	-54.1648	-16.0883
673.0000	3.0000	-53.8974	-17.4957
674.0000	3.0000	-53.5619	-19.1674
675.0000	3.0000	-53.1118	-20.7841
676.0000	3.0000	-52.7058	-22.2630
677.0000	3.0000	-52.1749	-24.0362
678.0000	3.0000	-51.6615	-25.6738
679.0000	3.0000	-51.1256	-27.2722
680.0000	3.0000	-50.8072	-28.3295
681.0000	3.0000	-50.6439	-28.7410
682.0000	3.0000	-50.6633	-28.7550
683.0000	3.0000	-50.7496	-28.8160
684.0000	3.0000	-50.8330	-28.8753
685.0000	3.0000	-50.8984	-29.0100
686.0000	3.0000	-50.8264	-29.4898
687.0000	3.0000	-50.6380	-30.2527
688.0000	3.0000	-50.3285	-30.9905
689.0000	3.0000	-49.9465	-31.8337
690.0000	3.0000	-49.5672	-32.8575
691.0000	3.0000	-49.0496	-34.0749
692.0000	3.0000	-48.5733	-35.2082
693.0000	3.0000	-48.3129	-35.9771
694.0000	3.0000	-48.4293	-36.1187
695.0000	3.0000	-48.5743	-36.2452
696.0000	3.0000	-48.7297	-36.3783
697.0000	3.0000	-48.7695	-36.4111
698.0000	3.0000	-48.7730	-36.4132
699.0000	3.0000	-48.7799	-36.4201
700.0000	3.0000	-48.7843	-36.4254
701.0000	3.0000	-48.7864	-36.4282
702.0000	3.0000	-48.7889	-36.4308
703.0000	3.0000	-48.8146	-36.4517
704.0000	3.0000	-48.8483	-36.4787
705.0000	3.0000	-48.8916	-36.5148
706.0000	3.0000	-48.9468	-36.5623
707.0000	3.0000	-49.0126	-36.6189
708.0000	3.0000	-49.0900	-36.6852
709.0000	3.0000	-49.2118	-36.7927
710.0000	3.0000	-49.3447	-36.9068
711.0000	3.0000	-49.4876	-37.0294
712.0000	3.0000	-49.6405	-37.1615
713.0000	3.0000	-49.8012	-37.3017
714.0000	3.0000	-49.9698	-37.4493
715.0000	3.0000	-50.1469	-37.6043
716.0000	3.0000	-50.2059	-37.6537
717.0000	3.0000	-50.2209	-37.6738
718.0000	3.0000	-50.3208	-37.7898
719.0000	3.0000	-50.4232	-37.8869
720.0000	3.0000	-50.5386	-38.0046
721.0000	3.0000	-50.6224	-38.1970
722.0000	3.0000	-50.7020	-38.4181
723.0000	3.0000	-50.7351	-38.4481
724.0000	3.0000	-50.7523	-38.4656
725.0000	3.0000	-50.8486	-38.5527
726.0000	3.0000	-50.9403	-38.6340
727.0000	3.0000	-51.0225	-38.7587
728.0000	3.0000	-50.9380	-39.1887
729.0000	3.0000	-50.5818	-39.7875
730.0000	3.0000	-50.3414	-40.2141
731.0000	3.0000	-50.0392	-40.8895
732.0000	3.0000	-49.6172	-41.7055
733.0000	3.0000	-49.5459	-42.0362
734.0000	3.0000	-49.5565	-42.0473
735.0000	3.0000	-49.5730	-42.0639
736.0000	3.0000	-49.6445	-42.1332
737.0000	3.0000	-49.7163	-42.2014
738.0000	3.0000	-49.7196	-42.2052
739.0000	3.0000	-49.7348	-42.2212
740.0000	3.0000	-49.7906	-42.2749
741.0000	3.0000	-49.8417	-42.3324
742.0000	3.0000	-49.9104	-42.4001
743.0000	3.0000	-49.9134	-42.4016
744.0000	3.0000	-49.9300	-42.4172
745.0000	3.0000	-50.0014	-42.4863
746.0000	3.0000	-49.9991	-42.4852
747.0000	3.0000	-50.0120	-42.4992
748.0000	3.0000	-50.0596	-42.5472
749.0000	3.0000	-50.1072	-42.5953
750.0000	3.0000	-50.1637	-42.6507
751.0000	3.0000	-50.1656	-42.6512
752.0000	3.0000	-50.1822	-42.6666
753.0000	3.0000	-50.2370	-42.7188
754.0000	3.0000	-50.2920	-42.7711
755.0000	3.0000	-50.3543	-42.8318
756.0000	3.0000	-50.4256	-42.9012
757.0000	3.0000	-50.4292	-42.9056
758.0000	3.0000	-50.4459	-42.9224
759.0000	3.0000	-50.5242	-42.9975
760.0000	3.0000	-50.5986	-43.0668
761.0000	3.0000	-50.5988	-43.0675
762.0000	3.0000	-50.6004	-43.0704
763.0000	3.0000	-50.6041	-43.0741
764.0000	3.0000	-50.6063	-43.0758
765.0000	3.0000	-50.6072	-43.0762
766.0000	3.0000	-50.6076	-43.0762
767.0000	3.0000	-50.6077	-43.0762
768.0000	3.0000	-50.6076	-43.0762
769.0000	3.0000	-50.6076	-43.0763
770.0000	3.0000	-50.6076	-43.0763
771.0000	3.0000	-50.6076	-43.0763
772.0000	3.0000	-50.6076	-43.0764
773.0000	3.0000	-50.6076	-43.0764
774.0000	3.0000	-50.6077	-43.0764
775.0000	3.0000	-50.6077	-43.0764
776.0000	3.0000	-50.6077	-43.0764
777.0000	3.0000	-50.6077	-43.0764
778.0000	3.0000	-50.6077	-43.0765
779.0000	3.0000	-50.6078	-43.0765
780.0000	3.0000	-50.6078	-43.0765
781.0000	3.0000	-50.6078	-43.0765
782.0000	3.0000	-50.6078	-43.0765
783.0000	3.0000	-50.6078	-43.0765
784.0000	3.0000	-50.6091	-43.0749
785.0000	3.0000	-50.5917	-43.1022
786.0000	3.0000	-50.4343	-43.3319
787.0000	3.0000	-50.2450	-43.5989
788.0000	3.0000	-50.2448	-43.5977
789.0000	3.0000	-50.2448	-43.5973
790.0000	3.0000	-50.2448	-43.5972
791.0000	3.0000	-50.2448	-43.5971
792.0000	3.0000	-50.2448	-43.5971
793.0000	3.0000	-50.2449	-43.5972
794.0000	3.0000	-50.2449	-43.5972
795.0000	3.0000	-50.2449	-43.5972
796.0000	3.0000	-50.2449	-43.5972
797.0000	3.0000	-50.2449	-43.5972
798.0000	3.0000	-50.2449	-43.5972
799.0000	3.0000	-50.2450	-43.5973
800.0000	3.0000	-50.2450	-43.5973
801.0000	3.0000	-50.2450	-43.5973
802.0000	3.0000	-50.2450	-43.5973
803.0000	3.0000	-50.2450	-43.5973
804.0000	3.0000	-50.2450	-43.5974
805.0000	3.0000	-50.2451	-43.5974
806.0000	3.0000	-50.2451	-43.5974
807.0000	3.0000	-50.2451	-43.5974
808.0000	3.0000	-50.2451	-43.5974
809.0000	3.0000	-50.2463	-43.5959
810.0000	3.0000	-50.2286	-43.6232
811.0000	3.0000	-50.0696	-43.8510
812.0000	3.0000	-49.7273	-44.3444
813.0000	3.0000	-49.2118	-45.0509
814.0000	3.0000	-49.0897	-45.2119
815.0000	3.0000	-49.0894	-45.2122
816.0000	3.0000	-49.0894	-45.2131
817.0000	3.0000	-49.0894	-45.2137
818.0000	3.0000	-49.0904	-45.2129
819.0000	3.0000	-49.0649	-45.2481
820.0000	3.0000	-48.8426	-45.5496
821.0000	3.0000	-48.4556	-46.0790
822.0000	3.0000	-47.8553	-46.8685
823.0000	3.0000	-47.0171	-47.9180
824.0000	3.0000	-46.0596	-49.0815
825.0000	3.0000	-44.9420	-50.3839
826.0000	3.0000	-43.4825	-51.9660
827.0000	3.0000	-42.0162	-53.4879
828.0000	3.0000	-40.2563	-55.1584
829.0000	3.0000	-38.7340	-56.5568
830.0000	3.0000	-37.0392	-58.0005
831.0000	3.0000	-35.3446	-59.3629
832.0000	3.0000	-33.2253	-60.9066
833.0000	3.0000	-30.2702	-62.8240
834.0000	3.0000	-27.6672	-64.4299
835.0000	3.0000	-25.4253	-65.7769
836.0000	3.0000	-22.7469	-67.2130
837.0000	3.0000	-20.8049	-68.3024
838.0000	3.0000	-19.1600	-69.2196
839.0000	3.0000	-17.4880	-70.1040
840.0000	3.0000	-15.9241	-70.9226
841.0000	3.0000	-14.4872	-71.6830
842.0000	3.0000	-13.1413	-72.4263
843.0000	3.0000	-11.9362	-73.1446
844.0000	3.0000	-10.8060	-73.8549
845.0000	3.0000	-9.7975	-74.5556
846.0000	3.0000	-8.8721	-75.2577
847.0000	3.0000	-8.0670	-75.9547
848.0000	3.0000	-7.3002	-76.6388
849.0000	3.0000	-6.5920	-77.3082
850.0000	3.0000	-5.9695	-77.9627
851.0000	3.0000	-5.4113	-78.6061
852.0000	3.0000	-4.9071	-79.2447
