0.0000	224.0000	-73.1924	5.7916
1.0000	224.0000	-73.1944	5.6866
2.0000	224.0000	-73.1966	5.5648
3.0000	224.0000	-73.2002	5.4147
4.0000	224.0000	-73.2017	5.2360
5.0000	224.0000	-73.2035	5.0302
6.0000	224.0000	-73.2056	4.8005
7.0000	224.0000	-73.2079	4.5575
8.0000	224.0000	-73.2105	4.3106
9.0000	224.0000	-73.2132	4.0539
10.0000	224.0000	-73.2159	3.7882
11.0000	224.0000	-73.2186	3.5141
12.0000	224.0000	-73.2214	3.2382
13.0000	224.0000	-73.2242	2.9743
14.0000	224.0000	-73.2271	2.7144
15.0000	224.0000	-73.2300	2.4543
16.0000	224.0000	-73.2330	2.1917
17.0000	224.0000	-73.2361	1.9297
18.0000	224.0000	-73.2393	1.6240
19.0000	224.0000	-73.2425	1.3019
20.0000	224.0000	-73.2457	0.9760
21.0000	224.0000	-73.2491	0.6454
22.0000	224.0000	-73.2525	0.3056
23.0000	224.0000	-73.2559	-0.0470
24.0000	224.0000	-73.2594	-0.4139
25.0000	224.0000	-73.2629	-0.7945
26.0000	224.0000	-73.2665	-1.1882
27.0000	224.0000	-73.2701	-1.5974
28.0000	224.0000	-73.2738	-2.0083
29.0000	224.0000	-73.2776	-2.4261
30.0000	224.0000	-73.2814	-2.8528
31.0000	224.0000	-73.2853	-3.2884
32.0000	224.0000	-73.2897	-3.7380
33.0000	224.0000	-73.2979	-4.2662
34.0000	224.0000	-73.3125	-5.0939
35.0000	224.0000	-73.3191	-6.4866
36.0000	224.0000	-73.2767	-8.4635
37.0000	224.0000	-73.1441	-10.9837
38.0000	224.0000	-72.8240	-14.5304
39.0000	224.0000	-72.0505	-19.6636
40.0000	224.0000	-70.3839	-26.5782
41.0000	224.0000	-67.8450	-33.8367
42.0000	224.0000	-64.1722	-41.6382
43.0000	224.0000	-59.3850	-49.3804
44.0000	224.0000	-54.6987	-55.5570
45.0000	224.0000	-49.5216	-61.2218
46.0000	224.0000	-44.8687	-65.6359
87.0000	188.0000	-11.7980	78.1608
88.0000	188.0000	-17.8704	75.9750
89.0000	188.0000	-24.3298	73.1605
90.0000	188.0000	-31.4367	69.4622
91.0000	188.0000	-38.2870	65.0061
92.0000	188.0000	-45.1136	59.6149
93.0000	188.0000	-51.3387	53.5207
94.0000	188.0000	-56.4168	47.3337
95.0000	188.0000	-60.6929	40.9835
96.0000	188.0000	-64.0146	34.8821
97.0000	188.0000	-66.9060	28.4440
98.0000	188.0000	-69.0290	22.3503
99.0000	188.0000	-70.4222	17.0336
100.0000	188.0000	-71.5499	11.5502
101.0000	188.0000	-72.2632	6.4894
102.0000	188.0000	-72.6525	2.0620
103.0000	188.0000	-72.8639	-2.2679
104.0000	188.0000	-72.8999	-6.1715
105.0000	188.0000	-72.8339	-9.7690
106.0000	188.0000	-72.6846	-13.2094
107.0000	188.0000	-72.4786	-16.4253
108.0000	188.0000	-72.2354	-19.4671
109.0000	188.0000	-71.9677	-22.3507
110.0000	188.0000	-71.6865	-25.0998
111.0000	188.0000	-71.3995	-27.7288
112.0000	188.0000	-71.1127	-30.2551
113.0000	188.0000	-70.8331	-32.6803
114.0000	188.0000	-70.5623	-35.0196
115.0000	188.0000	-70.3043	-37.2780
567.0000	239.0000	74.7055	28.5974
568.0000	239.0000	74.3212	29.1016
569.0000	239.0000	73.9154	29.5865
570.0000	239.0000	73.4782	30.1895
571.0000	239.0000	73.0233	30.9298
572.0000	239.0000	72.5695	31.7325
573.0000	239.0000	72.0907	32.5461
574.0000	239.0000	71.5929	33.2150
575.0000	239.0000	71.0766	33.9083
576.0000	239.0000	70.6592	34.4225
577.0000	132.0000	77.4442	19.0881
577.0000	239.0000	70.2233	34.8922
578.0000	132.0000	76.9534	19.5567
578.0000	239.0000	69.8071	35.2974
579.0000	132.0000	76.4715	20.0306
579.0000	239.0000	69.3956	35.7082
580.0000	132.0000	76.0092	20.4670
580.0000	239.0000	69.0076	36.0940
581.0000	132.0000	75.5870	20.8680
581.0000	239.0000	68.6677	36.4375
582.0000	132.0000	75.1914	21.2733
582.0000	239.0000	68.3552	36.7844
583.0000	132.0000	74.7984	21.7100
583.0000	239.0000	68.0423	37.1618
584.0000	132.0000	74.4075	22.1407
584.0000	239.0000	67.7328	37.5336
585.0000	132.0000	74.0340	22.6225
585.0000	239.0000	67.4337	37.9529
586.0000	132.0000	73.6529	23.2383
586.0000	239.0000	67.1025	38.4947
587.0000	132.0000	73.2690	23.8132
587.0000	239.0000	66.7719	38.9978
588.0000	132.0000	72.8545	24.3263
588.0000	239.0000	66.4174	39.4419
589.0000	132.0000	72.4189	24.7845
589.0000	239.0000	66.0498	39.8346
590.0000	132.0000	72.0111	25.2266
590.0000	239.0000	65.7158	40.2135
591.0000	132.0000	71.5843	25.7430
591.0000	239.0000	65.3517	40.6629
592.0000	132.0000	71.1927	26.2125
592.0000	239.0000	65.0327	41.0690
593.0000	132.0000	70.8350	26.6598
593.0000	239.0000	64.7539	41.4550
594.0000	132.0000	70.4807	27.0827
594.0000	239.0000	64.4834	41.8187
595.0000	132.0000	70.1186	27.4977
595.0000	239.0000	64.2043	42.1739
596.0000	132.0000	69.7349	27.9525
596.0000	239.0000	63.8955	42.5657
597.0000	132.0000	69.3681	28.3763
597.0000	239.0000	63.6108	42.9295
598.0000	132.0000	69.0107	28.7930
598.0000	239.0000	63.3373	43.2866
599.0000	132.0000	68.6768	29.1880
599.0000	239.0000	63.0930	43.6240
600.0000	132.0000	68.3258	29.6155
600.0000	239.0000	62.8239	43.9906
601.0000	132.0000	67.9697	30.0526
601.0000	239.0000	62.5475	44.3656
602.0000	132.0000	67.6405	30.4582
602.0000	239.0000	62.3047	44.7114
603.0000	132.0000	67.3322	30.8536
603.0000	239.0000	62.0862	45.0481
604.0000	132.0000	67.0396	31.2643
604.0000	239.0000	61.8819	45.3990
605.0000	132.0000	66.7236	31.6963
605.0000	239.0000	61.6484	45.7690
606.0000	132.0000	66.3837	32.1580
606.0000	239.0000	61.3844	46.1665
607.0000	132.0000	66.0680	32.5834
607.0000	239.0000	61.1527	46.5301
608.0000	132.0000	65.7568	32.9868
608.0000	239.0000	60.9290	46.8729
609.0000	132.0000	65.4508	33.3989
609.0000	239.0000	60.7087	47.2232
610.0000	132.0000	65.1373	33.8352
610.0000	239.0000	60.4762	47.5960
611.0000	132.0000	64.8607	34.2351
611.0000	239.0000	60.2925	47.9383
612.0000	132.0000	64.5389	34.7186
612.0000	239.0000	60.0424	48.3560
613.0000	132.0000	64.2315	35.1877
613.0000	239.0000	59.8132	48.7591
614.0000	132.0000	63.9430	35.6231
614.0000	239.0000	59.6063	49.1302
615.0000	132.0000	63.6628	36.0507
615.0000	239.0000	59.4114	49.4952
616.0000	132.0000	63.3819	36.4787
616.0000	239.0000	59.2148	49.8599
617.0000	132.0000	63.1032	36.9054
617.0000	239.0000	59.0210	50.2235
618.0000	132.0000	62.7740	37.4173
618.0000	239.0000	58.7611	50.6679
619.0000	132.0000	65.0467	33.6869
619.0000	239.0000	61.9804	47.0966
620.0000	132.0000	65.5774	33.3795
620.0000	239.0000	62.7865	46.7634
621.0000	132.0000	65.7555	33.5102
621.0000	239.0000	63.1494	46.8480
622.0000	132.0000	65.8349	33.4569
622.0000	239.0000	63.4160	46.7475
623.0000	132.0000	65.5673	34.0100
623.0000	239.0000	63.1964	47.2241
624.0000	132.0000	65.3316	34.4407
624.0000	239.0000	63.0344	47.5828
625.0000	132.0000	65.3251	34.4983
625.0000	239.0000	63.1809	47.5808
626.0000	132.0000	65.5843	34.2001
626.0000	239.0000	63.6664	47.2322
627.0000	132.0000	65.8332	33.9413
627.0000	239.0000	64.1341	46.9185
628.0000	132.0000	66.2249	33.4468
628.0000	239.0000	64.7887	46.3708
629.0000	132.0000	66.5234	33.1027
629.0000	239.0000	65.3178	45.9657
630.0000	132.0000	66.9649	32.5161
631.0000	132.0000	67.6101	31.6355
632.0000	132.0000	68.8297	29.8015
633.0000	132.0000	69.6429	28.1570
634.0000	132.0000	69.8307	27.6510
635.0000	132.0000	71.3315	25.5447
636.0000	132.0000	71.8913	24.5786
637.0000	132.0000	72.0178	24.8355
638.0000	132.0000	72.4148	24.4199
639.0000	132.0000	72.3844	25.0186
640.0000	132.0000	72.3817	25.5252
641.0000	132.0000	72.6693	25.3911
642.0000	132.0000	72.6013	26.1115
643.0000	132.0000	72.7370	26.3332
644.0000	132.0000	72.6780	27.0331
645.0000	132.0000	72.7974	27.3172
646.0000	132.0000	72.5575	28.3739
647.0000	132.0000	72.3922	29.3280
648.0000	132.0000	72.5469	29.6217
649.0000	132.0000	72.4029	30.5202
650.0000	132.0000	72.4387	31.0420
651.0000	132.0000	72.1218	32.2135
652.0000	132.0000	72.1497	32.8164
653.0000	132.0000	71.8731	33.9016
654.0000	132.0000	71.5753	35.0188
655.0000	132.0000	71.2454	36.1116
656.0000	132.0000	70.6466	37.4949
799.0000	132.0000	42.5364	67.5799
800.0000	132.0000	41.9232	67.3639
801.0000	132.0000	41.6664	66.9489
802.0000	132.0000	41.3774	66.6436
803.0000	132.0000	41.0441	66.3863
804.0000	132.0000	40.6581	66.1658
805.0000	132.0000	40.1797	65.9835
806.0000	132.0000	39.5614	65.8480
807.0000	132.0000	38.9976	65.6627
808.0000	132.0000	38.2170	64.7636
809.0000	132.0000	38.0098	64.2033
810.0000	132.0000	38.0122	64.1411
811.0000	132.0000	37.9135	64.1996
812.0000	132.0000	38.0561	64.1572
813.0000	132.0000	38.2782	64.0906
814.0000	132.0000	38.3346	64.0526
815.0000	132.0000	38.8372	63.7037
816.0000	132.0000	38.9408	63.5855
817.0000	132.0000	39.0917	63.4277
818.0000	132.0000	39.2365	63.2364
819.0000	132.0000	39.2837	63.0329
820.0000	132.0000	38.4667	62.6509
821.0000	132.0000	38.0770	62.4275
822.0000	132.0000	37.8885	62.2763
823.0000	132.0000	37.4306	62.3710
824.0000	132.0000	37.1462	62.4578
825.0000	132.0000	37.0773	62.4382
826.0000	132.0000	37.1064	62.3924
827.0000	132.0000	36.7306	62.5126
828.0000	132.0000	36.6778	62.5165
829.0000	132.0000	36.7005	62.5007
830.0000	132.0000	36.7203	62.4897
831.0000	132.0000	36.6895	62.5030
832.0000	132.0000	36.6016	62.5206
833.0000	132.0000	36.4506	62.5509
834.0000	132.0000	36.2454	62.5872
835.0000	132.0000	35.7119	62.7031
836.0000	132.0000	35.2363	62.8237
837.0000	132.0000	34.9950	62.7576
838.0000	132.0000	34.7594	62.6038
839.0000	132.0000	34.1952	62.5161
840.0000	132.0000	34.6608	61.9869
841.0000	132.0000	35.1505	61.5788
842.0000	132.0000	34.8164	61.3509
843.0000	132.0000	34.1402	61.2360
844.0000	132.0000	33.4603	61.2238
845.0000	132.0000	33.0759	61.0493
846.0000	132.0000	32.6040	60.9076
847.0000	132.0000	32.7324	60.4871
848.0000	132.0000	32.9797	59.9801
849.0000	132.0000	32.9849	59.5966
850.0000	132.0000	33.0731	59.1653
851.0000	132.0000	33.1065	58.7563
852.0000	132.0000	33.0539	58.3883
853.0000	132.0000	32.9375	58.0434
854.0000	132.0000	32.8379	57.3765
855.0000	132.0000	32.5980	57.0436
856.0000	132.0000	32.2979	56.6619
857.0000	132.0000	31.9607	56.2400
858.0000	132.0000	31.6298	55.8527
859.0000	132.0000	31.1064	55.5604
860.0000	132.0000	30.6621	55.0634
861.0000	132.0000	30.4817	54.2466
862.0000	132.0000	30.3619	53.9532
863.0000	132.0000	29.8299	53.8600
864.0000	132.0000	29.1581	53.9765
865.0000	132.0000	29.1260	54.0403
866.0000	132.0000	28.5067	54.5680
867.0000	132.0000	27.4490	55.3890
868.0000	132.0000	27.0047	56.0548
869.0000	132.0000	27.0954	56.3719
870.0000	132.0000	26.7722	56.6831
871.0000	132.0000	25.9100	57.2661
872.0000	132.0000	26.1879	57.6143
873.0000	132.0000	26.0124	57.9812
874.0000	132.0000	25.8943	58.3204
875.0000	132.0000	26.1548	58.4447
876.0000	132.0000	26.8740	58.5565
877.0000	132.0000	27.3631	58.6810
878.0000	132.0000	27.3941	58.9750
879.0000	132.0000	27.3879	59.4918
880.0000	132.0000	28.2809	59.4966
881.0000	132.0000	29.0476	59.5496
882.0000	132.0000	29.4123	59.6881
883.0000	132.0000	30.0635	59.7474
884.0000	132.0000	30.9237	59.7530
885.0000	132.0000	31.8287	59.7195
886.0000	132.0000	32.7254	59.6387
887.0000	132.0000	33.5373	59.6079
888.0000	132.0000	34.3350	59.5543
889.0000	132.0000	35.0221	59.5418
890.0000	132.0000	35.8057	59.4526
891.0000	132.0000	36.6038	59.3110
892.0000	132.0000	37.3885	59.1571
893.0000	132.0000	41.6295	56.4643
894.0000	132.0000	48.6990	51.1597
895.0000	132.0000	56.6916	43.1519
896.0000	132.0000	64.9865	31.5611
897.0000	132.0000	71.3538	16.2781
898.0000	132.0000	74.2695	0.2120
899.0000	132.0000	74.1387	-7.8413
900.0000	132.0000	74.2756	-9.8914
901.0000	132.0000	74.4508	-10.8910
902.0000	132.0000	74.5613	-11.3925
903.0000	132.0000	74.6364	-11.5622
904.0000	132.0000	74.7556	-11.4387
905.0000	132.0000	74.8544	-11.2728
906.0000	132.0000	74.9921	-11.2084
907.0000	132.0000	75.2559	-10.4491
908.0000	132.0000	75.5329	-9.6075
909.0000	132.0000	75.7811	-8.8842
910.0000	132.0000	76.0108	-7.8862
911.0000	132.0000	76.2275	-6.8343
912.0000	132.0000	76.4270	-5.5683
913.0000	132.0000	76.6247	-4.6262
914.0000	132.0000	76.8249	-4.3387
915.0000	132.0000	77.0180	-4.8227
916.0000	132.0000	77.1752	-5.5479
917.0000	132.0000	77.3122	-6.6591
918.0000	132.0000	77.4187	-8.2712
919.0000	132.0000	77.4747	-10.1747
920.0000	132.0000	77.4903	-12.0420
921.0000	132.0000	77.4644	-14.0611
922.0000	132.0000	77.4046	-16.0536
923.0000	132.0000	77.3210	-18.0119
924.0000	132.0000	77.2089	-19.9866
