0.0000	0.0000	60.6686	37.5998
0.0000	90.0000	26.8145	-11.8889
1.0000	0.0000	60.5085	37.5866
1.0000	90.0000	26.7199	-11.8909
2.0000	0.0000	60.3409	37.5809
2.0000	90.0000	26.6195	-11.8926
3.0000	0.0000	60.1673	37.5670
3.0000	90.0000	26.5136	-11.8946
4.0000	0.0000	59.9870	37.5589
4.0000	90.0000	26.4023	-11.8967
5.0000	0.0000	59.8010	37.5467
5.0000	90.0000	26.2856	-11.8985
6.0000	0.0000	59.6091	37.5346
6.0000	90.0000	26.1638	-11.9019
7.0000	0.0000	59.4113	37.5235
7.0000	90.0000	26.0368	-11.9045
8.0000	0.0000	59.2080	37.5088
8.0000	90.0000	25.9049	-11.9070
9.0000	0.0000	58.9989	37.4965
9.0000	90.0000	25.7681	-11.9098
10.0000	0.0000	58.7844	37.4827
10.0000	90.0000	25.6265	-11.9132
11.0000	0.0000	58.5644	37.4688
11.0000	90.0000	25.4802	-11.9161
12.0000	0.0000	58.3390	37.4545
12.0000	90.0000	25.3293	-11.9196
13.0000	0.0000	58.1082	37.4399
13.0000	90.0000	25.1739	-11.9229
14.0000	0.0000	57.8737	37.4256
14.0000	90.0000	25.0162	-11.9267
15.0000	0.0000	57.6407	37.4109
15.0000	90.0000	24.8501	-11.9303
16.0000	0.0000	57.4092	37.3967
16.0000	90.0000	24.6709	-11.9344
17.0000	0.0000	57.1792	37.3818
17.0000	90.0000	24.4868	-11.9391
18.0000	0.0000	56.9507	37.3675
18.0000	90.0000	24.2980	-11.9434
19.0000	0.0000	56.7221	37.3535
19.0000	90.0000	24.1043	-11.9479
20.0000	0.0000	56.4868	37.3395
20.0000	90.0000	23.9059	-11.9525
21.0000	0.0000	56.2455	37.3253
21.0000	90.0000	23.7030	-11.9572
22.0000	0.0000	55.9983	37.3115
22.0000	90.0000	23.4988	-11.9618
23.0000	0.0000	55.7452	37.2980
23.0000	90.0000	23.2831	-11.9668
24.0000	0.0000	55.4861	37.2845
24.0000	90.0000	23.0567	-11.9720
25.0000	0.0000	55.2211	37.2720
25.0000	90.0000	22.8253	-11.9773
26.0000	0.0000	54.9502	37.2599
26.0000	90.0000	22.5891	-11.9824
27.0000	0.0000	54.6738	37.2475
27.0000	90.0000	22.3480	-11.9885
28.0000	0.0000	54.3915	37.2365
28.0000	90.0000	22.1817	-11.9922
29.0000	0.0000	54.1035	37.2262
29.0000	90.0000	22.1816	-11.9921
30.0000	0.0000	53.8100	37.2122
30.0000	90.0000	22.1775	-11.9965
31.0000	0.0000	53.4927	37.2014
31.0000	90.0000	22.1780	-12.0134
32.0000	0.0000	53.1743	37.1513
32.0000	90.0000	22.1387	-12.0676
33.0000	0.0000	52.8820	37.0199
33.0000	90.0000	22.0847	-12.1802
34.0000	0.0000	52.5941	36.8427
34.0000	90.0000	22.0274	-12.3334
35.0000	0.0000	52.3032	36.6398
35.0000	90.0000	21.9735	-12.5168
36.0000	0.0000	52.0238	36.3959
36.0000	90.0000	21.9119	-12.7356
37.0000	0.0000	51.7448	36.1253
37.0000	90.0000	21.8441	-12.9831
38.0000	0.0000	51.4633	35.8329
38.0000	90.0000	21.7711	-13.2570
39.0000	0.0000	51.1720	35.5376
39.0000	90.0000	21.6960	-13.5432
40.0000	0.0000	50.8837	35.2675
40.0000	90.0000	21.6145	-13.8006
41.0000	0.0000	50.5968	35.0423
41.0000	90.0000	21.5788	-14.0072
42.0000	0.0000	50.2955	34.8436
42.0000	90.0000	21.5748	-14.1945
43.0000	0.0000	49.9888	34.6679
43.0000	90.0000	21.5698	-14.3599
44.0000	0.0000	49.6726	34.4893
44.0000	90.0000	21.5662	-14.5313
45.0000	0.0000	49.3510	34.2881
45.0000	90.0000	21.5628	-14.7257
46.0000	0.0000	49.0247	34.0586
46.0000	90.0000	21.5590	-14.9473
47.0000	0.0000	48.6938	33.8005
47.0000	90.0000	21.5507	-15.1976
48.0000	0.0000	48.3548	33.5185
48.0000	90.0000	21.5379	-15.4743
49.0000	0.0000	48.0012	33.2213
49.0000	90.0000	21.5176	-15.7732
50.0000	0.0000	47.6432	32.8977
50.0000	90.0000	21.4907	-16.0997
51.0000	0.0000	47.2837	32.5443
51.0000	90.0000	21.4562	-16.4546
52.0000	0.0000	46.9186	32.1679
52.0000	90.0000	21.4152	-16.8348
53.0000	0.0000	46.5511	31.7650
53.0000	90.0000	21.3672	-17.2415
54.0000	0.0000	46.1816	31.3364
54.0000	90.0000	21.3125	-17.6742
55.0000	0.0000	45.8124	30.8847
55.0000	90.0000	21.2518	-18.1310
56.0000	0.0000	45.4461	30.4258
56.0000	90.0000	21.1846	-18.5951
57.0000	0.0000	45.0827	29.9799
57.0000	90.0000	21.1130	-19.0459
58.0000	0.0000	44.7225	29.6006
58.0000	90.0000	21.0356	-19.4289
59.0000	0.0000	44.3677	29.3005
59.0000	90.0000	20.9510	-19.7311
60.0000	0.0000	44.0176	29.0245
60.0000	90.0000	20.8605	-20.0104
61.0000	0.0000	43.6629	28.7304
61.0000	90.0000	20.7647	-20.3095
62.0000	0.0000	43.2972	28.3995
62.0000	90.0000	20.6655	-20.6484
63.0000	0.0000	42.9256	28.0364
63.0000	90.0000	20.5604	-21.0189
64.0000	0.0000	42.5485	27.6450
64.0000	90.0000	20.4494	-21.4177
65.0000	0.0000	42.1659	27.2267
65.0000	90.0000	20.3330	-21.8432
66.0000	0.0000	41.7777	26.7825
66.0000	90.0000	20.2115	-22.2946
67.0000	0.0000	41.3839	26.3130
67.0000	90.0000	20.0849	-22.7714
68.0000	0.0000	40.9853	25.8186
68.0000	90.0000	19.9533	-23.2733
69.0000	0.0000	40.5823	25.2996
69.0000	90.0000	19.8168	-23.7997
70.0000	0.0000	40.1752	24.7567
70.0000	90.0000	19.6756	-24.3502
71.0000	0.0000	39.7644	24.1995
71.0000	90.0000	19.5298	-24.9151
72.0000	0.0000	39.3502	23.6806
72.0000	90.0000	19.3794	-25.4413
73.0000	0.0000	38.9334	23.2423
73.0000	90.0000	19.2244	-25.8862
74.0000	0.0000	38.5147	22.8965
74.0000	90.0000	19.0671	-26.2384
75.0000	0.0000	38.0974	22.6303
75.0000	90.0000	18.9016	-26.5119
76.0000	0.0000	37.6835	22.3928
76.0000	90.0000	18.7893	-26.7575
77.0000	0.0000	37.2722	22.2245
77.0000	90.0000	18.7885	-26.9315
78.0000	0.0000	36.8636	22.1628
78.0000	90.0000	18.7856	-26.9977
79.0000	0.0000	36.4586	22.1679
79.0000	90.0000	18.7835	-26.9985
80.0000	0.0000	36.0595	22.1721
80.0000	90.0000	18.7829	-27.0013
81.0000	0.0000	35.6591	22.1586
81.0000	90.0000	18.7828	-27.0215
82.0000	0.0000	35.2424	22.1228
82.0000	90.0000	18.7939	-27.0705
83.0000	0.0000	34.8309	22.0317
83.0000	90.0000	18.7934	-27.1669
84.0000	0.0000	34.4134	21.9006
84.0000	90.0000	18.7934	-27.3033
85.0000	0.0000	33.9900	21.7361
85.0000	90.0000	18.7935	-27.4734
86.0000	0.0000	33.6640	21.5505
86.0000	90.0000	18.7936	-27.6633
87.0000	90.0000	-35.1463	43.2936
88.0000	90.0000	-35.1463	43.2936
89.0000	90.0000	-35.1463	43.2936
90.0000	90.0000	-35.1463	43.2936
91.0000	90.0000	-35.1463	43.2936
92.0000	90.0000	-35.1471	43.2931
93.0000	90.0000	-35.1380	43.2971
94.0000	90.0000	-35.0599	43.3324
95.0000	90.0000	-34.8614	43.4278
96.0000	90.0000	-34.4121	43.6658
97.0000	90.0000	-33.9337	43.8869
98.0000	90.0000	-33.3212	44.1875
99.0000	90.0000	-32.7252	44.4677
100.0000	90.0000	-32.1124	44.7702
101.0000	90.0000	-31.6347	44.9632
102.0000	90.0000	-30.9360	45.2655
103.0000	90.0000	-30.0136	45.6771
104.0000	90.0000	-29.2310	45.9769
105.0000	90.0000	-28.3607	46.2992
106.0000	90.0000	-27.2633	46.7159
107.0000	90.0000	-26.3515	47.0014
108.0000	90.0000	-25.2071	47.3791
109.0000	90.0000	-24.2132	47.6490
110.0000	90.0000	-22.9915	47.9955
111.0000	90.0000	-21.7932	48.3092
112.0000	90.0000	-21.0243	48.4682
113.0000	90.0000	-20.5436	48.5829
114.0000	90.0000	-20.5141	48.5940
115.0000	90.0000	-20.5135	48.5945
116.0000	90.0000	-20.5132	48.5942
117.0000	90.0000	-20.5131	48.5940
118.0000	90.0000	-20.5132	48.5939
119.0000	90.0000	-20.5132	48.5939
120.0000	90.0000	-20.5133	48.5939
121.0000	90.0000	-20.5132	48.5940
122.0000	90.0000	-20.5132	48.5940
123.0000	90.0000	-20.5132	48.5940
124.0000	90.0000	-20.5131	48.5940
125.0000	90.0000	-20.5131	48.5940
126.0000	90.0000	-20.5131	48.5940
127.0000	90.0000	-20.5131	48.5940
128.0000	90.0000	-20.5131	48.5940
129.0000	90.0000	-20.5131	48.5940
130.0000	90.0000	-20.5131	48.5940
131.0000	90.0000	-20.5131	48.5940
132.0000	90.0000	-20.5131	48.5940
133.0000	90.0000	-20.5131	48.5940
134.0000	90.0000	-20.5131	48.5940
135.0000	90.0000	-20.5131	48.5940
136.0000	90.0000	-20.5131	48.5940
137.0000	90.0000	-20.5131	48.5940
138.0000	90.0000	-20.5131	48.5940
139.0000	90.0000	-20.5131	48.5940
140.0000	90.0000	-20.5131	48.5940
141.0000	90.0000	-20.5131	48.5940
142.0000	90.0000	-20.5131	48.5940
143.0000	90.0000	-20.5131	48.5940
144.0000	90.0000	-20.5131	48.5940
145.0000	90.0000	-20.5131	48.5940
146.0000	90.0000	-20.5131	48.5940
147.0000	90.0000	-20.5131	48.5940
148.0000	90.0000	-20.5131	48.5940
149.0000	90.0000	-20.5131	48.5940
150.0000	90.0000	-20.5131	48.5940
151.0000	90.0000	-20.5131	48.5940
152.0000	90.0000	-20.5131	48.5940
153.0000	90.0000	-20.5130	48.5941
154.0000	90.0000	-20.5142	48.5928
155.0000	90.0000	-20.5201	48.5866
156.0000	90.0000	-20.5298	48.5765
157.0000	90.0000	-20.5442	48.5605
158.0000	90.0000	-20.5644	48.5384
159.0000	90.0000	-20.5895	48.5110
160.0000	90.0000	-20.6195	48.4783
161.0000	90.0000	-20.6539	48.4406
162.0000	90.0000	-20.6928	48.3981
163.0000	90.0000	-20.7359	48.3509
164.0000	90.0000	-20.7824	48.3001
165.0000	90.0000	-20.8319	48.2458
166.0000	90.0000	-20.8857	48.1869
167.0000	90.0000	-20.9435	48.1237
168.0000	90.0000	-21.0052	48.0560
169.0000	90.0000	-21.0708	47.9841
170.0000	90.0000	-21.1402	47.9080
171.0000	90.0000	-21.2133	47.8279
172.0000	90.0000	-21.2900	47.7437
173.0000	90.0000	-21.3702	47.6557
174.0000	90.0000	-21.4539	47.5638
175.0000	90.0000	-21.5409	47.4682
176.0000	90.0000	-21.6313	47.3689
177.0000	90.0000	-21.7249	47.2661
178.0000	90.0000	-21.8217	47.1597
179.0000	90.0000	-21.9216	47.0499
180.0000	90.0000	-22.0245	46.9366
181.0000	90.0000	-22.1302	46.8203
182.0000	90.0000	-22.2366	46.7032
183.0000	90.0000	-22.3544	46.5734
184.0000	90.0000	-22.4764	46.4390
185.0000	90.0000	-22.6016	46.3011
186.0000	90.0000	-22.7300	46.1595
187.0000	90.0000	-22.8616	46.0143
188.0000	90.0000	-22.9963	45.8657
189.0000	90.0000	-23.1337	45.7142
190.0000	90.0000	-23.2721	45.5613
191.0000	90.0000	-23.3721	45.4510
192.0000	90.0000	-23.4019	45.4180
193.0000	90.0000	-23.4660	45.3472
194.0000	90.0000	-23.5337	45.2724
195.0000	90.0000	-23.6016	45.1973
196.0000	90.0000	-23.6647	45.1276
197.0000	90.0000	-23.7305	45.0548
198.0000	90.0000	-23.8006	44.9774
199.0000	90.0000	-23.8748	44.8953
200.0000	90.0000	-23.9504	44.8116
201.0000	90.0000	-24.0191	44.7356
202.0000	90.0000	-24.0880	44.6594
203.0000	90.0000	-24.1202	44.6243
204.0000	90.0000	-24.1182	44.6248
205.0000	90.0000	-24.1195	44.6233
206.0000	90.0000	-24.1203	44.6224
207.0000	90.0000	-24.1297	44.6120
208.0000	90.0000	-24.1428	44.5975
209.0000	90.0000	-24.1604	44.5779
210.0000	90.0000	-24.1826	44.5533
211.0000	90.0000	-24.2093	44.5237
212.0000	90.0000	-24.2404	44.4891
213.0000	90.0000	-24.2760	44.4496
214.0000	90.0000	-24.3159	44.4052
215.0000	90.0000	-24.3603	44.3560
216.0000	90.0000	-24.4097	44.3018
217.0000	90.0000	-24.4518	44.2458
218.0000	90.0000	-24.4550	44.1878
219.0000	90.0000	-24.3009	44.1788
220.0000	90.0000	-23.8298	44.3127
221.0000	90.0000	-23.3300	44.4382
222.0000	90.0000	-22.6726	44.6026
223.0000	90.0000	-21.9486	44.7687
224.0000	90.0000	-20.9867	45.0078
225.0000	90.0000	-20.1685	45.1532
226.0000	90.0000	-19.2929	45.2959
227.0000	90.0000	-18.1951	45.4963
228.0000	90.0000	-17.2642	45.6183
229.0000	90.0000	-16.0951	45.7988
230.0000	90.0000	-15.1141	45.8820
231.0000	90.0000	-13.9101	46.0028
232.0000	90.0000	-12.7293	46.0938
233.0000	90.0000	-11.9974	46.0945
234.0000	90.0000	-11.5334	46.1017
235.0000	90.0000	-11.5803	46.0669
236.0000	90.0000	-11.6393	46.0294
237.0000	90.0000	-11.7024	45.9891
238.0000	90.0000	-11.7708	45.9456
239.0000	90.0000	-11.8443	45.8990
240.0000	90.0000	-11.9227	45.8495
241.0000	90.0000	-12.0059	45.7969
242.0000	90.0000	-12.0947	45.7412
243.0000	90.0000	-12.1746	45.6830
244.0000	90.0000	-12.1534	45.6306
245.0000	90.0000	-11.9491	45.5920
246.0000	90.0000	-11.5364	45.5782
247.0000	90.0000	-10.7592	45.6246
248.0000	90.0000	-9.8747	45.6460
249.0000	90.0000	-8.9078	45.6361
250.0000	90.0000	-7.7286	45.6239
251.0000	90.0000	-6.9131	45.5639
252.0000	90.0000	-6.2953	45.5330
253.0000	90.0000	-6.1781	45.5306
254.0000	90.0000	-6.1772	45.5309
255.0000	90.0000	-6.1767	45.5308
256.0000	90.0000	-6.1766	45.5304
257.0000	90.0000	-6.1767	45.5302
258.0000	90.0000	-6.1767	45.5302
259.0000	90.0000	-6.1767	45.5302
260.0000	90.0000	-6.1767	45.5303
261.0000	90.0000	-6.1767	45.5303
262.0000	90.0000	-6.1767	45.5303
263.0000	90.0000	-6.1767	45.5303
264.0000	90.0000	-6.1767	45.5303
265.0000	90.0000	-6.1767	45.5303
266.0000	90.0000	-6.1767	45.5303
267.0000	90.0000	-6.1767	45.5303
268.0000	90.0000	-6.1767	45.5303
269.0000	90.0000	-6.1767	45.5303
270.0000	90.0000	-6.1767	45.5303
271.0000	90.0000	-6.1766	45.5303
272.0000	90.0000	-6.1782	45.5296
273.0000	90.0000	-6.1846	45.5265
274.0000	90.0000	-6.1970	45.5207
275.0000	90.0000	-6.2173	45.5112
276.0000	90.0000	-6.2443	45.4985
277.0000	90.0000	-6.2779	45.4826
278.0000	90.0000	-6.3180	45.4638
279.0000	90.0000	-6.3642	45.4421
280.0000	90.0000	-6.4163	45.4176
281.0000	90.0000	-6.4742	45.3904
282.0000	90.0000	-6.5375	45.3607
283.0000	90.0000	-6.6044	45.3293
284.0000	90.0000	-6.6294	45.3176
285.0000	90.0000	-6.6297	45.3174
286.0000	90.0000	-6.6309	45.3169
287.0000	90.0000	-6.6315	45.3166
288.0000	90.0000	-6.6319	45.3164
289.0000	90.0000	-6.6321	45.3163
290.0000	90.0000	-6.6321	45.3163
291.0000	90.0000	-6.6322	45.3163
292.0000	90.0000	-6.6322	45.3163
293.0000	90.0000	-6.6322	45.3163
294.0000	90.0000	-6.6322	45.3163
295.0000	90.0000	-6.6322	45.3163
296.0000	90.0000	-6.6322	45.3163
297.0000	90.0000	-6.6322	45.3163
298.0000	90.0000	-6.6322	45.3163
299.0000	90.0000	-6.6322	45.3163
300.0000	90.0000	-6.6322	45.3163
301.0000	90.0000	-6.6322	45.3163
302.0000	90.0000	-6.6322	45.3163
303.0000	90.0000	-6.6322	45.3163
304.0000	90.0000	-6.6322	45.3163
305.0000	90.0000	-6.6322	45.3163
306.0000	90.0000	-6.6322	45.3163
307.0000	90.0000	-6.6322	45.3163
308.0000	90.0000	-6.6322	45.3163
309.0000	90.0000	-6.6322	45.3163
310.0000	90.0000	-6.6322	45.3163
311.0000	90.0000	-6.6322	45.3163
312.0000	90.0000	-6.6322	45.3163
313.0000	90.0000	-6.6322	45.3163
314.0000	90.0000	-6.6322	45.3163
315.0000	90.0000	-6.6322	45.3163
316.0000	90.0000	-6.6322	45.3163
317.0000	90.0000	-6.6322	45.3163
318.0000	90.0000	-6.6321	45.3163
319.0000	90.0000	-6.6337	45.3156
320.0000	90.0000	-6.6400	45.3127
321.0000	90.0000	-6.6514	45.3073
322.0000	90.0000	-6.6715	45.2978
323.0000	90.0000	-6.6986	45.2851
324.0000	90.0000	-6.7323	45.2693
325.0000	90.0000	-6.7723	45.2504
326.0000	90.0000	-6.8185	45.2287
327.0000	90.0000	-6.8706	45.2042
328.0000	90.0000	-6.9285	45.1770
329.0000	90.0000	-6.9919	45.1472
330.0000	90.0000	-7.0589	45.1157
331.0000	90.0000	-7.1310	45.0818
332.0000	90.0000	-7.2086	45.0453
333.0000	90.0000	-7.2915	45.0063
334.0000	90.0000	-7.3796	44.9649
335.0000	90.0000	-7.4728	44.9211
336.0000	90.0000	-7.5710	44.8750
337.0000	90.0000	-7.6740	44.8266
338.0000	90.0000	-7.7819	44.7760
339.0000	90.0000	-7.8943	44.7231
340.0000	90.0000	-7.9580	44.6933
341.0000	90.0000	-7.9571	44.6936
342.0000	90.0000	-7.9590	44.6928
343.0000	90.0000	-7.9603	44.6922
344.0000	90.0000	-7.9610	44.6919
345.0000	90.0000	-7.9613	44.6917
346.0000	90.0000	-7.9662	44.6893
347.0000	90.0000	-7.9773	44.6842
348.0000	90.0000	-7.9781	44.6838
349.0000	90.0000	-7.9782	44.6838
350.0000	90.0000	-7.9783	44.6837
351.0000	90.0000	-7.9784	44.6837
352.0000	90.0000	-7.9784	44.6837
353.0000	90.0000	-7.9785	44.6837
354.0000	90.0000	-7.9785	44.6837
355.0000	90.0000	-7.9785	44.6837
356.0000	90.0000	-7.9785	44.6837
357.0000	90.0000	-7.9785	44.6837
358.0000	90.0000	-7.9785	44.6837
359.0000	90.0000	-7.9785	44.6837
360.0000	90.0000	-7.9785	44.6837
361.0000	90.0000	-7.9785	44.6837
362.0000	90.0000	-7.9785	44.6837
363.0000	90.0000	-7.9785	44.6837
364.0000	90.0000	-7.9785	44.6837
365.0000	90.0000	-7.9785	44.6837
366.0000	90.0000	-7.9785	44.6837
367.0000	90.0000	-7.9785	44.6837
368.0000	90.0000	-7.9785	44.6837
369.0000	90.0000	-7.9785	44.6837
370.0000	90.0000	-7.9785	44.6837
371.0000	90.0000	-7.9785	44.6837
372.0000	90.0000	-7.9785	44.6837
373.0000	90.0000	-7.9785	44.6837
374.0000	90.0000	-7.9785	44.6837
375.0000	90.0000	-7.9785	44.6837
376.0000	90.0000	-7.9785	44.6837
377.0000	90.0000	-7.9785	44.6837
378.0000	90.0000	-7.9785	44.6837
379.0000	90.0000	-7.9785	44.6837
380.0000	90.0000	-7.9785	44.6837
381.0000	90.0000	-7.9785	44.6837
382.0000	90.0000	-7.9785	44.6837
383.0000	90.0000	-7.9785	44.6837
384.0000	90.0000	-7.9785	44.6837
385.0000	90.0000	-7.9785	44.6837
386.0000	90.0000	-7.9785	44.6837
387.0000	90.0000	-7.9785	44.6837
388.0000	90.0000	-7.9785	44.6837
389.0000	90.0000	-7.9785	44.6837
390.0000	90.0000	-7.9785	44.6837
391.0000	90.0000	-7.9785	44.6837
392.0000	90.0000	-7.9785	44.6837
393.0000	90.0000	-7.9785	44.6837
394.0000	90.0000	-7.9785	44.6837
395.0000	90.0000	-7.9785	44.6837
396.0000	90.0000	-7.9785	44.6837
397.0000	90.0000	-7.9785	44.6837
398.0000	90.0000	-7.9785	44.6837
399.0000	90.0000	-7.9785	44.6837
400.0000	90.0000	-7.9785	44.6837
401.0000	90.0000	-7.9785	44.6837
402.0000	90.0000	-7.9785	44.6837
403.0000	90.0000	-7.9785	44.6837
404.0000	90.0000	-7.9785	44.6837
405.0000	90.0000	-7.9785	44.6837
406.0000	90.0000	-7.9785	44.6837
407.0000	90.0000	-7.9785	44.6837
408.0000	90.0000	-7.9785	44.6837
409.0000	90.0000	-7.9785	44.6837
410.0000	90.0000	-7.9785	44.6837
411.0000	90.0000	-7.9785	44.6837
412.0000	90.0000	-7.9785	44.6837
413.0000	90.0000	-7.9785	44.6837
414.0000	90.0000	-7.9785	44.6837
415.0000	90.0000	-7.9785	44.6837
416.0000	90.0000	-7.9785	44.6837
417.0000	90.0000	-7.9785	44.6837
418.0000	90.0000	-7.9785	44.6837
419.0000	90.0000	-7.9785	44.6837
420.0000	90.0000	-7.9785	44.6837
421.0000	90.0000	-7.9785	44.6837
422.0000	90.0000	-7.9785	44.6837
423.0000	90.0000	-7.9785	44.6837
424.0000	90.0000	-7.9785	44.6837
425.0000	90.0000	-7.9785	44.6837
426.0000	90.0000	-7.9785	44.6837
427.0000	90.0000	-7.9785	44.6837
428.0000	90.0000	-7.9785	44.6837
429.0000	90.0000	-7.9785	44.6837
430.0000	90.0000	-7.9785	44.6837
431.0000	90.0000	-7.9785	44.6837
432.0000	90.0000	-7.9784	44.6837
433.0000	90.0000	-7.9800	44.6830
434.0000	90.0000	-7.9870	44.6791
435.0000	90.0000	-7.9990	44.6738
436.0000	90.0000	-8.0203	44.6638
437.0000	90.0000	-8.0473	44.6511
438.0000	90.0000	-8.0810	44.6353
439.0000	90.0000	-8.1211	44.6165
440.0000	90.0000	-8.1673	44.5948
441.0000	90.0000	-8.2195	44.5703
442.0000	90.0000	-8.2773	44.5432
443.0000	90.0000	-8.3402	44.5137
444.0000	90.0000	-8.4069	44.4824
445.0000	90.0000	-8.4791	44.4486
446.0000	90.0000	-8.5567	44.4122
447.0000	90.0000	-8.6397	44.3734
448.0000	90.0000	-8.7278	44.3320
449.0000	90.0000	-8.8211	44.2884
450.0000	90.0000	-8.9193	44.2424
451.0000	90.0000	-9.0224	44.1941
452.0000	90.0000	-9.1303	44.1436
453.0000	90.0000	-9.2428	44.0909
454.0000	90.0000	-9.3599	44.0362
455.0000	90.0000	-9.4816	43.9793
456.0000	90.0000	-9.6075	43.9204
457.0000	90.0000	-9.7378	43.8595
458.0000	90.0000	-9.8723	43.7966
459.0000	90.0000	-10.0110	43.7319
460.0000	90.0000	-10.1534	43.6654
461.0000	90.0000	-10.2968	43.5985
462.0000	90.0000	-10.4556	43.5244
463.0000	90.0000	-10.6201	43.4478
464.0000	90.0000	-10.7890	43.3691
465.0000	90.0000	-10.9623	43.2884
466.0000	90.0000	-11.1400	43.2058
467.0000	90.0000	-11.3219	43.1212
468.0000	90.0000	-11.5073	43.0350
469.0000	90.0000	-11.6944	42.9482
470.0000	90.0000	-11.8962	42.8545
471.0000	90.0000	-12.1037	42.7583
472.0000	90.0000	-12.3158	42.6600
473.0000	90.0000	-12.5323	42.5598
474.0000	90.0000	-12.7531	42.4576
475.0000	90.0000	-12.9782	42.3535
476.0000	90.0000	-13.2075	42.2475
477.0000	90.0000	-13.4408	42.1398
478.0000	90.0000	-13.5795	42.0758
479.0000	90.0000	-13.5779	42.0764
480.0000	90.0000	-13.5834	42.0738
481.0000	90.0000	-13.6302	42.0523
482.0000	90.0000	-13.6859	42.0266
483.0000	90.0000	-13.7451	41.9992
484.0000	90.0000	-13.8039	41.9721
485.0000	90.0000	-13.8676	41.9427
486.0000	90.0000	-13.9391	41.9100
487.0000	90.0000	-14.0145	41.8745
488.0000	90.0000	-14.0968	41.8365
489.0000	90.0000	-14.1756	41.8002
490.0000	90.0000	-14.2536	41.7642
491.0000	90.0000	-14.3372	41.7260
492.0000	90.0000	-14.3688	41.7106
493.0000	90.0000	-14.3692	41.7103
494.0000	90.0000	-14.3707	41.7096
495.0000	90.0000	-14.3715	41.7093
496.0000	90.0000	-14.3720	41.7091
497.0000	90.0000	-14.3722	41.7089
498.0000	90.0000	-14.3769	41.7070
499.0000	90.0000	-14.3870	41.7021
500.0000	90.0000	-14.4043	41.6941
501.0000	90.0000	-14.4282	41.6830
502.0000	90.0000	-14.4577	41.6694
503.0000	90.0000	-14.4932	41.6529
504.0000	90.0000	-14.5347	41.6337
505.0000	90.0000	-14.5822	41.6117
506.0000	90.0000	-14.6357	41.5869
507.0000	90.0000	-14.6951	41.5594
508.0000	90.0000	-14.7604	41.5293
509.0000	90.0000	-14.8314	41.4965
510.0000	90.0000	-14.9079	41.4611
511.0000	90.0000	-14.9385	41.4469
512.0000	90.0000	-14.9529	41.4403
513.0000	90.0000	-14.9939	41.4214
514.0000	90.0000	-15.0379	41.4010
515.0000	90.0000	-15.0499	41.3955
516.0000	90.0000	-15.0503	41.3954
517.0000	90.0000	-15.0509	41.3951
518.0000	90.0000	-15.0514	41.3948
519.0000	90.0000	-15.0516	41.3948
520.0000	90.0000	-15.0517	41.3947
521.0000	90.0000	-15.0517	41.3947
522.0000	90.0000	-15.0518	41.3947
523.0000	90.0000	-15.0518	41.3947
524.0000	90.0000	-15.0518	41.3947
525.0000	90.0000	-15.0517	41.3947
526.0000	90.0000	-15.0517	41.3947
527.0000	90.0000	-15.0517	41.3947
528.0000	90.0000	-15.0517	41.3947
529.0000	90.0000	-15.0517	41.3947
530.0000	90.0000	-15.0517	41.3947
531.0000	90.0000	-15.0517	41.3947
532.0000	90.0000	-15.0517	41.3947
533.0000	90.0000	-15.0517	41.3947
534.0000	90.0000	-15.0533	41.3940
535.0000	90.0000	-15.0583	41.3916
536.0000	90.0000	-15.0707	41.3859
537.0000	90.0000	-15.0921	41.3760
538.0000	90.0000	-15.0939	41.3751
539.0000	90.0000	-15.0941	41.3750
540.0000	90.0000	-15.0944	41.3749
541.0000	90.0000	-15.0946	41.3748
542.0000	90.0000	-15.0946	41.3748
543.0000	90.0000	-15.0946	41.3748
544.0000	90.0000	-15.0968	41.3738
545.0000	90.0000	-15.1051	41.3699
546.0000	90.0000	-15.1203	41.3628
547.0000	90.0000	-15.1419	41.3529
548.0000	90.0000	-15.1702	41.3398
549.0000	90.0000	-15.2050	41.3237
550.0000	90.0000	-15.2462	41.3047
551.0000	90.0000	-15.2936	41.2829
552.0000	90.0000	-15.3469	41.2583
553.0000	90.0000	-15.4066	41.2310
554.0000	90.0000	-15.4678	41.2021
555.0000	90.0000	-15.5355	41.1709
556.0000	90.0000	-15.6088	41.1371
557.0000	90.0000	-15.6875	41.1009
558.0000	90.0000	-15.7722	41.0620
559.0000	90.0000	-15.8593	41.0212
560.0000	90.0000	-15.9537	40.9778
561.0000	90.0000	-16.0531	40.9321
562.0000	90.0000	-16.1573	40.8842
563.0000	90.0000	-16.2663	40.8341
564.0000	90.0000	-16.3799	40.7819
565.0000	90.0000	-16.4982	40.7276
566.0000	90.0000	-16.6209	40.6713
567.0000	90.0000	-16.7480	40.6129
568.0000	90.0000	-16.8794	40.5527
569.0000	90.0000	-17.0150	40.4905
570.0000	90.0000	-17.1548	40.4264
571.0000	90.0000	-17.2981	40.3607
572.0000	90.0000	-17.4433	40.2943
573.0000	90.0000	-17.6039	40.2207
574.0000	90.0000	-17.7696	40.1450
575.0000	90.0000	-17.9398	40.0671
576.0000	90.0000	-18.1143	39.9873
577.0000	90.0000	-18.2932	39.9056
578.0000	90.0000	-18.4763	39.8219
579.0000	90.0000	-18.6624	39.7370
580.0000	90.0000	-18.8523	39.6503
581.0000	90.0000	-19.0562	39.5573
582.0000	90.0000	-19.2650	39.4620
583.0000	90.0000	-19.4784	39.3647
584.0000	90.0000	-19.6962	39.2654
585.0000	90.0000	-19.9183	39.1642
586.0000	90.0000	-20.1447	39.0611
587.0000	90.0000	-20.3752	38.9561
588.0000	90.0000	-20.6094	38.8494
589.0000	90.0000	-20.8442	38.7426
590.0000	90.0000	-21.0917	38.6298
591.0000	90.0000	-21.3458	38.5142
592.0000	90.0000	-21.6043	38.3965
593.0000	90.0000	-21.8671	38.2769
594.0000	90.0000	-22.1342	38.1554
595.0000	90.0000	-22.4054	38.0320
596.0000	90.0000	-22.6806	37.9067
597.0000	90.0000	-22.9597	37.7797
598.0000	90.0000	-23.2428	37.6509
599.0000	90.0000	-23.5296	37.5205
600.0000	90.0000	-23.8163	37.3900
601.0000	90.0000	-24.1137	37.2547
602.0000	90.0000	-24.4183	37.1161
603.0000	90.0000	-24.7273	36.9755
604.0000	90.0000	-24.9652	36.8673
605.0000	90.0000	-24.9924	36.8549
606.0000	90.0000	-24.9986	36.8521
607.0000	90.0000	-25.0722	36.8186
608.0000	90.0000	-25.1659	36.7760
609.0000	90.0000	-25.2646	36.7311
610.0000	90.0000	-25.3675	36.6843
611.0000	90.0000	-25.4669	36.6391
612.0000	90.0000	-25.5671	36.5935
613.0000	90.0000	-25.6731	36.5454
614.0000	90.0000	-25.7851	36.4944
615.0000	90.0000	-25.9017	36.4414
616.0000	0.0000	-4.1164	-30.9181
616.0000	90.0000	44.9338	-44.9200
617.0000	0.0000	-4.1164	-30.9181
617.0000	90.0000	44.9336	-44.9201
618.0000	0.0000	-4.1164	-30.9181
618.0000	90.0000	44.9335	-44.9202
619.0000	0.0000	-4.1164	-30.9181
619.0000	90.0000	44.9335	-44.9203
620.0000	0.0000	-4.1164	-30.9181
620.0000	90.0000	44.9335	-44.9203
621.0000	0.0000	-4.1164	-30.9181
621.0000	90.0000	44.9335	-44.9203
622.0000	0.0000	-4.1164	-30.9181
622.0000	90.0000	44.9335	-44.9203
623.0000	0.0000	-4.1164	-30.9181
623.0000	90.0000	44.9335	-44.9203
624.0000	0.0000	-4.1164	-30.9181
624.0000	90.0000	44.9335	-44.9202
625.0000	0.0000	-4.1164	-30.9181
625.0000	90.0000	44.9331	-44.9226
626.0000	0.0000	-4.1164	-30.9181
626.0000	90.0000	44.9306	-44.9303
627.0000	0.0000	-4.1164	-30.9181
627.0000	90.0000	44.9255	-44.9449
628.0000	0.0000	-4.1164	-30.9181
628.0000	90.0000	44.9191	-44.9665
629.0000	0.0000	-4.1164	-30.9181
629.0000	90.0000	44.9106	-44.9949
630.0000	0.0000	-4.1164	-30.9181
630.0000	90.0000	44.8981	-45.0294
631.0000	0.0000	-4.1164	-30.9181
631.0000	90.0000	44.8858	-45.0715
632.0000	0.0000	-4.1164	-30.9181
632.0000	90.0000	44.8680	-45.1187
633.0000	0.0000	-4.1164	-30.9181
633.0000	90.0000	44.8640	-45.1335
634.0000	0.0000	-4.1164	-30.9181
634.0000	90.0000	44.8651	-45.1342
635.0000	0.0000	-4.1164	-30.9181
635.0000	90.0000	44.8642	-45.1349
636.0000	0.0000	-4.1164	-30.9181
636.0000	90.0000	44.8584	-45.1470
637.0000	0.0000	-4.1163	-30.9180
637.0000	90.0000	44.8520	-45.1639
638.0000	0.0000	-4.1127	-30.9215
638.0000	90.0000	44.8478	-45.1838
639.0000	0.0000	-4.1401	-30.9409
639.0000	90.0000	44.7966	-45.2794
640.0000	0.0000	-4.1590	-30.9916
640.0000	90.0000	44.7552	-45.3981
641.0000	0.0000	-4.1462	-31.0580
641.0000	90.0000	44.7569	-45.4836
642.0000	0.0000	-4.1463	-31.0620
642.0000	90.0000	44.7371	-45.5332
643.0000	0.0000	-4.1663	-31.0930
643.0000	90.0000	44.6841	-45.6507
644.0000	0.0000	-4.1675	-31.1627
644.0000	90.0000	44.6773	-45.7409
645.0000	0.0000	-4.1707	-31.2746
645.0000	90.0000	44.6681	-45.8665
646.0000	0.0000	-4.1751	-31.4126
646.0000	90.0000	44.6478	-46.0407
647.0000	0.0000	-4.1790	-31.5163
647.0000	90.0000	44.6407	-46.1549
648.0000	0.0000	-4.1802	-31.5260
648.0000	90.0000	44.6373	-46.1683
649.0000	0.0000	-4.1799	-31.5266
649.0000	90.0000	44.6369	-46.1705
650.0000	0.0000	-4.1795	-31.5281
650.0000	90.0000	44.6371	-46.1725
651.0000	0.0000	-4.1793	-31.5291
651.0000	90.0000	44.6371	-46.1737
652.0000	0.0000	-4.1793	-31.5294
652.0000	90.0000	44.6370	-46.1742
653.0000	0.0000	-4.1794	-31.5295
653.0000	90.0000	44.6368	-46.1743
654.0000	0.0000	-4.1795	-31.5295
654.0000	90.0000	44.6359	-46.1768
655.0000	0.0000	-4.1795	-31.5293
655.0000	90.0000	44.6324	-46.1830
656.0000	0.0000	-4.1755	-31.5332
656.0000	90.0000	44.6314	-46.1944
657.0000	0.0000	-4.1603	-31.5592
657.0000	90.0000	44.6447	-46.2172
658.0000	0.0000	-4.1510	-31.6126
658.0000	90.0000	44.6458	-46.2838
659.0000	0.0000	-4.1526	-31.7054
659.0000	90.0000	44.6422	-46.3830
660.0000	0.0000	-4.1565	-31.8274
660.0000	90.0000	44.6368	-46.5121
661.0000	0.0000	-4.1607	-31.9565
661.0000	90.0000	44.6299	-46.6486
662.0000	0.0000	-4.1650	-32.0976
662.0000	90.0000	44.6230	-46.7969
663.0000	0.0000	-4.1690	-32.2607
663.0000	90.0000	44.6145	-46.9717
664.0000	0.0000	-4.1731	-32.4364
664.0000	90.0000	44.6023	-47.1665
665.0000	0.0000	-4.1787	-32.6162
665.0000	90.0000	44.5858	-47.3717
666.0000	0.0000	-4.1834	-32.8068
666.0000	90.0000	44.5668	-47.5914
667.0000	0.0000	-4.1880	-33.0095
667.0000	90.0000	44.5598	-47.8056
668.0000	0.0000	-4.1927	-33.2153
668.0000	90.0000	44.5531	-48.0196
669.0000	0.0000	-4.1973	-33.4237
669.0000	90.0000	44.5455	-48.2357
670.0000	0.0000	-4.2019	-33.6394
670.0000	90.0000	44.5347	-48.4647
671.0000	0.0000	-4.2064	-33.8592
671.0000	90.0000	44.5203	-48.7066
672.0000	0.0000	-4.2097	-34.0794
672.0000	90.0000	44.5049	-48.9531
673.0000	0.0000	-4.2136	-34.3028
673.0000	90.0000	44.4860	-49.2101
674.0000	0.0000	-4.2175	-34.5300
674.0000	90.0000	44.4639	-49.4772
675.0000	0.0000	-4.2212	-34.7472
675.0000	90.0000	44.4366	-49.7385
676.0000	0.0000	-4.2241	-34.9145
676.0000	90.0000	44.4079	-49.9539
677.0000	0.0000	-4.2257	-35.0079
677.0000	90.0000	44.3807	-50.1008
678.0000	0.0000	-4.2256	-35.0193
678.0000	90.0000	44.3489	-50.1640
679.0000	0.0000	-4.2251	-35.0214
679.0000	90.0000	44.3154	-50.2243
680.0000	0.0000	-4.2248	-35.0235
680.0000	90.0000	44.3053	-50.2465
681.0000	0.0000	-4.2248	-35.0244
681.0000	90.0000	44.3014	-50.2561
682.0000	0.0000	-4.2249	-35.0248
682.0000	90.0000	44.2822	-50.2844
683.0000	0.0000	-4.2250	-35.0248
683.0000	90.0000	44.2625	-50.3166
684.0000	0.0000	-4.2251	-35.0247
684.0000	90.0000	44.2376	-50.3527
685.0000	0.0000	-4.2251	-35.0247
685.0000	90.0000	44.2099	-50.3945
686.0000	0.0000	-4.2251	-35.0247
686.0000	90.0000	44.1783	-50.4414
687.0000	0.0000	-4.2251	-35.0247
687.0000	90.0000	44.1424	-50.4932
688.0000	0.0000	-4.2251	-35.0247
688.0000	90.0000	44.1021	-50.5498
689.0000	0.0000	-4.2251	-35.0247
689.0000	90.0000	44.0575	-50.6109
690.0000	0.0000	-4.2251	-35.0247
690.0000	90.0000	44.0125	-50.6796
691.0000	0.0000	-4.2251	-35.0247
691.0000	90.0000	43.9570	-50.7480
692.0000	0.0000	-4.2251	-35.0247
692.0000	90.0000	43.8956	-50.8178
693.0000	0.0000	-4.2251	-35.0247
693.0000	90.0000	43.8364	-50.8971
694.0000	0.0000	-4.2251	-35.0247
694.0000	90.0000	43.7642	-50.9723
695.0000	0.0000	-4.2251	-35.0247
695.0000	90.0000	43.6947	-51.0571
696.0000	0.0000	-4.2251	-35.0247
696.0000	90.0000	43.6157	-51.1412
697.0000	0.0000	-4.2251	-35.0247
697.0000	90.0000	43.5285	-51.2234
698.0000	0.0000	-4.2251	-35.0247
698.0000	90.0000	43.4394	-51.3107
699.0000	0.0000	-4.2251	-35.0247
699.0000	90.0000	43.3476	-51.4035
700.0000	0.0000	-4.2251	-35.0247
700.0000	90.0000	43.2399	-51.4838
701.0000	0.0000	-4.2251	-35.0247
701.0000	90.0000	43.1358	-51.5757
702.0000	0.0000	-4.2251	-35.0247
702.0000	90.0000	43.0210	-51.6622
703.0000	0.0000	-4.2251	-35.0247
703.0000	90.0000	42.9023	-51.7515
704.0000	0.0000	-4.2251	-35.0247
704.0000	90.0000	42.7757	-51.8372
705.0000	0.0000	-4.2251	-35.0247
705.0000	90.0000	42.6472	-51.9235
706.0000	0.0000	-4.2251	-35.0247
706.0000	90.0000	42.5051	-52.0077
707.0000	0.0000	-4.2251	-35.0247
707.0000	90.0000	42.3490	-52.0891
708.0000	0.0000	-4.2251	-35.0247
708.0000	90.0000	42.1932	-52.1829
709.0000	0.0000	-4.2251	-35.0247
709.0000	90.0000	42.0215	-52.2543
710.0000	0.0000	-4.2251	-35.0247
710.0000	90.0000	41.8517	-52.3415
711.0000	0.0000	-4.2251	-35.0247
711.0000	90.0000	41.7504	-52.3853
712.0000	0.0000	-4.2251	-35.0247
712.0000	90.0000	41.7536	-52.3904
713.0000	0.0000	-4.2251	-35.0247
713.0000	90.0000	41.7506	-52.3920
714.0000	0.0000	-4.2251	-35.0247
714.0000	90.0000	41.7482	-52.3916
715.0000	0.0000	-4.2251	-35.0247
715.0000	90.0000	41.7469	-52.3912
716.0000	0.0000	-4.2251	-35.0245
716.0000	90.0000	41.7461	-52.3908
717.0000	0.0000	-4.2251	-35.0250
717.0000	90.0000	41.7340	-52.3951
718.0000	0.0000	-4.2251	-35.0250
718.0000	90.0000	41.7332	-52.3961
719.0000	0.0000	-4.2251	-35.0250
719.0000	90.0000	41.7332	-52.3964
720.0000	0.0000	-4.2251	-35.0250
720.0000	90.0000	41.7330	-52.3964
721.0000	0.0000	-4.2251	-35.0250
721.0000	90.0000	41.7329	-52.3964
722.0000	0.0000	-4.2251	-35.0250
722.0000	90.0000	41.7329	-52.3963
723.0000	0.0000	-4.2251	-35.0250
723.0000	90.0000	41.7328	-52.3963
724.0000	0.0000	-4.2251	-35.0249
724.0000	90.0000	41.7328	-52.3963
725.0000	0.0000	-4.2251	-35.0282
725.0000	90.0000	41.7328	-52.3963
726.0000	0.0000	-4.2251	-35.0392
726.0000	90.0000	41.7328	-52.3963
727.0000	0.0000	-4.2250	-35.0577
727.0000	90.0000	41.7328	-52.3963
728.0000	0.0000	-4.2251	-35.0851
728.0000	90.0000	41.7328	-52.3963
729.0000	0.0000	-4.2252	-35.1202
729.0000	90.0000	41.7328	-52.3963
730.0000	0.0000	-4.2252	-35.1628
730.0000	90.0000	41.7328	-52.3963
731.0000	0.0000	-4.2252	-35.2130
731.0000	90.0000	41.7328	-52.3963
732.0000	0.0000	-4.2253	-35.2705
732.0000	90.0000	41.7328	-52.3963
733.0000	0.0000	-4.2254	-35.3354
733.0000	90.0000	41.7328	-52.3963
734.0000	0.0000	-4.2255	-35.4078
734.0000	90.0000	41.7329	-52.3963
735.0000	0.0000	-4.2256	-35.4878
735.0000	90.0000	41.7309	-52.3974
736.0000	0.0000	-4.2257	-35.5752
736.0000	90.0000	41.7240	-52.3998
737.0000	0.0000	-4.2258	-35.6699
737.0000	90.0000	41.7104	-52.4047
738.0000	0.0000	-4.2259	-35.7717
738.0000	90.0000	41.6904	-52.4121
739.0000	0.0000	-4.2259	-35.8095
739.0000	90.0000	41.6631	-52.4230
740.0000	0.0000	-4.2259	-35.8094
740.0000	90.0000	41.6289	-52.4363
741.0000	0.0000	-4.2259	-35.8115
741.0000	90.0000	41.5882	-52.4522
742.0000	0.0000	-4.2259	-35.8130
742.0000	90.0000	41.5404	-52.4678
743.0000	0.0000	-4.2259	-35.8138
743.0000	90.0000	41.4870	-52.4863
744.0000	0.0000	-4.2259	-35.8142
744.0000	90.0000	41.4721	-52.4933
745.0000	0.0000	-4.2259	-35.8144
745.0000	90.0000	41.4720	-52.4945
746.0000	0.0000	-4.2259	-35.8145
746.0000	90.0000	41.4709	-52.4941
747.0000	0.0000	-4.2259	-35.8184
747.0000	90.0000	41.4701	-52.4936
748.0000	0.0000	-4.2258	-35.8307
748.0000	90.0000	41.4697	-52.4932
749.0000	0.0000	-4.2259	-35.8502
749.0000	90.0000	41.4696	-52.4931
750.0000	0.0000	-4.2259	-35.8784
750.0000	90.0000	41.4672	-52.4941
751.0000	0.0000	-4.2260	-35.9145
751.0000	90.0000	41.4598	-52.4958
752.0000	0.0000	-4.2260	-35.9580
752.0000	90.0000	41.4431	-52.5013
753.0000	0.0000	-4.2261	-36.0090
753.0000	90.0000	41.4429	-52.5021
754.0000	0.0000	-4.2261	-36.0673
754.0000	90.0000	41.4428	-52.5024
755.0000	0.0000	-4.2262	-36.1331
755.0000	90.0000	41.4426	-52.5022
756.0000	0.0000	-4.2263	-36.2063
756.0000	90.0000	41.4424	-52.5021
757.0000	0.0000	-4.2265	-36.2871
757.0000	90.0000	41.4423	-52.5020
758.0000	0.0000	-4.2266	-36.3752
758.0000	90.0000	41.4423	-52.5020
759.0000	0.0000	-4.2267	-36.4707
759.0000	90.0000	41.4423	-52.5020
760.0000	0.0000	-4.2269	-36.5734
760.0000	90.0000	41.4423	-52.5020
761.0000	0.0000	-4.2269	-36.6831
761.0000	90.0000	41.4423	-52.5020
762.0000	0.0000	-4.2271	-36.7997
762.0000	90.0000	41.4423	-52.5020
763.0000	0.0000	-4.2272	-36.9232
763.0000	90.0000	41.4423	-52.5020
764.0000	0.0000	-4.2274	-37.0534
764.0000	90.0000	41.4423	-52.5020
765.0000	0.0000	-4.2275	-37.1902
765.0000	90.0000	41.4423	-52.5020
766.0000	0.0000	-4.2278	-37.3336
766.0000	90.0000	41.4423	-52.5020
767.0000	0.0000	-4.2280	-37.4833
767.0000	90.0000	41.4423	-52.5020
768.0000	0.0000	-4.2283	-37.6395
768.0000	90.0000	41.4423	-52.5020
769.0000	0.0000	-4.2286	-37.8019
769.0000	90.0000	41.4423	-52.5020
770.0000	0.0000	-4.2289	-37.9704
770.0000	90.0000	41.4423	-52.5020
771.0000	0.0000	-4.2290	-38.1449
771.0000	90.0000	41.4423	-52.5020
772.0000	0.0000	-4.2292	-38.3255
772.0000	90.0000	41.4423	-52.5020
773.0000	0.0000	-4.2294	-38.5117
773.0000	90.0000	41.4423	-52.5018
774.0000	0.0000	-4.2249	-38.7077
774.0000	90.0000	41.4488	-52.4996
775.0000	0.0000	-4.2260	-38.9062
775.0000	90.0000	41.4475	-52.5013
776.0000	0.0000	-4.2263	-39.1099
776.0000	90.0000	41.4475	-52.5013
777.0000	0.0000	-4.2266	-39.3192
777.0000	90.0000	41.4475	-52.5013
778.0000	0.0000	-4.2269	-39.5341
778.0000	90.0000	41.4475	-52.5013
779.0000	0.0000	-4.2272	-39.7544
779.0000	90.0000	41.4476	-52.5012
780.0000	0.0000	-4.2294	-39.9805
780.0000	90.0000	41.4452	-52.5037
781.0000	0.0000	-4.2298	-40.2116
781.0000	90.0000	41.4451	-52.5037
782.0000	0.0000	-4.2302	-40.4464
782.0000	90.0000	41.4451	-52.5037
783.0000	0.0000	-4.2306	-40.6798
783.0000	90.0000	41.4451	-52.5037
784.0000	0.0000	-4.2309	-40.9115
784.0000	90.0000	41.4452	-52.5035
785.0000	0.0000	-4.2314	-41.1423
785.0000	90.0000	41.4451	-52.5040
786.0000	0.0000	-4.2318	-41.3711
786.0000	90.0000	41.4451	-52.5040
787.0000	0.0000	-4.2322	-41.6001
787.0000	90.0000	41.4451	-52.5040
788.0000	0.0000	-4.2327	-41.8357
788.0000	90.0000	41.4451	-52.5040
789.0000	0.0000	-4.2333	-42.0773
789.0000	90.0000	41.4451	-52.5040
790.0000	0.0000	-4.2340	-42.3248
790.0000	90.0000	41.4451	-52.5040
791.0000	0.0000	-4.2346	-42.5781
791.0000	90.0000	41.4452	-52.5038
792.0000	0.0000	-4.2354	-42.8378
792.0000	90.0000	41.4451	-52.5043
793.0000	0.0000	-4.2361	-43.1030
793.0000	90.0000	41.4451	-52.5043
794.0000	0.0000	-4.2369	-43.3740
794.0000	90.0000	41.4451	-52.5043
795.0000	0.0000	-4.2376	-43.6507
795.0000	90.0000	41.4451	-52.5043
796.0000	0.0000	-4.2384	-43.9331
796.0000	90.0000	41.4452	-52.5043
797.0000	0.0000	-4.2393	-44.2212
797.0000	90.0000	41.4433	-52.5052
798.0000	0.0000	-4.2401	-44.5147
798.0000	90.0000	41.4353	-52.5079
799.0000	0.0000	-4.2410	-44.8138
799.0000	90.0000	41.4204	-52.5126
800.0000	0.0000	-4.2419	-45.1180
800.0000	90.0000	41.3985	-52.5200
801.0000	0.0000	-4.2429	-45.4266
801.0000	90.0000	41.3705	-52.5297
802.0000	0.0000	-4.2440	-45.7385
802.0000	90.0000	41.3357	-52.5416
803.0000	0.0000	-4.2450	-46.0487
803.0000	90.0000	41.2939	-52.5535
804.0000	0.0000	-4.2462	-46.3573
804.0000	90.0000	41.2461	-52.5708
805.0000	0.0000	-4.2473	-46.6634
805.0000	90.0000	41.1913	-52.5862
806.0000	0.0000	-4.2484	-46.9673
806.0000	90.0000	41.1324	-52.6036
807.0000	0.0000	-4.2495	-47.2693
807.0000	90.0000	41.0689	-52.6242
808.0000	0.0000	-4.2504	-47.4791
808.0000	90.0000	40.9982	-52.6423
809.0000	0.0000	-4.2507	-47.5448
809.0000	90.0000	40.9221	-52.6632
810.0000	0.0000	-4.2512	-47.6795
810.0000	90.0000	40.8398	-52.6847
811.0000	0.0000	-4.2518	-47.8241
811.0000	90.0000	40.7521	-52.7097
812.0000	0.0000	-4.2525	-47.9737
812.0000	90.0000	40.7150	-52.7183
813.0000	0.0000	-4.2531	-48.1304
813.0000	90.0000	40.7152	-52.7203
814.0000	0.0000	-4.2534	-48.2026
814.0000	90.0000	40.7135	-52.7201
815.0000	0.0000	-4.2534	-48.2125
815.0000	90.0000	40.7123	-52.7195
816.0000	0.0000	-4.2537	-48.2678
816.0000	90.0000	40.7117	-52.7192
817.0000	0.0000	-4.2540	-48.3311
817.0000	90.0000	40.7037	-52.7208
818.0000	0.0000	-4.2540	-48.3459
818.0000	90.0000	40.6885	-52.7244
819.0000	0.0000	-4.2540	-48.3464
819.0000	90.0000	40.6664	-52.7297
820.0000	0.0000	-4.2540	-48.3476
820.0000	90.0000	40.6377	-52.7367
821.0000	0.0000	-4.2540	-48.3487
821.0000	90.0000	40.6017	-52.7443
822.0000	0.0000	-4.2540	-48.3558
822.0000	90.0000	40.5591	-52.7547
823.0000	0.0000	-4.2541	-48.3646
823.0000	90.0000	40.5098	-52.7662
824.0000	0.0000	-4.2541	-48.3731
824.0000	90.0000	40.4538	-52.7776
825.0000	0.0000	-4.2541	-48.3815
825.0000	90.0000	40.3938	-52.7916
826.0000	0.0000	-4.2542	-48.3899
826.0000	90.0000	40.3283	-52.8043
827.0000	0.0000	-4.2542	-48.3984
827.0000	90.0000	40.2567	-52.8186
828.0000	0.0000	-4.2543	-48.4102
828.0000	90.0000	40.2303	-52.8253
829.0000	0.0000	-4.2544	-48.4310
829.0000	90.0000	40.2301	-52.8262
830.0000	0.0000	-4.2546	-48.4610
830.0000	90.0000	40.2288	-52.8259
831.0000	0.0000	-4.2548	-48.4665
831.0000	90.0000	40.2279	-52.8255
832.0000	0.0000	-4.2548	-48.4665
832.0000	90.0000	40.2275	-52.8252
833.0000	0.0000	-4.2548	-48.4675
833.0000	90.0000	40.2273	-52.8252
834.0000	0.0000	-4.2549	-48.4764
834.0000	90.0000	40.2272	-52.8252
835.0000	0.0000	-4.2550	-48.4937
835.0000	90.0000	40.2272	-52.8252
836.0000	0.0000	-4.2550	-48.4941
836.0000	90.0000	40.2272	-52.8253
837.0000	0.0000	-4.2550	-48.4942
837.0000	90.0000	40.2272	-52.8253
838.0000	0.0000	-4.2549	-48.4944
838.0000	90.0000	40.2273	-52.8250
839.0000	0.0000	-4.2549	-48.4950
839.0000	90.0000	40.2272	-52.8256
840.0000	0.0000	-4.2549	-48.4950
840.0000	90.0000	40.2272	-52.8256
841.0000	0.0000	-4.2548	-48.4998
841.0000	90.0000	40.2273	-52.8254
842.0000	0.0000	-4.2556	-48.5179
842.0000	90.0000	40.2266	-52.8303
843.0000	0.0000	-4.3037	-48.5581
843.0000	90.0000	40.1741	-52.8992
844.0000	0.0000	-4.3249	-48.6300
844.0000	90.0000	40.1510	-52.9746
845.0000	0.0000	-4.3030	-48.7277
845.0000	90.0000	40.1751	-53.0345
846.0000	0.0000	-4.3020	-48.7485
846.0000	90.0000	40.1763	-53.0367
847.0000	0.0000	-4.3015	-48.7654
847.0000	90.0000	40.1769	-53.0363
848.0000	0.0000	-4.2977	-48.7845
848.0000	90.0000	40.1812	-53.0350
849.0000	0.0000	-4.2978	-48.8083
849.0000	90.0000	40.1813	-53.0356
850.0000	0.0000	-4.2981	-48.8405
850.0000	90.0000	40.1794	-53.0364
851.0000	0.0000	-4.2984	-48.8801
851.0000	90.0000	40.1791	-53.0365
852.0000	0.0000	-4.3026	-48.9311
852.0000	90.0000	40.1751	-53.0440
853.0000	0.0000	-4.3409	-49.0080
853.0000	90.0000	40.1339	-53.1027
854.0000	0.0000	-4.3447	-49.1299
854.0000	90.0000	40.1303	-53.1662
855.0000	0.0000	-4.3469	-49.2970
855.0000	90.0000	40.1286	-53.2659
856.0000	0.0000	-4.3490	-49.4886
856.0000	90.0000	40.1272	-53.3822
857.0000	0.0000	-4.3509	-49.7037
857.0000	90.0000	40.1250	-53.5145
858.0000	0.0000	-4.3542	-49.9516
858.0000	90.0000	40.1224	-53.6734
859.0000	0.0000	-4.3570	-50.2243
859.0000	90.0000	40.1204	-53.8494
860.0000	0.0000	-4.3597	-50.4688
860.0000	90.0000	40.1187	-53.9893
861.0000	0.0000	-4.3627	-50.6377
861.0000	90.0000	40.1167	-54.0468
862.0000	0.0000	-4.3638	-50.7567
862.0000	90.0000	40.1168	-54.0462
863.0000	0.0000	-4.3645	-50.8855
863.0000	90.0000	40.1163	-54.0491
864.0000	0.0000	-4.3656	-51.0203
864.0000	90.0000	40.1156	-54.0510
865.0000	0.0000	-4.3670	-51.1607
865.0000	90.0000	40.1128	-54.0526
866.0000	0.0000	-4.3686	-51.3070
866.0000	90.0000	40.1055	-54.0537
867.0000	0.0000	-4.3703	-51.4595
867.0000	90.0000	40.0889	-54.0567
868.0000	0.0000	-4.3719	-51.6183
868.0000	90.0000	40.0642	-54.0613
869.0000	0.0000	-4.3736	-51.7833
869.0000	90.0000	40.0329	-54.0673
870.0000	0.0000	-4.3753	-51.9543
870.0000	90.0000	39.9944	-54.0738
871.0000	0.0000	-4.3770	-52.1315
871.0000	90.0000	39.9492	-54.0824
872.0000	0.0000	-4.3787	-52.3145
872.0000	90.0000	39.8972	-54.0910
873.0000	0.0000	-4.3799	-52.4299
873.0000	90.0000	39.8394	-54.1013
874.0000	0.0000	-4.3799	-52.4323
874.0000	90.0000	39.8218	-54.1050
875.0000	0.0000	-4.3800	-52.4358
875.0000	90.0000	39.8215	-54.1057
876.0000	0.0000	-4.3800	-52.4388
876.0000	90.0000	39.8202	-54.1054
877.0000	0.0000	-4.3800	-52.4406
877.0000	90.0000	39.8063	-54.1068
878.0000	0.0000	-4.3801	-52.4415
878.0000	90.0000	39.7862	-54.1096
879.0000	0.0000	-4.3801	-52.4419
879.0000	90.0000	39.7594	-54.1140
880.0000	0.0000	-4.3801	-52.4421
880.0000	90.0000	39.7263	-54.1189
881.0000	0.0000	-4.3801	-52.4422
881.0000	90.0000	39.6867	-54.1253
882.0000	0.0000	-4.3801	-52.4423
882.0000	90.0000	39.6405	-54.1326
883.0000	0.0000	-4.3800	-52.4422
883.0000	90.0000	39.5879	-54.1405
884.0000	0.0000	-4.3801	-52.4426
884.0000	90.0000	39.5286	-54.1493
885.0000	0.0000	-4.3801	-52.4426
885.0000	90.0000	39.4629	-54.1586
886.0000	0.0000	-4.3801	-52.4426
886.0000	90.0000	39.3909	-54.1685
887.0000	0.0000	-4.3801	-52.4426
887.0000	90.0000	39.3126	-54.1795
888.0000	0.0000	-4.3801	-52.4426
888.0000	90.0000	39.2282	-54.1900
889.0000	0.0000	-4.3801	-52.4426
889.0000	90.0000	39.1380	-54.2013
890.0000	0.0000	-4.3801	-52.4426
890.0000	90.0000	39.1002	-54.2063
891.0000	0.0000	-4.3801	-52.4426
891.0000	90.0000	39.0882	-54.2083
892.0000	0.0000	-4.3801	-52.4426
892.0000	90.0000	39.0446	-54.2124
893.0000	0.0000	-4.3800	-52.4425
893.0000	90.0000	38.9968	-54.2170
894.0000	0.0000	-4.3735	-52.4461
894.0000	90.0000	38.9498	-54.2211
895.0000	0.0000	-4.4008	-52.4668
895.0000	90.0000	38.8613	-54.2716
896.0000	0.0000	-4.4265	-52.5210
896.0000	90.0000	38.7680	-54.3517
897.0000	0.0000	-4.4260	-52.6226
897.0000	90.0000	38.6957	-54.4483
898.0000	0.0000	-4.4274	-52.7584
898.0000	90.0000	38.6152	-54.5731
899.0000	0.0000	-4.4285	-52.9035
899.0000	90.0000	38.5291	-54.6997
900.0000	0.0000	-4.4249	-52.9813
900.0000	90.0000	38.4420	-54.7463
901.0000	0.0000	-4.4237	-53.0276
901.0000	90.0000	38.3467	-54.7566
902.0000	0.0000	-4.4237	-53.0812
902.0000	90.0000	38.2445	-54.7685
903.0000	0.0000	-4.4242	-53.1406
903.0000	90.0000	38.1364	-54.7784
904.0000	0.0000	-4.4249	-53.2061
904.0000	90.0000	38.0228	-54.7874
905.0000	0.0000	-4.4257	-53.2787
905.0000	90.0000	37.9039	-54.7956
906.0000	0.0000	-4.4268	-53.3587
906.0000	90.0000	37.7798	-54.8035
907.0000	0.0000	-4.4278	-53.4460
907.0000	90.0000	37.6507	-54.8110
908.0000	0.0000	-4.4289	-53.5407
908.0000	90.0000	37.5754	-54.8152
909.0000	0.0000	-4.4301	-53.6426
909.0000	90.0000	37.5614	-54.8167
910.0000	0.0000	-4.4313	-53.7515
910.0000	90.0000	37.5010	-54.8196
911.0000	0.0000	-4.4326	-53.8673
911.0000	90.0000	37.4826	-54.8204
912.0000	0.0000	-4.4341	-53.9901
912.0000	90.0000	37.4822	-54.8204
913.0000	0.0000	-4.4356	-54.1195
913.0000	90.0000	37.4813	-54.8201
914.0000	0.0000	-4.4371	-54.2556
914.0000	90.0000	37.4806	-54.8199
915.0000	0.0000	-4.4388	-54.3983
915.0000	90.0000	37.4735	-54.8201
916.0000	0.0000	-4.4404	-54.5474
916.0000	90.0000	37.4594	-54.8207
917.0000	0.0000	-4.4421	-54.7028
917.0000	90.0000	37.4364	-54.8218
918.0000	0.0000	-4.4440	-54.8645
918.0000	90.0000	37.4057	-54.8233
919.0000	0.0000	-4.4460	-55.0324
919.0000	90.0000	37.3678	-54.8251
920.0000	0.0000	-4.4480	-55.2063
920.0000	90.0000	37.3228	-54.8271
921.0000	0.0000	-4.4501	-55.3861
921.0000	90.0000	37.2710	-54.8294
922.0000	0.0000	-4.4521	-55.5718
922.0000	90.0000	37.2128	-54.8318
923.0000	0.0000	-4.4543	-55.7639
923.0000	90.0000	37.1492	-54.8349
924.0000	0.0000	-4.4565	-55.9612
924.0000	90.0000	37.0813	-54.8374
925.0000	0.0000	-4.4588	-56.1643
925.0000	90.0000	37.0072	-54.8403
926.0000	0.0000	-4.4611	-56.3730
926.0000	90.0000	36.9269	-54.8432
927.0000	0.0000	-4.4636	-56.5873
927.0000	90.0000	36.8406	-54.8459
928.0000	0.0000	-4.4661	-56.8070
928.0000	90.0000	36.7485	-54.8488
929.0000	0.0000	-4.4687	-57.0322
929.0000	90.0000	36.6506	-54.8519
930.0000	0.0000	-4.4713	-57.2627
930.0000	90.0000	36.5471	-54.8544
931.0000	0.0000	-4.4740	-57.4974
931.0000	90.0000	36.4381	-54.8572
932.0000	0.0000	-4.4766	-57.7308
932.0000	90.0000	36.3237	-54.8598
933.0000	0.0000	-4.4792	-57.9628
933.0000	90.0000	36.2040	-54.8622
934.0000	0.0000	-4.4818	-58.1932
934.0000	90.0000	36.0793	-54.8647
935.0000	0.0000	-4.4843	-58.4222
935.0000	90.0000	35.9494	-54.8666
936.0000	0.0000	-4.4867	-58.6507
936.0000	90.0000	35.8147	-54.8684
937.0000	0.0000	-4.4893	-58.8856
937.0000	90.0000	35.6751	-54.8706
938.0000	0.0000	-4.4920	-59.1266
938.0000	90.0000	35.5308	-54.8714
939.0000	0.0000	-4.4947	-59.3734
939.0000	90.0000	35.3818	-54.8726
940.0000	0.0000	-4.4965	-59.5408
940.0000	90.0000	35.2283	-54.8737
941.0000	0.0000	-4.4970	-59.5918
941.0000	90.0000	35.0709	-54.8744
942.0000	0.0000	-4.4983	-59.7106
942.0000	90.0000	34.9114	-54.8744
943.0000	0.0000	-4.4993	-59.8066
943.0000	90.0000	34.7350	-54.8746
944.0000	0.0000	-4.5002	-59.8933
944.0000	90.0000	34.5530	-54.8739
945.0000	0.0000	-4.5005	-59.9200
945.0000	90.0000	34.3662	-54.8735
946.0000	0.0000	-4.5005	-59.9210
946.0000	90.0000	34.1744	-54.8725
947.0000	0.0000	-4.5005	-59.9235
947.0000	90.0000	33.9780	-54.8711
948.0000	0.0000	-4.5007	-59.9392
948.0000	90.0000	33.7769	-54.8695
949.0000	0.0000	-4.5009	-59.9641
949.0000	90.0000	33.5725	-54.8676
950.0000	0.0000	-4.5013	-59.9978
950.0000	90.0000	33.3641	-54.8653
951.0000	0.0000	-4.5014	-60.0029
951.0000	90.0000	33.1402	-54.8625
952.0000	0.0000	-4.5014	-60.0031
952.0000	90.0000	32.9109	-54.8594
953.0000	0.0000	-4.5014	-60.0036
953.0000	90.0000	32.6766	-54.8564
954.0000	0.0000	-4.5014	-60.0040
954.0000	90.0000	32.4375	-54.8526
955.0000	0.0000	-4.5014	-60.0042
955.0000	90.0000	32.1936	-54.8486
956.0000	0.0000	-4.5014	-60.0043
956.0000	90.0000	31.9451	-54.8447
957.0000	0.0000	-4.5014	-60.0044
957.0000	90.0000	31.7684	-54.8418
958.0000	0.0000	-4.5014	-60.0044
958.0000	90.0000	31.7653	-54.8420
959.0000	0.0000	-4.5014	-60.0044
959.0000	90.0000	31.7610	-54.8419
960.0000	0.0000	-4.5014	-60.0044
960.0000	90.0000	31.7579	-54.8418
961.0000	0.0000	-4.5014	-60.0044
961.0000	90.0000	31.7562	-54.8418
962.0000	0.0000	-4.5014	-60.0044
962.0000	90.0000	31.7553	-54.8417
963.0000	0.0000	-4.5014	-60.0043
963.0000	90.0000	31.7510	-54.8415
964.0000	0.0000	-4.5014	-60.0047
964.0000	90.0000	31.7416	-54.8418
965.0000	0.0000	-4.5014	-60.0047
965.0000	90.0000	31.7257	-54.8415
966.0000	0.0000	-4.5014	-60.0047
966.0000	90.0000	31.7031	-54.8411
967.0000	0.0000	-4.5014	-60.0047
967.0000	90.0000	31.6741	-54.8406
968.0000	0.0000	-4.5014	-60.0046
968.0000	90.0000	31.6382	-54.8397
969.0000	0.0000	-4.5014	-60.0051
969.0000	90.0000	31.5957	-54.8394
970.0000	0.0000	-4.5014	-60.0051
970.0000	90.0000	31.5466	-54.8385
971.0000	0.0000	-4.5014	-60.0051
971.0000	90.0000	31.4909	-54.8375
972.0000	0.0000	-4.5014	-60.0051
972.0000	90.0000	31.4287	-54.8364
973.0000	0.0000	-4.5014	-60.0051
973.0000	90.0000	31.3599	-54.8350
974.0000	0.0000	-4.5014	-60.0051
974.0000	90.0000	31.2848	-54.8336
975.0000	0.0000	-4.5014	-60.0051
975.0000	90.0000	31.2036	-54.8320
976.0000	0.0000	-4.5014	-60.0051
976.0000	90.0000	31.1162	-54.8304
977.0000	0.0000	-4.5014	-60.0051
977.0000	90.0000	31.0230	-54.8285
978.0000	0.0000	-4.5014	-60.0051
978.0000	90.0000	30.9241	-54.8265
979.0000	0.0000	-4.5014	-60.0051
979.0000	90.0000	30.8196	-54.8245
980.0000	0.0000	-4.5014	-60.0051
980.0000	90.0000	30.7097	-54.8223
981.0000	0.0000	-4.5014	-60.0051
981.0000	90.0000	30.5944	-54.8200
982.0000	0.0000	-4.5014	-60.0050
982.0000	90.0000	30.4738	-54.8175
983.0000	0.0000	-4.5015	-60.0085
983.0000	90.0000	30.3482	-54.8150
984.0000	0.0000	-4.5015	-60.0193
984.0000	90.0000	30.2175	-54.8123
985.0000	0.0000	-4.5018	-60.0384
985.0000	90.0000	30.0819	-54.8094
986.0000	0.0000	-4.5021	-60.0656
986.0000	90.0000	29.9416	-54.8066
987.0000	0.0000	-4.5025	-60.1009
987.0000	90.0000	29.7965	-54.8035
988.0000	0.0000	-4.5030	-60.1437
988.0000	90.0000	29.6468	-54.8004
989.0000	0.0000	-4.5035	-60.1939
989.0000	90.0000	29.4925	-54.7972
990.0000	0.0000	-4.5041	-60.2514
990.0000	90.0000	29.3351	-54.7939
991.0000	0.0000	-4.5048	-60.3163
991.0000	90.0000	29.1728	-54.7904
992.0000	0.0000	-4.5055	-60.3885
992.0000	90.0000	28.9950	-54.7865
993.0000	0.0000	-4.4988	-60.4572
993.0000	90.0000	28.8190	-54.7821
994.0000	0.0000	-4.4957	-60.5416
994.0000	90.0000	28.6346	-54.8000
995.0000	0.0000	-4.4949	-60.5603
995.0000	90.0000	28.4430	-54.7992
996.0000	0.0000	-4.4949	-60.5608
996.0000	90.0000	28.2457	-54.7949
997.0000	0.0000	-4.4950	-60.5629
997.0000	90.0000	28.0439	-54.7908
998.0000	0.0000	-4.4950	-60.5791
998.0000	90.0000	27.8393	-54.7867
999.0000	0.0000	-4.4953	-60.6024
999.0000	90.0000	27.6290	-54.7823
