0.0000	50.0000	-57.5345	24.7754
0.0000	104.0000	13.9501	17.9833
0.0000	154.0000	0.1500	-9.7301
0.0000	156.0000	-4.0810	31.0571
0.0000	190.0000	61.9738	-39.2699
1.0000	50.0000	-57.5421	25.1552
1.0000	104.0000	13.9467	17.7666
1.0000	154.0000	0.1500	-9.8404
1.0000	156.0000	-4.0864	30.8377
1.0000	190.0000	61.9793	-39.4791
2.0000	50.0000	-57.5494	25.5328
2.0000	104.0000	13.9435	17.5449
2.0000	154.0000	0.1497	-9.9503
2.0000	156.0000	-4.0916	30.6134
2.0000	190.0000	61.9844	-39.6938
3.0000	50.0000	-57.5555	25.9034
3.0000	104.0000	13.9413	17.3111
3.0000	154.0000	0.1493	-10.0664
3.0000	156.0000	-4.0951	30.3777
3.0000	190.0000	61.9881	-39.9227
4.0000	50.0000	-57.5623	26.2784
4.0000	104.0000	13.9387	17.0811
4.0000	154.0000	0.1490	-10.1739
4.0000	156.0000	-4.0994	30.1454
4.0000	190.0000	61.9928	-40.1466
5.0000	50.0000	-57.5691	26.6642
5.0000	104.0000	13.9361	16.8594
5.0000	154.0000	0.1486	-10.2679
5.0000	156.0000	-4.1035	29.9216
5.0000	190.0000	61.9970	-40.3625
6.0000	50.0000	-57.5747	27.0501
6.0000	104.0000	13.9345	16.6326
6.0000	154.0000	0.1479	-10.3616
6.0000	156.0000	-4.1061	29.6934
6.0000	190.0000	61.9998	-40.5857
7.0000	50.0000	-57.5809	27.4270
7.0000	104.0000	13.9326	16.3964
7.0000	154.0000	0.1473	-10.4601
7.0000	156.0000	-4.1093	29.4554
7.0000	190.0000	62.0035	-40.8173
8.0000	50.0000	-57.5873	27.8104
8.0000	104.0000	13.9307	16.1644
8.0000	154.0000	0.1468	-10.5496
8.0000	156.0000	-4.1125	29.2217
8.0000	190.0000	62.0060	-41.0446
9.0000	50.0000	-57.5925	28.2165
9.0000	104.0000	13.9296	15.9505
9.0000	154.0000	0.1458	-10.6159
9.0000	156.0000	-4.1143	29.0067
9.0000	190.0000	62.0082	-41.2558
10.0000	50.0000	-57.5973	28.6823
10.0000	104.0000	13.9286	15.7935
10.0000	154.0000	0.1448	-10.6204
10.0000	156.0000	-4.1159	28.8489
10.0000	190.0000	62.0100	-41.4104
11.0000	50.0000	-57.6007	29.2389
11.0000	104.0000	13.9284	15.7226
11.0000	154.0000	0.1431	-10.5343
11.0000	156.0000	-4.1162	28.7778
11.0000	190.0000	62.0102	-41.4809
12.0000	50.0000	-57.6036	29.8690
12.0000	104.0000	13.9285	15.7225
12.0000	154.0000	0.1416	-10.3761
12.0000	156.0000	-4.1161	28.7778
12.0000	190.0000	62.0100	-41.4812
13.0000	50.0000	-57.6067	30.5013
13.0000	104.0000	13.9285	15.7229
13.0000	154.0000	0.1397	-10.2003
13.0000	156.0000	-4.1161	28.7782
13.0000	190.0000	62.0100	-41.4809
14.0000	50.0000	-57.6099	31.1352
14.0000	104.0000	13.9285	15.7231
14.0000	154.0000	0.1385	-10.0857
14.0000	156.0000	-4.1161	28.7785
14.0000	190.0000	62.0100	-41.4807
15.0000	50.0000	-57.6130	31.7710
15.0000	104.0000	13.9285	15.7234
15.0000	154.0000	0.1383	-10.0494
15.0000	156.0000	-4.1161	28.7787
15.0000	190.0000	62.0100	-41.4804
16.0000	50.0000	-57.6162	32.4038
16.0000	104.0000	13.9285	15.7189
16.0000	154.0000	0.1374	-9.9712
16.0000	156.0000	-4.1161	28.7742
16.0000	190.0000	62.0101	-41.4848
17.0000	50.0000	-57.6100	33.0313
17.0000	104.0000	13.9332	15.6882
17.0000	154.0000	0.1343	-9.9169
17.0000	156.0000	-4.1079	28.7483
17.0000	190.0000	61.9994	-41.5285
18.0000	50.0000	-57.6101	33.6167
18.0000	104.0000	13.9347	15.6267
18.0000	154.0000	0.1328	-9.9032
18.0000	156.0000	-4.1053	28.6885
18.0000	190.0000	61.9961	-41.5939
19.0000	50.0000	-57.6147	34.1556
19.0000	104.0000	13.9322	15.5263
19.0000	154.0000	0.1322	-9.9276
19.0000	156.0000	-4.1067	28.5855
19.0000	190.0000	61.9976	-41.6925
20.0000	50.0000	-57.6184	34.6774
20.0000	104.0000	13.9262	15.4061
20.0000	154.0000	0.1315	-9.9657
20.0000	156.0000	-4.1076	28.4565
20.0000	190.0000	61.9986	-41.8112
21.0000	50.0000	-57.6236	35.1868
21.0000	104.0000	13.9091	15.2754
21.0000	154.0000	0.1312	-10.0091
21.0000	156.0000	-4.1097	28.3081
21.0000	190.0000	62.0016	-41.9383
22.0000	50.0000	-57.6282	35.6780
22.0000	104.0000	13.9081	15.1240
22.0000	154.0000	0.1305	-10.0674
22.0000	156.0000	-4.1111	28.1327
22.0000	190.0000	62.0024	-42.0874
23.0000	50.0000	-57.6325	36.1509
23.0000	104.0000	13.9072	14.9522
23.0000	154.0000	0.1297	-10.1403
23.0000	156.0000	-4.1121	27.9303
23.0000	190.0000	62.0038	-42.2574
24.0000	50.0000	-57.6367	36.6183
24.0000	104.0000	13.9064	14.7739
24.0000	154.0000	0.1288	-10.2141
24.0000	156.0000	-4.1133	27.7141
24.0000	190.0000	62.0050	-42.4341
25.0000	50.0000	-57.6413	37.0794
25.0000	104.0000	13.9055	14.5895
25.0000	154.0000	0.1282	-10.2887
25.0000	156.0000	-4.1146	27.5206
25.0000	190.0000	62.0069	-42.6162
26.0000	50.0000	-57.6455	37.5287
26.0000	104.0000	13.9049	14.3917
26.0000	154.0000	0.1274	-10.3713
26.0000	156.0000	-4.1156	27.3218
26.0000	190.0000	62.0085	-42.8122
27.0000	50.0000	-57.6496	37.9714
27.0000	104.0000	13.9044	14.1868
27.0000	154.0000	0.1267	-10.4558
27.0000	156.0000	-4.1165	27.1155
27.0000	190.0000	62.0101	-43.0155
28.0000	50.0000	-57.6537	38.4145
28.0000	104.0000	13.9040	13.9815
28.0000	154.0000	0.1257	-10.5356
28.0000	156.0000	-4.1174	26.9092
28.0000	190.0000	62.0115	-43.2192
29.0000	50.0000	-57.6580	38.8520
29.0000	104.0000	13.9034	13.7699
29.0000	154.0000	0.1243	-10.6165
29.0000	156.0000	-4.1184	26.6969
29.0000	190.0000	62.0127	-43.4293
30.0000	50.0000	-57.6617	39.2828
30.0000	104.0000	13.9030	13.5500
30.0000	154.0000	0.1226	-10.7006
30.0000	156.0000	-4.1190	26.4767
30.0000	190.0000	62.0132	-43.6484
31.0000	50.0000	-57.6655	39.7137
31.0000	104.0000	13.9008	13.3300
31.0000	154.0000	0.1209	-10.7801
31.0000	156.0000	-4.1196	26.2563
31.0000	190.0000	62.0137	-43.8676
32.0000	50.0000	-57.6694	40.1442
32.0000	104.0000	13.8944	13.1092
32.0000	154.0000	0.1192	-10.8557
32.0000	156.0000	-4.1203	26.0352
32.0000	190.0000	62.0143	-44.0875
33.0000	50.0000	-57.6731	40.5696
33.0000	104.0000	13.8797	12.8828
33.0000	154.0000	0.1175	-10.9320
33.0000	156.0000	-4.1208	25.8087
33.0000	190.0000	62.0148	-44.3130
34.0000	50.0000	-57.6763	40.9099
34.0000	104.0000	13.8577	12.6547
34.0000	154.0000	0.1157	-11.0056
34.0000	156.0000	-4.1213	25.5805
34.0000	190.0000	62.0152	-44.5403
35.0000	50.0000	-57.6780	41.0507
35.0000	104.0000	13.8275	12.4390
35.0000	154.0000	0.1140	-11.0633
35.0000	156.0000	-4.1215	25.3650
35.0000	190.0000	62.0154	-44.7556
36.0000	50.0000	-57.6797	41.2443
36.0000	104.0000	13.7901	12.2778
36.0000	154.0000	0.1122	-11.0615
36.0000	156.0000	-4.1216	25.2041
36.0000	190.0000	62.0156	-44.9162
37.0000	50.0000	-57.6811	41.5145
37.0000	104.0000	13.7457	12.2003
37.0000	154.0000	0.1103	-10.9604
37.0000	156.0000	-4.1216	25.1269
37.0000	190.0000	62.0156	-44.9933
38.0000	50.0000	-57.6823	41.8591
38.0000	104.0000	13.6946	12.1979
38.0000	154.0000	0.1083	-10.7791
38.0000	156.0000	-4.1215	25.1251
38.0000	190.0000	62.0154	-44.9954
39.0000	50.0000	-57.6837	42.2086
39.0000	104.0000	13.6369	12.1978
39.0000	154.0000	0.1071	-10.6581
39.0000	156.0000	-4.1214	25.1255
39.0000	190.0000	62.0155	-44.9951
40.0000	50.0000	-57.6852	42.5619
40.0000	104.0000	13.5728	12.1975
40.0000	154.0000	0.1069	-10.6536
40.0000	156.0000	-4.1214	25.1257
40.0000	190.0000	62.0155	-44.9948
41.0000	50.0000	-57.6867	42.9197
41.0000	104.0000	13.5033	12.1971
41.0000	154.0000	0.1069	-10.6483
41.0000	156.0000	-4.1214	25.1259
41.0000	190.0000	62.0156	-44.9947
42.0000	50.0000	-57.6882	43.2823
42.0000	104.0000	13.4294	12.1965
42.0000	154.0000	0.1067	-10.6352
42.0000	156.0000	-4.1214	25.1260
42.0000	190.0000	62.0137	-44.9946
43.0000	50.0000	-57.6897	43.6498
43.0000	104.0000	13.3495	12.1959
43.0000	154.0000	0.1068	-10.6342
43.0000	156.0000	-4.1214	25.1260
43.0000	190.0000	62.0054	-44.9945
44.0000	50.0000	-57.6913	44.0221
44.0000	104.0000	13.2636	12.1952
44.0000	154.0000	0.1068	-10.6336
44.0000	156.0000	-4.1214	25.1260
44.0000	190.0000	61.9889	-44.9946
45.0000	50.0000	-57.6930	44.3993
45.0000	104.0000	13.1719	12.1944
45.0000	154.0000	0.1068	-10.6333
45.0000	156.0000	-4.1214	25.1261
45.0000	190.0000	61.9662	-44.9948
46.0000	50.0000	-57.6946	44.7813
46.0000	104.0000	13.0744	12.1936
46.0000	154.0000	0.1068	-10.6332
46.0000	156.0000	-4.1214	25.1261
46.0000	190.0000	61.9363	-44.9949
47.0000	50.0000	-57.6963	45.1681
47.0000	104.0000	12.9713	12.1928
47.0000	154.0000	0.1068	-10.6331
47.0000	156.0000	-4.1214	25.1261
47.0000	190.0000	61.8990	-44.9952
48.0000	50.0000	-57.6980	45.5595
48.0000	104.0000	12.8627	12.1918
48.0000	154.0000	0.1068	-10.6331
48.0000	156.0000	-4.1214	25.1261
48.0000	190.0000	61.8547	-44.9954
49.0000	50.0000	-57.6997	45.9558
49.0000	104.0000	12.8108	12.1916
49.0000	154.0000	0.1068	-10.6329
49.0000	156.0000	-4.1214	25.1262
49.0000	190.0000	61.8036	-44.9956
50.0000	50.0000	-57.7015	46.3530
50.0000	104.0000	12.8109	12.1881
50.0000	154.0000	0.1068	-10.6364
50.0000	156.0000	-4.1214	25.1227
50.0000	190.0000	61.7460	-44.9994
51.0000	50.0000	-57.6994	46.7384
51.0000	104.0000	12.8097	12.1628
51.0000	154.0000	0.1061	-10.6606
51.0000	156.0000	-4.1192	25.0988
51.0000	190.0000	61.6817	-45.0289
52.0000	50.0000	-57.6950	47.0951
52.0000	104.0000	12.8101	12.1010
52.0000	154.0000	0.1050	-10.7208
52.0000	156.0000	-4.1159	25.0391
52.0000	190.0000	61.6198	-45.0971
53.0000	50.0000	-57.6953	47.4111
53.0000	104.0000	12.8097	12.0007
53.0000	154.0000	0.1047	-10.8207
53.0000	156.0000	-4.1150	24.9394
53.0000	190.0000	61.5585	-45.1993
54.0000	50.0000	-57.6973	47.7088
54.0000	104.0000	12.8093	11.8803
54.0000	154.0000	0.1046	-10.9411
54.0000	156.0000	-4.1152	24.8190
54.0000	190.0000	61.4925	-45.3199
55.0000	50.0000	-57.7002	48.0007
55.0000	104.0000	12.8089	11.7513
55.0000	154.0000	0.1049	-11.0704
55.0000	156.0000	-4.1158	24.6896
55.0000	190.0000	61.4222	-45.4481
56.0000	50.0000	-57.7024	48.2780
56.0000	104.0000	12.8052	11.6025
56.0000	154.0000	0.1051	-11.2194
56.0000	156.0000	-4.1159	24.5406
56.0000	190.0000	61.3472	-45.5970
57.0000	50.0000	-57.7045	48.5354
57.0000	104.0000	12.7968	11.4294
57.0000	154.0000	0.1050	-11.3927
57.0000	156.0000	-4.1161	24.3672
57.0000	190.0000	61.2658	-45.7706
58.0000	50.0000	-57.7065	48.7896
58.0000	104.0000	12.7784	11.2484
58.0000	154.0000	0.1049	-11.5735
58.0000	156.0000	-4.1162	24.1865
58.0000	190.0000	61.1785	-45.9518
59.0000	50.0000	-57.7085	49.0476
59.0000	104.0000	12.7530	11.0672
59.0000	154.0000	0.1048	-11.7545
59.0000	156.0000	-4.1163	24.0054
59.0000	190.0000	61.0853	-46.1333
60.0000	50.0000	-57.7105	49.2975
60.0000	104.0000	12.7203	10.8741
60.0000	154.0000	0.1049	-11.9474
60.0000	156.0000	-4.1163	23.8125
60.0000	190.0000	60.9865	-46.3267
61.0000	50.0000	-57.7124	49.5362
61.0000	104.0000	12.6805	10.6657
61.0000	154.0000	0.1050	-12.1556
61.0000	156.0000	-4.1162	23.6043
61.0000	190.0000	60.8821	-46.5355
62.0000	50.0000	-57.7143	49.7780
62.0000	104.0000	12.6337	10.4564
62.0000	154.0000	0.1051	-12.3645
62.0000	156.0000	-4.1161	23.3954
62.0000	190.0000	60.7724	-46.7450
63.0000	50.0000	-57.7162	50.0379
63.0000	104.0000	12.6217	10.2617
63.0000	154.0000	0.1051	-12.5593
63.0000	156.0000	-4.1160	23.2008
63.0000	190.0000	60.6572	-46.9403
64.0000	50.0000	-57.7184	50.3336
64.0000	104.0000	12.6211	10.0991
64.0000	154.0000	0.1049	-12.7208
64.0000	156.0000	-4.1162	23.0382
64.0000	190.0000	60.5365	-47.1035
65.0000	50.0000	-57.7205	50.6417
65.0000	104.0000	12.6203	9.9453
65.0000	154.0000	0.1050	-12.8746
65.0000	156.0000	-4.1161	22.8843
65.0000	190.0000	60.4110	-47.2581
66.0000	50.0000	-57.7228	51.0018
66.0000	104.0000	12.6197	9.8401
66.0000	154.0000	0.1051	-12.9799
66.0000	156.0000	-4.1162	22.7791
66.0000	190.0000	60.3405	-47.3633
67.0000	50.0000	-57.7269	51.4522
67.0000	104.0000	12.6190	9.8240
67.0000	154.0000	0.1055	-12.9953
67.0000	156.0000	-4.1171	22.7624
67.0000	190.0000	60.3287	-47.3779
68.0000	50.0000	-57.7290	51.9252
68.0000	104.0000	12.6189	9.8243
68.0000	154.0000	0.1055	-12.9951
68.0000	156.0000	-4.1171	22.7626
68.0000	190.0000	60.2711	-47.3780
69.0000	50.0000	-57.7312	52.4017
69.0000	104.0000	12.6189	9.8245
69.0000	154.0000	0.1055	-12.9948
69.0000	156.0000	-4.1171	22.7629
69.0000	190.0000	60.2098	-47.3776
70.0000	50.0000	-57.7334	52.8816
70.0000	104.0000	12.6188	9.8247
70.0000	154.0000	0.1055	-12.9946
70.0000	156.0000	-4.1171	22.7631
70.0000	190.0000	60.1429	-47.3775
71.0000	50.0000	-57.7356	53.3647
71.0000	104.0000	12.6189	9.8248
71.0000	154.0000	0.1055	-12.9945
71.0000	156.0000	-4.1171	22.7632
71.0000	190.0000	60.0697	-47.3776
72.0000	50.0000	-57.7378	53.8512
72.0000	104.0000	12.6168	9.8248
72.0000	154.0000	0.1055	-12.9945
72.0000	156.0000	-4.1171	22.7632
72.0000	190.0000	59.9904	-47.3778
73.0000	50.0000	-57.7401	54.3409
73.0000	104.0000	12.6098	9.8247
73.0000	154.0000	0.1055	-12.9945
73.0000	156.0000	-4.1171	22.7633
73.0000	190.0000	59.9048	-47.3781
74.0000	50.0000	-57.7424	54.8338
74.0000	104.0000	12.5967	9.8246
74.0000	154.0000	0.1055	-12.9945
74.0000	156.0000	-4.1171	22.7633
74.0000	190.0000	59.8134	-47.3785
75.0000	50.0000	-57.7447	55.3299
75.0000	104.0000	12.5757	9.8246
75.0000	154.0000	0.1055	-12.9944
75.0000	156.0000	-4.1171	22.7633
75.0000	190.0000	59.7162	-47.3788
76.0000	104.0000	12.5470	9.8244
76.0000	154.0000	0.1055	-12.9944
76.0000	156.0000	-4.1171	22.7633
76.0000	190.0000	59.6133	-47.3792
77.0000	104.0000	12.5128	9.8242
77.0000	154.0000	0.1055	-12.9944
77.0000	156.0000	-4.1171	22.7633
77.0000	190.0000	59.5050	-47.3796
78.0000	104.0000	12.4719	9.8239
78.0000	154.0000	0.1055	-12.9945
78.0000	156.0000	-4.1171	22.7633
78.0000	190.0000	59.3913	-47.3801
79.0000	104.0000	12.4244	9.8236
79.0000	154.0000	0.1055	-12.9934
79.0000	156.0000	-4.1171	22.7633
79.0000	190.0000	59.2723	-47.3805
80.0000	104.0000	12.3702	9.8232
80.0000	154.0000	0.1055	-12.9935
80.0000	156.0000	-4.1171	22.7633
80.0000	190.0000	59.1482	-47.3810
81.0000	104.0000	12.3549	9.8229
81.0000	154.0000	0.1055	-12.9934
81.0000	156.0000	-4.1171	22.7633
81.0000	190.0000	59.0190	-47.3815
82.0000	104.0000	12.3543	9.8230
82.0000	154.0000	0.1055	-12.9934
82.0000	156.0000	-4.1171	22.7633
82.0000	190.0000	58.8850	-47.3820
83.0000	104.0000	12.3533	9.8230
83.0000	154.0000	0.1055	-12.9934
83.0000	156.0000	-4.1171	22.7633
83.0000	190.0000	58.8058	-47.3823
84.0000	104.0000	12.3527	9.8230
84.0000	154.0000	0.1055	-12.9934
84.0000	156.0000	-4.1171	22.7633
84.0000	190.0000	58.7918	-47.3821
85.0000	104.0000	12.3524	9.8231
85.0000	154.0000	0.1055	-12.9933
85.0000	156.0000	-4.1171	22.7634
85.0000	190.0000	58.7282	-47.3821
86.0000	104.0000	12.3522	9.8196
86.0000	154.0000	0.1055	-12.9969
86.0000	156.0000	-4.1171	22.7599
86.0000	190.0000	58.6617	-47.3862
87.0000	104.0000	12.3522	9.7962
87.0000	154.0000	0.1056	-13.0192
87.0000	156.0000	-4.1170	22.7365
87.0000	190.0000	58.5898	-47.4101
88.0000	104.0000	12.3536	9.7340
88.0000	154.0000	0.1042	-13.0799
88.0000	156.0000	-4.1141	22.6763
88.0000	190.0000	58.5062	-47.4782
89.0000	104.0000	12.3538	9.6311
89.0000	154.0000	0.1039	-13.1826
89.0000	156.0000	-4.1136	22.5737
89.0000	190.0000	58.4208	-47.5826
90.0000	104.0000	12.3541	9.4899
90.0000	154.0000	0.1039	-13.3237
90.0000	156.0000	-4.1133	22.4327
90.0000	190.0000	58.3302	-47.7246
91.0000	104.0000	12.3521	9.3151
91.0000	154.0000	0.1038	-13.4985
91.0000	156.0000	-4.1134	22.2579
91.0000	190.0000	58.2934	-47.8996
92.0000	104.0000	12.3443	9.1090
92.0000	154.0000	0.1039	-13.7046
92.0000	156.0000	-4.1133	22.0518
92.0000	190.0000	58.2811	-48.1059
93.0000	104.0000	12.3308	8.8725
93.0000	154.0000	0.1039	-13.9410
93.0000	156.0000	-4.1132	21.8154
93.0000	190.0000	58.2337	-48.3427
94.0000	104.0000	12.3072	8.6062
94.0000	154.0000	0.1039	-14.2069
94.0000	156.0000	-4.1131	21.5495
94.0000	190.0000	58.1822	-48.6092
95.0000	104.0000	12.2772	8.3210
95.0000	154.0000	0.1039	-14.4917
95.0000	156.0000	-4.1128	21.2647
95.0000	190.0000	58.1246	-48.8950
96.0000	104.0000	12.2399	8.0507
96.0000	154.0000	0.1038	-14.7616
96.0000	156.0000	-4.1124	20.9948
96.0000	190.0000	58.0607	-49.1659
97.0000	104.0000	12.1955	7.7774
97.0000	154.0000	0.1037	-15.0345
97.0000	156.0000	-4.1121	20.7220
97.0000	190.0000	57.9906	-49.4398
98.0000	104.0000	12.1445	7.4955
98.0000	154.0000	0.1036	-15.3157
98.0000	156.0000	-4.1117	20.4409
98.0000	190.0000	57.9163	-49.7224
99.0000	104.0000	12.0869	7.2523
99.0000	154.0000	0.1035	-15.5583
99.0000	156.0000	-4.1113	20.1984
99.0000	190.0000	57.8363	-49.9663
100.0000	104.0000	12.0228	7.0858
100.0000	154.0000	0.1033	-15.7241
100.0000	156.0000	-4.1110	20.0325
100.0000	190.0000	57.8057	-50.1329
101.0000	104.0000	11.9544	7.0040
101.0000	154.0000	0.1011	-15.8034
101.0000	156.0000	-4.1078	19.9538
101.0000	190.0000	57.7864	-50.2213
102.0000	104.0000	11.8806	7.0014
102.0000	154.0000	0.1010	-15.8055
102.0000	156.0000	-4.1075	19.9520
102.0000	190.0000	57.7472	-50.2239
103.0000	104.0000	11.8007	7.0013
103.0000	154.0000	0.1010	-15.8040
103.0000	156.0000	-4.1075	19.9507
103.0000	190.0000	57.7042	-50.2238
104.0000	104.0000	11.7147	7.0009
104.0000	154.0000	0.1010	-15.8028
104.0000	156.0000	-4.1075	19.9453
104.0000	190.0000	57.6550	-50.2239
105.0000	104.0000	11.6228	7.0004
105.0000	154.0000	0.1010	-15.8028
105.0000	156.0000	-4.1074	19.9320
105.0000	190.0000	57.5993	-50.2240
106.0000	104.0000	11.5253	6.9951
106.0000	154.0000	0.1010	-15.8073
106.0000	156.0000	-4.1073	19.9040
106.0000	190.0000	57.5390	-50.2289
107.0000	104.0000	11.4220	6.9668
107.0000	154.0000	0.1012	-15.8349
107.0000	156.0000	-4.1073	19.8464
107.0000	190.0000	57.4812	-50.2564
108.0000	104.0000	11.3139	6.9518
108.0000	154.0000	0.1004	-15.8483
108.0000	156.0000	-4.1057	19.7960
108.0000	190.0000	57.4185	-50.2738
109.0000	104.0000	11.1999	6.9509
109.0000	154.0000	0.1004	-15.8484
109.0000	156.0000	-4.1057	19.7517
109.0000	190.0000	57.3534	-50.2742
110.0000	104.0000	11.0805	6.9500
110.0000	154.0000	0.1004	-15.8484
110.0000	156.0000	-4.1058	19.7007
110.0000	190.0000	57.2820	-50.2747
111.0000	104.0000	10.9562	6.9387
111.0000	154.0000	0.1004	-15.8577
111.0000	156.0000	-4.1058	19.6328
111.0000	190.0000	57.2045	-50.2857
112.0000	104.0000	10.8262	6.8958
112.0000	154.0000	0.1010	-15.8993
112.0000	156.0000	-4.1069	19.5262
112.0000	190.0000	57.1234	-50.3258
113.0000	104.0000	10.7518	6.8118
113.0000	154.0000	0.1011	-15.9829
113.0000	156.0000	-4.1067	19.3731
113.0000	190.0000	57.0337	-50.4102
114.0000	104.0000	10.7518	6.6901
114.0000	154.0000	0.1011	-16.1047
114.0000	156.0000	-4.1070	19.1775
114.0000	190.0000	56.9390	-50.5319
115.0000	104.0000	10.7494	6.5326
115.0000	154.0000	0.1011	-16.2620
115.0000	156.0000	-4.1065	18.9405
115.0000	190.0000	56.8376	-50.6907
116.0000	104.0000	10.7477	6.3430
116.0000	154.0000	0.1007	-16.4515
116.0000	156.0000	-4.1061	18.6654
116.0000	190.0000	56.7301	-50.8820
117.0000	104.0000	10.7471	6.1226
117.0000	154.0000	0.1005	-16.6694
117.0000	156.0000	-4.1053	18.3537
117.0000	190.0000	56.6171	-51.1042
118.0000	104.0000	10.7470	5.8722
118.0000	154.0000	0.1000	-16.9184
118.0000	156.0000	-4.1045	18.0065
118.0000	190.0000	56.4984	-51.3569
119.0000	104.0000	10.7470	5.5925
119.0000	154.0000	0.0995	-17.1978
119.0000	156.0000	-4.1038	17.6854
119.0000	190.0000	56.4381	-51.6386
120.0000	104.0000	10.7474	5.2840
120.0000	154.0000	0.0992	-17.5058
120.0000	156.0000	-4.1027	17.3772
120.0000	190.0000	56.4232	-51.9490
121.0000	104.0000	10.7477	4.9568
121.0000	154.0000	0.0985	-17.8325
121.0000	156.0000	-4.1019	17.0487
121.0000	190.0000	56.4043	-52.2781
122.0000	104.0000	10.7483	4.6509
122.0000	154.0000	0.0979	-18.1379
122.0000	156.0000	-4.1009	16.7422
122.0000	190.0000	56.4011	-52.5863
123.0000	104.0000	10.7464	4.3718
123.0000	154.0000	0.0969	-18.4164
123.0000	156.0000	-4.0999	16.4634
123.0000	190.0000	56.3972	-52.8680
124.0000	104.0000	10.7382	4.0976
124.0000	154.0000	0.0956	-18.6897
124.0000	156.0000	-4.0988	16.1900
124.0000	190.0000	56.3932	-53.1450
125.0000	104.0000	10.7247	3.8204
125.0000	154.0000	0.0946	-18.9661
125.0000	156.0000	-4.0976	15.9138
125.0000	190.0000	56.3897	-53.4252
126.0000	104.0000	10.7046	3.5529
126.0000	154.0000	0.0936	-19.2329
126.0000	156.0000	-4.0961	15.6474
126.0000	190.0000	56.3861	-53.6958
127.0000	104.0000	10.6766	3.2962
127.0000	154.0000	0.0925	-19.4875
127.0000	156.0000	-4.0947	15.3920
127.0000	190.0000	56.3824	-53.9556
128.0000	104.0000	10.6426	3.0405
128.0000	154.0000	0.0912	-19.7422
128.0000	156.0000	-4.0932	15.1376
128.0000	190.0000	56.3784	-54.2147
129.0000	104.0000	10.6374	2.7790
129.0000	154.0000	0.0898	-20.0027
129.0000	156.0000	-4.0916	14.8774
129.0000	190.0000	56.3741	-54.4800
130.0000	104.0000	10.6375	2.5003
130.0000	154.0000	0.0886	-20.2806
130.0000	156.0000	-4.0901	14.5999
130.0000	190.0000	56.3701	-54.7623
131.0000	104.0000	10.6374	2.2074
131.0000	154.0000	0.0876	-20.5727
131.0000	156.0000	-4.0887	14.3081
131.0000	190.0000	56.3667	-55.0584
132.0000	104.0000	10.6375	1.9331
132.0000	154.0000	0.0861	-20.8460
132.0000	156.0000	-4.0871	14.0351
132.0000	190.0000	56.3621	-55.3368
133.0000	104.0000	10.6311	1.6733
133.0000	154.0000	0.0841	-21.1048
133.0000	156.0000	-4.0854	13.7752
133.0000	190.0000	56.3565	-55.6013
134.0000	104.0000	10.6187	1.4158
134.0000	154.0000	0.0820	-21.3601
134.0000	156.0000	-4.0838	13.5139
134.0000	190.0000	56.3508	-55.8637
135.0000	104.0000	10.6009	1.1476
135.0000	154.0000	0.0797	-21.6268
135.0000	156.0000	-4.0820	13.2344
135.0000	190.0000	56.3445	-56.1369
136.0000	104.0000	10.5733	0.8595
136.0000	154.0000	0.0781	-21.9139
136.0000	156.0000	-4.0805	12.9246
136.0000	190.0000	56.3398	-56.4290
137.0000	104.0000	10.5381	0.5459
137.0000	154.0000	0.0765	-22.2264
137.0000	156.0000	-4.0789	12.5826
137.0000	190.0000	56.3351	-56.7464
138.0000	104.0000	10.4959	0.2055
138.0000	154.0000	0.0750	-22.5657
138.0000	156.0000	-4.0777	12.2064
139.0000	104.0000	10.4466	-0.1622
139.0000	154.0000	0.0733	-22.9322
139.0000	156.0000	-4.0766	11.7959
140.0000	104.0000	10.3907	-0.5569
140.0000	154.0000	0.0714	-23.3257
140.0000	156.0000	-4.0755	11.3517
141.0000	104.0000	10.3285	-0.9783
141.0000	154.0000	0.0695	-23.7458
141.0000	156.0000	-4.0743	10.8743
142.0000	104.0000	10.2600	-1.4259
142.0000	154.0000	0.0677	-24.1921
142.0000	156.0000	-4.0732	10.3644
143.0000	104.0000	10.1877	-1.8990
143.0000	154.0000	0.0658	-24.6640
143.0000	156.0000	-4.0719	9.8232
144.0000	104.0000	10.1096	-2.3846
144.0000	154.0000	0.0637	-25.1482
144.0000	156.0000	-4.0707	9.2655
145.0000	104.0000	10.0253	-2.8694
145.0000	154.0000	0.0613	-25.6316
145.0000	156.0000	-4.0694	8.7028
146.0000	104.0000	9.9350	-3.3535
146.0000	154.0000	0.0587	-26.1141
146.0000	156.0000	-4.0683	8.1350
147.0000	104.0000	9.8388	-3.8366
147.0000	154.0000	0.0559	-26.5958
147.0000	156.0000	-4.0672	7.5621
148.0000	104.0000	9.7973	-4.3187
148.0000	154.0000	0.0531	-27.0766
148.0000	156.0000	-4.0661	6.9845
149.0000	104.0000	9.7970	-4.8197
149.0000	154.0000	0.0500	-27.5763
149.0000	156.0000	-4.0649	6.3823
150.0000	104.0000	9.7947	-5.3609
150.0000	154.0000	0.0472	-28.1164
150.0000	156.0000	-4.0643	5.7342
151.0000	104.0000	9.7933	-5.9347
151.0000	154.0000	0.0449	-28.6893
151.0000	156.0000	-4.0639	5.0478
152.0000	104.0000	9.7923	-6.5367
152.0000	154.0000	0.0424	-29.2903
152.0000	156.0000	-4.0636	4.3280
153.0000	104.0000	9.7917	-7.1636
153.0000	154.0000	0.0398	-29.9163
153.0000	156.0000	-4.0633	3.5781
154.0000	104.0000	9.7911	-7.8130
154.0000	154.0000	0.0370	-30.5647
154.0000	156.0000	-4.0631	2.8009
155.0000	104.0000	9.7904	-8.4823
155.0000	154.0000	0.0340	-31.2329
155.0000	156.0000	-4.0629	1.9988
156.0000	104.0000	9.7898	-9.1692
156.0000	154.0000	0.0309	-31.9187
156.0000	156.0000	-4.0628	1.2341
157.0000	104.0000	9.7890	-9.8715
157.0000	154.0000	0.0278	-32.6201
157.0000	156.0000	-4.0627	0.5191
158.0000	104.0000	9.7881	-10.5876
158.0000	154.0000	0.0245	-33.3351
158.0000	156.0000	-4.0629	-0.2591
159.0000	104.0000	9.7873	-11.3157
159.0000	154.0000	0.0212	-34.0621
159.0000	156.0000	-4.0621	-1.0052
160.0000	104.0000	9.7867	-12.0544
160.0000	154.0000	0.0181	-34.7999
160.0000	156.0000	-4.0618	-1.7516
161.0000	104.0000	9.7840	-12.8025
161.0000	154.0000	0.0150	-35.5470
161.0000	156.0000	-4.0616	-2.5011
162.0000	104.0000	9.7757	-13.5589
162.0000	154.0000	0.0116	-36.3023
162.0000	156.0000	-4.0615	-3.2566
163.0000	104.0000	9.7588	-14.3226
163.0000	154.0000	0.0081	-37.0650
163.0000	156.0000	-4.0616	-4.0192
164.0000	104.0000	9.7343	-15.0927
164.0000	154.0000	0.0044	-37.8340
164.0000	156.0000	-4.0619	-4.7880
165.0000	104.0000	9.7029	-15.8684
165.0000	154.0000	0.0008	-38.6087
165.0000	156.0000	-4.0623	-5.5668
166.0000	104.0000	9.6986	-16.6489
166.0000	154.0000	-0.0026	-39.3883
166.0000	156.0000	-4.0624	-6.3581
167.0000	50.0000	-57.5619	55.4485
167.0000	104.0000	9.6969	-17.4338
167.0000	154.0000	-0.0060	-40.1723
167.0000	156.0000	-4.0627	-7.1613
168.0000	50.0000	-57.5572	54.9744
168.0000	104.0000	9.6949	-18.2226
168.0000	154.0000	-0.0097	-40.9601
168.0000	156.0000	-4.0631	-7.9752
169.0000	50.0000	-57.5526	54.5012
169.0000	104.0000	9.6930	-19.0147
169.0000	154.0000	-0.0135	-41.7512
169.0000	156.0000	-4.0640	-8.7998
170.0000	50.0000	-57.5486	54.0279
170.0000	104.0000	9.6913	-19.8096
170.0000	154.0000	-0.0172	-42.5453
170.0000	156.0000	-4.0651	-9.6346
171.0000	50.0000	-57.5445	53.5534
171.0000	104.0000	9.6897	-20.6072
171.0000	154.0000	-0.0209	-43.3420
171.0000	156.0000	-4.0661	-10.4788
172.0000	50.0000	-57.5403	53.0898
172.0000	104.0000	9.6881	-21.4070
172.0000	154.0000	-0.0244	-44.1399
172.0000	156.0000	-4.0670	-11.3320
173.0000	50.0000	-57.5362	52.6302
173.0000	104.0000	9.6866	-22.2088
173.0000	154.0000	-0.0280	-44.9408
173.0000	156.0000	-4.0680	-12.1935
174.0000	50.0000	-57.5327	52.1730
174.0000	104.0000	9.6850	-23.0123
174.0000	154.0000	-0.0315	-45.7435
174.0000	156.0000	-4.0692	-13.0633
175.0000	50.0000	-57.5293	51.7186
175.0000	104.0000	9.6833	-23.8173
175.0000	154.0000	-0.0349	-46.5477
175.0000	156.0000	-4.0704	-13.9386
176.0000	50.0000	-57.5259	51.2672
176.0000	104.0000	9.6815	-24.6236
176.0000	154.0000	-0.0386	-47.3534
176.0000	156.0000	-4.0719	-14.8207
177.0000	50.0000	-57.5227	50.8187
177.0000	104.0000	9.6797	-25.4312
177.0000	154.0000	-0.0422	-48.1591
177.0000	156.0000	-4.0734	-15.7101
178.0000	50.0000	-57.5193	50.3732
178.0000	104.0000	9.6782	-26.2398
178.0000	154.0000	-0.0456	-48.9669
178.0000	156.0000	-4.0749	-16.6065
179.0000	50.0000	-57.5161	49.9307
179.0000	104.0000	9.6747	-27.0493
179.0000	154.0000	-0.0489	-49.7757
179.0000	156.0000	-4.0765	-17.5097
180.0000	50.0000	-57.5132	49.4997
180.0000	104.0000	9.6673	-27.8510
180.0000	154.0000	-0.0521	-50.5768
180.0000	156.0000	-4.0783	-18.4109
181.0000	50.0000	-57.5102	49.1261
181.0000	104.0000	9.6521	-28.5994
181.0000	154.0000	-0.0556	-51.3243
181.0000	156.0000	-4.0802	-19.2641
182.0000	50.0000	-57.5064	48.8573
182.0000	104.0000	9.6490	-29.2479
182.0000	154.0000	-0.0600	-51.9720
182.0000	156.0000	-4.0825	-20.0228
183.0000	50.0000	-57.5003	48.6818
183.0000	104.0000	9.6456	-29.8099
183.0000	154.0000	-0.0664	-52.5328
183.0000	156.0000	-4.0855	-20.6997
184.0000	50.0000	-57.4941	48.5345
184.0000	104.0000	9.6420	-30.3456
184.0000	154.0000	-0.0727	-53.0671
184.0000	156.0000	-4.0885	-21.3554
185.0000	50.0000	-57.4887	48.3631
185.0000	104.0000	9.6388	-30.8176
185.0000	154.0000	-0.0783	-53.5381
185.0000	156.0000	-4.0913	-21.9528
186.0000	50.0000	-57.4808	48.0976
186.0000	104.0000	9.6342	-31.2338
186.0000	154.0000	-0.0866	-53.9527
186.0000	156.0000	-4.0953	-22.4987
187.0000	50.0000	-57.4741	47.9097
187.0000	104.0000	9.6302	-31.6168
187.0000	154.0000	-0.0937	-54.3343
187.0000	156.0000	-4.0990	-23.0166
188.0000	50.0000	-57.4645	47.6921
188.0000	104.0000	9.6249	-31.9563
188.0000	154.0000	-0.1032	-54.6720
188.0000	156.0000	-4.1032	-23.4356
189.0000	50.0000	-57.4545	47.3843
189.0000	104.0000	9.6195	-32.2769
189.0000	154.0000	-0.1131	-54.9907
189.0000	156.0000	-4.1070	-23.7531
190.0000	50.0000	-57.4474	47.0847
190.0000	104.0000	9.6139	-32.5901
190.0000	154.0000	-0.1199	-55.3027
190.0000	156.0000	-4.1096	-24.0673
191.0000	50.0000	-57.4405	46.8278
191.0000	104.0000	9.6015	-32.8886
191.0000	154.0000	-0.1270	-55.5993
191.0000	156.0000	-4.1123	-24.3653
192.0000	50.0000	-57.4322	46.6029
192.0000	104.0000	9.5833	-33.1688
192.0000	154.0000	-0.1351	-55.8782
192.0000	156.0000	-4.1156	-24.6445
193.0000	50.0000	-57.4236	46.3922
193.0000	104.0000	9.5544	-33.4440
193.0000	154.0000	-0.1441	-56.1517
193.0000	156.0000	-4.1192	-24.9178
194.0000	50.0000	-57.4175	46.1868
194.0000	104.0000	9.5205	-33.7189
194.0000	154.0000	-0.1504	-56.4255
194.0000	156.0000	-4.1217	-25.1913
195.0000	50.0000	-57.4122	45.9919
195.0000	104.0000	9.4800	-33.9836
195.0000	154.0000	-0.1557	-56.6891
195.0000	156.0000	-4.1238	-25.4546
196.0000	50.0000	-57.4051	45.8121
196.0000	104.0000	9.4311	-34.2387
196.0000	154.0000	-0.1631	-56.9429
196.0000	156.0000	-4.1269	-25.7078
197.0000	50.0000	-57.3987	45.6382
197.0000	104.0000	9.3759	-34.4944
197.0000	154.0000	-0.1699	-57.1973
197.0000	156.0000	-4.1297	-25.9618
198.0000	50.0000	-57.3940	45.4113
198.0000	104.0000	9.3152	-34.7497
198.0000	154.0000	-0.1748	-57.4518
198.0000	156.0000	-4.1317	-26.2159
199.0000	50.0000	-57.3890	45.1715
199.0000	104.0000	9.2477	-34.9971
199.0000	154.0000	-0.1804	-57.6983
199.0000	156.0000	-4.1341	-26.4620
200.0000	50.0000	-57.3839	44.9350
200.0000	104.0000	9.1969	-35.2420
200.0000	154.0000	-0.1861	-57.9422
200.0000	156.0000	-4.1365	-26.7055
201.0000	50.0000	-57.3790	44.6941
201.0000	104.0000	9.1490	-35.4906
201.0000	154.0000	-0.1917	-58.1898
201.0000	156.0000	-4.1389	-26.9527
202.0000	50.0000	-57.3755	44.4542
202.0000	104.0000	9.0977	-35.7357
202.0000	154.0000	-0.1957	-58.4342
202.0000	156.0000	-4.1406	-27.1968
203.0000	50.0000	-57.3715	44.2202
203.0000	104.0000	9.0404	-35.9754
203.0000	154.0000	-0.2003	-58.6733
203.0000	156.0000	-4.1427	-27.4355
204.0000	50.0000	-57.3675	43.9844
204.0000	104.0000	8.9767	-36.2169
204.0000	154.0000	-0.2050	-58.9130
204.0000	156.0000	-4.1447	-27.6759
205.0000	50.0000	-57.3647	43.7454
205.0000	104.0000	8.9077	-36.4598
205.0000	154.0000	-0.2083	-59.1545
205.0000	156.0000	-4.1461	-27.9181
206.0000	50.0000	-57.3615	43.5108
206.0000	104.0000	8.8318	-36.6989
206.0000	154.0000	-0.2123	-59.3932
206.0000	156.0000	-4.1480	-28.1562
207.0000	50.0000	-57.3589	43.2800
207.0000	104.0000	8.7505	-36.9369
207.0000	154.0000	-0.2150	-59.6309
207.0000	156.0000	-4.1491	-28.3937
208.0000	50.0000	-57.3562	43.0543
208.0000	104.0000	8.7185	-37.1778
208.0000	154.0000	-0.2184	-59.8712
208.0000	156.0000	-4.1507	-28.6338
209.0000	50.0000	-57.3535	42.8383
209.0000	104.0000	8.6968	-37.4169
209.0000	154.0000	-0.2219	-60.1098
209.0000	156.0000	-4.1523	-28.8723
210.0000	50.0000	-57.3516	42.6308
210.0000	104.0000	8.6502	-37.6539
210.0000	154.0000	-0.2241	-60.3466
210.0000	156.0000	-4.1533	-29.1088
211.0000	50.0000	-57.3494	42.4224
211.0000	104.0000	8.5986	-37.8925
211.0000	154.0000	-0.2269	-60.5848
211.0000	156.0000	-4.1546	-29.3469
212.0000	50.0000	-57.3479	42.2164
212.0000	104.0000	8.5415	-38.1310
212.0000	154.0000	-0.2288	-60.8233
212.0000	156.0000	-4.1555	-29.5852
213.0000	50.0000	-57.3460	42.0196
213.0000	104.0000	8.4777	-38.3679
213.0000	154.0000	-0.2310	-61.0600
213.0000	156.0000	-4.1565	-29.8218
214.0000	50.0000	-57.3443	41.8392
214.0000	104.0000	8.4085	-38.5950
214.0000	154.0000	-0.2332	-61.2869
214.0000	156.0000	-4.1575	-30.0485
215.0000	50.0000	-57.3433	41.7170
215.0000	104.0000	8.3359	-38.7693
215.0000	154.0000	-0.2342	-61.4614
215.0000	156.0000	-4.1580	-30.2247
216.0000	50.0000	-57.3423	41.6648
216.0000	104.0000	8.2573	-38.8799
216.0000	154.0000	-0.2352	-61.5722
216.0000	156.0000	-4.1582	-30.3416
217.0000	50.0000	-57.3414	41.6197
217.0000	104.0000	8.1726	-38.9898
217.0000	154.0000	-0.2361	-61.6823
217.0000	156.0000	-4.1588	-30.4651
218.0000	50.0000	-57.3405	41.5643
218.0000	104.0000	8.0818	-39.1155
218.0000	154.0000	-0.2371	-61.8086
218.0000	156.0000	-4.1596	-30.6111
219.0000	50.0000	-57.3398	41.5282
219.0000	104.0000	7.9856	-39.2256
219.0000	154.0000	-0.2377	-61.9193
219.0000	156.0000	-4.1602	-30.7503
220.0000	50.0000	-57.3390	41.4851
220.0000	104.0000	7.8835	-39.3485
220.0000	154.0000	-0.2385	-62.0430
220.0000	156.0000	-4.1611	-30.9076
221.0000	50.0000	-57.3382	41.4222
221.0000	104.0000	7.7758	-39.4966
221.0000	154.0000	-0.2397	-62.1926
221.0000	156.0000	-4.1622	-31.0977
222.0000	50.0000	-57.3375	41.3512
222.0000	104.0000	7.6629	-39.6587
222.0000	154.0000	-0.2405	-62.3561
222.0000	156.0000	-4.1631	-31.3084
223.0000	50.0000	-57.3364	41.2802
223.0000	104.0000	7.5448	-39.8261
223.0000	154.0000	-0.2413	-62.5255
223.0000	156.0000	-4.1640	-31.5315
224.0000	50.0000	-57.3356	41.2012
224.0000	104.0000	7.4217	-40.0062
224.0000	154.0000	-0.2418	-62.7082
224.0000	156.0000	-4.1647	-31.7744
225.0000	50.0000	-57.3349	41.1137
225.0000	104.0000	7.2936	-40.1975
225.0000	154.0000	-0.2423	-62.9048
225.0000	156.0000	-4.1655	-32.0379
226.0000	50.0000	-57.3342	41.0283
226.0000	104.0000	7.1604	-40.3938
226.0000	154.0000	-0.2429	-63.1047
226.0000	156.0000	-4.1664	-32.3110
227.0000	50.0000	-57.3335	40.9572
227.0000	104.0000	7.0227	-40.5775
227.0000	154.0000	-0.2433	-63.2955
227.0000	156.0000	-4.1674	-32.5813
228.0000	50.0000	-57.3330	40.9441
228.0000	104.0000	6.8804	-40.7070
228.0000	154.0000	-0.2436	-63.4332
228.0000	156.0000	-4.1685	-32.8045
229.0000	50.0000	-57.3325	41.0305
229.0000	104.0000	6.7334	-40.7402
229.0000	154.0000	-0.2440	-63.4764
229.0000	156.0000	-4.1690	-32.8811
230.0000	50.0000	-57.3324	41.1650
230.0000	104.0000	6.5824	-40.7279
230.0000	154.0000	-0.2440	-63.4763
230.0000	156.0000	-4.1691	-32.8931
231.0000	50.0000	-57.3322	41.3045
231.0000	104.0000	6.4268	-40.7159
231.0000	154.0000	-0.2440	-63.4743
231.0000	156.0000	-4.1696	-32.9381
232.0000	50.0000	-57.3321	41.4486
232.0000	104.0000	6.2708	-40.6950
232.0000	154.0000	-0.2438	-63.4685
232.0000	156.0000	-4.1702	-32.9875
233.0000	50.0000	-57.3320	41.5972
233.0000	104.0000	6.1673	-40.6844
233.0000	154.0000	-0.2439	-63.4543
233.0000	156.0000	-4.1708	-33.0429
234.0000	50.0000	-57.3319	41.7504
234.0000	104.0000	6.1454	-40.6817
234.0000	154.0000	-0.2439	-63.4335
234.0000	156.0000	-4.1714	-33.1047
235.0000	50.0000	-57.3317	41.9075
235.0000	104.0000	6.0704	-40.6744
235.0000	154.0000	-0.2438	-63.4036
235.0000	156.0000	-4.1720	-33.1727
236.0000	50.0000	-57.3315	42.0659
236.0000	104.0000	5.9914	-40.6618
236.0000	154.0000	-0.2439	-63.3664
236.0000	156.0000	-4.1726	-33.2445
237.0000	50.0000	-57.3313	42.2414
237.0000	104.0000	5.9090	-40.6496
237.0000	154.0000	-0.2441	-63.3221
237.0000	156.0000	-4.1733	-33.3221
238.0000	50.0000	-57.3311	42.4229
238.0000	104.0000	5.8316	-40.6382
238.0000	154.0000	-0.2443	-63.2711
238.0000	156.0000	-4.1740	-33.4059
239.0000	50.0000	-57.3308	42.6092
239.0000	104.0000	5.7551	-40.6261
239.0000	154.0000	-0.2445	-63.2135
239.0000	156.0000	-4.1743	-33.4385
240.0000	50.0000	-57.3305	42.8005
240.0000	104.0000	5.6732	-40.6122
240.0000	154.0000	-0.2447	-63.1496
240.0000	156.0000	-4.1743	-33.4504
241.0000	50.0000	-57.3302	42.9965
241.0000	104.0000	5.5858	-40.5967
241.0000	154.0000	-0.2448	-63.0798
241.0000	156.0000	-4.1746	-33.4948
242.0000	50.0000	-57.3299	43.1971
242.0000	104.0000	5.4936	-40.5770
242.0000	154.0000	-0.2449	-63.0061
242.0000	156.0000	-4.1752	-33.5427
243.0000	50.0000	-57.3296	43.4013
243.0000	104.0000	5.3954	-40.5589
243.0000	154.0000	-0.2451	-62.9264
243.0000	156.0000	-4.1752	-33.5546
244.0000	50.0000	-57.3293	43.6084
244.0000	104.0000	5.2923	-40.5368
244.0000	154.0000	-0.2452	-62.8406
244.0000	156.0000	-4.1753	-33.5612
245.0000	50.0000	-57.3289	43.8316
245.0000	104.0000	5.1842	-40.5128
245.0000	154.0000	-0.2453	-62.7489
245.0000	156.0000	-4.1754	-33.5820
246.0000	50.0000	-57.3285	44.0569
246.0000	104.0000	5.1326	-40.5028
246.0000	154.0000	-0.2455	-62.6550
246.0000	156.0000	-4.1755	-33.6146
247.0000	50.0000	-57.3280	44.2677
247.0000	104.0000	5.1192	-40.5246
247.0000	154.0000	-0.2459	-62.5751
247.0000	156.0000	-4.1758	-33.6737
248.0000	50.0000	-57.3357	44.4391
248.0000	104.0000	5.0755	-40.5677
248.0000	154.0000	-0.2354	-62.5238
248.0000	156.0000	-4.1705	-33.7746
249.0000	50.0000	-57.3359	44.5851
249.0000	104.0000	5.0248	-40.6514
249.0000	154.0000	-0.2348	-62.5065
249.0000	156.0000	-4.1705	-33.9210
250.0000	50.0000	-57.3347	44.7176
250.0000	104.0000	5.0105	-40.7647
250.0000	154.0000	-0.2360	-62.5038
250.0000	156.0000	-4.1715	-34.0937
251.0000	50.0000	-57.3329	44.8426
251.0000	104.0000	5.0086	-40.8947
251.0000	154.0000	-0.2383	-62.5090
251.0000	156.0000	-4.1731	-34.2858
252.0000	50.0000	-57.3319	44.9488
252.0000	104.0000	5.0072	-41.0452
252.0000	154.0000	-0.2391	-62.5309
252.0000	156.0000	-4.1740	-34.5053
253.0000	50.0000	-57.3309	45.0369
253.0000	104.0000	5.0064	-41.2142
253.0000	154.0000	-0.2397	-62.5663
253.0000	156.0000	-4.1748	-34.7474
254.0000	50.0000	-57.3295	45.1305
254.0000	104.0000	5.0001	-41.3885
254.0000	154.0000	-0.2401	-62.6033
254.0000	156.0000	-4.1754	-35.0020
255.0000	50.0000	-57.3284	45.2241
255.0000	104.0000	4.9867	-41.5694
255.0000	154.0000	-0.2404	-62.6444
255.0000	156.0000	-4.1761	-35.2715
256.0000	50.0000	-57.3272	45.3090
256.0000	104.0000	4.9669	-41.7621
256.0000	154.0000	-0.2407	-62.6944
256.0000	156.0000	-4.1767	-35.5605
257.0000	50.0000	-57.3260	45.3934
257.0000	104.0000	4.9377	-41.9587
257.0000	154.0000	-0.2410	-62.7452
257.0000	156.0000	-4.1774	-35.8606
258.0000	50.0000	-57.3250	45.4807
258.0000	104.0000	4.9346	-42.1639
258.0000	154.0000	-0.2412	-62.7934
258.0000	156.0000	-4.1780	-36.1678
259.0000	50.0000	-57.3238	45.5655
259.0000	104.0000	4.9308	-42.3755
259.0000	154.0000	-0.2414	-62.8477
259.0000	156.0000	-4.1787	-36.4878
260.0000	50.0000	-57.3228	45.6483
260.0000	104.0000	4.9136	-42.5885
260.0000	154.0000	-0.2418	-62.8911
260.0000	156.0000	-4.1794	-36.8195
261.0000	50.0000	-57.3217	45.7354
261.0000	104.0000	4.8925	-42.8011
261.0000	154.0000	-0.2423	-62.9286
261.0000	156.0000	-4.1802	-37.1566
262.0000	50.0000	-57.3205	45.8358
262.0000	104.0000	4.8625	-43.0033
262.0000	154.0000	-0.2428	-62.9524
262.0000	156.0000	-4.1809	-37.4899
263.0000	50.0000	-57.3195	45.9926
263.0000	104.0000	4.8256	-43.1510
263.0000	154.0000	-0.2434	-62.9190
263.0000	156.0000	-4.1818	-37.7760
264.0000	50.0000	-57.3171	46.2362
264.0000	104.0000	4.7814	-43.2111
264.0000	154.0000	-0.2456	-62.7963
264.0000	156.0000	-4.1836	-37.9824
265.0000	50.0000	-57.3157	46.5602
265.0000	104.0000	4.7312	-43.1978
265.0000	154.0000	-0.2464	-62.5958
265.0000	156.0000	-4.1846	-38.1207
266.0000	50.0000	-57.3146	46.8945
266.0000	104.0000	4.7181	-43.1942
266.0000	154.0000	-0.2468	-62.3910
266.0000	156.0000	-4.1855	-38.2633
267.0000	50.0000	-57.3134	47.2335
267.0000	104.0000	4.7108	-43.1918
267.0000	154.0000	-0.2474	-62.1846
267.0000	156.0000	-4.1861	-38.3513
268.0000	50.0000	-57.3123	47.5768
268.0000	104.0000	4.6863	-43.1833
268.0000	154.0000	-0.2478	-61.9619
268.0000	156.0000	-4.1860	-38.3521
269.0000	50.0000	-57.3111	47.9245
269.0000	104.0000	4.6575	-43.1734
269.0000	154.0000	-0.2481	-61.7330
269.0000	156.0000	-4.1861	-38.3565
270.0000	50.0000	-57.3099	48.2765
270.0000	104.0000	4.6221	-43.1630
270.0000	154.0000	-0.2485	-61.4994
270.0000	156.0000	-4.1862	-38.3929
271.0000	50.0000	-57.3087	48.6327
271.0000	104.0000	4.5809	-43.1488
271.0000	154.0000	-0.2488	-61.2607
271.0000	156.0000	-4.1864	-38.4321
272.0000	50.0000	-57.3075	48.9892
272.0000	104.0000	4.5329	-43.1381
272.0000	154.0000	-0.2492	-61.0210
272.0000	156.0000	-4.1866	-38.4812
273.0000	50.0000	-57.3062	49.3292
273.0000	104.0000	4.4794	-43.1436
273.0000	154.0000	-0.2498	-60.7973
273.0000	156.0000	-4.1872	-38.5573
274.0000	50.0000	-57.2946	49.6517
274.0000	104.0000	4.4113	-43.1811
274.0000	154.0000	-0.2620	-60.6019
274.0000	156.0000	-4.1951	-38.6721
275.0000	50.0000	-57.2923	49.9477
275.0000	104.0000	4.3444	-43.2372
275.0000	154.0000	-0.2632	-60.4220
275.0000	156.0000	-4.1960	-38.8141
276.0000	50.0000	-57.2914	50.3089
276.0000	104.0000	4.2737	-43.2246
276.0000	154.0000	-0.2628	-60.2853
276.0000	156.0000	-4.1962	-38.8998
277.0000	50.0000	-57.3028	50.6284
277.0000	104.0000	4.2068	-43.2413
277.0000	154.0000	-0.2486	-60.3198
277.0000	156.0000	-4.1876	-39.0245
278.0000	50.0000	-57.3001	50.9210
278.0000	104.0000	4.1238	-43.2979
278.0000	154.0000	-0.2500	-60.2882
278.0000	156.0000	-4.1890	-39.1959
279.0000	50.0000	-57.3102	51.1844
279.0000	104.0000	4.0470	-43.3743
279.0000	154.0000	-0.2373	-60.2608
279.0000	156.0000	-4.1815	-39.4009
280.0000	50.0000	-57.3601	51.4803
280.0000	104.0000	3.9945	-43.3808
280.0000	154.0000	-0.1813	-60.1602
280.0000	156.0000	-4.1456	-39.5464
281.0000	50.0000	-57.3573	51.8215
281.0000	104.0000	3.8963	-43.4019
281.0000	154.0000	-0.1840	-60.0722
281.0000	156.0000	-4.1478	-39.7097
282.0000	50.0000	-57.3560	52.1233
282.0000	104.0000	3.7952	-43.4619
282.0000	154.0000	-0.1842	-60.1078
282.0000	156.0000	-4.1484	-39.9203
283.0000	50.0000	-57.3552	52.4141
283.0000	104.0000	3.6920	-43.5290
283.0000	154.0000	-0.1839	-60.2260
283.0000	156.0000	-4.1488	-40.1507
284.0000	50.0000	-57.3556	52.6980
284.0000	104.0000	3.5826	-43.6081
284.0000	154.0000	-0.1823	-60.3506
284.0000	156.0000	-4.1484	-40.3960
285.0000	50.0000	-57.3548	52.9651
285.0000	104.0000	3.4725	-43.6977
285.0000	154.0000	-0.1820	-60.4983
285.0000	156.0000	-4.1489	-40.6683
286.0000	50.0000	-57.3538	53.2152
286.0000	104.0000	3.3569	-43.8079
286.0000	154.0000	-0.1820	-60.6677
286.0000	156.0000	-4.1495	-40.9665
287.0000	50.0000	-57.3529	53.4624
287.0000	104.0000	3.2362	-43.9229
287.0000	154.0000	-0.1820	-60.8443
287.0000	156.0000	-4.1502	-41.2762
288.0000	50.0000	-57.3519	53.7067
288.0000	104.0000	3.1170	-44.0328
288.0000	154.0000	-0.1821	-61.0274
288.0000	156.0000	-4.1509	-41.5972
289.0000	50.0000	-57.3510	53.9407
289.0000	104.0000	2.9960	-44.1518
289.0000	154.0000	-0.1821	-61.2247
289.0000	156.0000	-4.1517	-41.9368
290.0000	50.0000	-57.3501	54.1705
290.0000	104.0000	2.8682	-44.2798
290.0000	154.0000	-0.1822	-61.4295
290.0000	156.0000	-4.1524	-42.2887
291.0000	50.0000	-57.3492	54.4038
291.0000	104.0000	2.7425	-44.3964
291.0000	154.0000	-0.1822	-61.6342
291.0000	156.0000	-4.1532	-42.6451
292.0000	50.0000	-57.3484	54.6339
292.0000	104.0000	2.6143	-44.5191
292.0000	154.0000	-0.1822	-61.8455
292.0000	156.0000	-4.1539	-43.0125
293.0000	50.0000	-57.3476	54.8585
293.0000	104.0000	2.4843	-44.6390
293.0000	154.0000	-0.1822	-62.0656
293.0000	156.0000	-4.1547	-43.3900
294.0000	50.0000	-57.3468	55.0862
294.0000	104.0000	2.3437	-44.7511
294.0000	154.0000	-0.1822	-62.2858
294.0000	156.0000	-4.1555	-43.7803
295.0000	50.0000	-57.3460	55.3147
295.0000	104.0000	2.2102	-44.8490
295.0000	154.0000	-0.1822	-62.5062
295.0000	156.0000	-4.1561	-44.1808
296.0000	50.0000	-57.3452	55.5437
296.0000	104.0000	2.0638	-44.9591
296.0000	154.0000	-0.1821	-62.7325
296.0000	156.0000	-4.1569	-44.5918
297.0000	104.0000	1.9277	-45.0530
297.0000	154.0000	-0.1820	-62.9588
297.0000	156.0000	-4.1578	-45.0099
298.0000	104.0000	1.7992	-45.1335
298.0000	154.0000	-0.1819	-63.1801
298.0000	156.0000	-4.1581	-45.4312
299.0000	104.0000	1.6565	-45.2227
299.0000	154.0000	-0.1817	-63.3936
299.0000	156.0000	-4.1585	-45.8597
300.0000	104.0000	1.5316	-45.2972
300.0000	154.0000	-0.1815	-63.6261
300.0000	156.0000	-4.1587	-46.2147
301.0000	104.0000	1.3886	-45.3702
301.0000	154.0000	-0.1813	-63.8574
301.0000	156.0000	-4.1586	-46.4495
302.0000	104.0000	1.3030	-45.4806
302.0000	154.0000	-0.1811	-64.0891
302.0000	156.0000	-4.1587	-46.7847
303.0000	104.0000	1.2939	-45.7160
303.0000	154.0000	-0.1807	-64.3233
303.0000	156.0000	-4.1587	-47.0881
304.0000	104.0000	1.2894	-45.9481
304.0000	154.0000	-0.1803	-64.5536
304.0000	156.0000	-4.1584	-47.3202
305.0000	104.0000	1.2889	-46.1787
305.0000	154.0000	-0.1799	-64.7754
305.0000	156.0000	-4.1581	-47.5559
306.0000	104.0000	1.2894	-46.4115
306.0000	154.0000	-0.1795	-64.9911
306.0000	156.0000	-4.1578	-47.7930
307.0000	104.0000	1.2807	-46.6306
307.0000	154.0000	-0.1790	-65.2247
307.0000	156.0000	-4.1575	-48.0480
308.0000	104.0000	1.2661	-46.8449
308.0000	154.0000	-0.1785	-65.4595
308.0000	156.0000	-4.1572	-48.2834
309.0000	104.0000	1.2473	-47.0541
309.0000	154.0000	-0.1778	-65.6949
309.0000	156.0000	-4.1567	-48.5193
310.0000	104.0000	1.2265	-47.2473
310.0000	154.0000	-0.1771	-65.9142
310.0000	156.0000	-4.1562	-48.7457
311.0000	104.0000	1.2217	-47.4178
311.0000	154.0000	-0.1764	-66.0724
311.0000	156.0000	-4.1557	-48.9192
312.0000	104.0000	1.2201	-47.5089
312.0000	154.0000	-0.1778	-66.1418
312.0000	156.0000	-4.1568	-49.0104
313.0000	104.0000	1.2184	-47.5131
313.0000	154.0000	-0.1800	-66.1185
313.0000	156.0000	-4.1585	-49.0155
314.0000	104.0000	1.2178	-47.5113
314.0000	154.0000	-0.1799	-66.0825
314.0000	156.0000	-4.1585	-49.0152
315.0000	104.0000	1.2178	-47.5108
315.0000	154.0000	-0.1798	-66.0394
315.0000	156.0000	-4.1585	-49.0150
316.0000	104.0000	1.2178	-47.5105
316.0000	154.0000	-0.1797	-65.9896
316.0000	156.0000	-4.1585	-49.0148
317.0000	104.0000	1.2178	-47.5103
317.0000	154.0000	-0.1796	-65.9332
317.0000	156.0000	-4.1585	-49.0147
318.0000	104.0000	1.2178	-47.5103
318.0000	154.0000	-0.1795	-65.8706
318.0000	156.0000	-4.1585	-49.0147
319.0000	104.0000	1.2177	-47.5103
319.0000	154.0000	-0.1796	-65.8020
319.0000	156.0000	-4.1585	-49.0147
320.0000	104.0000	1.2177	-47.5102
320.0000	154.0000	-0.1797	-65.7294
320.0000	156.0000	-4.1585	-49.0146
321.0000	104.0000	1.2177	-47.5102
321.0000	154.0000	-0.1797	-65.6510
321.0000	156.0000	-4.1585	-49.0146
322.0000	104.0000	1.2177	-47.5102
322.0000	154.0000	-0.1797	-65.5666
322.0000	156.0000	-4.1585	-49.0145
323.0000	104.0000	1.2177	-47.5102
323.0000	154.0000	-0.1798	-65.4762
323.0000	156.0000	-4.1584	-49.0165
324.0000	104.0000	1.2177	-47.5102
324.0000	154.0000	-0.1800	-65.3800
324.0000	156.0000	-4.1585	-49.0228
325.0000	104.0000	1.2177	-47.5102
325.0000	154.0000	-0.1802	-65.2782
325.0000	156.0000	-4.1583	-49.0358
326.0000	104.0000	1.2178	-47.5103
326.0000	154.0000	-0.1803	-65.1709
326.0000	156.0000	-4.1584	-49.0565
327.0000	104.0000	1.2165	-47.5087
327.0000	154.0000	-0.1804	-65.0582
327.0000	156.0000	-4.1586	-49.0846
328.0000	104.0000	1.2121	-47.5020
328.0000	154.0000	-0.1806	-64.9402
328.0000	156.0000	-4.1587	-49.1184
329.0000	104.0000	1.2036	-47.4892
329.0000	154.0000	-0.1807	-64.8171
329.0000	156.0000	-4.1587	-49.1589
330.0000	104.0000	1.1918	-47.4716
330.0000	154.0000	-0.1808	-64.6888
330.0000	156.0000	-4.1589	-49.2061
331.0000	104.0000	1.1765	-47.4483
331.0000	154.0000	-0.1809	-64.5557
331.0000	156.0000	-4.1590	-49.2599
332.0000	104.0000	1.1591	-47.4199
332.0000	154.0000	-0.1810	-64.4176
332.0000	156.0000	-4.1591	-49.3203
333.0000	104.0000	1.1360	-47.3869
333.0000	154.0000	-0.1810	-64.2748
333.0000	156.0000	-4.1593	-49.3871
334.0000	104.0000	1.1122	-47.3466
334.0000	154.0000	-0.1811	-64.1273
334.0000	156.0000	-4.1594	-49.4604
335.0000	104.0000	1.0821	-47.3026
335.0000	154.0000	-0.1812	-63.9753
335.0000	156.0000	-4.1596	-49.5399
336.0000	104.0000	1.0522	-47.2507
336.0000	154.0000	-0.1812	-63.8188
336.0000	156.0000	-4.1598	-49.6255
337.0000	104.0000	1.0184	-47.1938
337.0000	154.0000	-0.1812	-63.6615
337.0000	156.0000	-4.1599	-49.7170
338.0000	104.0000	0.9820	-47.1311
338.0000	154.0000	-0.1809	-63.4894
338.0000	156.0000	-4.1601	-49.8143
339.0000	104.0000	0.9432	-47.0627
339.0000	154.0000	-0.1804	-63.3089
339.0000	156.0000	-4.1604	-49.9172
340.0000	104.0000	0.9024	-46.9884
340.0000	154.0000	-0.1798	-63.1237
340.0000	156.0000	-4.1606	-50.0256
341.0000	104.0000	0.8598	-46.9085
341.0000	154.0000	-0.1784	-62.9336
341.0000	156.0000	-4.1608	-50.1394
342.0000	104.0000	0.8417	-46.8764
342.0000	154.0000	-0.1764	-62.7387
342.0000	156.0000	-4.1611	-50.2585
343.0000	104.0000	0.8356	-46.8660
343.0000	154.0000	-0.1725	-62.5392
343.0000	156.0000	-4.1613	-50.3191
344.0000	104.0000	0.8334	-46.8607
344.0000	154.0000	-0.1680	-62.3353
344.0000	156.0000	-4.1613	-50.3322
345.0000	104.0000	0.8333	-46.8597
345.0000	154.0000	-0.1654	-62.2372
345.0000	156.0000	-4.1614	-50.3903
346.0000	104.0000	0.8338	-46.8588
346.0000	154.0000	-0.1660	-62.2225
346.0000	156.0000	-4.1616	-50.4045
347.0000	104.0000	0.8339	-46.8583
347.0000	154.0000	-0.1647	-62.1826
347.0000	156.0000	-4.1616	-50.4120
348.0000	104.0000	0.8340	-46.8581
348.0000	154.0000	-0.1649	-62.1816
348.0000	156.0000	-4.1617	-50.4359
349.0000	104.0000	0.8339	-46.8580
349.0000	154.0000	-0.1647	-62.1802
349.0000	156.0000	-4.1618	-50.4647
350.0000	104.0000	0.8339	-46.8580
350.0000	154.0000	-0.1645	-62.1795
350.0000	156.0000	-4.1618	-50.5001
351.0000	104.0000	0.8339	-46.8580
351.0000	154.0000	-0.1645	-62.1791
351.0000	156.0000	-4.1619	-50.5419
352.0000	104.0000	0.8339	-46.8580
352.0000	154.0000	-0.1645	-62.1789
352.0000	156.0000	-4.1620	-50.5904
353.0000	104.0000	0.8339	-46.8580
353.0000	154.0000	-0.1644	-62.1777
353.0000	156.0000	-4.1622	-50.6454
354.0000	104.0000	0.8339	-46.8580
354.0000	154.0000	-0.1644	-62.1777
354.0000	156.0000	-4.1623	-50.6620
355.0000	104.0000	0.8340	-46.8581
355.0000	154.0000	-0.1644	-62.1777
355.0000	156.0000	-4.1623	-50.6708
356.0000	104.0000	0.8329	-46.8563
356.0000	154.0000	-0.1644	-62.1777
356.0000	156.0000	-4.1622	-50.6727
357.0000	104.0000	0.8325	-46.8554
357.0000	154.0000	-0.1644	-62.1766
357.0000	156.0000	-4.1622	-50.6732
358.0000	104.0000	0.8325	-46.8555
358.0000	154.0000	-0.1644	-62.1766
358.0000	156.0000	-4.1622	-50.6736
359.0000	104.0000	0.8325	-46.8554
359.0000	154.0000	-0.1644	-62.1766
359.0000	156.0000	-4.1622	-50.6738
360.0000	104.0000	0.8325	-46.8554
360.0000	154.0000	-0.1644	-62.1766
360.0000	156.0000	-4.1622	-50.6739
361.0000	104.0000	0.8325	-46.8554
361.0000	154.0000	-0.1644	-62.1766
361.0000	156.0000	-4.1622	-50.6739
362.0000	104.0000	0.8325	-46.8554
362.0000	154.0000	-0.1644	-62.1766
362.0000	156.0000	-4.1622	-50.6739
363.0000	104.0000	0.8325	-46.8554
363.0000	154.0000	-0.1644	-62.1766
363.0000	156.0000	-4.1622	-50.6739
364.0000	104.0000	0.8325	-46.8554
364.0000	154.0000	-0.1644	-62.1766
364.0000	156.0000	-4.1622	-50.6739
365.0000	104.0000	0.8325	-46.8554
365.0000	154.0000	-0.1644	-62.1766
365.0000	156.0000	-4.1622	-50.6739
366.0000	104.0000	0.8326	-46.8555
366.0000	154.0000	-0.1644	-62.1766
366.0000	156.0000	-4.1622	-50.6739
367.0000	104.0000	0.8321	-46.8545
367.0000	154.0000	-0.1644	-62.1766
367.0000	156.0000	-4.1622	-50.6739
368.0000	104.0000	0.8320	-46.8546
368.0000	154.0000	-0.1644	-62.1766
368.0000	156.0000	-4.1622	-50.6739
369.0000	104.0000	0.8320	-46.8545
369.0000	154.0000	-0.1644	-62.1766
369.0000	156.0000	-4.1622	-50.6739
370.0000	104.0000	0.8321	-46.8545
370.0000	154.0000	-0.1644	-62.1766
370.0000	156.0000	-4.1622	-50.6739
371.0000	104.0000	0.8321	-46.8545
371.0000	154.0000	-0.1644	-62.1766
371.0000	156.0000	-4.1622	-50.6739
372.0000	104.0000	0.8321	-46.8545
372.0000	154.0000	-0.1644	-62.1766
372.0000	156.0000	-4.1622	-50.6739
373.0000	104.0000	0.8321	-46.8545
373.0000	154.0000	-0.1644	-62.1766
373.0000	156.0000	-4.1622	-50.6739
374.0000	104.0000	0.8321	-46.8544
374.0000	154.0000	-0.1644	-62.1765
374.0000	156.0000	-4.1622	-50.6738
375.0000	104.0000	0.8320	-46.8579
375.0000	154.0000	-0.1644	-62.1800
375.0000	156.0000	-4.1622	-50.6773
376.0000	104.0000	0.8288	-46.8814
376.0000	154.0000	-0.1687	-62.2034
376.0000	156.0000	-4.1657	-50.7005
377.0000	104.0000	0.8079	-46.9413
377.0000	154.0000	-0.1966	-62.2628
377.0000	156.0000	-4.1884	-50.7580
378.0000	104.0000	0.8367	-47.0206
378.0000	154.0000	-0.1582	-62.3428
378.0000	156.0000	-4.1572	-50.8405
379.0000	104.0000	0.8484	-47.0321
379.0000	154.0000	-0.1426	-62.3545
379.0000	156.0000	-4.1445	-50.8533
380.0000	104.0000	0.8307	-47.0717
380.0000	154.0000	-0.1662	-62.3938
380.0000	156.0000	-4.1637	-50.8910
381.0000	104.0000	0.8348	-47.1473
381.0000	154.0000	-0.1607	-62.4695
381.0000	156.0000	-4.1592	-50.9670
382.0000	104.0000	0.8351	-47.2415
382.0000	154.0000	-0.1603	-62.5636
382.0000	156.0000	-4.1589	-51.0629
383.0000	104.0000	0.8343	-47.3542
383.0000	154.0000	-0.1597	-62.6783
383.0000	156.0000	-4.1580	-51.1857
384.0000	104.0000	0.8329	-47.4923
384.0000	154.0000	-0.1589	-62.8216
384.0000	156.0000	-4.1577	-51.3421
385.0000	104.0000	0.8276	-47.6376
385.0000	154.0000	-0.1581	-62.9790
385.0000	156.0000	-4.1571	-51.5228
386.0000	104.0000	0.8193	-47.7677
386.0000	154.0000	-0.1572	-63.1294
386.0000	156.0000	-4.1564	-51.7031
387.0000	104.0000	0.8035	-47.8381
387.0000	154.0000	-0.1600	-63.2247
387.0000	156.0000	-4.1587	-51.8365
388.0000	104.0000	0.7812	-47.8144
388.0000	154.0000	-0.1677	-63.2336
388.0000	156.0000	-4.1651	-51.8893
389.0000	104.0000	0.7638	-47.7742
389.0000	154.0000	-0.1677	-63.2334
389.0000	156.0000	-4.1652	-51.9401
390.0000	104.0000	0.7432	-47.7283
390.0000	154.0000	-0.1678	-63.2332
390.0000	156.0000	-4.1654	-51.9974
391.0000	104.0000	0.7175	-47.6775
391.0000	154.0000	-0.1678	-63.2331
391.0000	156.0000	-4.1654	-52.0141
392.0000	104.0000	0.6916	-47.6219
392.0000	154.0000	-0.1678	-63.2330
392.0000	156.0000	-4.1655	-52.0146
393.0000	104.0000	0.6680	-47.5618
393.0000	154.0000	-0.1678	-63.2330
393.0000	156.0000	-4.1655	-52.0157
394.0000	104.0000	0.6590	-47.5471
394.0000	154.0000	-0.1678	-63.2330
394.0000	156.0000	-4.1655	-52.0163
395.0000	104.0000	0.6574	-47.5469
395.0000	154.0000	-0.1678	-63.2330
395.0000	156.0000	-4.1654	-52.0166
396.0000	104.0000	0.6578	-47.5453
396.0000	154.0000	-0.1676	-63.2308
396.0000	156.0000	-4.1655	-52.0179
397.0000	104.0000	0.6584	-47.5443
397.0000	154.0000	-0.1676	-63.2304
397.0000	156.0000	-4.1655	-52.0179
398.0000	104.0000	0.6586	-47.5437
398.0000	154.0000	-0.1676	-63.2294
398.0000	156.0000	-4.1655	-52.0179
399.0000	104.0000	0.6587	-47.5435
399.0000	154.0000	-0.1676	-63.2291
399.0000	156.0000	-4.1655	-52.0208
400.0000	104.0000	0.6570	-47.5403
400.0000	154.0000	-0.1676	-63.2291
400.0000	156.0000	-4.1655	-52.0219
401.0000	104.0000	0.6546	-47.5326
401.0000	154.0000	-0.1676	-63.2291
401.0000	156.0000	-4.1655	-52.0219
402.0000	104.0000	0.6538	-47.5323
402.0000	154.0000	-0.1676	-63.2291
402.0000	156.0000	-4.1655	-52.0219
403.0000	104.0000	0.6537	-47.5324
403.0000	154.0000	-0.1676	-63.2291
403.0000	156.0000	-4.1655	-52.0258
404.0000	104.0000	0.6537	-47.5322
404.0000	154.0000	-0.1676	-63.2291
404.0000	156.0000	-4.1655	-52.0376
405.0000	104.0000	0.6537	-47.5321
405.0000	154.0000	-0.1675	-63.2291
405.0000	156.0000	-4.1656	-52.0570
406.0000	104.0000	0.6537	-47.5321
406.0000	154.0000	-0.1675	-63.2281
406.0000	156.0000	-4.1657	-52.0826
407.0000	104.0000	0.6538	-47.5321
407.0000	154.0000	-0.1675	-63.2272
407.0000	156.0000	-4.1657	-52.1157
408.0000	104.0000	0.6537	-47.5321
408.0000	154.0000	-0.1675	-63.2242
408.0000	156.0000	-4.1658	-52.1559
409.0000	104.0000	0.6537	-47.5321
409.0000	154.0000	-0.1675	-63.2145
409.0000	156.0000	-4.1659	-52.2031
410.0000	104.0000	0.6537	-47.5321
410.0000	154.0000	-0.1667	-63.1990
410.0000	156.0000	-4.1660	-52.2570
411.0000	104.0000	0.6537	-47.5321
411.0000	154.0000	-0.1660	-63.1753
411.0000	156.0000	-4.1662	-52.3173
412.0000	104.0000	0.6537	-47.5321
412.0000	154.0000	-0.1649	-63.1459
412.0000	156.0000	-4.1663	-52.3840
413.0000	104.0000	0.6537	-47.5321
413.0000	154.0000	-0.1632	-63.1103
413.0000	156.0000	-4.1665	-52.4547
414.0000	104.0000	0.6537	-47.5321
414.0000	154.0000	-0.1616	-63.0678
414.0000	156.0000	-4.1666	-52.5309
415.0000	104.0000	0.6537	-47.5321
415.0000	154.0000	-0.1596	-63.0187
415.0000	156.0000	-4.1668	-52.6132
416.0000	104.0000	0.6537	-47.5321
416.0000	154.0000	-0.1565	-62.9631
416.0000	156.0000	-4.1670	-52.7014
417.0000	104.0000	0.6537	-47.5321
417.0000	154.0000	-0.1539	-62.9009
417.0000	156.0000	-4.1672	-52.7954
418.0000	104.0000	0.6537	-47.5321
418.0000	154.0000	-0.1496	-62.8323
418.0000	156.0000	-4.1674	-52.8952
419.0000	104.0000	0.6537	-47.5321
419.0000	154.0000	-0.1438	-62.7575
419.0000	156.0000	-4.1677	-53.0005
420.0000	104.0000	0.6537	-47.5321
420.0000	154.0000	-0.1385	-62.6765
420.0000	156.0000	-4.1677	-53.0482
421.0000	104.0000	0.6537	-47.5321
421.0000	154.0000	-0.1332	-62.5894
421.0000	156.0000	-4.1678	-53.0484
422.0000	104.0000	0.6537	-47.5321
422.0000	154.0000	-0.1249	-62.4967
422.0000	156.0000	-4.1678	-53.0506
423.0000	104.0000	0.6537	-47.5321
423.0000	154.0000	-0.1143	-62.3986
423.0000	156.0000	-4.1678	-53.0521
424.0000	104.0000	0.6537	-47.5321
424.0000	154.0000	-0.1049	-62.2947
424.0000	156.0000	-4.1678	-53.0691
425.0000	104.0000	0.6537	-47.5321
425.0000	154.0000	-0.0930	-62.1856
425.0000	156.0000	-4.1679	-53.0927
426.0000	104.0000	0.6537	-47.5321
426.0000	154.0000	-0.0857	-62.1333
426.0000	156.0000	-4.1680	-53.1226
427.0000	104.0000	0.6537	-47.5321
427.0000	154.0000	-0.0883	-62.1331
427.0000	156.0000	-4.1681	-53.1597
428.0000	104.0000	0.6537	-47.5321
428.0000	154.0000	-0.0879	-62.1309
428.0000	156.0000	-4.1682	-53.2038
429.0000	104.0000	0.6537	-47.5321
429.0000	154.0000	-0.0868	-62.1293
429.0000	156.0000	-4.1683	-53.2546
430.0000	104.0000	0.6537	-47.5321
430.0000	154.0000	-0.0861	-62.1274
430.0000	156.0000	-4.1684	-53.3121
431.0000	104.0000	0.6537	-47.5321
431.0000	154.0000	-0.0861	-62.1271
431.0000	156.0000	-4.1685	-53.3758
432.0000	104.0000	0.6537	-47.5321
432.0000	154.0000	-0.0860	-62.1269
432.0000	156.0000	-4.1687	-53.4448
433.0000	104.0000	0.6537	-47.5321
433.0000	154.0000	-0.0860	-62.1269
433.0000	156.0000	-4.1688	-53.5183
434.0000	104.0000	0.6537	-47.5321
434.0000	154.0000	-0.0855	-62.1234
434.0000	156.0000	-4.1690	-53.5978
435.0000	104.0000	0.6537	-47.5321
435.0000	154.0000	-0.0844	-62.1152
435.0000	156.0000	-4.1692	-53.6834
436.0000	104.0000	0.6537	-47.5321
436.0000	154.0000	-0.0821	-62.0976
436.0000	156.0000	-4.1694	-53.7748
437.0000	104.0000	0.6537	-47.5321
437.0000	154.0000	-0.0822	-62.0959
437.0000	156.0000	-4.1696	-53.8720
438.0000	104.0000	0.6537	-47.5321
438.0000	154.0000	-0.0818	-62.0927
438.0000	156.0000	-4.1698	-53.9749
439.0000	104.0000	0.6537	-47.5321
439.0000	154.0000	-0.0818	-62.0917
439.0000	156.0000	-4.1699	-54.0205
440.0000	104.0000	0.6537	-47.5321
440.0000	154.0000	-0.0817	-62.0916
440.0000	156.0000	-4.1700	-54.0207
441.0000	104.0000	0.6537	-47.5321
441.0000	154.0000	-0.0816	-62.0915
441.0000	156.0000	-4.1700	-54.0229
442.0000	104.0000	0.6537	-47.5321
442.0000	154.0000	-0.0816	-62.0914
442.0000	156.0000	-4.1699	-54.0242
443.0000	104.0000	0.6538	-47.5321
443.0000	154.0000	-0.0813	-62.0884
443.0000	156.0000	-4.1699	-54.0249
444.0000	104.0000	0.6528	-47.5303
444.0000	154.0000	-0.0800	-62.0811
444.0000	156.0000	-4.1700	-54.0337
445.0000	104.0000	0.6499	-47.5229
445.0000	154.0000	-0.0781	-62.0670
445.0000	156.0000	-4.1701	-54.0507
446.0000	104.0000	0.6441	-47.5087
446.0000	154.0000	-0.0752	-62.0436
446.0000	156.0000	-4.1700	-54.0716
447.0000	104.0000	0.6435	-47.5077
447.0000	154.0000	-0.0705	-62.0123
447.0000	156.0000	-4.1699	-54.1000
448.0000	104.0000	0.6430	-47.5078
448.0000	154.0000	-0.0658	-61.9738
448.0000	156.0000	-4.1700	-54.1346
449.0000	104.0000	0.6430	-47.5075
449.0000	154.0000	-0.0587	-61.9286
449.0000	156.0000	-4.1701	-54.1758
450.0000	104.0000	0.6431	-47.5073
450.0000	154.0000	-0.0520	-61.8765
450.0000	156.0000	-4.1702	-54.2237
451.0000	104.0000	0.6432	-47.5072
451.0000	154.0000	-0.0423	-61.8186
451.0000	156.0000	-4.1703	-54.2781
452.0000	104.0000	0.6418	-47.5044
452.0000	154.0000	-0.0323	-61.7567
452.0000	156.0000	-4.1705	-54.3391
453.0000	104.0000	0.6383	-47.4950
453.0000	154.0000	-0.0224	-61.6889
453.0000	156.0000	-4.1706	-54.4066
454.0000	104.0000	0.6320	-47.4794
454.0000	154.0000	-0.0086	-61.6154
454.0000	156.0000	-4.1708	-54.4301
455.0000	104.0000	0.6230	-47.4574
455.0000	154.0000	0.0059	-61.5359
455.0000	156.0000	-4.1709	-54.4557
456.0000	104.0000	0.6112	-47.4286
456.0000	154.0000	0.0223	-61.4506
456.0000	156.0000	-4.1709	-54.4635
457.0000	104.0000	0.6089	-47.4260
457.0000	154.0000	0.0407	-61.3598
457.0000	156.0000	-4.1709	-54.4641
458.0000	104.0000	0.6084	-47.4258
458.0000	154.0000	0.0638	-61.2643
458.0000	156.0000	-4.1709	-54.4647
459.0000	104.0000	0.6085	-47.4251
459.0000	154.0000	0.0849	-61.1627
459.0000	156.0000	-4.1709	-54.4651
460.0000	104.0000	0.6086	-47.4247
460.0000	154.0000	0.1107	-61.0565
460.0000	156.0000	-4.1709	-54.4705
461.0000	104.0000	0.6086	-47.4245
461.0000	154.0000	0.1246	-61.0060
461.0000	156.0000	-4.1710	-54.4833
462.0000	104.0000	0.6086	-47.4244
462.0000	154.0000	0.1212	-61.0053
462.0000	156.0000	-4.1710	-54.5038
463.0000	104.0000	0.6086	-47.4244
463.0000	154.0000	0.1223	-61.0032
463.0000	156.0000	-4.1711	-54.5311
464.0000	104.0000	0.6086	-47.4244
464.0000	154.0000	0.1237	-61.0021
464.0000	156.0000	-4.1711	-54.5340
465.0000	104.0000	0.6086	-47.4244
465.0000	154.0000	0.1245	-61.0015
465.0000	156.0000	-4.1711	-54.5384
466.0000	104.0000	0.6087	-47.4244
466.0000	154.0000	0.1272	-60.9923
466.0000	156.0000	-4.1712	-54.5548
467.0000	104.0000	0.6082	-47.4235
467.0000	154.0000	0.1315	-60.9773
467.0000	156.0000	-4.1712	-54.5783
468.0000	104.0000	0.6082	-47.4235
468.0000	154.0000	0.1373	-60.9550
468.0000	156.0000	-4.1713	-54.5801
469.0000	104.0000	0.6082	-47.4235
469.0000	154.0000	0.1449	-60.9249
469.0000	156.0000	-4.1713	-54.5804
470.0000	104.0000	0.6083	-47.4235
470.0000	154.0000	0.1558	-60.8882
470.0000	156.0000	-4.1713	-54.5808
471.0000	104.0000	0.6083	-47.4235
471.0000	154.0000	0.1569	-60.8796
471.0000	156.0000	-4.1713	-54.5810
472.0000	104.0000	0.6083	-47.4235
472.0000	154.0000	0.1565	-60.8792
472.0000	156.0000	-4.1713	-54.5811
473.0000	104.0000	0.6083	-47.4235
473.0000	154.0000	0.1570	-60.8786
473.0000	156.0000	-4.1713	-54.5811
474.0000	104.0000	0.6083	-47.4235
474.0000	154.0000	0.1573	-60.8783
474.0000	156.0000	-4.1713	-54.5811
475.0000	104.0000	0.6083	-47.4235
475.0000	154.0000	0.1575	-60.8782
475.0000	156.0000	-4.1713	-54.5811
476.0000	104.0000	0.6083	-47.4235
476.0000	154.0000	0.1575	-60.8781
476.0000	156.0000	-4.1713	-54.5811
477.0000	104.0000	0.6083	-47.4235
477.0000	154.0000	0.1576	-60.8781
477.0000	156.0000	-4.1713	-54.5811
478.0000	104.0000	0.6083	-47.4235
478.0000	154.0000	0.1575	-60.8781
478.0000	156.0000	-4.1713	-54.5811
479.0000	104.0000	0.6083	-47.4235
479.0000	154.0000	0.1580	-60.8755
479.0000	156.0000	-4.1713	-54.5811
480.0000	104.0000	0.6083	-47.4235
480.0000	154.0000	0.1605	-60.8673
480.0000	156.0000	-4.1713	-54.5811
481.0000	104.0000	0.6083	-47.4235
481.0000	154.0000	0.1647	-60.8519
481.0000	156.0000	-4.1713	-54.5811
482.0000	104.0000	0.6083	-47.4235
482.0000	154.0000	0.1713	-60.8300
482.0000	156.0000	-4.1713	-54.5811
483.0000	104.0000	0.6083	-47.4235
483.0000	154.0000	0.1791	-60.8008
483.0000	156.0000	-4.1713	-54.5811
484.0000	104.0000	0.6083	-47.4235
484.0000	154.0000	0.1893	-60.7646
484.0000	156.0000	-4.1713	-54.5811
485.0000	104.0000	0.6083	-47.4235
485.0000	154.0000	0.2027	-60.7221
485.0000	156.0000	-4.1713	-54.5811
486.0000	104.0000	0.6083	-47.4235
486.0000	154.0000	0.2163	-60.6726
486.0000	156.0000	-4.1713	-54.5811
487.0000	104.0000	0.6083	-47.4235
487.0000	154.0000	0.2344	-60.6177
487.0000	156.0000	-4.1713	-54.5811
488.0000	104.0000	0.6072	-47.4217
488.0000	154.0000	0.2532	-60.5590
488.0000	156.0000	-4.1713	-54.5811
489.0000	104.0000	0.6070	-47.4214
489.0000	154.0000	0.2582	-60.5400
489.0000	156.0000	-4.1713	-54.5811
490.0000	104.0000	0.6071	-47.4214
490.0000	154.0000	0.2573	-60.5392
490.0000	156.0000	-4.1713	-54.5811
491.0000	104.0000	0.6070	-47.4214
491.0000	154.0000	0.2582	-60.5382
491.0000	156.0000	-4.1713	-54.5811
492.0000	104.0000	0.6070	-47.4214
492.0000	154.0000	0.2589	-60.5377
492.0000	156.0000	-4.1713	-54.5811
493.0000	104.0000	0.6070	-47.4214
493.0000	154.0000	0.2592	-60.5374
493.0000	156.0000	-4.1713	-54.5811
494.0000	104.0000	0.6070	-47.4214
494.0000	154.0000	0.2593	-60.5373
494.0000	156.0000	-4.1713	-54.5811
495.0000	104.0000	0.6070	-47.4214
495.0000	154.0000	0.2594	-60.5372
495.0000	156.0000	-4.1713	-54.5811
496.0000	104.0000	0.6070	-47.4214
496.0000	154.0000	0.2594	-60.5372
496.0000	156.0000	-4.1713	-54.5811
497.0000	104.0000	0.6070	-47.4214
497.0000	154.0000	0.2594	-60.5373
497.0000	156.0000	-4.1713	-54.5811
498.0000	104.0000	0.6070	-47.4214
498.0000	154.0000	0.2598	-60.5351
498.0000	156.0000	-4.1713	-54.5810
499.0000	104.0000	0.6070	-47.4214
499.0000	154.0000	0.2627	-60.5267
499.0000	156.0000	-4.1711	-54.5839
500.0000	104.0000	0.6070	-47.4214
500.0000	154.0000	0.2672	-60.5132
500.0000	156.0000	-4.1712	-54.5926
501.0000	104.0000	0.6070	-47.4214
501.0000	154.0000	0.2743	-60.4928
501.0000	156.0000	-4.1713	-54.6090
502.0000	104.0000	0.6070	-47.4214
502.0000	154.0000	0.2831	-60.4658
502.0000	156.0000	-4.1713	-54.6326
503.0000	104.0000	0.6070	-47.4214
503.0000	154.0000	0.2947	-60.4338
503.0000	156.0000	-4.1713	-54.6626
504.0000	104.0000	0.6070	-47.4214
504.0000	154.0000	0.3072	-60.3949
504.0000	156.0000	-4.1714	-54.6999
505.0000	104.0000	0.6070	-47.4214
505.0000	154.0000	0.3238	-60.3504
505.0000	156.0000	-4.1715	-54.7442
506.0000	104.0000	0.6070	-47.4214
506.0000	154.0000	0.3408	-60.2991
506.0000	156.0000	-4.1716	-54.7952
507.0000	104.0000	0.6070	-47.4214
507.0000	154.0000	0.3626	-60.2426
507.0000	156.0000	-4.1718	-54.8528
508.0000	104.0000	0.6070	-47.4214
508.0000	154.0000	0.3864	-60.1800
508.0000	156.0000	-4.1722	-54.9168
509.0000	104.0000	0.6070	-47.4214
509.0000	154.0000	0.4130	-60.1117
509.0000	156.0000	-4.1726	-54.9857
510.0000	104.0000	0.6070	-47.4214
510.0000	154.0000	0.4425	-60.0379
510.0000	156.0000	-4.1729	-55.0594
511.0000	104.0000	0.6071	-47.4215
511.0000	154.0000	0.4751	-59.9588
511.0000	156.0000	-4.1733	-55.1391
512.0000	104.0000	0.6061	-47.4196
512.0000	154.0000	0.5108	-59.8747
512.0000	156.0000	-4.1737	-55.2248
513.0000	104.0000	0.6032	-47.4121
513.0000	154.0000	0.5496	-59.7856
513.0000	156.0000	-4.1741	-55.3164
514.0000	104.0000	0.5975	-47.3972
514.0000	154.0000	0.5916	-59.6919
514.0000	156.0000	-4.1747	-55.4138
515.0000	104.0000	0.5967	-47.3965
515.0000	154.0000	0.6405	-59.5957
515.0000	156.0000	-4.1753	-55.5168
516.0000	104.0000	0.5964	-47.3966
516.0000	154.0000	0.6872	-59.4923
516.0000	156.0000	-4.1759	-55.6253
517.0000	104.0000	0.5964	-47.3963
517.0000	154.0000	0.7447	-59.3887
517.0000	156.0000	-4.1765	-55.7391
518.0000	104.0000	0.5965	-47.3961
518.0000	154.0000	0.7989	-59.2774
518.0000	156.0000	-4.1772	-55.8582
519.0000	104.0000	0.5965	-47.3960
519.0000	154.0000	0.8650	-59.1671
519.0000	156.0000	-4.1779	-55.9825
520.0000	104.0000	0.5965	-47.3960
520.0000	154.0000	0.9313	-59.0514
520.0000	156.0000	-4.1785	-56.1118
521.0000	104.0000	0.5965	-47.3960
521.0000	154.0000	0.9996	-58.9309
521.0000	156.0000	-4.1792	-56.2460
522.0000	104.0000	0.5965	-47.3960
522.0000	154.0000	1.0794	-58.8124
522.0000	156.0000	-4.1799	-56.3851
523.0000	104.0000	0.5965	-47.3960
523.0000	154.0000	1.1591	-58.6883
523.0000	156.0000	-4.1806	-56.5289
524.0000	104.0000	0.5965	-47.3960
524.0000	154.0000	1.2466	-58.5642
524.0000	156.0000	-4.1813	-56.6774
525.0000	104.0000	0.5965	-47.3960
525.0000	154.0000	1.3370	-58.4373
525.0000	156.0000	-4.1820	-56.8304
526.0000	104.0000	0.5966	-47.3960
526.0000	154.0000	1.4330	-58.3119
526.0000	156.0000	-4.1825	-56.9875
527.0000	104.0000	0.5955	-47.3942
527.0000	154.0000	1.5418	-58.1750
527.0000	156.0000	-4.1827	-57.0482
528.0000	104.0000	0.5928	-47.3868
528.0000	154.0000	1.6620	-58.0413
528.0000	156.0000	-4.1827	-57.0641
529.0000	104.0000	0.5879	-47.3720
529.0000	154.0000	1.7784	-57.8973
529.0000	156.0000	-4.1829	-57.1595
530.0000	104.0000	0.5794	-47.3511
530.0000	154.0000	1.9107	-57.7612
530.0000	156.0000	-4.1831	-57.2592
531.0000	104.0000	0.5685	-47.3236
531.0000	154.0000	2.0485	-57.6243
531.0000	156.0000	-4.1834	-57.3640
532.0000	104.0000	0.5551	-47.2893
532.0000	154.0000	2.1930	-57.4879
532.0000	156.0000	-4.1836	-57.4708
533.0000	104.0000	0.5415	-47.2478
533.0000	154.0000	2.3382	-57.3469
533.0000	156.0000	-4.1838	-57.5672
534.0000	104.0000	0.5250	-47.2003
534.0000	154.0000	2.5014	-57.2207
534.0000	156.0000	-4.1840	-57.6661
535.0000	104.0000	0.5039	-47.1471
535.0000	154.0000	2.6710	-57.0784
535.0000	156.0000	-4.1843	-57.7707
536.0000	104.0000	0.4833	-47.0896
536.0000	154.0000	2.8564	-56.9480
536.0000	156.0000	-4.1845	-57.8804
537.0000	104.0000	0.4641	-47.0258
537.0000	154.0000	3.0431	-56.8108
537.0000	156.0000	-4.1847	-57.9953
538.0000	104.0000	0.4417	-46.9565
538.0000	154.0000	3.2450	-56.6880
538.0000	156.0000	-4.1850	-58.1153
539.0000	104.0000	0.4324	-46.9320
539.0000	154.0000	3.4482	-56.5579
539.0000	156.0000	-4.1853	-58.2404
540.0000	104.0000	0.4287	-46.9225
540.0000	154.0000	3.6664	-56.4451
540.0000	156.0000	-4.1856	-58.3706
541.0000	104.0000	0.4276	-46.9177
541.0000	154.0000	3.8857	-56.3242
541.0000	156.0000	-4.1858	-58.5056
542.0000	104.0000	0.4278	-46.9169
542.0000	154.0000	4.1212	-56.2303
542.0000	156.0000	-4.1861	-58.6455
543.0000	104.0000	0.4281	-46.9162
543.0000	154.0000	4.3492	-56.1190
543.0000	156.0000	-4.1864	-58.7901
544.0000	104.0000	0.4283	-46.9158
544.0000	154.0000	4.6036	-56.0358
544.0000	156.0000	-4.1868	-58.9393
545.0000	104.0000	0.4283	-46.9157
545.0000	154.0000	4.8658	-55.9559
545.0000	156.0000	-4.1871	-59.0930
546.0000	104.0000	0.4283	-46.9156
546.0000	154.0000	5.1341	-55.8771
546.0000	156.0000	-4.1874	-59.2506
547.0000	104.0000	0.4282	-46.9156
547.0000	154.0000	5.4083	-55.7977
547.0000	156.0000	-4.1878	-59.4104
548.0000	104.0000	0.4282	-46.9156
548.0000	154.0000	5.6932	-55.7447
548.0000	156.0000	-4.1882	-59.5871
549.0000	104.0000	0.4282	-46.9156
549.0000	154.0000	5.9790	-55.6708
549.0000	156.0000	-4.1886	-59.7694
550.0000	104.0000	0.4282	-46.9156
550.0000	154.0000	6.2751	-55.6282
550.0000	156.0000	-4.1890	-59.9564
551.0000	104.0000	0.4282	-46.9156
551.0000	154.0000	6.5733	-55.5708
551.0000	156.0000	-4.1894	-60.1483
552.0000	104.0000	0.4282	-46.9156
552.0000	154.0000	6.8791	-55.5344
552.0000	156.0000	-4.1898	-60.3450
553.0000	104.0000	0.4282	-46.9156
553.0000	154.0000	7.1883	-55.4887
553.0000	156.0000	-4.1903	-60.5463
554.0000	104.0000	0.4282	-46.9156
554.0000	154.0000	7.5018	-55.4597
554.0000	156.0000	-4.1906	-60.6709
555.0000	104.0000	0.4282	-46.9156
555.0000	154.0000	7.8184	-55.4228
555.0000	156.0000	-4.1906	-60.6684
556.0000	104.0000	0.4282	-46.9156
556.0000	154.0000	8.1489	-55.4010
556.0000	156.0000	-4.1906	-60.6728
557.0000	104.0000	0.4282	-46.9156
557.0000	154.0000	8.4844	-55.3710
557.0000	156.0000	-4.1906	-60.6757
558.0000	104.0000	0.4282	-46.9156
558.0000	154.0000	8.8251	-55.3544
558.0000	156.0000	-4.1906	-60.6772
559.0000	104.0000	0.4283	-46.9157
559.0000	154.0000	9.1702	-55.3321
559.0000	156.0000	-4.1906	-60.6778
560.0000	104.0000	0.4275	-46.9136
560.0000	154.0000	9.5200	-55.3192
560.0000	156.0000	-4.1906	-60.6782
561.0000	104.0000	0.4263	-46.9087
561.0000	154.0000	9.8741	-55.3037
561.0000	156.0000	-4.1906	-60.6868
562.0000	104.0000	0.4218	-46.8939
562.0000	154.0000	10.2324	-55.2940
562.0000	156.0000	-4.1906	-60.6880
563.0000	104.0000	0.4149	-46.8719
563.0000	154.0000	10.5949	-55.2841
563.0000	156.0000	-4.1906	-60.6881
564.0000	104.0000	0.4059	-46.8437
564.0000	154.0000	10.9614	-55.2773
564.0000	156.0000	-4.1906	-60.6882
565.0000	104.0000	0.3963	-46.8082
565.0000	154.0000	11.3319	-55.2716
565.0000	156.0000	-4.1906	-60.6882
566.0000	104.0000	0.3829	-46.7665
566.0000	154.0000	11.7063	-55.2677
566.0000	156.0000	-4.1906	-60.6883
567.0000	104.0000	0.3700	-46.7176
567.0000	154.0000	12.0845	-55.2651
567.0000	156.0000	-4.1906	-60.6883
568.0000	104.0000	0.3529	-46.6633
568.0000	154.0000	12.4637	-55.2637
568.0000	156.0000	-4.1906	-60.6883
569.0000	104.0000	0.3359	-46.6044
569.0000	154.0000	12.8485	-55.2636
569.0000	156.0000	-4.1906	-60.6883
570.0000	104.0000	0.3199	-46.5396
570.0000	154.0000	13.2434	-55.2634
570.0000	156.0000	-4.1906	-60.6883
571.0000	104.0000	0.3014	-46.4690
571.0000	154.0000	13.6431	-55.2653
571.0000	156.0000	-4.1906	-60.6883
572.0000	104.0000	0.2822	-46.3922
572.0000	154.0000	14.0468	-55.2673
572.0000	156.0000	-4.1906	-60.6883
573.0000	104.0000	0.2598	-46.3099
573.0000	154.0000	14.4545	-55.2704
573.0000	156.0000	-4.1906	-60.6883
574.0000	104.0000	0.2522	-46.2775
574.0000	154.0000	14.8662	-55.2742
574.0000	156.0000	-4.1906	-60.6883
575.0000	104.0000	0.2504	-46.2775
575.0000	154.0000	15.2815	-55.2781
575.0000	156.0000	-4.1906	-60.6883
576.0000	104.0000	0.2506	-46.2756
576.0000	154.0000	15.7006	-55.2830
576.0000	156.0000	-4.1906	-60.6883
577.0000	104.0000	0.2513	-46.2744
577.0000	154.0000	16.1233	-55.2881
577.0000	156.0000	-4.1906	-60.6883
578.0000	104.0000	0.2514	-46.2738
578.0000	154.0000	16.5496	-55.2937
578.0000	156.0000	-4.1906	-60.6882
579.0000	104.0000	0.2515	-46.2736
579.0000	154.0000	16.9795	-55.2996
579.0000	156.0000	-4.1906	-60.6900
580.0000	104.0000	0.2514	-46.2734
580.0000	154.0000	17.4128	-55.3058
580.0000	156.0000	-4.1907	-60.6975
581.0000	104.0000	0.2514	-46.2734
581.0000	154.0000	17.8496	-55.3125
581.0000	156.0000	-4.1906	-60.7110
582.0000	104.0000	0.2514	-46.2734
582.0000	154.0000	18.2897	-55.3193
582.0000	156.0000	-4.1907	-60.7334
583.0000	104.0000	0.2514	-46.2734
583.0000	154.0000	18.7332	-55.3263
583.0000	156.0000	-4.1907	-60.7633
584.0000	104.0000	0.2514	-46.2734
584.0000	154.0000	19.1799	-55.3337
584.0000	156.0000	-4.1908	-60.8005
585.0000	104.0000	0.2514	-46.2734
585.0000	154.0000	19.6293	-55.3412
585.0000	156.0000	-4.1909	-60.8448
586.0000	104.0000	0.2514	-46.2734
586.0000	154.0000	20.0788	-55.3489
586.0000	156.0000	-4.1910	-60.8959
587.0000	104.0000	0.2514	-46.2734
587.0000	154.0000	20.5457	-55.3570
587.0000	156.0000	-4.1911	-60.9535
588.0000	104.0000	0.2514	-46.2734
588.0000	154.0000	21.0208	-55.3654
588.0000	156.0000	-4.1913	-61.0174
589.0000	104.0000	0.2514	-46.2734
589.0000	154.0000	21.5003	-55.3742
589.0000	156.0000	-4.1914	-61.0867
590.0000	104.0000	0.2514	-46.2734
590.0000	154.0000	21.9836	-55.3832
590.0000	156.0000	-4.1914	-61.1090
591.0000	104.0000	0.2514	-46.2735
591.0000	154.0000	22.4703	-55.3924
591.0000	156.0000	-4.1914	-61.1096
592.0000	104.0000	0.2508	-46.2717
592.0000	154.0000	22.9605	-55.4016
592.0000	156.0000	-4.1915	-61.1110
593.0000	104.0000	0.2507	-46.2707
593.0000	154.0000	23.4540	-55.4110
593.0000	156.0000	-4.1914	-61.1118
594.0000	104.0000	0.2507	-46.2707
594.0000	154.0000	23.9507	-55.4204
594.0000	156.0000	-4.1914	-61.1122
595.0000	104.0000	0.2506	-46.2707
595.0000	154.0000	24.4505	-55.4299
595.0000	156.0000	-4.1914	-61.1124
596.0000	104.0000	0.2507	-46.2707
596.0000	154.0000	24.9535	-55.4392
596.0000	156.0000	-4.1914	-61.1125
597.0000	104.0000	0.2507	-46.2707
597.0000	154.0000	25.4595	-55.4485
597.0000	156.0000	-4.1914	-61.1125
598.0000	104.0000	0.2507	-46.2707
598.0000	154.0000	25.9684	-55.4576
598.0000	156.0000	-4.1914	-61.1125
599.0000	104.0000	0.2507	-46.2707
599.0000	154.0000	26.4804	-55.4665
599.0000	156.0000	-4.1915	-61.1146
600.0000	104.0000	0.2507	-46.2707
600.0000	154.0000	26.9952	-55.4752
600.0000	156.0000	-4.1915	-61.1157
601.0000	104.0000	0.2504	-46.2697
601.0000	154.0000	27.5130	-55.4835
601.0000	156.0000	-4.1915	-61.1157
602.0000	104.0000	0.2505	-46.2697
602.0000	154.0000	28.0336	-55.4916
602.0000	156.0000	-4.1915	-61.1157
603.0000	104.0000	0.2505	-46.2697
603.0000	154.0000	28.5571	-55.4993
603.0000	156.0000	-4.1915	-61.1193
604.0000	104.0000	0.2505	-46.2697
604.0000	154.0000	29.0832	-55.5068
604.0000	156.0000	-4.1916	-61.1198
605.0000	104.0000	0.2504	-46.2697
605.0000	154.0000	29.6122	-55.5138
605.0000	156.0000	-4.1916	-61.1209
606.0000	104.0000	0.2504	-46.2697
606.0000	154.0000	30.1438	-55.5204
606.0000	156.0000	-4.1912	-61.1281
607.0000	104.0000	0.2504	-46.2697
607.0000	154.0000	30.6781	-55.5267
607.0000	156.0000	-4.1914	-61.1414
608.0000	104.0000	0.2504	-46.2697
608.0000	154.0000	31.2150	-55.5326
608.0000	156.0000	-4.1913	-61.1424
609.0000	104.0000	0.2504	-46.2697
609.0000	154.0000	31.7544	-55.5381
609.0000	156.0000	-4.1913	-61.1425
610.0000	104.0000	0.2504	-46.2697
610.0000	154.0000	32.2964	-55.5433
610.0000	156.0000	-4.1913	-61.1427
611.0000	104.0000	0.2504	-46.2697
611.0000	154.0000	32.8409	-55.5481
611.0000	156.0000	-4.1913	-61.1428
612.0000	104.0000	0.2504	-46.2697
612.0000	154.0000	33.3879	-55.5526
612.0000	156.0000	-4.1913	-61.1429
613.0000	104.0000	0.2504	-46.2697
613.0000	154.0000	33.9374	-55.5566
613.0000	156.0000	-4.1913	-61.1429
614.0000	104.0000	0.2504	-46.2697
614.0000	154.0000	34.4875	-55.5604
614.0000	156.0000	-4.1913	-61.1429
615.0000	104.0000	0.2504	-46.2697
615.0000	154.0000	35.0412	-55.5638
615.0000	156.0000	-4.1913	-61.1429
616.0000	104.0000	0.2504	-46.2697
616.0000	154.0000	35.6131	-55.5672
616.0000	156.0000	-4.1913	-61.1429
617.0000	104.0000	0.2504	-46.2697
617.0000	154.0000	36.1916	-55.5702
617.0000	156.0000	-4.1913	-61.1428
618.0000	104.0000	0.2504	-46.2697
618.0000	154.0000	36.7740	-55.5730
618.0000	156.0000	-4.1913	-61.1439
619.0000	104.0000	0.2504	-46.2697
619.0000	154.0000	37.3595	-55.5756
619.0000	156.0000	-4.1913	-61.1439
620.0000	104.0000	0.2504	-46.2697
620.0000	154.0000	37.9476	-55.5779
620.0000	156.0000	-4.1913	-61.1439
621.0000	104.0000	0.2504	-46.2697
621.0000	154.0000	38.5384	-55.5800
621.0000	156.0000	-4.1913	-61.1439
622.0000	104.0000	0.2504	-46.2697
622.0000	154.0000	39.1316	-55.5820
622.0000	156.0000	-4.1913	-61.1439
623.0000	104.0000	0.2504	-46.2697
623.0000	154.0000	39.7272	-55.5836
623.0000	156.0000	-4.1913	-61.1439
624.0000	104.0000	0.2504	-46.2697
624.0000	154.0000	40.3252	-55.5851
624.0000	156.0000	-4.1913	-61.1439
625.0000	104.0000	0.2504	-46.2697
625.0000	154.0000	40.9255	-55.5865
625.0000	156.0000	-4.1913	-61.1439
626.0000	104.0000	0.2504	-46.2697
626.0000	154.0000	41.5281	-55.5878
626.0000	156.0000	-4.1913	-61.1439
627.0000	104.0000	0.2504	-46.2697
627.0000	154.0000	42.1330	-55.5889
627.0000	156.0000	-4.1913	-61.1439
628.0000	104.0000	0.2504	-46.2697
628.0000	154.0000	42.7400	-55.5898
628.0000	156.0000	-4.1913	-61.1439
629.0000	104.0000	0.2504	-46.2697
629.0000	154.0000	43.3493	-55.5908
629.0000	156.0000	-4.1913	-61.1439
630.0000	104.0000	0.2504	-46.2697
630.0000	154.0000	43.9607	-55.5917
630.0000	156.0000	-4.1913	-61.1439
631.0000	104.0000	0.2504	-46.2697
631.0000	154.0000	44.5742	-55.5924
631.0000	156.0000	-4.1913	-61.1439
632.0000	104.0000	0.2504	-46.2697
632.0000	154.0000	45.1899	-55.5931
632.0000	156.0000	-4.1913	-61.1439
633.0000	104.0000	0.2504	-46.2697
633.0000	154.0000	45.8075	-55.5937
633.0000	156.0000	-4.1913	-61.1439
634.0000	104.0000	0.2504	-46.2697
634.0000	154.0000	46.4273	-55.5943
634.0000	156.0000	-4.1913	-61.1439
635.0000	104.0000	0.2505	-46.2698
635.0000	154.0000	47.0491	-55.5949
635.0000	156.0000	-4.1913	-61.1439
636.0000	104.0000	0.2498	-46.2677
636.0000	154.0000	47.6728	-55.5955
636.0000	156.0000	-4.1913	-61.1439
637.0000	104.0000	0.2487	-46.2615
637.0000	154.0000	48.2985	-55.5961
637.0000	156.0000	-4.1913	-61.1438
638.0000	104.0000	0.2456	-46.2476
638.0000	154.0000	48.9262	-55.5966
638.0000	156.0000	-4.1914	-61.1456
639.0000	104.0000	0.2405	-46.2259
639.0000	154.0000	49.5557	-55.5971
639.0000	156.0000	-4.1913	-61.1510
640.0000	104.0000	0.2346	-46.1970
640.0000	154.0000	50.1872	-55.5977
640.0000	156.0000	-4.1913	-61.1518
641.0000	104.0000	0.2261	-46.1610
641.0000	154.0000	50.8202	-55.5983
641.0000	156.0000	-4.1913	-61.1518
642.0000	104.0000	0.2164	-46.1181
642.0000	154.0000	51.4546	-55.5988
642.0000	156.0000	-4.1913	-61.1519
643.0000	104.0000	0.2128	-46.1078
643.0000	154.0000	52.0902	-55.5995
643.0000	156.0000	-4.1913	-61.1519
644.0000	104.0000	0.2116	-46.1016
644.0000	154.0000	52.7270	-55.6001
644.0000	156.0000	-4.1913	-61.1520
645.0000	104.0000	0.2082	-46.0793
645.0000	154.0000	53.3648	-55.6007
645.0000	156.0000	-4.1913	-61.1519
646.0000	104.0000	0.2027	-46.0527
646.0000	154.0000	54.0035	-55.6014
646.0000	156.0000	-4.1914	-61.1544
647.0000	104.0000	0.1959	-46.0204
647.0000	154.0000	54.6430	-55.6021
647.0000	156.0000	-4.1913	-61.1550
648.0000	104.0000	0.1885	-45.9813
648.0000	154.0000	55.2832	-55.6029
648.0000	156.0000	-4.1913	-61.1550
649.0000	104.0000	0.1788	-45.9361
649.0000	154.0000	55.9241	-55.6037
649.0000	156.0000	-4.1913	-61.1550
650.0000	104.0000	0.1693	-45.8841
650.0000	154.0000	56.5655	-55.6045
650.0000	156.0000	-4.1913	-61.1550
651.0000	104.0000	0.1572	-45.8260
651.0000	154.0000	57.2074	-55.6054
651.0000	156.0000	-4.1913	-61.1550
652.0000	104.0000	0.1447	-45.7612
652.0000	156.0000	-4.1913	-61.1550
653.0000	104.0000	0.1323	-45.6900
653.0000	156.0000	-4.1913	-61.1550
654.0000	104.0000	0.1185	-45.6127
654.0000	156.0000	-4.1913	-61.1550
655.0000	104.0000	0.1030	-45.5295
655.0000	156.0000	-4.1913	-61.1550
656.0000	104.0000	0.0900	-45.4399
656.0000	156.0000	-4.1913	-61.1550
657.0000	104.0000	0.0739	-45.3449
657.0000	156.0000	-4.1913	-61.1550
658.0000	104.0000	0.0577	-45.2442
658.0000	156.0000	-4.1913	-61.1550
659.0000	104.0000	0.0428	-45.1377
659.0000	156.0000	-4.1913	-61.1550
660.0000	104.0000	0.0270	-45.0259
660.0000	156.0000	-4.1913	-61.1550
661.0000	104.0000	0.0124	-44.9086
661.0000	156.0000	-4.1913	-61.1549
662.0000	104.0000	-0.0037	-44.7863
662.0000	156.0000	-4.1914	-61.1567
663.0000	104.0000	-0.0186	-44.6588
663.0000	156.0000	-4.1914	-61.1639
664.0000	104.0000	-0.0335	-44.5262
664.0000	156.0000	-4.1915	-61.1765
665.0000	104.0000	-0.0474	-44.3887
665.0000	156.0000	-4.1915	-61.1969
666.0000	104.0000	-0.0618	-44.2464
666.0000	156.0000	-4.1913	-61.2252
667.0000	104.0000	-0.0747	-44.0993
667.0000	156.0000	-4.1913	-61.2589
668.0000	104.0000	-0.0880	-43.9476
668.0000	156.0000	-4.1912	-61.2994
669.0000	104.0000	-0.1000	-43.7915
669.0000	156.0000	-4.1910	-61.3466
670.0000	104.0000	-0.1116	-43.6347
670.0000	156.0000	-4.1908	-61.4004
671.0000	104.0000	-0.1226	-43.4612
671.0000	156.0000	-4.1905	-61.4608
672.0000	104.0000	-0.1338	-43.2808
672.0000	156.0000	-4.1902	-61.5276
673.0000	104.0000	-0.1435	-43.0955
673.0000	156.0000	-4.1900	-61.6009
674.0000	104.0000	-0.1532	-42.9053
674.0000	156.0000	-4.1898	-61.6804
675.0000	104.0000	-0.1616	-42.7102
675.0000	156.0000	-4.1896	-61.7660
676.0000	104.0000	-0.1695	-42.5105
676.0000	156.0000	-4.1894	-61.8575
677.0000	104.0000	-0.1765	-42.3065
677.0000	156.0000	-4.1892	-61.9548
678.0000	104.0000	-0.1826	-42.1015
678.0000	156.0000	-4.1891	-62.0577
679.0000	104.0000	-0.1880	-41.8803
679.0000	156.0000	-4.1889	-62.1661
680.0000	104.0000	-0.1928	-41.6523
680.0000	156.0000	-4.1886	-62.2799
681.0000	104.0000	-0.1966	-41.4193
681.0000	156.0000	-4.1883	-62.3989
682.0000	104.0000	-0.2005	-41.1814
682.0000	156.0000	-4.1878	-62.5231
683.0000	104.0000	-0.2024	-40.9385
683.0000	156.0000	-4.1873	-62.6522
684.0000	104.0000	-0.2049	-40.6945
684.0000	156.0000	-4.1869	-62.7899
685.0000	104.0000	-0.1995	-40.4662
685.0000	156.0000	-4.1769	-62.9532
686.0000	104.0000	-0.2063	-40.2657
686.0000	156.0000	-4.1844	-63.1524
687.0000	104.0000	-0.2037	-40.1061
687.0000	156.0000	-4.1811	-63.3989
688.0000	104.0000	-0.2030	-39.9782
688.0000	156.0000	-4.1797	-63.6914
689.0000	104.0000	-0.2020	-39.8747
689.0000	156.0000	-4.1781	-64.0227
690.0000	104.0000	-0.2002	-39.7979
690.0000	156.0000	-4.1764	-64.3869
691.0000	104.0000	-0.1975	-39.7467
691.0000	156.0000	-4.1744	-64.7986
692.0000	104.0000	-0.1944	-39.7203
692.0000	156.0000	-4.1720	-65.2459
693.0000	104.0000	-0.1917	-39.7185
693.0000	156.0000	-4.1704	-65.7270
694.0000	104.0000	-0.1880	-39.7406
694.0000	156.0000	-4.1683	-66.2414
695.0000	104.0000	-0.1842	-39.7864
695.0000	156.0000	-4.1658	-66.7887
696.0000	104.0000	-0.1799	-39.8553
696.0000	156.0000	-4.1631	-67.3680
697.0000	104.0000	-0.1754	-39.9470
697.0000	156.0000	-4.1602	-67.9783
698.0000	104.0000	-0.1704	-40.0551
698.0000	156.0000	-4.1571	-68.6081
699.0000	104.0000	-0.1651	-40.1243
699.0000	156.0000	-4.1539	-69.2221
700.0000	104.0000	-0.1594	-40.1206
700.0000	156.0000	-4.1501	-69.7804
701.0000	104.0000	-0.1531	-40.0928
701.0000	156.0000	-4.1452	-70.3245
702.0000	104.0000	-0.1471	-40.0718
702.0000	156.0000	-4.1410	-70.8849
703.0000	104.0000	-0.1410	-40.0581
703.0000	156.0000	-4.1374	-71.4617
704.0000	104.0000	-0.1349	-40.0036
704.0000	156.0000	-4.1335	-72.0067
705.0000	104.0000	-0.1278	-39.8833
705.0000	156.0000	-4.1277	-72.4947
706.0000	104.0000	-0.1201	-39.7484
706.0000	156.0000	-4.1216	-72.9766
707.0000	104.0000	-0.1128	-39.6277
707.0000	156.0000	-4.1159	-73.4773
708.0000	104.0000	-0.1058	-39.5285
708.0000	156.0000	-4.1111	-74.0152
709.0000	104.0000	-0.0993	-39.4427
709.0000	156.0000	-4.1069	-74.5795
710.0000	104.0000	-0.0923	-39.3377
710.0000	156.0000	-4.1018	-75.1332
711.0000	104.0000	-0.0844	-39.2317
711.0000	156.0000	-4.0953	-75.6946
712.0000	104.0000	-0.0775	-39.1445
712.0000	156.0000	-4.0908	-76.2792
713.0000	104.0000	-0.0701	-39.0730
713.0000	156.0000	-4.0856	-76.8929
714.0000	104.0000	-0.0630	-39.0197
714.0000	156.0000	-4.0811	-77.5376
715.0000	104.0000	-0.0558	-38.9796
715.0000	156.0000	-4.0767	-78.2043
716.0000	104.0000	-0.0485	-38.9021
716.0000	156.0000	-4.0719	-78.8420
717.0000	104.0000	-0.0401	-38.7593
717.0000	156.0000	-4.0646	-79.4227
718.0000	104.0000	-0.0308	-38.5995
719.0000	104.0000	-0.0226	-38.4520
720.0000	104.0000	-0.0155	-38.3250
721.0000	104.0000	-0.0087	-38.2111
722.0000	104.0000	-0.0013	-38.0778
723.0000	104.0000	0.0066	-37.9423
724.0000	104.0000	0.0139	-37.8208
725.0000	104.0000	0.0207	-37.7099
726.0000	104.0000	0.0276	-37.5785
727.0000	104.0000	0.0349	-37.4324
728.0000	104.0000	0.0421	-37.2349
729.0000	104.0000	0.0493	-36.9549
730.0000	104.0000	0.0598	-36.5839
731.0000	104.0000	0.0637	-36.1164
732.0000	104.0000	0.0675	-35.6397
733.0000	104.0000	0.0712	-35.1678
734.0000	104.0000	0.0723	-34.6877
735.0000	104.0000	0.0755	-34.1999
736.0000	104.0000	0.0785	-33.7088
737.0000	104.0000	0.0813	-33.2144
738.0000	104.0000	0.0839	-32.7168
739.0000	104.0000	0.0861	-32.2161
740.0000	104.0000	0.0884	-31.7123
741.0000	104.0000	0.0903	-31.2055
742.0000	104.0000	0.0921	-30.6957
743.0000	104.0000	0.0935	-30.1830
744.0000	104.0000	0.0950	-29.6673
745.0000	104.0000	0.0962	-29.1486
746.0000	104.0000	0.0972	-28.6279
747.0000	104.0000	0.0980	-28.1037
748.0000	104.0000	0.0987	-27.5767
749.0000	104.0000	0.0994	-27.0476
750.0000	104.0000	0.0997	-26.5162
751.0000	104.0000	0.1000	-25.9815
752.0000	104.0000	0.1003	-25.4440
753.0000	104.0000	0.1002	-24.9038
754.0000	104.0000	0.1001	-24.3612
755.0000	104.0000	0.1000	-23.8160
756.0000	104.0000	0.0999	-23.2684
757.0000	104.0000	0.0994	-22.7183
758.0000	104.0000	0.0989	-22.1730
759.0000	104.0000	0.1100	-21.7261
760.0000	104.0000	0.1265	-21.5073
761.0000	104.0000	0.1245	-21.3039
762.0000	104.0000	0.1239	-21.1312
763.0000	104.0000	0.1235	-20.9913
764.0000	104.0000	0.1227	-20.8818
765.0000	104.0000	0.1216	-20.7453
766.0000	104.0000	0.1202	-20.5265
767.0000	104.0000	0.1184	-20.2251
768.0000	104.0000	0.1167	-19.9177
769.0000	104.0000	0.1150	-19.6171
770.0000	104.0000	0.1133	-19.3313
771.0000	104.0000	0.1116	-19.0428
772.0000	104.0000	0.1104	-18.8385
773.0000	104.0000	0.1101	-18.8018
774.0000	104.0000	0.1100	-18.7603
775.0000	104.0000	0.1094	-18.6749
776.0000	104.0000	0.1022	-18.6012
777.0000	104.0000	0.1081	-18.5535
778.0000	104.0000	0.1076	-18.5389
779.0000	104.0000	0.1071	-18.5639
780.0000	104.0000	0.1066	-18.6150
781.0000	104.0000	0.1061	-18.6479
782.0000	104.0000	0.1054	-18.6716
783.0000	104.0000	0.1046	-18.6663
784.0000	104.0000	0.1039	-18.6686
785.0000	104.0000	0.1031	-18.7012
786.0000	104.0000	0.1027	-18.7446
787.0000	104.0000	0.1022	-18.7863
788.0000	104.0000	0.1014	-18.8220
789.0000	104.0000	0.1006	-18.8074
790.0000	44.0000	-4.1073	79.8633
790.0000	104.0000	0.0996	-18.7061
791.0000	44.0000	-4.1059	79.8033
791.0000	104.0000	0.0986	-18.5734
792.0000	44.0000	-4.1048	79.7363
792.0000	104.0000	0.0975	-18.4350
793.0000	44.0000	-4.1028	79.6631
793.0000	104.0000	0.0964	-18.2912
794.0000	44.0000	-4.1008	79.5865
794.0000	104.0000	0.0953	-18.1493
795.0000	44.0000	-4.0984	79.5184
795.0000	104.0000	0.0942	-18.0105
796.0000	44.0000	-4.0965	79.4468
796.0000	104.0000	0.0931	-17.8813
797.0000	44.0000	-4.0931	79.3693
797.0000	104.0000	0.0921	-17.7470
798.0000	44.0000	-4.0893	79.2859
798.0000	104.0000	0.0910	-17.6083
799.0000	44.0000	-4.0881	79.2536
799.0000	104.0000	0.0899	-17.4651
800.0000	44.0000	-4.0880	79.2419
800.0000	104.0000	0.0888	-17.3173
801.0000	44.0000	-4.0859	79.1979
801.0000	104.0000	0.0876	-17.1694
802.0000	44.0000	-4.0333	79.1292
802.0000	104.0000	0.0766	-17.0395
803.0000	44.0000	-4.0003	79.0216
803.0000	104.0000	0.0696	-16.9407
804.0000	44.0000	-4.0003	78.8619
804.0000	104.0000	0.0689	-16.8709
805.0000	44.0000	-3.9989	78.6561
805.0000	104.0000	0.0678	-16.8325
806.0000	44.0000	-3.9965	78.4100
806.0000	104.0000	0.0667	-16.8233
807.0000	44.0000	-3.9957	78.1260
807.0000	104.0000	0.0658	-16.8407
808.0000	44.0000	-3.9920	77.8058
808.0000	104.0000	0.0656	-16.9758
809.0000	44.0000	-3.9868	77.4502
809.0000	104.0000	0.0661	-17.2440
810.0000	44.0000	-3.9796	77.0599
810.0000	104.0000	0.0664	-17.5361
811.0000	44.0000	-3.9733	76.6451
811.0000	104.0000	0.0667	-17.8484
812.0000	44.0000	-3.9627	76.2450
812.0000	104.0000	0.0671	-18.1422
813.0000	44.0000	-3.9530	75.8625
813.0000	104.0000	0.0677	-18.4135
814.0000	44.0000	-3.9424	75.4793
814.0000	104.0000	0.0685	-18.6808
815.0000	44.0000	-3.9284	75.0875
815.0000	104.0000	0.0689	-18.9518
816.0000	44.0000	-3.9129	74.6999
816.0000	104.0000	0.0695	-19.2140
817.0000	44.0000	-3.8960	74.3189
817.0000	104.0000	0.0703	-19.4647
818.0000	44.0000	-3.8766	73.9306
818.0000	104.0000	0.0710	-19.7182
819.0000	44.0000	-3.8537	73.5196
819.0000	104.0000	0.0715	-19.9901
820.0000	44.0000	-3.8277	73.0813
820.0000	104.0000	0.0718	-20.2849
821.0000	44.0000	-3.7991	72.6207
821.0000	104.0000	0.0722	-20.5980
822.0000	44.0000	-3.7676	72.1389
822.0000	104.0000	0.0726	-20.9282
823.0000	44.0000	-3.7292	71.6398
823.0000	104.0000	0.0727	-21.2750
824.0000	44.0000	-3.6943	71.1121
824.0000	104.0000	0.0727	-21.6409
825.0000	44.0000	-3.6476	70.5539
825.0000	104.0000	0.0727	-22.0267
826.0000	44.0000	-3.5943	69.9757
826.0000	104.0000	0.0728	-22.4298
827.0000	44.0000	-3.5459	69.3737
827.0000	104.0000	0.0730	-22.8500
828.0000	44.0000	-3.4799	68.7544
828.0000	104.0000	0.0731	-23.2882
829.0000	44.0000	-3.4235	68.1091
829.0000	104.0000	0.0732	-23.7441
830.0000	44.0000	-3.3467	67.4494
830.0000	104.0000	0.0733	-24.2170
831.0000	44.0000	-3.2819	66.7680
831.0000	104.0000	0.0735	-24.7064
832.0000	44.0000	-3.2237	66.1359
832.0000	104.0000	0.0737	-25.2100
833.0000	44.0000	-3.2286	65.6222
833.0000	104.0000	0.0739	-25.7170
834.0000	44.0000	-3.2276	65.1106
834.0000	104.0000	0.0741	-26.2229
835.0000	44.0000	-3.2115	64.5716
835.0000	104.0000	0.0743	-26.7299
836.0000	44.0000	-3.1951	64.0246
836.0000	104.0000	0.0746	-27.2397
837.0000	44.0000	-3.1782	63.4753
837.0000	104.0000	0.0747	-27.7529
838.0000	44.0000	-3.1609	62.9155
838.0000	104.0000	0.0748	-28.2714
839.0000	44.0000	-3.1400	62.3500
839.0000	104.0000	0.0751	-28.7890
840.0000	44.0000	-3.1140	61.7798
840.0000	104.0000	0.0753	-29.3057
841.0000	44.0000	-3.0887	61.2045
841.0000	104.0000	0.0754	-29.8215
842.0000	44.0000	-3.0612	60.6338
842.0000	104.0000	0.0756	-30.3363
843.0000	44.0000	-3.0371	60.0522
843.0000	104.0000	0.0758	-30.8627
844.0000	44.0000	-3.0072	59.4314
844.0000	104.0000	0.0757	-31.4256
845.0000	44.0000	-2.9775	58.7727
845.0000	104.0000	0.0755	-32.0196
846.0000	44.0000	-2.9661	58.1306
846.0000	104.0000	0.0755	-32.6397
847.0000	44.0000	-2.9671	57.4884
847.0000	104.0000	0.0755	-33.2807
848.0000	44.0000	-2.9660	56.8455
848.0000	104.0000	0.0754	-33.9225
849.0000	44.0000	-2.9653	56.2552
849.0000	104.0000	0.0753	-34.5124
850.0000	44.0000	-2.9648	55.7420
850.0000	104.0000	0.0755	-35.0253
851.0000	44.0000	-2.9646	55.2544
851.0000	104.0000	0.0755	-35.5128
852.0000	44.0000	-2.9644	54.7611
852.0000	104.0000	0.0757	-36.0060
853.0000	44.0000	-2.9643	54.2509
853.0000	104.0000	0.0758	-36.5162
854.0000	44.0000	-2.9641	53.7196
854.0000	104.0000	0.0760	-37.0475
855.0000	44.0000	-2.9642	53.1684
855.0000	104.0000	0.0759	-37.5987
856.0000	44.0000	-2.9643	52.6017
856.0000	104.0000	0.0757	-38.1654
857.0000	44.0000	-2.9644	52.0451
857.0000	104.0000	0.0756	-38.7220
858.0000	44.0000	-2.9643	51.5264
858.0000	104.0000	0.0758	-39.2407
859.0000	44.0000	-2.9641	51.0123
859.0000	104.0000	0.0759	-39.7548
860.0000	44.0000	-2.9640	50.5128
860.0000	104.0000	0.0760	-40.2543
861.0000	44.0000	-2.9629	50.0536
861.0000	104.0000	0.0760	-40.7116
862.0000	44.0000	-2.9598	49.5960
862.0000	104.0000	0.0760	-41.1644
863.0000	44.0000	-2.9525	49.1425
863.0000	104.0000	0.0759	-41.6033
864.0000	44.0000	-2.9420	48.7273
864.0000	104.0000	0.0758	-41.9976
865.0000	44.0000	-2.9278	48.3175
865.0000	104.0000	0.0757	-42.3813
866.0000	44.0000	-2.9113	47.8924
866.0000	104.0000	0.0755	-42.7732
867.0000	44.0000	-2.8912	47.4589
867.0000	104.0000	0.0753	-43.1674
868.0000	44.0000	-2.8679	47.0260
868.0000	104.0000	0.0752	-43.5550
869.0000	44.0000	-2.8396	46.5943
869.0000	104.0000	0.0749	-43.9369
870.0000	44.0000	-2.8120	46.1874
870.0000	104.0000	0.0746	-44.2888
871.0000	44.0000	-2.8024	45.8473
871.0000	104.0000	0.0746	-44.6118
872.0000	44.0000	-2.8025	45.5349
872.0000	104.0000	0.0745	-44.9233
873.0000	44.0000	-2.8010	45.2301
873.0000	104.0000	0.0745	-45.2270
874.0000	44.0000	-2.7915	44.9289
874.0000	104.0000	0.0744	-45.5143
875.0000	44.0000	-2.7811	44.6341
875.0000	104.0000	0.0744	-45.7911
876.0000	44.0000	-2.7797	44.3560
876.0000	104.0000	0.0743	-46.0656
877.0000	44.0000	-2.7780	44.0863
877.0000	104.0000	0.0741	-46.3331
878.0000	44.0000	-2.7703	43.8164
878.0000	104.0000	0.0739	-46.5910
879.0000	44.0000	-2.7598	43.5424
879.0000	104.0000	0.0737	-46.8469
880.0000	44.0000	-2.7589	43.2848
880.0000	104.0000	0.0735	-47.1025
881.0000	44.0000	-2.7587	43.0349
881.0000	104.0000	0.0732	-47.3521
882.0000	44.0000	-2.7580	42.7883
882.0000	104.0000	0.0730	-47.5985
883.0000	44.0000	-2.7575	42.5407
883.0000	104.0000	0.0727	-47.8460
884.0000	44.0000	-2.7571	42.2955
884.0000	104.0000	0.0724	-48.0911
885.0000	44.0000	-2.7566	42.0538
885.0000	104.0000	0.0720	-48.3328
886.0000	44.0000	-2.7563	41.8115
886.0000	104.0000	0.0717	-48.5751
887.0000	44.0000	-2.7559	41.5694
887.0000	104.0000	0.0713	-48.8172
888.0000	44.0000	-2.7555	41.3297
888.0000	104.0000	0.0709	-49.0569
889.0000	44.0000	-2.7552	41.0901
889.0000	104.0000	0.0705	-49.2965
890.0000	44.0000	-2.7547	40.8500
890.0000	104.0000	0.0701	-49.5367
891.0000	44.0000	-2.7544	40.6113
891.0000	104.0000	0.0697	-49.7755
892.0000	44.0000	-2.7531	40.3712
892.0000	104.0000	0.0692	-50.0138
893.0000	44.0000	-2.7489	40.1259
893.0000	104.0000	0.0687	-50.2526
894.0000	44.0000	-2.7406	39.8740
894.0000	104.0000	0.0682	-50.4909
895.0000	44.0000	-2.7287	39.6159
895.0000	104.0000	0.0677	-50.7286
896.0000	44.0000	-2.7138	39.3518
896.0000	104.0000	0.0671	-50.9667
897.0000	44.0000	-2.6952	39.0815
897.0000	104.0000	0.0665	-51.2046
898.0000	44.0000	-2.6715	38.8065
898.0000	104.0000	0.0659	-51.4421
899.0000	44.0000	-2.6464	38.5243
899.0000	104.0000	0.0653	-51.6797
900.0000	44.0000	-2.6170	38.2370
900.0000	104.0000	0.0646	-51.9173
901.0000	44.0000	-2.5834	37.9474
901.0000	104.0000	0.0639	-52.1548
902.0000	44.0000	-2.5498	37.6518
902.0000	104.0000	0.0632	-52.3922
903.0000	44.0000	-2.5100	37.3530
903.0000	104.0000	0.0624	-52.6297
904.0000	44.0000	-2.4699	37.0572
904.0000	104.0000	0.0617	-52.8568
905.0000	44.0000	-2.4216	36.8126
905.0000	104.0000	0.0610	-53.0306
906.0000	44.0000	-2.3743	36.6443
906.0000	104.0000	0.0653	-53.1224
907.0000	44.0000	-2.3491	36.5538
907.0000	104.0000	0.1003	-53.1286
908.0000	44.0000	-2.2893	36.4708
908.0000	104.0000	0.1003	-53.1283
909.0000	44.0000	-2.2276	36.3825
909.0000	104.0000	0.1003	-53.1280
910.0000	44.0000	-2.1975	36.3411
910.0000	104.0000	0.1003	-53.1279
911.0000	44.0000	-2.1914	36.3294
911.0000	104.0000	0.1003	-53.1278
912.0000	44.0000	-2.1599	36.2875
912.0000	104.0000	0.1003	-53.1277
913.0000	44.0000	-2.1255	36.2433
913.0000	104.0000	0.1003	-53.1277
914.0000	44.0000	-2.1171	36.2293
914.0000	104.0000	0.1003	-53.1277
915.0000	44.0000	-2.1174	36.2285
915.0000	104.0000	0.1003	-53.1277
916.0000	44.0000	-2.1161	36.2278
916.0000	104.0000	0.1003	-53.1277
917.0000	44.0000	-2.1146	36.2266
917.0000	104.0000	0.1003	-53.1277
918.0000	44.0000	-2.1143	36.2264
918.0000	104.0000	0.1003	-53.1277
919.0000	44.0000	-2.1142	36.2263
919.0000	104.0000	0.1003	-53.1277
920.0000	44.0000	-2.1141	36.2263
920.0000	104.0000	0.1003	-53.1277
921.0000	44.0000	-2.1141	36.2263
921.0000	104.0000	0.1003	-53.1277
922.0000	44.0000	-2.1141	36.2262
922.0000	104.0000	0.1003	-53.1277
923.0000	44.0000	-2.1141	36.2262
923.0000	104.0000	0.1003	-53.1277
924.0000	44.0000	-2.1141	36.2262
924.0000	104.0000	0.1003	-53.1277
925.0000	44.0000	-2.1141	36.2262
925.0000	104.0000	0.1003	-53.1277
926.0000	44.0000	-2.1141	36.2263
926.0000	104.0000	0.1003	-53.1277
927.0000	44.0000	-2.1127	36.2239
927.0000	104.0000	0.1003	-53.1277
928.0000	44.0000	-2.1091	36.2188
928.0000	104.0000	0.1003	-53.1277
929.0000	44.0000	-2.1006	36.2090
929.0000	104.0000	0.1003	-53.1277
930.0000	44.0000	-2.0876	36.1909
930.0000	104.0000	0.1003	-53.1277
931.0000	44.0000	-2.0698	36.1669
931.0000	104.0000	0.1003	-53.1277
932.0000	44.0000	-2.0476	36.1371
932.0000	104.0000	0.1003	-53.1277
933.0000	44.0000	-2.0212	36.1017
933.0000	104.0000	0.1003	-53.1277
934.0000	44.0000	-1.9893	36.0621
934.0000	104.0000	0.1003	-53.1277
935.0000	44.0000	-1.9556	36.0151
935.0000	104.0000	0.1003	-53.1277
936.0000	44.0000	-1.9169	35.9665
936.0000	104.0000	0.1003	-53.1277
937.0000	44.0000	-1.8765	35.9130
937.0000	104.0000	0.1003	-53.1277
938.0000	44.0000	-1.8289	35.8572
938.0000	104.0000	0.1003	-53.1277
939.0000	44.0000	-1.7802	35.7943
939.0000	104.0000	0.1003	-53.1277
940.0000	44.0000	-1.7239	35.7299
940.0000	104.0000	0.1003	-53.1277
941.0000	44.0000	-1.6647	35.6604
941.0000	104.0000	0.1003	-53.1277
942.0000	44.0000	-1.6030	35.5850
942.0000	104.0000	0.1003	-53.1277
943.0000	44.0000	-1.5322	35.5099
943.0000	104.0000	0.1003	-53.1277
944.0000	44.0000	-1.4601	35.4293
944.0000	104.0000	0.1003	-53.1277
945.0000	44.0000	-1.3833	35.3457
945.0000	104.0000	0.1003	-53.1277
946.0000	44.0000	-1.3021	35.2591
946.0000	104.0000	0.1003	-53.1277
947.0000	44.0000	-1.2162	35.1699
947.0000	104.0000	0.1003	-53.1277
948.0000	44.0000	-1.1256	35.0781
948.0000	104.0000	0.1003	-53.1277
949.0000	44.0000	-1.0728	35.0255
949.0000	104.0000	0.1003	-53.1277
950.0000	44.0000	-1.0647	35.0136
950.0000	104.0000	0.1003	-53.1277
951.0000	44.0000	-1.0210	34.9716
951.0000	104.0000	0.1003	-53.1277
952.0000	44.0000	-0.9741	34.9294
952.0000	104.0000	0.1003	-53.1277
953.0000	44.0000	-0.9252	34.8811
953.0000	104.0000	0.1003	-53.1277
954.0000	44.0000	-0.8696	34.8310
954.0000	104.0000	0.1003	-53.1277
955.0000	44.0000	-0.8099	34.7763
955.0000	104.0000	0.1003	-53.1277
956.0000	44.0000	-0.7472	34.7160
956.0000	104.0000	0.1003	-53.1277
957.0000	44.0000	-0.6767	34.6555
957.0000	104.0000	0.1003	-53.1277
958.0000	44.0000	-0.6028	34.5905
958.0000	104.0000	0.1003	-53.1277
959.0000	44.0000	-0.5260	34.5201
959.0000	104.0000	0.1003	-53.1277
960.0000	44.0000	-0.4410	34.4508
960.0000	104.0000	0.1003	-53.1277
961.0000	44.0000	-0.3529	34.3772
961.0000	104.0000	0.1003	-53.1277
962.0000	44.0000	-0.2597	34.3013
962.0000	104.0000	0.1003	-53.1277
963.0000	44.0000	-0.1620	34.2224
963.0000	104.0000	0.1003	-53.1277
964.0000	44.0000	-0.0590	34.1427
964.0000	104.0000	0.1003	-53.1277
965.0000	44.0000	0.0489	34.0614
965.0000	104.0000	0.1003	-53.1277
966.0000	44.0000	0.1619	33.9786
966.0000	104.0000	0.1003	-53.1277
967.0000	44.0000	0.2339	33.9324
967.0000	104.0000	0.1003	-53.1277
968.0000	44.0000	0.2305	33.9285
968.0000	104.0000	0.1003	-53.1277
969.0000	44.0000	0.2328	33.9267
969.0000	104.0000	0.1003	-53.1277
970.0000	44.0000	0.2351	33.9265
970.0000	104.0000	0.1003	-53.1277
971.0000	44.0000	0.2363	33.9266
971.0000	104.0000	0.1003	-53.1277
972.0000	44.0000	0.2369	33.9266
972.0000	104.0000	0.1003	-53.1277
973.0000	44.0000	0.2371	33.9265
973.0000	104.0000	0.1003	-53.1277
974.0000	44.0000	0.2371	33.9264
974.0000	104.0000	0.1003	-53.1277
975.0000	44.0000	0.2371	33.9264
975.0000	104.0000	0.1003	-53.1277
976.0000	44.0000	0.2372	33.9264
976.0000	104.0000	0.1003	-53.1277
977.0000	44.0000	0.2372	33.9264
977.0000	104.0000	0.1003	-53.1277
978.0000	44.0000	0.2371	33.9264
978.0000	104.0000	0.1003	-53.1277
979.0000	44.0000	0.2371	33.9264
979.0000	104.0000	0.1003	-53.1277
980.0000	44.0000	0.2371	33.9264
980.0000	104.0000	0.1003	-53.1277
981.0000	44.0000	0.2371	33.9264
981.0000	104.0000	0.1003	-53.1277
982.0000	44.0000	0.2371	33.9264
982.0000	104.0000	0.1003	-53.1277
983.0000	44.0000	0.2371	33.9264
983.0000	104.0000	0.1003	-53.1277
984.0000	44.0000	0.2371	33.9264
984.0000	104.0000	0.1003	-53.1277
985.0000	44.0000	0.2386	33.9253
985.0000	104.0000	0.1003	-53.1277
986.0000	44.0000	0.2435	33.9225
986.0000	104.0000	0.1003	-53.1277
987.0000	44.0000	0.2549	33.9147
987.0000	104.0000	0.1003	-53.1277
988.0000	44.0000	0.2739	33.9019
988.0000	104.0000	0.1003	-53.1277
989.0000	44.0000	0.2982	33.8847
989.0000	104.0000	0.1003	-53.1277
990.0000	44.0000	0.3287	33.8635
990.0000	104.0000	0.1003	-53.1277
991.0000	44.0000	0.3650	33.8384
991.0000	104.0000	0.1003	-53.1277
992.0000	44.0000	0.4078	33.8108
992.0000	104.0000	0.1003	-53.1277
993.0000	44.0000	0.4548	33.7778
993.0000	104.0000	0.1003	-53.1277
994.0000	44.0000	0.5074	33.7448
994.0000	104.0000	0.1003	-53.1277
995.0000	44.0000	0.5626	33.7070
995.0000	104.0000	0.1003	-53.1277
996.0000	44.0000	0.5808	33.6951
996.0000	104.0000	0.1003	-53.1277
997.0000	44.0000	0.5808	33.6940
997.0000	104.0000	0.1003	-53.1277
998.0000	44.0000	0.5827	33.6934
998.0000	104.0000	0.1003	-53.1277
999.0000	44.0000	0.5994	33.6842
999.0000	104.0000	0.1003	-53.1277
