0.0000	1.0000	4.4865	68.3106
0.0000	204.0000	74.3063	-12.1694
1.0000	1.0000	4.4943	67.8899
1.0000	204.0000	74.3054	-12.5985
2.0000	1.0000	4.5037	67.4524
2.0000	204.0000	74.3041	-13.0461
3.0000	1.0000	4.5144	67.0006
3.0000	204.0000	74.3025	-13.5090
4.0000	1.0000	4.5263	66.5363
4.0000	204.0000	74.3006	-13.9853
5.0000	1.0000	4.5396	66.0613
5.0000	204.0000	74.2985	-14.4738
6.0000	1.0000	4.5540	65.5769
6.0000	204.0000	74.2960	-14.9727
7.0000	1.0000	4.5683	65.0845
7.0000	204.0000	74.2932	-15.4811
8.0000	1.0000	4.5844	64.5844
8.0000	204.0000	74.2901	-15.9978
9.0000	1.0000	4.6016	64.0781
9.0000	204.0000	74.2867	-16.5219
10.0000	1.0000	4.6199	63.5661
10.0000	204.0000	74.2828	-17.0532
11.0000	1.0000	4.6387	63.0496
11.0000	204.0000	74.2787	-17.5894
12.0000	1.0000	4.6584	62.5324
12.0000	204.0000	74.2741	-18.1276
13.0000	1.0000	4.6789	62.0158
13.0000	204.0000	74.2692	-18.6661
14.0000	1.0000	4.6988	61.5001
14.0000	204.0000	74.2642	-19.2034
15.0000	1.0000	4.7196	60.9849
15.0000	204.0000	74.2588	-19.7410
16.0000	1.0000	4.7407	60.4703
16.0000	204.0000	74.2531	-20.2789
17.0000	1.0000	4.7625	59.9454
17.0000	204.0000	74.2470	-20.8277
18.0000	1.0000	4.7836	59.4090
18.0000	204.0000	74.2408	-21.3875
19.0000	1.0000	4.8031	58.8677
19.0000	204.0000	74.2349	-21.9506
20.0000	1.0000	4.8230	58.3237
20.0000	204.0000	74.2286	-22.5172
21.0000	1.0000	4.8441	57.7769
21.0000	204.0000	74.2216	-23.0881
22.0000	1.0000	4.8641	57.2275
22.0000	204.0000	74.2147	-23.6605
23.0000	1.0000	4.8848	56.6756
23.0000	204.0000	74.2073	-24.2364
24.0000	1.0000	4.9030	56.1217
24.0000	204.0000	74.2007	-24.8117
25.0000	1.0000	4.9223	55.5657
25.0000	204.0000	74.1934	-25.3904
26.0000	1.0000	4.9407	55.0081
26.0000	204.0000	74.1861	-25.9701
27.0000	1.0000	4.9593	54.4488
27.0000	204.0000	74.1784	-26.5518
28.0000	1.0000	4.9768	53.8882
28.0000	204.0000	74.1710	-27.1336
29.0000	1.0000	4.9923	53.3268
29.0000	204.0000	74.1639	-27.7155
30.0000	1.0000	5.0079	52.7640
30.0000	204.0000	74.1568	-28.2977
31.0000	1.0000	5.0228	52.2002
31.0000	204.0000	74.1498	-28.8802
32.0000	1.0000	5.0382	51.6355
32.0000	204.0000	74.1423	-29.4644
33.0000	1.0000	5.0523	51.0700
33.0000	204.0000	74.1353	-30.0478
34.0000	1.0000	5.0654	50.5039
35.0000	1.0000	5.0787	49.9455
36.0000	1.0000	5.0920	49.4420
37.0000	1.0000	5.1126	49.0155
38.0000	1.0000	5.1360	48.6055
39.0000	1.0000	5.1514	48.2090
40.0000	1.0000	5.1695	47.8451
41.0000	1.0000	5.1865	47.4954
42.0000	1.0000	5.2051	47.1691
43.0000	1.0000	5.2215	46.8553
44.0000	1.0000	5.2373	46.5498
45.0000	1.0000	5.2524	46.2548
46.0000	1.0000	5.2670	45.9693
47.0000	1.0000	5.2809	45.6899
48.0000	1.0000	5.2942	45.4156
49.0000	1.0000	5.3040	45.1467
50.0000	1.0000	5.3152	44.8820
51.0000	1.0000	5.3258	44.6292
52.0000	1.0000	5.3339	44.4265
53.0000	1.0000	5.3387	44.2866
54.0000	1.0000	5.3455	44.1526
55.0000	1.0000	5.3501	44.0013
56.0000	1.0000	5.3547	43.8328
57.0000	1.0000	5.3591	43.6629
58.0000	1.0000	5.3646	43.4928
59.0000	1.0000	5.3686	43.3231
60.0000	1.0000	5.3721	43.1536
61.0000	1.0000	5.3753	42.9859
62.0000	1.0000	5.3794	42.8143
63.0000	1.0000	5.3826	42.6252
64.0000	1.0000	5.3860	42.4135
65.0000	1.0000	5.3895	42.1776
66.0000	1.0000	5.3932	41.9249
67.0000	1.0000	5.3954	41.6973
68.0000	1.0000	5.3974	41.5283
69.0000	1.0000	5.3958	41.4282
70.0000	1.0000	5.3952	41.4132
71.0000	1.0000	5.3952	41.4147
72.0000	1.0000	5.3952	41.4169
73.0000	1.0000	5.3952	41.4183
74.0000	1.0000	5.3952	41.4190
75.0000	1.0000	5.3970	41.4166
76.0000	1.0000	5.4185	41.3988
77.0000	1.0000	5.4825	41.3519
78.0000	1.0000	5.4828	41.2745
79.0000	1.0000	5.4824	41.1585
80.0000	1.0000	5.4832	41.0095
81.0000	1.0000	5.4838	40.8321
82.0000	1.0000	5.4843	40.6283
83.0000	1.0000	5.4851	40.3988
84.0000	1.0000	5.4856	40.1445
85.0000	1.0000	5.4852	39.8660
86.0000	1.0000	5.4847	39.5782
87.0000	1.0000	5.4845	39.2905
88.0000	1.0000	5.4844	39.0033
89.0000	1.0000	5.4843	38.7166
90.0000	1.0000	5.4843	38.4304
91.0000	1.0000	5.4841	38.1275
92.0000	1.0000	5.4834	37.7951
93.0000	1.0000	5.4822	37.4364
94.0000	1.0000	5.4804	37.0540
95.0000	1.0000	5.4783	36.6502
96.0000	1.0000	5.4757	36.2281
97.0000	1.0000	5.4725	35.7899
98.0000	1.0000	5.4688	35.3379
99.0000	1.0000	5.4646	34.8737
100.0000	1.0000	5.4599	34.3990
101.0000	1.0000	5.4548	33.9150
102.0000	1.0000	5.4492	33.4231
103.0000	1.0000	5.4432	32.9241
104.0000	1.0000	5.4368	32.4190
105.0000	1.0000	5.4300	31.9086
106.0000	1.0000	5.4229	31.3956
107.0000	1.0000	5.4154	30.8835
108.0000	1.0000	5.4077	30.3721
109.0000	1.0000	5.3997	29.8615
110.0000	1.0000	5.3915	29.3517
111.0000	1.0000	5.3836	28.8374
112.0000	1.0000	5.3755	28.3095
113.0000	1.0000	5.3674	27.7743
114.0000	1.0000	5.3591	27.2358
115.0000	1.0000	5.3494	26.6948
116.0000	1.0000	5.3402	26.1510
117.0000	1.0000	5.3324	25.6041
118.0000	1.0000	5.3242	25.0550
119.0000	1.0000	5.3170	24.5035
120.0000	1.0000	5.3093	23.9503
121.0000	1.0000	5.3020	23.3952
122.0000	1.0000	5.2947	22.8387
123.0000	1.0000	5.2879	22.2808
124.0000	1.0000	5.2809	21.7217
125.0000	1.0000	5.2750	21.1612
126.0000	1.0000	5.2693	20.5998
127.0000	1.0000	5.2634	20.0376
128.0000	1.0000	5.2579	19.4745
129.0000	1.0000	5.2529	18.9107
130.0000	1.0000	5.2479	18.3462
131.0000	1.0000	5.2432	17.7811
132.0000	1.0000	5.2391	17.2154
133.0000	1.0000	5.2348	16.6493
134.0000	1.0000	5.2312	16.0909
135.0000	1.0000	5.2273	15.5877
136.0000	1.0000	5.2222	15.1630
137.0000	1.0000	5.2152	14.7664
138.0000	1.0000	5.2103	14.4315
139.0000	1.0000	5.2022	14.1940
140.0000	1.0000	5.1949	14.0412
141.0000	1.0000	5.1930	13.9573
142.0000	1.0000	5.1929	13.9533
143.0000	1.0000	5.1929	13.9552
144.0000	1.0000	5.1930	13.9570
145.0000	1.0000	5.1908	13.9585
146.0000	1.0000	5.1899	13.9592
147.0000	1.0000	5.1899	13.9592
148.0000	1.0000	5.1899	13.9590
149.0000	1.0000	5.1899	13.9589
150.0000	1.0000	5.1899	13.9588
151.0000	1.0000	5.1899	13.9588
152.0000	1.0000	5.1899	13.9588
153.0000	1.0000	5.1899	13.9588
154.0000	1.0000	5.1899	13.9588
155.0000	1.0000	5.1899	13.9588
156.0000	1.0000	5.1899	13.9588
157.0000	1.0000	5.1899	13.9588
158.0000	1.0000	5.1899	13.9588
159.0000	1.0000	5.1899	13.9588
160.0000	1.0000	5.1899	13.9588
161.0000	1.0000	5.1899	13.9588
162.0000	1.0000	5.1899	13.9588
163.0000	1.0000	5.1899	13.9588
164.0000	1.0000	5.1899	13.9588
165.0000	1.0000	5.1899	13.9588
166.0000	1.0000	5.1899	13.9588
167.0000	1.0000	5.1899	13.9588
168.0000	1.0000	5.1899	13.9588
169.0000	1.0000	5.1899	13.9588
170.0000	1.0000	5.1899	13.9588
171.0000	1.0000	5.1899	13.9588
172.0000	1.0000	5.1900	13.9588
173.0000	1.0000	5.1890	13.9591
174.0000	1.0000	5.1890	13.9591
175.0000	1.0000	5.1889	13.9591
176.0000	1.0000	5.1889	13.9591
177.0000	1.0000	5.1890	13.9591
178.0000	1.0000	5.1890	13.9591
179.0000	1.0000	5.1890	13.9591
180.0000	1.0000	5.1890	13.9591
181.0000	1.0000	5.1890	13.9591
182.0000	1.0000	5.1890	13.9591
183.0000	1.0000	5.1890	13.9591
184.0000	1.0000	5.1890	13.9591
185.0000	1.0000	5.1890	13.9591
186.0000	1.0000	5.1890	13.9591
187.0000	1.0000	5.1890	13.9592
188.0000	1.0000	5.1889	13.9563
189.0000	1.0000	5.1911	13.9472
190.0000	1.0000	5.1897	13.9083
191.0000	1.0000	5.1896	13.8326
192.0000	1.0000	5.1869	13.7230
193.0000	1.0000	5.1829	13.5884
194.0000	1.0000	5.1788	13.4845
195.0000	1.0000	5.1787	13.4721
196.0000	1.0000	5.1787	13.4718
197.0000	1.0000	5.1787	13.4728
198.0000	1.0000	5.1787	13.4739
199.0000	1.0000	5.1787	13.4746
200.0000	1.0000	5.1787	13.4748
201.0000	1.0000	5.1787	13.4748
202.0000	1.0000	5.1787	13.4747
203.0000	1.0000	5.1787	13.4746
204.0000	1.0000	5.1787	13.4746
205.0000	1.0000	5.1787	13.4746
206.0000	1.0000	5.1787	13.4746
207.0000	1.0000	5.1787	13.4746
208.0000	1.0000	5.1787	13.4746
209.0000	1.0000	5.1787	13.4746
210.0000	1.0000	5.1788	13.4746
211.0000	1.0000	5.1767	13.4750
212.0000	1.0000	5.1687	13.4776
213.0000	1.0000	5.1677	13.4779
214.0000	1.0000	5.1662	13.4782
215.0000	1.0000	5.1658	13.4784
216.0000	1.0000	5.1658	13.4785
217.0000	1.0000	5.1657	13.4756
218.0000	1.0000	5.1675	13.4667
219.0000	1.0000	5.1666	13.4345
220.0000	1.0000	5.1424	13.4320
221.0000	1.0000	5.1423	13.4316
222.0000	1.0000	5.1423	13.4316
223.0000	1.0000	5.1423	13.4260
224.0000	1.0000	5.1622	13.3947
225.0000	1.0000	5.1767	13.3357
226.0000	1.0000	5.1815	13.2563
227.0000	1.0000	5.1812	13.2423
228.0000	1.0000	5.1918	13.2044
229.0000	1.0000	5.1902	13.1360
230.0000	1.0000	5.1812	13.0455
231.0000	1.0000	5.1804	13.0288
232.0000	1.0000	5.1804	13.0281
233.0000	1.0000	5.1804	13.0283
234.0000	1.0000	5.1804	13.0289
235.0000	1.0000	5.1803	13.0259
236.0000	1.0000	5.1925	13.0073
237.0000	1.0000	5.2014	12.9619
238.0000	1.0000	5.2045	12.8793
239.0000	1.0000	5.2086	12.7688
240.0000	1.0000	5.2114	12.7348
241.0000	1.0000	5.2114	12.7331
242.0000	1.0000	5.2050	12.7241
243.0000	1.0000	5.1938	12.6910
244.0000	1.0000	5.1942	12.6156
245.0000	1.0000	5.1849	12.5117
246.0000	1.0000	5.1812	12.4802
247.0000	1.0000	5.1812	12.4785
248.0000	1.0000	5.1810	12.4675
249.0000	1.0000	5.1852	12.4219
250.0000	1.0000	5.1810	12.3442
251.0000	1.0000	5.1790	12.2308
252.0000	1.0000	5.1763	12.0834
253.0000	1.0000	5.1737	11.9071
254.0000	1.0000	5.1708	11.7040
255.0000	1.0000	5.1675	11.4754
256.0000	1.0000	5.1641	11.2221
257.0000	1.0000	5.1612	10.9444
258.0000	1.0000	5.1579	10.6569
259.0000	1.0000	5.1549	10.3698
260.0000	1.0000	5.1528	10.0825
261.0000	1.0000	5.1511	9.8072
262.0000	1.0000	5.1490	9.5940
263.0000	1.0000	5.1477	9.4308
264.0000	1.0000	5.1463	9.3144
265.0000	1.0000	5.1479	9.2814
266.0000	1.0000	5.1479	9.2822
267.0000	1.0000	5.1479	9.2839
268.0000	1.0000	5.1479	9.2853
269.0000	1.0000	5.1479	9.2859
270.0000	1.0000	5.1480	9.2861
271.0000	1.0000	5.1470	9.2863
272.0000	1.0000	5.1470	9.2862
273.0000	1.0000	5.1470	9.2861
274.0000	1.0000	5.1470	9.2860
275.0000	1.0000	5.1470	9.2860
276.0000	1.0000	5.1470	9.2860
277.0000	1.0000	5.1470	9.2860
278.0000	1.0000	5.1470	9.2860
279.0000	1.0000	5.1470	9.2860
280.0000	1.0000	5.1470	9.2860
281.0000	1.0000	5.1470	9.2860
282.0000	1.0000	5.1470	9.2860
283.0000	1.0000	5.1470	9.2860
284.0000	1.0000	5.1470	9.2860
285.0000	1.0000	5.1470	9.2860
286.0000	1.0000	5.1470	9.2860
287.0000	1.0000	5.1470	9.2860
288.0000	1.0000	5.1470	9.2860
289.0000	1.0000	5.1470	9.2860
290.0000	1.0000	5.1470	9.2860
291.0000	1.0000	5.1470	9.2860
292.0000	1.0000	5.1470	9.2860
293.0000	1.0000	5.1470	9.2860
294.0000	1.0000	5.1470	9.2860
295.0000	1.0000	5.1470	9.2860
296.0000	1.0000	5.1470	9.2860
297.0000	1.0000	5.1470	9.2860
298.0000	1.0000	5.1470	9.2860
299.0000	1.0000	5.1470	9.2860
300.0000	1.0000	5.1470	9.2860
301.0000	1.0000	5.1470	9.2860
302.0000	1.0000	5.1470	9.2862
303.0000	1.0000	5.1470	9.2832
304.0000	1.0000	5.1470	9.2827
305.0000	1.0000	5.1470	9.2826
306.0000	1.0000	5.1470	9.2826
307.0000	1.0000	5.1470	9.2826
308.0000	1.0000	5.1470	9.2827
309.0000	1.0000	5.1470	9.2827
310.0000	1.0000	5.1470	9.2828
311.0000	1.0000	5.1470	9.2795
312.0000	1.0000	5.1470	9.2790
313.0000	1.0000	5.1470	9.2790
314.0000	1.0000	5.1470	9.2790
315.0000	1.0000	5.1470	9.2790
316.0000	1.0000	5.1470	9.2790
317.0000	1.0000	5.1470	9.2790
318.0000	1.0000	5.1470	9.2790
319.0000	1.0000	5.1470	9.2790
320.0000	1.0000	5.1470	9.2790
321.0000	1.0000	5.1470	9.2790
322.0000	1.0000	5.1470	9.2790
323.0000	1.0000	5.1470	9.2790
324.0000	1.0000	5.1470	9.2790
325.0000	1.0000	5.1470	9.2790
326.0000	1.0000	5.1470	9.2790
327.0000	1.0000	5.1470	9.2790
328.0000	1.0000	5.1470	9.2790
329.0000	1.0000	5.1470	9.2790
330.0000	1.0000	5.1470	9.2790
331.0000	1.0000	5.1470	9.2790
332.0000	1.0000	5.1470	9.2790
333.0000	1.0000	5.1470	9.2790
334.0000	1.0000	5.1470	9.2790
335.0000	1.0000	5.1470	9.2790
336.0000	1.0000	5.1470	9.2790
337.0000	1.0000	5.1470	9.2792
338.0000	1.0000	5.1469	9.2762
339.0000	1.0000	5.1469	9.2757
340.0000	1.0000	5.1469	9.2745
341.0000	1.0000	5.1468	9.2689
342.0000	1.0000	5.1449	9.2452
343.0000	1.0000	5.1511	9.1869
344.0000	1.0000	5.1503	9.0870
345.0000	1.0000	5.1492	8.9498
346.0000	1.0000	5.1480	8.7914
347.0000	1.0000	5.1468	8.6408
348.0000	1.0000	5.1457	8.4822
349.0000	1.0000	5.1447	8.3043
350.0000	1.0000	5.1436	8.1033
351.0000	1.0000	5.1421	7.8781
352.0000	1.0000	5.1411	7.6356
353.0000	1.0000	5.1401	7.4029
354.0000	1.0000	5.1391	7.1765
355.0000	1.0000	5.1383	6.9710
356.0000	1.0000	5.1376	6.7658
357.0000	1.0000	5.1370	6.5483
358.0000	1.0000	5.1365	6.3271
359.0000	1.0000	5.1360	6.1115
360.0000	1.0000	5.1357	5.8942
361.0000	1.0000	5.1352	5.6676
362.0000	1.0000	5.1348	5.4400
363.0000	1.0000	5.1344	5.2173
364.0000	1.0000	5.1342	4.9927
365.0000	1.0000	5.1341	4.7624
366.0000	1.0000	5.1328	4.5330
367.0000	1.0000	5.1326	4.3057
368.0000	1.0000	5.1325	4.0763
369.0000	1.0000	5.1324	3.8449
370.0000	1.0000	5.1323	3.6144
371.0000	1.0000	5.1322	3.3840
372.0000	1.0000	5.1321	3.1524
373.0000	1.0000	5.1320	2.9205
374.0000	1.0000	5.1320	2.6890
375.0000	1.0000	5.1319	2.4571
376.0000	1.0000	5.1318	2.2248
377.0000	1.0000	5.1317	1.9925
378.0000	1.0000	5.1317	1.7603
379.0000	1.0000	5.1317	1.5354
380.0000	1.0000	5.1317	1.3513
381.0000	1.0000	5.1318	1.2326
382.0000	1.0000	5.1294	1.1969
383.0000	1.0000	5.1237	1.1997
384.0000	1.0000	5.1115	1.2051
385.0000	1.0000	5.0921	1.2128
386.0000	1.0000	5.0667	1.2225
387.0000	1.0000	5.0345	1.2325
388.0000	1.0000	4.9960	1.2446
389.0000	1.0000	4.9518	1.2604
390.0000	1.0000	4.9007	1.2762
391.0000	1.0000	4.8864	1.2805
392.0000	1.0000	4.8857	1.2800
393.0000	1.0000	4.8849	1.2808
394.0000	1.0000	4.8845	1.2816
395.0000	1.0000	4.8842	1.2819
396.0000	1.0000	4.8830	1.2823
397.0000	1.0000	4.8830	1.2823
398.0000	1.0000	4.8829	1.2823
399.0000	1.0000	4.8829	1.2824
400.0000	1.0000	4.8829	1.2824
401.0000	1.0000	4.8829	1.2824
402.0000	1.0000	4.8829	1.2824
403.0000	1.0000	4.8830	1.2824
404.0000	1.0000	4.8808	1.2829
405.0000	1.0000	4.8756	1.2851
406.0000	1.0000	4.8604	1.2910
407.0000	1.0000	4.8383	1.2985
408.0000	1.0000	4.8101	1.3082
409.0000	1.0000	4.7750	1.3205
410.0000	1.0000	4.7340	1.3366
411.0000	1.0000	4.6859	1.3532
412.0000	1.0000	4.6327	1.3718
413.0000	1.0000	4.5756	1.3939
414.0000	1.0000	4.5137	1.4180
415.0000	1.0000	4.4930	1.4236
416.0000	1.0000	4.4839	1.4270
417.0000	1.0000	4.4530	1.4365
418.0000	1.0000	4.4148	1.4337
419.0000	1.0000	4.3723	1.4057
420.0000	1.0000	4.3254	1.3303
421.0000	1.0000	4.2734	1.2223
422.0000	1.0000	4.2155	1.0949
423.0000	1.0000	4.1950	0.9599
424.0000	1.0000	4.1735	0.8238
425.0000	1.0000	4.1435	0.7363
426.0000	1.0000	4.1089	0.7444
427.0000	1.0000	4.1006	0.7475
428.0000	1.0000	4.1000	0.7487
429.0000	1.0000	4.0996	0.7507
430.0000	1.0000	4.0994	0.7518
431.0000	1.0000	4.0992	0.7522
432.0000	1.0000	4.0992	0.7522
433.0000	1.0000	4.0991	0.7521
434.0000	1.0000	4.0991	0.7520
435.0000	1.0000	4.0991	0.7520
436.0000	1.0000	4.0991	0.7519
437.0000	1.0000	4.0991	0.7520
438.0000	1.0000	4.0991	0.7520
439.0000	1.0000	4.0991	0.7520
440.0000	1.0000	4.0991	0.7520
441.0000	1.0000	4.0991	0.7520
442.0000	1.0000	4.0991	0.7520
443.0000	1.0000	4.0991	0.7520
444.0000	1.0000	4.0991	0.7520
445.0000	1.0000	4.0991	0.7521
446.0000	1.0000	4.0991	0.7518
447.0000	1.0000	4.0991	0.7517
448.0000	1.0000	4.0991	0.7517
449.0000	1.0000	4.0991	0.7517
450.0000	1.0000	4.0991	0.7517
451.0000	1.0000	4.0991	0.7517
452.0000	1.0000	4.0991	0.7517
453.0000	1.0000	4.0991	0.7517
454.0000	1.0000	4.0991	0.7517
455.0000	1.0000	4.0991	0.7517
456.0000	1.0000	4.0991	0.7517
457.0000	1.0000	4.0991	0.7517
458.0000	1.0000	4.0991	0.7517
459.0000	1.0000	4.0991	0.7517
460.0000	1.0000	4.0991	0.7517
461.0000	1.0000	4.0991	0.7517
462.0000	1.0000	4.0991	0.7517
463.0000	1.0000	4.0991	0.7517
464.0000	1.0000	4.0991	0.7517
465.0000	1.0000	4.0991	0.7517
466.0000	1.0000	4.0991	0.7519
467.0000	1.0000	4.0992	0.7515
468.0000	1.0000	4.0982	0.7519
469.0000	1.0000	4.0982	0.7519
470.0000	1.0000	4.0982	0.7520
471.0000	1.0000	4.0983	0.7487
472.0000	1.0000	4.0967	0.7417
473.0000	1.0000	4.0935	0.7142
474.0000	1.0000	4.0935	0.6397
475.0000	1.0000	4.0935	0.5226
476.0000	1.0000	4.0935	0.3737
477.0000	1.0000	4.0935	0.1967
478.0000	1.0000	4.0936	-0.0067
479.0000	1.0000	4.0937	-0.2276
480.0000	1.0000	4.0938	-0.4389
481.0000	1.0000	4.0939	-0.6539
482.0000	1.0000	4.0940	-0.8851
483.0000	1.0000	4.0941	-1.1375
484.0000	1.0000	4.0942	-1.4129
485.0000	1.0000	4.0944	-1.7022
486.0000	1.0000	4.0944	-1.9916
487.0000	1.0000	4.0944	-2.2806
488.0000	1.0000	4.0945	-2.5692
489.0000	1.0000	4.0945	-2.8573
490.0000	1.0000	4.0944	-3.1561
491.0000	1.0000	4.0943	-3.4844
492.0000	1.0000	4.0942	-3.8308
493.0000	1.0000	4.0939	-4.1473
494.0000	1.0000	4.0935	-4.4077
495.0000	1.0000	4.0932	-4.6454
496.0000	1.0000	4.0930	-4.8556
497.0000	1.0000	4.0909	-5.0664
498.0000	1.0000	4.0858	-5.2905
499.0000	1.0000	4.0730	-5.5328
500.0000	1.0000	4.0551	-5.7956
501.0000	1.0000	4.0294	-6.0698
502.0000	1.0000	3.9985	-6.3283
503.0000	1.0000	3.9621	-6.5859
504.0000	1.0000	3.9192	-6.8574
505.0000	1.0000	3.9071	-7.1642
506.0000	1.0000	3.9056	-7.4986
507.0000	1.0000	3.9042	-7.8547
508.0000	1.0000	3.9029	-8.2339
509.0000	1.0000	3.9016	-8.6350
510.0000	1.0000	3.9004	-9.0551
511.0000	1.0000	3.8995	-9.4913
512.0000	1.0000	3.8983	-9.9417
513.0000	1.0000	3.8967	-10.4044
514.0000	1.0000	3.8952	-10.8779
515.0000	1.0000	3.8936	-11.3606
516.0000	1.0000	3.8921	-11.8459
517.0000	1.0000	3.8902	-12.3195
518.0000	1.0000	3.8880	-12.7320
519.0000	1.0000	3.8846	-13.0670
520.0000	1.0000	3.8804	-13.3873
521.0000	1.0000	3.8781	-13.7289
522.0000	1.0000	3.8765	-14.1001
523.0000	1.0000	3.8751	-14.4925
524.0000	1.0000	3.8734	-14.9030
525.0000	1.0000	3.8715	-15.3205
526.0000	1.0000	3.8692	-15.6957
527.0000	1.0000	3.8655	-15.9894
528.0000	1.0000	3.8607	-16.1921
529.0000	1.0000	3.8592	-16.3002
530.0000	1.0000	3.8598	-16.3157
531.0000	1.0000	3.8598	-16.3144
532.0000	1.0000	3.8598	-16.3126
533.0000	1.0000	3.8598	-16.3110
534.0000	1.0000	3.8599	-16.3139
535.0000	1.0000	3.8442	-16.3357
536.0000	1.0000	3.8447	-16.3627
537.0000	1.0000	3.8443	-16.3904
538.0000	1.0000	3.8440	-16.4179
539.0000	1.0000	3.8436	-16.4453
540.0000	1.0000	3.8432	-16.4724
541.0000	1.0000	3.8465	-16.5063
542.0000	1.0000	3.8424	-16.5615
543.0000	1.0000	3.8383	-16.6463
544.0000	1.0000	3.8376	-16.7627
545.0000	1.0000	3.8358	-16.9090
546.0000	1.0000	3.8335	-17.0826
547.0000	1.0000	3.8321	-17.2818
548.0000	1.0000	3.8285	-17.5063
549.0000	1.0000	3.8258	-17.7560
550.0000	1.0000	3.8243	-18.0299
551.0000	1.0000	3.8233	-18.3279
552.0000	1.0000	3.8225	-18.6498
553.0000	1.0000	3.8220	-18.9952
554.0000	1.0000	3.8215	-19.3641
555.0000	1.0000	3.8209	-19.7556
556.0000	1.0000	3.8207	-20.1676
557.0000	1.0000	3.8204	-20.5971
558.0000	1.0000	3.8182	-21.0411
559.0000	1.0000	3.8110	-21.4954
560.0000	1.0000	3.7994	-21.9584
561.0000	1.0000	3.7977	-22.4371
562.0000	1.0000	3.7975	-22.9175
563.0000	1.0000	3.7971	-23.3969
564.0000	1.0000	3.7968	-23.8756
565.0000	1.0000	3.7967	-24.3537
566.0000	1.0000	3.7966	-24.8320
567.0000	1.0000	3.7965	-25.3244
568.0000	1.0000	3.7966	-25.8311
569.0000	1.0000	3.7967	-26.3459
570.0000	1.0000	3.7967	-26.8662
571.0000	1.0000	3.7967	-27.3828
572.0000	1.0000	3.7965	-27.8516
573.0000	1.0000	3.7962	-28.2369
574.0000	1.0000	3.7960	-28.5296
575.0000	1.0000	3.7956	-28.7274
576.0000	1.0000	3.7954	-28.8496
577.0000	1.0000	3.7954	-28.9636
578.0000	1.0000	3.7953	-29.0924
579.0000	1.0000	3.7952	-29.2416
580.0000	1.0000	3.7952	-29.4127
581.0000	1.0000	3.7951	-29.6054
582.0000	1.0000	3.7950	-29.8050
583.0000	1.0000	3.7949	-30.0044
584.0000	1.0000	3.7948	-30.2034
585.0000	1.0000	3.7947	-30.4018
586.0000	1.0000	3.7946	-30.5998
587.0000	1.0000	3.7946	-30.8003
588.0000	1.0000	3.7945	-31.0151
589.0000	1.0000	3.7946	-31.2508
590.0000	1.0000	3.7947	-31.5099
591.0000	1.0000	3.7949	-31.7928
592.0000	1.0000	3.7951	-32.0998
593.0000	1.0000	3.7954	-32.4306
594.0000	1.0000	3.7958	-32.7849
595.0000	1.0000	3.7962	-33.1623
596.0000	1.0000	3.7968	-33.5616
597.0000	1.0000	3.7974	-33.9801
598.0000	1.0000	3.7982	-34.4152
599.0000	1.0000	3.7990	-34.8647
600.0000	1.0000	3.8000	-35.3267
601.0000	1.0000	3.8010	-35.7998
602.0000	1.0000	3.8020	-36.2807
603.0000	1.0000	3.8032	-36.7619
604.0000	1.0000	3.8045	-37.2423
605.0000	1.0000	3.8060	-37.7220
606.0000	1.0000	3.8077	-38.2009
607.0000	1.0000	3.8096	-38.6817
608.0000	1.0000	3.8116	-39.1782
609.0000	1.0000	3.8137	-39.6872
610.0000	1.0000	3.8158	-40.2034
611.0000	1.0000	3.8182	-40.7248
612.0000	1.0000	3.8207	-41.2511
613.0000	1.0000	3.8235	-41.7821
614.0000	1.0000	3.8263	-42.3172
615.0000	1.0000	3.8293	-42.8561
616.0000	1.0000	3.8324	-43.3897
617.0000	1.0000	3.8335	-43.8741
618.0000	1.0000	3.8364	-44.2749
619.0000	1.0000	3.8415	-44.5831
620.0000	1.0000	3.8480	-44.7962
621.0000	1.0000	3.8512	-44.9148
622.0000	1.0000	3.8556	-44.9399
623.0000	1.0000	3.8556	-44.9393
624.0000	1.0000	3.8557	-44.9382
625.0000	1.0000	3.8547	-44.9363
626.0000	1.0000	3.8540	-44.9352
627.0000	1.0000	3.8527	-44.9343
628.0000	1.0000	3.8446	-44.9300
629.0000	1.0000	3.8284	-44.9216
630.0000	1.0000	3.8067	-44.9094
631.0000	1.0000	3.7785	-44.8948
632.0000	1.0000	3.7441	-44.8763
633.0000	1.0000	3.7046	-44.8531
634.0000	1.0000	3.6580	-44.8285
635.0000	1.0000	3.6077	-44.7981
636.0000	1.0000	3.5540	-44.7663
637.0000	1.0000	3.4955	-44.7308
638.0000	1.0000	3.4321	-44.6915
639.0000	1.0000	3.3639	-44.6484
640.0000	1.0000	3.2912	-44.6011
641.0000	1.0000	3.2625	-44.5833
642.0000	1.0000	3.2609	-44.5850
643.0000	1.0000	3.2598	-44.5833
644.0000	1.0000	3.2595	-44.5818
645.0000	1.0000	3.2594	-44.5811
646.0000	1.0000	3.2592	-44.5808
647.0000	1.0000	3.2592	-44.5807
648.0000	1.0000	3.2563	-44.5816
649.0000	1.0000	3.2491	-44.5824
650.0000	1.0000	3.2222	-44.6030
651.0000	1.0000	3.1987	-44.6519
652.0000	1.0000	3.1773	-44.7400
653.0000	1.0000	3.1516	-44.8599
654.0000	1.0000	3.1212	-45.0048
655.0000	1.0000	3.0847	-45.1749
656.0000	1.0000	3.0798	-45.3910
657.0000	1.0000	3.0833	-45.6391
658.0000	1.0000	3.0891	-45.9103
659.0000	1.0000	3.0923	-46.2061
660.0000	1.0000	3.0959	-46.5260
661.0000	1.0000	3.0992	-46.8693
662.0000	1.0000	3.1032	-47.2356
663.0000	1.0000	3.1042	-47.6120
664.0000	1.0000	3.1002	-47.9834
665.0000	1.0000	3.0925	-48.3508
666.0000	1.0000	3.0790	-48.7140
667.0000	1.0000	3.0611	-49.0720
668.0000	1.0000	3.0371	-49.4414
669.0000	1.0000	3.0076	-49.8346
670.0000	1.0000	2.9718	-50.2456
671.0000	1.0000	2.9578	-50.6635
672.0000	1.0000	3.1594	-51.1075
673.0000	1.0000	3.7771	-51.5330
674.0000	1.0000	5.2040	-51.8824
675.0000	1.0000	7.6193	-52.0527
676.0000	1.0000	10.7759	-51.9516
677.0000	1.0000	14.6205	-51.4448
678.0000	1.0000	19.0415	-50.3912
679.0000	1.0000	23.8651	-48.6704
680.0000	1.0000	28.8114	-46.2496
681.0000	1.0000	32.6324	-43.9829
682.0000	1.0000	36.2450	-41.3796
683.0000	1.0000	39.2222	-38.8860
684.0000	1.0000	42.0948	-36.0339
685.0000	1.0000	44.2718	-33.6131
686.0000	1.0000	46.3041	-31.0136
687.0000	1.0000	47.8806	-28.7868
688.0000	1.0000	49.4164	-26.2862
689.0000	1.0000	50.6937	-23.9520
690.0000	1.0000	51.5397	-22.3658
691.0000	1.0000	52.3577	-20.6420
692.0000	1.0000	52.9389	-19.4111
693.0000	1.0000	53.4533	-18.2571
694.0000	1.0000	53.8793	-17.2836
695.0000	1.0000	54.2317	-16.4875
696.0000	1.0000	54.5341	-15.8143
697.0000	1.0000	54.7892	-15.2802
698.0000	1.0000	55.0105	-14.8508
699.0000	1.0000	55.2006	-14.5328
700.0000	1.0000	55.3616	-14.3314
701.0000	1.0000	55.5116	-14.1704
702.0000	1.0000	55.6383	-14.1148
703.0000	1.0000	55.7563	-14.1005
704.0000	1.0000	55.8567	-14.1729
705.0000	1.0000	55.9463	-14.3026
706.0000	1.0000	56.0329	-14.4517
707.0000	1.0000	56.1051	-14.6753
708.0000	1.0000	56.1700	-14.9407
709.0000	1.0000	56.2344	-15.2150
710.0000	1.0000	56.2877	-15.5460
711.0000	1.0000	56.3401	-15.8872
712.0000	1.0000	56.3838	-16.2716
713.0000	1.0000	56.4219	-16.6841
714.0000	1.0000	56.4564	-17.1161
715.0000	1.0000	56.4912	-17.5516
716.0000	1.0000	56.5315	-17.9685
717.0000	1.0000	56.5767	-18.3625
718.0000	1.0000	56.6287	-18.7279
719.0000	1.0000	56.6896	-19.0578
720.0000	1.0000	56.7668	-19.3285
721.0000	1.0000	56.8496	-19.5717
722.0000	1.0000	56.9609	-19.7222
723.0000	1.0000	57.0842	-19.8192
724.0000	1.0000	57.2263	-19.8575
725.0000	1.0000	57.3853	-19.8228
726.0000	1.0000	57.5761	-19.6741
727.0000	1.0000	57.7674	-19.5069
728.0000	1.0000	57.9694	-19.2841
729.0000	1.0000	58.1822	-19.0009
730.0000	1.0000	58.4006	-18.6711
731.0000	1.0000	58.6229	-18.2954
732.0000	1.0000	58.8467	-17.8782
733.0000	1.0000	59.0661	-17.4216
734.0000	1.0000	59.2885	-16.9355
735.0000	1.0000	59.5207	-16.3340
736.0000	1.0000	59.7201	-15.8007
737.0000	1.0000	59.9209	-15.2365
738.0000	1.0000	60.1046	-14.6371
739.0000	1.0000	60.2799	-14.0334
740.0000	1.0000	60.4399	-13.4113
741.0000	1.0000	60.5879	-12.7786
742.0000	1.0000	60.7391	-12.0460
743.0000	1.0000	60.8473	-11.4121
744.0000	1.0000	61.0079	-10.6719
745.0000	1.0000	61.1703	-9.8737
746.0000	1.0000	61.2692	-9.1420
747.0000	1.0000	61.3893	-8.3550
748.0000	1.0000	61.5053	-7.5371
749.0000	1.0000	61.5924	-6.7285
750.0000	1.0000	61.6626	-5.8249
751.0000	1.0000	61.7063	-5.0457
752.0000	1.0000	61.7295	-4.2445
753.0000	1.0000	61.7353	-3.4419
754.0000	1.0000	61.7182	-2.6544
755.0000	1.0000	61.6835	-1.8673
756.0000	1.0000	61.6318	-1.0880
757.0000	1.0000	61.5528	-0.2192
758.0000	1.0000	61.4601	0.5210
759.0000	1.0000	61.3481	1.2790
760.0000	1.0000	61.2366	2.0905
761.0000	1.0000	61.1139	2.9042
762.0000	1.0000	60.9879	3.5848
763.0000	1.0000	60.8424	4.3319
764.0000	1.0000	60.6809	5.0729
765.0000	1.0000	60.5238	5.6701
766.0000	1.0000	60.3584	6.2464
767.0000	1.0000	60.1955	6.7280
768.0000	1.0000	60.0220	7.2091
769.0000	1.0000	59.8470	7.6360
770.0000	1.0000	59.6754	8.0323
771.0000	1.0000	59.5035	8.3932
772.0000	1.0000	59.3302	8.7104
773.0000	1.0000	59.1584	8.9878
774.0000	1.0000	58.9884	9.2278
775.0000	1.0000	58.8204	9.4330
776.0000	1.0000	58.6533	9.6059
777.0000	1.0000	58.4912	9.7478
778.0000	1.0000	58.3291	9.8612
779.0000	1.0000	58.1729	9.9480
780.0000	1.0000	58.0189	9.9955
781.0000	1.0000	57.8651	10.0354
782.0000	1.0000	57.7128	10.0538
783.0000	1.0000	57.5643	10.0498
784.0000	1.0000	57.4186	10.0284
785.0000	1.0000	57.2786	9.9901
786.0000	1.0000	57.1344	9.9362
787.0000	1.0000	56.9910	9.8679
788.0000	1.0000	56.8596	9.8485
789.0000	1.0000	56.7331	9.8571
790.0000	1.0000	56.6015	9.8664
791.0000	1.0000	56.4688	9.8473
792.0000	1.0000	56.3399	9.8179
793.0000	1.0000	56.2138	9.8101
794.0000	1.0000	56.0876	9.8024
795.0000	1.0000	55.9632	9.7912
796.0000	1.0000	55.8570	9.7537
797.0000	1.0000	55.7733	9.6929
798.0000	1.0000	55.6860	9.6655
799.0000	1.0000	55.5996	9.6452
800.0000	1.0000	55.5197	9.6219
801.0000	1.0000	55.4425	9.5963
802.0000	1.0000	55.3719	9.5648
803.0000	1.0000	55.3030	9.5573
804.0000	1.0000	55.2348	9.5524
805.0000	1.0000	55.1681	9.5487
806.0000	1.0000	55.1036	9.5457
807.0000	1.0000	55.0405	9.5434
808.0000	1.0000	54.9786	9.5413
809.0000	1.0000	54.9209	9.5255
810.0000	1.0000	54.8582	9.5365
811.0000	1.0000	54.8027	9.5176
812.0000	1.0000	54.7447	9.5134
813.0000	1.0000	54.6911	9.4924
814.0000	1.0000	54.6349	9.4852
815.0000	1.0000	54.5832	9.4591
816.0000	1.0000	54.5294	9.4409
817.0000	1.0000	54.4796	9.4012
818.0000	1.0000	54.4290	9.3652
819.0000	1.0000	54.3784	9.3234
820.0000	1.0000	54.3339	9.2583
821.0000	1.0000	54.2874	9.2016
822.0000	1.0000	54.2527	9.1252
823.0000	1.0000	54.2154	9.0514
824.0000	1.0000	54.1789	8.9725
825.0000	1.0000	54.1392	8.9226
826.0000	1.0000	54.0971	8.9037
827.0000	1.0000	54.0647	8.8790
828.0000	1.0000	54.0480	8.8415
829.0000	1.0000	54.0482	8.8149
830.0000	1.0000	54.0522	8.7858
831.0000	1.0000	54.0561	8.7505
832.0000	1.0000	54.0622	8.7080
833.0000	1.0000	54.0678	8.6579
834.0000	1.0000	54.0757	8.6010
835.0000	1.0000	54.0815	8.5396
836.0000	1.0000	54.0893	8.4729
837.0000	1.0000	54.0952	8.3998
838.0000	1.0000	54.1027	8.3208
839.0000	1.0000	54.1099	8.2357
840.0000	1.0000	54.1165	8.1448
841.0000	1.0000	54.1248	8.0483
842.0000	1.0000	54.1306	7.9458
843.0000	1.0000	54.1356	7.8376
844.0000	1.0000	54.1420	7.7242
845.0000	1.0000	54.1481	7.6055
846.0000	1.0000	54.1492	7.5453
847.0000	1.0000	54.1520	7.5457
848.0000	1.0000	54.1516	7.5417
849.0000	1.0000	54.1508	7.5112
850.0000	1.0000	54.1515	7.4774
851.0000	1.0000	54.1523	7.4374
852.0000	1.0000	54.1536	7.3909
853.0000	1.0000	54.1548	7.3379
854.0000	1.0000	54.1556	7.2782
855.0000	1.0000	54.1565	7.2121
856.0000	1.0000	54.1576	7.1395
857.0000	1.0000	54.1583	7.0606
858.0000	1.0000	54.1576	6.9754
859.0000	1.0000	54.1548	6.8938
860.0000	1.0000	54.1484	6.7993
861.0000	1.0000	54.1391	6.6732
862.0000	1.0000	54.1204	6.5584
863.0000	1.0000	54.0997	6.4306
864.0000	1.0000	54.0786	6.2909
865.0000	1.0000	54.0533	6.1511
866.0000	1.0000	54.0263	5.9962
867.0000	1.0000	53.9942	5.8461
868.0000	1.0000	53.9601	5.6805
869.0000	1.0000	53.9244	5.4978
870.0000	1.0000	53.8861	5.3101
871.0000	1.0000	53.8482	5.0960
872.0000	1.0000	53.8098	4.8850
873.0000	1.0000	53.7702	4.6885
874.0000	1.0000	53.7314	4.4780
875.0000	1.0000	53.6927	4.2655
876.0000	1.0000	53.6573	4.0334
877.0000	1.0000	53.6217	3.7690
878.0000	1.0000	53.5922	3.4491
879.0000	1.0000	53.5657	3.0841
880.0000	1.0000	53.5385	2.7004
881.0000	1.0000	53.5155	2.2873
882.0000	1.0000	53.4932	1.8315
883.0000	1.0000	53.4757	1.3943
884.0000	1.0000	53.4552	1.0466
885.0000	1.0000	53.4366	0.8002
886.0000	1.0000	53.4208	0.5898
887.0000	1.0000	53.4163	0.3176
888.0000	1.0000	53.4131	0.0662
889.0000	1.0000	53.4119	-0.1880
890.0000	1.0000	53.4089	-0.4434
891.0000	1.0000	53.4052	-0.7095
892.0000	1.0000	53.4026	-0.9867
893.0000	1.0000	53.3988	-1.2693
894.0000	1.0000	53.3942	-1.5568
895.0000	1.0000	53.3899	-1.8489
896.0000	1.0000	53.3855	-2.1456
897.0000	1.0000	53.3805	-2.4466
898.0000	1.0000	53.3756	-2.7520
899.0000	1.0000	53.3703	-3.0616
900.0000	1.0000	53.3650	-3.3755
901.0000	1.0000	53.3594	-3.6907
902.0000	1.0000	53.3538	-4.0127
903.0000	1.0000	53.3478	-4.3457
904.0000	1.0000	53.3418	-4.6837
905.0000	1.0000	53.3356	-5.0262
906.0000	1.0000	53.3293	-5.3731
907.0000	1.0000	53.3228	-5.7243
908.0000	1.0000	53.3163	-6.0797
909.0000	1.0000	53.3097	-6.4392
910.0000	1.0000	53.3029	-6.8028
911.0000	1.0000	53.2962	-7.1703
912.0000	1.0000	53.2892	-7.5417
913.0000	1.0000	53.2823	-7.9171
914.0000	1.0000	53.2751	-8.2961
915.0000	1.0000	53.2679	-8.6749
916.0000	1.0000	53.2606	-9.0627
917.0000	1.0000	53.2532	-9.4588
918.0000	1.0000	53.2457	-9.8593
919.0000	1.0000	53.2382	-10.2639
920.0000	1.0000	53.2307	-10.6725
921.0000	1.0000	53.2232	-11.0849
922.0000	1.0000	53.2156	-11.5011
923.0000	1.0000	53.2081	-11.9210
924.0000	1.0000	53.2021	-12.2589
925.0000	1.0000	53.2002	-12.3712
926.0000	1.0000	53.1979	-12.4977
927.0000	1.0000	53.1960	-12.6087
928.0000	1.0000	53.1960	-12.6083
929.0000	1.0000	53.1959	-12.6118
930.0000	1.0000	53.1958	-12.6141
931.0000	1.0000	53.1959	-12.6152
932.0000	1.0000	53.1958	-12.6162
933.0000	1.0000	53.1959	-12.6225
934.0000	1.0000	53.1956	-12.6379
935.0000	1.0000	53.1952	-12.6604
936.0000	1.0000	53.1949	-12.6840
937.0000	1.0000	53.1944	-12.7117
938.0000	1.0000	53.1938	-12.7481
939.0000	1.0000	53.1931	-12.7931
940.0000	1.0000	53.1923	-12.8461
941.0000	1.0000	53.1914	-12.9006
942.0000	1.0000	53.1906	-12.9546
943.0000	1.0000	53.1896	-13.0150
944.0000	1.0000	53.1893	-13.0331
945.0000	1.0000	53.1893	-13.0337
946.0000	1.0000	53.1893	-13.0349
947.0000	1.0000	53.1893	-13.0357
948.0000	1.0000	53.1893	-13.0360
949.0000	1.0000	53.1893	-13.0362
950.0000	1.0000	53.1892	-13.0405
951.0000	1.0000	53.1892	-13.0498
952.0000	1.0000	53.1889	-13.0692
953.0000	1.0000	53.1884	-13.0955
954.0000	1.0000	53.1879	-13.1290
955.0000	1.0000	53.1878	-13.1354
956.0000	1.0000	53.1878	-13.1358
957.0000	1.0000	53.1878	-13.1365
958.0000	1.0000	53.1875	-13.1445
959.0000	1.0000	53.1873	-13.1583
960.0000	1.0000	53.1871	-13.1797
961.0000	1.0000	53.1866	-13.2087
962.0000	1.0000	53.1860	-13.2433
963.0000	1.0000	53.1854	-13.2847
964.0000	1.0000	53.1847	-13.3327
965.0000	1.0000	53.1838	-13.3873
966.0000	1.0000	53.1829	-13.4484
967.0000	1.0000	53.1819	-13.5161
968.0000	1.0000	53.1807	-13.5901
969.0000	1.0000	53.1795	-13.6704
970.0000	1.0000	53.1782	-13.7567
971.0000	1.0000	53.1769	-13.8490
972.0000	1.0000	53.1754	-13.9469
973.0000	1.0000	53.1739	-14.0505
974.0000	1.0000	53.1723	-14.1596
975.0000	1.0000	53.1707	-14.2740
976.0000	1.0000	53.1689	-14.3937
977.0000	1.0000	53.1672	-14.5185
978.0000	1.0000	53.1655	-14.6483
979.0000	1.0000	53.1637	-14.7831
980.0000	1.0000	53.1618	-14.9227
981.0000	1.0000	53.1599	-15.0670
982.0000	1.0000	53.1580	-15.2159
983.0000	1.0000	53.1559	-15.3694
984.0000	1.0000	53.1540	-15.5268
985.0000	1.0000	53.1521	-15.6863
986.0000	1.0000	53.1500	-15.8629
987.0000	1.0000	53.1478	-16.0448
988.0000	1.0000	53.1456	-16.2316
989.0000	1.0000	53.1434	-16.4233
990.0000	1.0000	53.1412	-16.6197
991.0000	1.0000	53.1389	-16.8208
992.0000	1.0000	53.1368	-17.0251
993.0000	1.0000	53.1347	-17.2337
994.0000	1.0000	53.1326	-17.4576
995.0000	1.0000	53.1304	-17.6869
996.0000	1.0000	53.1282	-17.9212
997.0000	1.0000	53.1259	-18.1603
998.0000	1.0000	53.1239	-18.4042
999.0000	1.0000	53.1217	-18.6527
