0.0000	50.0000	-61.3083	-14.1895
0.0000	103.0000	0.0048	8.1195
0.0000	154.0000	-3.9890	5.4919
1.0000	50.0000	-61.3128	-14.7609
1.0000	103.0000	0.0054	7.9116
1.0000	154.0000	-3.9887	4.9182
2.0000	50.0000	-61.3140	-15.3124
2.0000	103.0000	0.0034	7.7478
2.0000	154.0000	-3.9907	4.4454
3.0000	50.0000	-61.3139	-15.8483
3.0000	103.0000	0.0012	7.6137
3.0000	154.0000	-3.9929	4.1135
4.0000	50.0000	-61.3139	-16.3772
4.0000	103.0000	-0.0000	7.4936
4.0000	154.0000	-3.9943	3.7899
5.0000	50.0000	-61.3140	-16.8997
5.0000	103.0000	-0.0012	7.3885
5.0000	154.0000	-3.9953	3.4238
6.0000	50.0000	-61.3140	-17.4083
6.0000	103.0000	-0.0029	7.3040
6.0000	154.0000	-3.9966	3.0722
7.0000	50.0000	-61.3143	-17.9153
7.0000	103.0000	-0.0043	7.2347
7.0000	154.0000	-3.9977	2.7231
8.0000	50.0000	-61.3154	-18.4333
8.0000	103.0000	-0.0052	7.1783
8.0000	154.0000	-3.9984	2.3673
9.0000	50.0000	-61.3159	-18.9391
9.0000	103.0000	-0.0067	7.1474
9.0000	154.0000	-3.9994	2.0255
10.0000	50.0000	-61.3157	-19.4483
10.0000	103.0000	-0.0085	7.1244
10.0000	154.0000	-4.0007	1.7361
11.0000	50.0000	-61.3175	-19.9616
11.0000	103.0000	-0.0087	7.0993
11.0000	154.0000	-4.0014	1.4700
12.0000	50.0000	-61.3185	-20.4760
12.0000	103.0000	-0.0095	7.0855
12.0000	154.0000	-4.0024	1.2079
13.0000	50.0000	-61.3197	-20.9799
13.0000	103.0000	-0.0105	7.0914
13.0000	154.0000	-4.0032	0.9409
14.0000	50.0000	-61.3198	-21.4899
14.0000	103.0000	-0.0117	7.1023
14.0000	154.0000	-4.0040	0.6689
15.0000	50.0000	-61.3212	-22.0107
15.0000	103.0000	-0.0121	7.1059
15.0000	154.0000	-4.0043	0.3792
16.0000	50.0000	-61.3229	-22.5295
16.0000	103.0000	-0.0123	7.1126
16.0000	154.0000	-4.0046	0.0844
17.0000	50.0000	-61.3250	-23.0541
17.0000	103.0000	-0.0126	7.1416
17.0000	154.0000	-4.0047	-0.2093
18.0000	50.0000	-61.3264	-23.5633
18.0000	103.0000	-0.0133	7.2014
18.0000	154.0000	-4.0050	-0.4854
19.0000	50.0000	-61.3286	-24.0771
19.0000	103.0000	-0.0132	7.2627
19.0000	154.0000	-4.0048	-0.7710
20.0000	50.0000	-61.3304	-24.6168
20.0000	103.0000	-0.0132	7.3089
20.0000	154.0000	-4.0044	-1.0824
21.0000	50.0000	-61.3326	-25.1745
21.0000	103.0000	-0.0131	7.3450
21.0000	154.0000	-4.0041	-1.4125
22.0000	50.0000	-61.3354	-25.7209
22.0000	103.0000	-0.0132	7.4005
22.0000	154.0000	-4.0038	-1.7336
23.0000	50.0000	-61.3369	-26.2773
23.0000	103.0000	-0.0136	7.4576
23.0000	154.0000	-4.0035	-2.0637
24.0000	50.0000	-61.3397	-26.8482
24.0000	103.0000	-0.0131	7.5048
24.0000	154.0000	-4.0027	-2.4138
25.0000	50.0000	-61.3423	-27.4261
25.0000	103.0000	-0.0128	7.5538
25.0000	154.0000	-4.0020	-2.7721
26.0000	50.0000	-61.3445	-28.0012
26.0000	103.0000	-0.0127	7.6142
26.0000	154.0000	-4.0013	-3.1284
27.0000	50.0000	-61.3464	-28.5797
27.0000	103.0000	-0.0126	7.6715
27.0000	154.0000	-4.0005	-3.4937
28.0000	50.0000	-61.3490	-29.1803
28.0000	103.0000	-0.0120	7.7299
28.0000	154.0000	-3.9994	-3.8758
29.0000	50.0000	-61.3520	-29.7792
29.0000	103.0000	-0.0116	7.7193
29.0000	154.0000	-3.9984	-4.2553
30.0000	50.0000	-61.3533	-30.3560
30.0000	103.0000	-0.0125	7.5877
30.0000	154.0000	-3.9975	-4.6098
31.0000	50.0000	-61.3554	-30.9354
31.0000	103.0000	-0.0124	7.5050
31.0000	154.0000	-3.9962	-4.9699
32.0000	50.0000	-61.3569	-31.5382
32.0000	103.0000	-0.0123	7.4052
32.0000	154.0000	-3.9947	-5.3538
33.0000	50.0000	-61.3590	-32.1581
33.0000	103.0000	-0.0120	7.2839
33.0000	154.0000	-3.9934	-5.7569
34.0000	50.0000	-61.3607	-32.7667
34.0000	103.0000	-0.0122	7.1822
34.0000	154.0000	-3.9922	-6.1486
35.0000	50.0000	-61.3621	-33.3730
35.0000	103.0000	-0.0123	7.0934
35.0000	154.0000	-3.9908	-6.5386
36.0000	50.0000	-61.3631	-33.9878
36.0000	103.0000	-0.0121	7.0065
36.0000	154.0000	-3.9892	-6.9377
37.0000	50.0000	-61.3642	-34.6070
37.0000	103.0000	-0.0119	6.9212
37.0000	154.0000	-3.9877	-7.3425
38.0000	50.0000	-61.3650	-35.2213
38.0000	103.0000	-0.0118	6.8363
38.0000	154.0000	-3.9861	-7.7402
39.0000	50.0000	-61.3655	-35.8375
39.0000	103.0000	-0.0116	6.7521
39.0000	154.0000	-3.9844	-8.1465
40.0000	50.0000	-61.3660	-36.4621
40.0000	103.0000	-0.0113	6.6674
40.0000	154.0000	-3.9826	-8.5708
41.0000	50.0000	-61.3661	-37.0860
41.0000	103.0000	-0.0111	6.5908
41.0000	154.0000	-3.9807	-8.9973
42.0000	50.0000	-61.3663	-37.6273
42.0000	103.0000	-0.0109	6.5252
42.0000	154.0000	-3.9789	-9.4212
43.0000	50.0000	-61.3654	-37.9939
43.0000	103.0000	-0.0106	6.4552
43.0000	154.0000	-3.9769	-9.8462
44.0000	50.0000	-61.3654	-38.3839
44.0000	103.0000	-0.0105	6.3976
44.0000	154.0000	-3.9750	-10.2551
45.0000	50.0000	-61.3646	-38.7889
45.0000	103.0000	-0.0101	6.3404
45.0000	154.0000	-3.9728	-10.6738
46.0000	50.0000	-61.3639	-39.2074
46.0000	103.0000	-0.0097	6.2712
46.0000	154.0000	-3.9706	-11.1100
47.0000	50.0000	-61.3632	-39.6212
47.0000	103.0000	-0.0095	6.2038
47.0000	154.0000	-3.9685	-11.5621
48.0000	50.0000	-61.3625	-40.0339
48.0000	103.0000	-0.0093	6.1365
48.0000	154.0000	-3.9663	-12.0174
49.0000	50.0000	-61.3618	-40.4296
49.0000	103.0000	-0.0093	6.0763
49.0000	154.0000	-3.9641	-12.4542
50.0000	50.0000	-61.3609	-40.8240
50.0000	103.0000	-0.0090	6.0286
50.0000	154.0000	-3.9617	-12.8885
51.0000	50.0000	-61.3599	-41.1959
51.0000	103.0000	-0.0088	6.0077
51.0000	154.0000	-3.9593	-13.3049
52.0000	50.0000	-61.3587	-41.5641
52.0000	103.0000	-0.0085	5.9837
52.0000	154.0000	-3.9567	-13.7330
53.0000	50.0000	-61.3574	-41.9536
53.0000	103.0000	-0.0081	5.9420
53.0000	154.0000	-3.9540	-14.1844
54.0000	50.0000	-61.3562	-42.3536
54.0000	103.0000	-0.0080	5.9124
54.0000	154.0000	-3.9515	-14.6450
55.0000	50.0000	-61.3551	-42.7435
55.0000	103.0000	-0.0080	5.9046
55.0000	154.0000	-3.9491	-15.0920
56.0000	50.0000	-61.3548	-42.9758
56.0000	103.0000	-0.0082	5.9541
56.0000	154.0000	-3.9468	-15.4923
57.0000	50.0000	-61.3552	-43.0380
57.0000	103.0000	-0.0083	6.0961
57.0000	154.0000	-3.9444	-15.8170
58.0000	50.0000	-61.3543	-43.1344
58.0000	103.0000	-0.0080	6.2911
58.0000	154.0000	-3.9414	-16.0996
59.0000	50.0000	-61.3532	-43.2266
59.0000	103.0000	-0.0074	6.4901
59.0000	154.0000	-3.9380	-16.3881
60.0000	50.0000	-61.3523	-43.3094
60.0000	103.0000	-0.0071	6.6935
60.0000	154.0000	-3.9348	-16.6806
61.0000	50.0000	-61.3517	-43.3908
61.0000	103.0000	-0.0072	6.8992
61.0000	154.0000	-3.9319	-16.9768
62.0000	50.0000	-61.3513	-43.4683
62.0000	103.0000	-0.0074	7.1216
62.0000	154.0000	-3.9291	-17.2772
63.0000	50.0000	-61.3508	-43.5468
63.0000	103.0000	-0.0076	7.3504
63.0000	154.0000	-3.9262	-17.5817
64.0000	50.0000	-61.3501	-43.6315
64.0000	103.0000	-0.0079	7.5841
64.0000	154.0000	-3.9232	-17.8905
65.0000	50.0000	-61.3495	-43.7213
65.0000	103.0000	-0.0081	7.8227
65.0000	154.0000	-3.9202	-18.2036
66.0000	50.0000	-61.3487	-43.8160
66.0000	103.0000	-0.0085	8.0660
66.0000	154.0000	-3.9171	-18.5190
67.0000	50.0000	-61.3479	-43.9067
67.0000	103.0000	-0.0088	8.3140
67.0000	154.0000	-3.9140	-18.8382
68.0000	50.0000	-61.3472	-43.9926
68.0000	103.0000	-0.0092	8.5665
68.0000	154.0000	-3.9108	-19.1700
69.0000	50.0000	-61.3464	-44.0839
69.0000	103.0000	-0.0096	8.8235
69.0000	154.0000	-3.9075	-19.5071
70.0000	50.0000	-61.3455	-44.1808
70.0000	103.0000	-0.0102	9.0809
70.0000	154.0000	-3.9043	-19.8488
71.0000	50.0000	-61.3446	-44.2830
71.0000	103.0000	-0.0108	9.3502
71.0000	154.0000	-3.9010	-20.1948
72.0000	50.0000	-61.3437	-44.3906
72.0000	103.0000	-0.0114	9.6285
72.0000	154.0000	-3.8977	-20.5453
73.0000	50.0000	-61.3426	-44.5035
73.0000	103.0000	-0.0119	9.8312
73.0000	154.0000	-3.8944	-20.8998
74.0000	50.0000	-61.3420	-44.5585
74.0000	103.0000	-0.0120	9.8471
74.0000	154.0000	-3.8911	-21.2586
75.0000	50.0000	-61.3421	-44.5717
75.0000	103.0000	-0.0120	9.8524
75.0000	154.0000	-3.8878	-21.6214
76.0000	50.0000	-61.3415	-44.6274
76.0000	103.0000	-0.0120	9.8566
76.0000	154.0000	-3.8845	-21.9882
77.0000	50.0000	-61.3409	-44.6849
77.0000	103.0000	-0.0120	9.8592
77.0000	154.0000	-3.8812	-22.3587
78.0000	50.0000	-61.3348	-44.7594
78.0000	103.0000	-0.0135	9.8571
78.0000	154.0000	-3.8753	-22.7369
79.0000	50.0000	-61.3643	-44.8086
79.0000	103.0000	-0.0050	9.8348
79.0000	154.0000	-3.8869	-23.1354
80.0000	50.0000	-61.3850	-44.9068
80.0000	103.0000	0.0010	9.7866
80.0000	154.0000	-3.8946	-23.5656
81.0000	50.0000	-61.3842	-45.0849
81.0000	103.0000	0.0010	9.6968
81.0000	154.0000	-3.8917	-24.0463
82.0000	50.0000	-61.3836	-45.2515
82.0000	103.0000	0.0007	9.5731
82.0000	154.0000	-3.8888	-24.5759
83.0000	50.0000	-61.3835	-45.4395
83.0000	103.0000	0.0006	9.4239
83.0000	154.0000	-3.8861	-25.1435
84.0000	50.0000	-61.3832	-45.6843
84.0000	103.0000	0.0004	9.2537
84.0000	154.0000	-3.8835	-25.7459
85.0000	50.0000	-61.3829	-45.9633
85.0000	103.0000	0.0002	9.0606
85.0000	154.0000	-3.8809	-26.3819
86.0000	50.0000	-61.3824	-46.2772
86.0000	103.0000	0.0001	8.8384
86.0000	154.0000	-3.8783	-27.0506
87.0000	50.0000	-61.3820	-46.6258
87.0000	103.0000	0.0000	8.5898
87.0000	154.0000	-3.8758	-27.7515
88.0000	50.0000	-61.3815	-47.0074
88.0000	103.0000	-0.0001	8.3203
88.0000	154.0000	-3.8734	-28.4839
89.0000	50.0000	-61.3813	-47.3954
89.0000	103.0000	-0.0002	8.0391
89.0000	154.0000	-3.8711	-29.2381
90.0000	50.0000	-61.3814	-47.7480
90.0000	103.0000	-0.0006	7.7955
90.0000	154.0000	-3.8690	-29.9646
91.0000	50.0000	-61.3813	-48.0497
91.0000	103.0000	-0.0010	7.6127
91.0000	154.0000	-3.8671	-30.6398
92.0000	50.0000	-61.3807	-48.3508
92.0000	103.0000	-0.0009	7.4427
92.0000	154.0000	-3.8646	-31.3121
93.0000	50.0000	-61.3800	-48.6761
93.0000	103.0000	-0.0005	7.2079
93.0000	154.0000	-3.8622	-32.0059
94.0000	50.0000	-61.3796	-49.0208
94.0000	103.0000	-0.0002	6.9382
94.0000	154.0000	-3.8601	-32.7167
95.0000	50.0000	-61.3796	-49.3545
95.0000	103.0000	-0.0003	6.6863
95.0000	154.0000	-3.8585	-33.4138
96.0000	50.0000	-61.3795	-49.6864
96.0000	103.0000	-0.0004	6.4575
96.0000	154.0000	-3.8570	-34.1063
97.0000	50.0000	-61.3793	-50.0274
97.0000	103.0000	-0.0003	6.2332
97.0000	154.0000	-3.8554	-34.8049
98.0000	50.0000	-61.3791	-50.3757
98.0000	103.0000	-0.0001	5.9845
98.0000	154.0000	-3.8539	-35.5053
99.0000	50.0000	-61.3790	-50.7208
99.0000	103.0000	0.0000	5.7427
99.0000	154.0000	-3.8526	-36.2144
100.0000	50.0000	-61.3789	-51.0683
100.0000	103.0000	0.0002	5.5038
100.0000	154.0000	-3.8513	-36.9288
101.0000	103.0000	0.0004	5.2593
101.0000	154.0000	-3.8501	-37.6532
102.0000	103.0000	0.0006	5.0168
102.0000	154.0000	-3.8492	-38.3792
103.0000	103.0000	0.0008	4.7811
103.0000	154.0000	-3.8484	-39.1017
104.0000	103.0000	0.0010	4.5438
104.0000	154.0000	-3.8478	-39.7417
105.0000	103.0000	0.0014	4.3042
105.0000	154.0000	-3.8485	-40.1446
106.0000	103.0000	0.0015	4.0750
106.0000	154.0000	-3.8492	-40.5509
107.0000	103.0000	0.0017	3.8568
107.0000	154.0000	-3.8500	-41.0108
108.0000	103.0000	0.0018	3.6430
108.0000	154.0000	-3.8506	-41.4810
109.0000	103.0000	0.0019	3.4351
109.0000	154.0000	-3.8517	-41.9573
110.0000	103.0000	0.0020	3.2379
110.0000	154.0000	-3.8528	-42.4350
111.0000	103.0000	0.0021	3.0468
111.0000	154.0000	-3.8540	-42.9089
112.0000	103.0000	0.0021	2.8691
112.0000	154.0000	-3.8554	-43.3681
113.0000	103.0000	0.0019	2.7454
113.0000	154.0000	-3.8566	-43.7840
114.0000	103.0000	0.0015	2.7012
114.0000	154.0000	-3.8576	-44.1318
115.0000	103.0000	0.0016	2.7503
115.0000	154.0000	-3.8619	-44.3959
116.0000	103.0000	0.0017	2.8233
116.0000	154.0000	-3.8613	-44.6407
117.0000	103.0000	0.0018	2.9020
117.0000	154.0000	-3.8608	-44.8718
118.0000	103.0000	0.0014	2.9873
118.0000	154.0000	-3.8606	-45.1048
119.0000	103.0000	0.0009	3.0792
119.0000	154.0000	-3.8606	-45.3419
120.0000	103.0000	0.0003	3.1770
120.0000	154.0000	-3.8608	-45.5836
121.0000	103.0000	-0.0003	3.2808
121.0000	154.0000	-3.8607	-45.7239
122.0000	103.0000	-0.0009	3.3852
122.0000	154.0000	-3.8611	-45.7406
123.0000	103.0000	-0.0037	3.4755
123.0000	154.0000	-3.8418	-45.8852
124.0000	103.0000	-0.0047	3.5413
124.0000	154.0000	-3.8379	-46.0777
125.0000	103.0000	-0.0052	3.5716
125.0000	154.0000	-3.8375	-46.3144
126.0000	103.0000	-0.0059	3.5834
126.0000	154.0000	-3.8386	-46.5795
127.0000	103.0000	-0.0065	3.5910
127.0000	154.0000	-3.8407	-46.8485
128.0000	103.0000	-0.0070	3.5844
128.0000	154.0000	-3.8424	-47.1290
129.0000	103.0000	-0.0075	3.5666
129.0000	154.0000	-3.8441	-47.4311
130.0000	103.0000	-0.0082	3.5665
130.0000	154.0000	-3.8457	-47.7252
131.0000	103.0000	-0.0086	3.5594
131.0000	154.0000	-3.8475	-48.0357
132.0000	103.0000	-0.0090	3.5432
132.0000	154.0000	-3.8493	-48.3560
133.0000	103.0000	-0.0097	3.5434
133.0000	154.0000	-3.8512	-48.6460
134.0000	103.0000	-0.0102	3.5502
134.0000	154.0000	-3.8533	-48.8916
135.0000	103.0000	-0.0108	3.5500
135.0000	154.0000	-3.8558	-49.0886
136.0000	103.0000	-0.0116	3.5692
136.0000	154.0000	-3.8581	-49.3173
137.0000	103.0000	-0.0122	3.5837
137.0000	154.0000	-3.8602	-49.5583
138.0000	103.0000	-0.0127	3.5831
138.0000	154.0000	-3.8624	-49.8246
139.0000	103.0000	-0.0133	3.5821
139.0000	154.0000	-3.8651	-50.1020
140.0000	103.0000	-0.0141	3.5892
140.0000	154.0000	-3.8680	-50.3810
141.0000	103.0000	-0.0147	3.5914
141.0000	154.0000	-3.8710	-50.6738
142.0000	103.0000	-0.0152	3.5940
142.0000	154.0000	-3.8743	-50.9882
143.0000	103.0000	-0.0159	3.6023
143.0000	154.0000	-3.8779	-51.2486
144.0000	103.0000	-0.0167	3.6232
144.0000	154.0000	-3.8810	-51.4738
145.0000	103.0000	-0.0174	3.6429
145.0000	154.0000	-3.8844	-51.7423
146.0000	103.0000	-0.0180	3.6570
146.0000	154.0000	-3.8882	-52.0247
147.0000	103.0000	-0.0187	3.6918
147.0000	154.0000	-3.8921	-52.2968
148.0000	103.0000	-0.0193	3.7255
148.0000	154.0000	-3.8959	-52.5809
149.0000	103.0000	-0.0200	3.7539
149.0000	154.0000	-3.8993	-52.8801
150.0000	103.0000	-0.0209	3.8191
150.0000	154.0000	-3.9030	-53.1464
151.0000	103.0000	-0.0221	3.9674
151.0000	154.0000	-3.9056	-53.3166
152.0000	103.0000	-0.0235	4.2117
152.0000	154.0000	-3.9069	-53.3923
153.0000	103.0000	-0.0245	4.4929
153.0000	154.0000	-3.9065	-53.4478
154.0000	103.0000	-0.0254	4.7793
154.0000	154.0000	-3.9061	-53.5089
155.0000	103.0000	-0.0266	5.0713
155.0000	154.0000	-3.9061	-53.5744
156.0000	103.0000	-0.0281	5.3685
156.0000	154.0000	-3.9062	-53.5952
157.0000	103.0000	-0.0297	5.6704
157.0000	154.0000	-3.9065	-53.6055
158.0000	103.0000	-0.0313	5.9769
158.0000	154.0000	-3.9067	-53.6374
159.0000	103.0000	-0.0328	6.2876
159.0000	154.0000	-3.9068	-53.6741
160.0000	103.0000	-0.0344	6.6027
160.0000	154.0000	-3.9070	-53.7170
161.0000	103.0000	-0.0371	6.9142
161.0000	154.0000	-3.8999	-53.7707
162.0000	103.0000	-0.0312	7.2164
162.0000	154.0000	-3.9412	-53.8474
163.0000	103.0000	-0.0291	7.4985
163.0000	154.0000	-3.9597	-53.9611
164.0000	103.0000	-0.0296	7.6575
164.0000	154.0000	-3.9614	-54.1264
165.0000	103.0000	-0.0294	7.5509
165.0000	154.0000	-3.9634	-54.3369
166.0000	103.0000	-0.0289	7.3886
166.0000	154.0000	-3.9669	-54.5868
167.0000	103.0000	-0.0283	7.1950
167.0000	154.0000	-3.9705	-54.8732
168.0000	103.0000	-0.0276	6.9694
168.0000	154.0000	-3.9747	-55.1952
169.0000	103.0000	-0.0267	6.7238
169.0000	154.0000	-3.9795	-55.5415
170.0000	103.0000	-0.0262	6.5018
170.0000	154.0000	-3.9837	-55.8797
171.0000	103.0000	-0.0255	6.2870
171.0000	154.0000	-3.9882	-56.2206
172.0000	103.0000	-0.0248	6.0657
172.0000	154.0000	-3.9917	-56.5127
173.0000	103.0000	-0.0240	5.8431
173.0000	154.0000	-3.9957	-56.7581
174.0000	103.0000	-0.0234	5.6239
174.0000	154.0000	-3.9992	-57.0115
175.0000	103.0000	-0.0231	5.4509
175.0000	154.0000	-4.0030	-57.2261
176.0000	103.0000	-0.0231	5.3547
176.0000	154.0000	-4.0057	-57.3704
177.0000	103.0000	-0.0239	5.3384
177.0000	154.0000	-4.0017	-57.4335
178.0000	103.0000	-0.0238	5.3883
178.0000	154.0000	-4.0016	-57.4341
179.0000	103.0000	-0.0235	5.4433
179.0000	154.0000	-4.0013	-57.4385
180.0000	103.0000	-0.0234	5.5067
180.0000	154.0000	-4.0011	-57.4407
181.0000	103.0000	-0.0237	5.5775
181.0000	154.0000	-4.0012	-57.4428
182.0000	103.0000	-0.0241	5.6489
182.0000	154.0000	-4.0013	-57.4440
183.0000	103.0000	-0.0245	5.7149
183.0000	154.0000	-4.0015	-57.4438
184.0000	103.0000	-0.0248	5.7858
184.0000	154.0000	-4.0015	-57.4435
185.0000	103.0000	-0.0248	5.8565
185.0000	154.0000	-4.0037	-57.4482
186.0000	103.0000	-0.0305	5.9133
186.0000	154.0000	-3.9643	-57.4756
187.0000	103.0000	-0.0320	5.9456
187.0000	154.0000	-3.9553	-57.5312
188.0000	103.0000	-0.0319	5.9408
188.0000	154.0000	-3.9577	-57.6289
189.0000	103.0000	-0.0318	5.9035
189.0000	154.0000	-3.9608	-57.7646
190.0000	103.0000	-0.0318	5.8387
190.0000	154.0000	-3.9641	-57.9333
191.0000	103.0000	-0.0318	5.7597
191.0000	154.0000	-3.9676	-58.1227
192.0000	103.0000	-0.0319	5.6981
192.0000	154.0000	-3.9710	-58.2987
193.0000	103.0000	-0.0318	5.6316
193.0000	154.0000	-3.9741	-58.4852
194.0000	103.0000	-0.0314	5.5505
194.0000	104.0000	-61.6280	50.5763
194.0000	154.0000	-3.9775	-58.6915
195.0000	103.0000	-0.0312	5.4683
195.0000	104.0000	-61.6265	49.9906
195.0000	154.0000	-3.9812	-58.9036
196.0000	103.0000	-0.0311	5.3907
196.0000	104.0000	-61.6250	49.4025
196.0000	154.0000	-3.9851	-59.1172
197.0000	103.0000	-0.0312	5.3369
197.0000	104.0000	-61.6239	48.8301
197.0000	154.0000	-3.9887	-59.3105
198.0000	103.0000	-0.0310	5.2811
198.0000	104.0000	-61.6226	48.2399
198.0000	154.0000	-3.9922	-59.5111
199.0000	103.0000	-0.0307	5.2081
199.0000	104.0000	-61.6208	47.6233
199.0000	154.0000	-3.9958	-59.7335
200.0000	103.0000	-0.0305	5.1241
200.0000	104.0000	-61.6188	46.9873
200.0000	154.0000	-4.0001	-59.9712
201.0000	103.0000	-0.0305	5.0582
201.0000	104.0000	-61.6170	46.3614
201.0000	154.0000	-4.0046	-60.1941
202.0000	103.0000	-0.0306	4.9938
202.0000	104.0000	-61.6159	45.7290
202.0000	154.0000	-4.0080	-60.4191
203.0000	103.0000	-0.0304	4.9296
203.0000	104.0000	-61.6138	45.0775
203.0000	154.0000	-4.0121	-60.6607
204.0000	103.0000	-0.0303	4.8566
204.0000	104.0000	-61.6121	44.4079
204.0000	154.0000	-4.0158	-60.9159
205.0000	103.0000	-0.0303	4.8041
205.0000	104.0000	-61.6102	43.7505
205.0000	154.0000	-4.0202	-61.1552
206.0000	103.0000	-0.0303	4.7587
206.0000	104.0000	-61.6081	43.0919
206.0000	154.0000	-4.0245	-61.3924
207.0000	103.0000	-0.0302	4.7099
207.0000	104.0000	-61.6064	42.4210
207.0000	154.0000	-4.0279	-61.6379
208.0000	103.0000	-0.0301	4.6665
208.0000	104.0000	-61.6044	41.7479
208.0000	154.0000	-4.0321	-61.8826
209.0000	103.0000	-0.0302	4.6370
209.0000	104.0000	-61.6029	41.0814
209.0000	154.0000	-4.0355	-62.1161
210.0000	103.0000	-0.0301	4.6130
210.0000	104.0000	-61.6010	40.4119
210.0000	154.0000	-4.0393	-62.3500
211.0000	103.0000	-0.0300	4.5928
211.0000	104.0000	-61.5989	39.7286
211.0000	154.0000	-4.0432	-62.5947
212.0000	103.0000	-0.0301	4.5809
212.0000	104.0000	-61.5973	39.0443
212.0000	154.0000	-4.0465	-62.8373
213.0000	103.0000	-0.0301	4.5859
213.0000	104.0000	-61.5956	38.3689
213.0000	154.0000	-4.0503	-63.0666
214.0000	103.0000	-0.0301	4.5941
214.0000	104.0000	-61.5935	37.7932
214.0000	154.0000	-4.0539	-63.2979
215.0000	103.0000	-0.0300	4.5941
215.0000	104.0000	-61.5915	37.4579
215.0000	154.0000	-4.0568	-63.5422
216.0000	103.0000	-0.0300	4.6026
216.0000	104.0000	-61.5890	37.0606
216.0000	154.0000	-4.0605	-63.7824
217.0000	103.0000	-0.0302	4.6291
217.0000	104.0000	-61.5874	36.6411
217.0000	154.0000	-4.0633	-64.0091
218.0000	103.0000	-0.0302	4.6581
218.0000	104.0000	-61.5853	36.2139
218.0000	154.0000	-4.0665	-64.2376
219.0000	103.0000	-0.0300	4.6792
219.0000	104.0000	-61.5829	35.7756
219.0000	154.0000	-4.0697	-64.4745
220.0000	103.0000	-0.0300	4.7313
220.0000	104.0000	-61.5809	35.3610
220.0000	154.0000	-4.0729	-64.6944
221.0000	103.0000	-0.0300	4.7858
221.0000	104.0000	-61.5792	34.9429
221.0000	154.0000	-4.0753	-64.9192
222.0000	103.0000	-0.0299	4.8290
222.0000	104.0000	-61.5770	34.5033
222.0000	154.0000	-4.0782	-65.1602
223.0000	103.0000	-0.0298	4.8834
223.0000	104.0000	-61.5750	34.0634
223.0000	154.0000	-4.0814	-65.3945
224.0000	103.0000	-0.0301	4.9922
224.0000	104.0000	-61.5740	33.7693
224.0000	154.0000	-4.0836	-65.5781
225.0000	103.0000	-0.0305	5.1795
225.0000	104.0000	-61.5735	33.6598
225.0000	154.0000	-4.0852	-65.6872
226.0000	103.0000	-0.0310	5.4572
226.0000	104.0000	-61.5745	33.6280
226.0000	154.0000	-4.0835	-65.7106
227.0000	103.0000	-0.0308	5.7630
227.0000	104.0000	-61.5740	33.6247
227.0000	154.0000	-4.0832	-65.7134
228.0000	103.0000	-0.0306	6.0727
228.0000	104.0000	-61.5735	33.6054
228.0000	154.0000	-4.0827	-65.7166
229.0000	103.0000	-0.0307	6.3870
229.0000	104.0000	-61.5733	33.5774
229.0000	154.0000	-4.0826	-65.7183
230.0000	103.0000	-0.0310	6.7019
230.0000	104.0000	-61.5734	33.5494
230.0000	154.0000	-4.0827	-65.7188
231.0000	103.0000	-0.0324	7.0247
231.0000	104.0000	-61.5775	33.5059
231.0000	154.0000	-4.0757	-65.7236
232.0000	103.0000	-0.0422	7.3343
232.0000	104.0000	-61.6137	33.3766
232.0000	154.0000	-4.0106	-65.7533
233.0000	103.0000	-0.0442	7.6186
233.0000	104.0000	-61.6191	33.2613
233.0000	154.0000	-4.0005	-65.8094
234.0000	103.0000	-0.0444	7.8676
234.0000	104.0000	-61.6178	33.1100
234.0000	154.0000	-4.0024	-65.9045
235.0000	103.0000	-0.0446	8.0802
235.0000	104.0000	-61.6165	32.9167
235.0000	154.0000	-4.0043	-66.0403
236.0000	103.0000	-0.0448	8.2746
236.0000	104.0000	-61.6150	32.7002
236.0000	154.0000	-4.0070	-66.1984
237.0000	103.0000	-0.0451	8.4842
237.0000	104.0000	-61.6139	32.4870
237.0000	154.0000	-4.0092	-66.3453
238.0000	103.0000	-0.0451	8.6856
238.0000	104.0000	-61.6122	32.2543
238.0000	154.0000	-4.0117	-66.5047
239.0000	103.0000	-0.0448	8.8662
239.0000	104.0000	-61.6103	31.9893
239.0000	154.0000	-4.0140	-66.6891
240.0000	103.0000	-0.0444	9.0231
240.0000	104.0000	-61.6083	31.6949
240.0000	154.0000	-4.0166	-66.9011
241.0000	103.0000	-0.0441	9.1558
241.0000	104.0000	-61.6062	31.3785
241.0000	154.0000	-4.0199	-67.1411
242.0000	103.0000	-0.0437	9.2643
242.0000	104.0000	-61.6042	31.0290
242.0000	154.0000	-4.0231	-67.4091
243.0000	103.0000	-0.0437	9.3478
243.0000	104.0000	-61.6031	30.6449
243.0000	154.0000	-4.0246	-67.7050
244.0000	103.0000	-0.0436	9.4139
244.0000	104.0000	-61.6019	30.2366
244.0000	154.0000	-4.0265	-68.0200
245.0000	103.0000	-0.0436	9.5230
245.0000	104.0000	-61.6008	29.8562
245.0000	154.0000	-4.0287	-68.3021
246.0000	103.0000	-0.0431	9.6922
246.0000	104.0000	-61.5984	29.5401
246.0000	154.0000	-4.0333	-68.5292
247.0000	103.0000	-0.0421	9.8711
247.0000	104.0000	-61.5960	29.2299
247.0000	154.0000	-4.0367	-68.7526
248.0000	103.0000	-0.0410	10.0350
248.0000	104.0000	-61.5935	28.8949
248.0000	154.0000	-4.0397	-68.9955
249.0000	103.0000	-0.0403	10.1785
249.0000	104.0000	-61.5917	28.5289
249.0000	154.0000	-4.0418	-69.2636
250.0000	103.0000	-0.0398	10.2998
250.0000	104.0000	-61.5902	28.1315
250.0000	154.0000	-4.0440	-69.5561
251.0000	103.0000	-0.0396	10.3983
251.0000	104.0000	-61.5893	27.7013
251.0000	154.0000	-4.0455	-69.8751
252.0000	103.0000	-0.0393	10.4738
252.0000	104.0000	-61.5884	27.2391
252.0000	154.0000	-4.0468	-70.2219
253.0000	103.0000	-0.0389	10.5263
253.0000	104.0000	-61.5873	26.7453
253.0000	154.0000	-4.0483	-70.5942
254.0000	103.0000	-0.0385	10.5562
254.0000	104.0000	-61.5864	26.2199
254.0000	154.0000	-4.0494	-70.9926
255.0000	103.0000	-0.0381	10.5637
255.0000	104.0000	-61.5854	25.6637
255.0000	154.0000	-4.0505	-71.4181
256.0000	103.0000	-0.0376	10.5574
256.0000	104.0000	-61.5844	25.0855
256.0000	154.0000	-4.0517	-71.8596
257.0000	103.0000	-0.0374	10.4990
257.0000	104.0000	-61.5834	24.5320
257.0000	154.0000	-4.0534	-72.2708
258.0000	103.0000	-0.0371	10.2241
258.0000	104.0000	-61.5824	24.0899
258.0000	154.0000	-4.0558	-72.6251
259.0000	103.0000	-0.0364	9.8909
259.0000	104.0000	-61.5814	23.7524
259.0000	154.0000	-4.0580	-72.9642
260.0000	103.0000	-0.0356	9.5487
260.0000	104.0000	-61.5801	23.4008
260.0000	154.0000	-4.0597	-73.3146
261.0000	103.0000	-0.0351	9.1845
261.0000	104.0000	-61.5790	22.9973
261.0000	154.0000	-4.0610	-73.6838
262.0000	103.0000	-0.0349	8.8050
262.0000	104.0000	-61.5784	22.5768
262.0000	154.0000	-4.0621	-74.0662
263.0000	103.0000	-0.0349	8.4585
263.0000	104.0000	-61.5780	22.1766
263.0000	154.0000	-4.0639	-74.4217
264.0000	103.0000	-0.0348	8.1496
264.0000	104.0000	-61.5772	21.8068
264.0000	154.0000	-4.0663	-74.7404
265.0000	103.0000	-0.0343	7.8539
265.0000	104.0000	-61.5761	21.4375
265.0000	154.0000	-4.0684	-75.0535
266.0000	103.0000	-0.0338	7.5638
266.0000	104.0000	-61.5749	21.0576
266.0000	154.0000	-4.0701	-75.3719
267.0000	103.0000	-0.0334	7.3019
267.0000	104.0000	-61.5739	20.6910
267.0000	154.0000	-4.0721	-75.6687
268.0000	103.0000	-0.0330	7.0591
268.0000	104.0000	-61.5730	20.3291
268.0000	154.0000	-4.0742	-75.9546
269.0000	103.0000	-0.0327	6.8436
269.0000	104.0000	-61.5720	19.9876
269.0000	154.0000	-4.0765	-76.2139
270.0000	103.0000	-0.0321	6.6318
270.0000	104.0000	-61.5707	19.6407
270.0000	154.0000	-4.0790	-76.4735
271.0000	103.0000	-0.0316	6.4204
271.0000	104.0000	-61.5696	19.2801
271.0000	154.0000	-4.0807	-76.7406
272.0000	103.0000	-0.0313	6.2348
272.0000	104.0000	-61.5686	18.9315
272.0000	154.0000	-4.0829	-76.9894
273.0000	103.0000	-0.0310	6.0648
273.0000	104.0000	-61.5676	18.5854
273.0000	154.0000	-4.0849	-77.2302
274.0000	103.0000	-0.0307	5.9200
274.0000	104.0000	-61.5667	18.2578
274.0000	154.0000	-4.0868	-77.4467
275.0000	103.0000	-0.0302	5.7686
275.0000	104.0000	-61.5657	17.9215
275.0000	154.0000	-4.0883	-77.6674
276.0000	103.0000	-0.0296	5.6034
276.0000	104.0000	-61.5644	17.5603
276.0000	154.0000	-4.0900	-77.9082
277.0000	103.0000	-0.0293	5.4299
277.0000	104.0000	-61.5636	17.1785
277.0000	154.0000	-4.0912	-78.1635
278.0000	103.0000	-0.0292	5.2967
278.0000	104.0000	-61.5628	16.8262
278.0000	154.0000	-4.0933	-78.3835
279.0000	103.0000	-0.0292	5.2342
279.0000	104.0000	-61.5624	16.5371
279.0000	154.0000	-4.0946	-78.5335
280.0000	103.0000	-0.0283	5.2415
280.0000	104.0000	-61.5599	16.3262
280.0000	154.0000	-4.1029	-78.6057
281.0000	103.0000	-0.0280	5.3231
281.0000	104.0000	-61.5594	16.2372
281.0000	154.0000	-4.1030	-78.6071
282.0000	103.0000	-0.0292	5.3958
282.0000	104.0000	-61.5638	16.2035
282.0000	154.0000	-4.0808	-78.6277
283.0000	103.0000	-0.0291	5.4846
283.0000	104.0000	-61.5644	16.1924
283.0000	154.0000	-4.0773	-78.6346
284.0000	103.0000	-0.0290	5.5842
284.0000	104.0000	-61.5645	16.1899
284.0000	154.0000	-4.0774	-78.6353
285.0000	103.0000	-0.0288	5.6895
285.0000	104.0000	-61.5647	16.1886
285.0000	154.0000	-4.0775	-78.6369
286.0000	103.0000	-0.0287	5.8002
286.0000	104.0000	-61.5648	16.1880
286.0000	154.0000	-4.0776	-78.6371
287.0000	103.0000	-0.0285	5.9164
287.0000	104.0000	-61.5649	16.1877
287.0000	154.0000	-4.0777	-78.6371
288.0000	103.0000	-0.0283	6.0379
288.0000	104.0000	-61.5649	16.1835
288.0000	154.0000	-4.0778	-78.6370
289.0000	103.0000	-0.0280	6.1643
289.0000	104.0000	-61.5648	16.1740
289.0000	154.0000	-4.0778	-78.6369
290.0000	103.0000	-0.0277	6.2959
290.0000	104.0000	-61.5648	16.1546
290.0000	154.0000	-4.0779	-78.6380
291.0000	103.0000	-0.0274	6.4323
291.0000	104.0000	-61.5647	16.1283
291.0000	154.0000	-4.0779	-78.6380
292.0000	103.0000	-0.0270	6.5734
292.0000	104.0000	-61.5646	16.0948
292.0000	154.0000	-4.0779	-78.6380
293.0000	103.0000	-0.0267	6.7195
293.0000	104.0000	-61.5645	16.0541
293.0000	154.0000	-4.0778	-78.6379
294.0000	103.0000	-0.0274	6.8669
294.0000	104.0000	-61.5667	15.9953
294.0000	154.0000	-4.0678	-78.6415
295.0000	103.0000	-0.0220	6.9987
295.0000	104.0000	-61.5566	15.9517
295.0000	154.0000	-4.1098	-78.6627
296.0000	103.0000	-0.0175	7.1033
296.0000	104.0000	-61.5487	15.8639
296.0000	154.0000	-4.1422	-78.7155
297.0000	103.0000	-0.0186	7.1281
297.0000	104.0000	-61.5512	15.7199
297.0000	154.0000	-4.1312	-78.7841
298.0000	103.0000	-0.0191	7.1333
298.0000	104.0000	-61.5515	15.6488
298.0000	154.0000	-4.1320	-78.7822
299.0000	103.0000	-0.0190	7.1362
299.0000	104.0000	-61.5512	15.5722
299.0000	154.0000	-4.1319	-78.7823
300.0000	103.0000	-0.0187	7.1379
300.0000	104.0000	-61.5507	15.4893
300.0000	154.0000	-4.1317	-78.7831
301.0000	103.0000	-0.0186	7.1386
301.0000	104.0000	-61.5504	15.4004
301.0000	154.0000	-4.1316	-78.7848
302.0000	103.0000	-0.0186	7.1391
302.0000	104.0000	-61.5501	15.3058
302.0000	154.0000	-4.1315	-78.7850
303.0000	103.0000	-0.0197	7.1350
303.0000	104.0000	-61.5519	15.1941
303.0000	154.0000	-4.1224	-78.7900
304.0000	103.0000	-0.0323	7.1148
304.0000	104.0000	-61.5757	14.9756
304.0000	154.0000	-4.0141	-78.8219
305.0000	103.0000	-0.0348	7.0685
305.0000	104.0000	-61.5797	14.7910
305.0000	154.0000	-3.9931	-78.8810
306.0000	103.0000	-0.0345	6.9889
306.0000	104.0000	-61.5788	14.5758
306.0000	154.0000	-3.9948	-78.9813
307.0000	103.0000	-0.0341	6.8783
307.0000	104.0000	-61.5778	14.3177
307.0000	154.0000	-3.9971	-79.1194
308.0000	103.0000	-0.0340	6.7533
308.0000	104.0000	-61.5771	14.0324
308.0000	154.0000	-3.9986	-79.2789
309.0000	103.0000	-0.0341	6.6696
309.0000	104.0000	-61.5766	13.7761
309.0000	154.0000	-4.0003	-79.4033
310.0000	103.0000	-0.0343	6.6717
310.0000	104.0000	-61.5763	13.5924
310.0000	154.0000	-4.0007	-79.4471
311.0000	103.0000	-0.0373	6.7040
311.0000	104.0000	-61.5815	13.4047
311.0000	154.0000	-3.9707	-79.4722
312.0000	103.0000	-0.0356	6.7012
312.0000	104.0000	-61.5786	13.2004
312.0000	154.0000	-3.9772	-79.5385
313.0000	103.0000	-0.0347	6.6580
313.0000	104.0000	-61.5769	12.9409
313.0000	154.0000	-3.9799	-79.6504
314.0000	103.0000	-0.0344	6.5821
314.0000	104.0000	-61.5759	12.6387
314.0000	154.0000	-3.9815	-79.7986
315.0000	103.0000	-0.0343	6.4797
315.0000	104.0000	-61.5751	12.3023
316.0000	103.0000	-0.0339	6.3532
316.0000	104.0000	-61.5741	11.9281
317.0000	103.0000	-0.0335	6.2136
317.0000	104.0000	-61.5729	11.5217
318.0000	103.0000	-0.0333	6.0927
318.0000	104.0000	-61.5719	11.1231
319.0000	103.0000	-0.0327	5.9745
319.0000	104.0000	-61.5706	10.7169
320.0000	103.0000	-0.0320	5.8484
320.0000	104.0000	-61.5692	10.2927
321.0000	103.0000	-0.0313	5.7337
321.0000	104.0000	-61.5678	9.8697
322.0000	103.0000	-0.0310	5.6530
322.0000	104.0000	-61.5668	9.4702
323.0000	103.0000	-0.0304	5.5864
323.0000	104.0000	-61.5656	9.0779
324.0000	103.0000	-0.0298	5.5476
324.0000	104.0000	-61.5644	8.6987
325.0000	103.0000	-0.0290	5.5064
325.0000	104.0000	-61.5629	8.3003
326.0000	103.0000	-0.0283	5.4509
326.0000	104.0000	-61.5615	7.8778
327.0000	103.0000	-0.0277	5.3940
327.0000	104.0000	-61.5602	7.4441
328.0000	103.0000	-0.0272	5.3448
328.0000	104.0000	-61.5591	7.0085
329.0000	103.0000	-0.0266	5.2922
329.0000	104.0000	-61.5578	6.5604
330.0000	103.0000	-0.0259	5.2254
330.0000	104.0000	-61.5564	6.0891
331.0000	103.0000	-0.0251	5.1463
331.0000	104.0000	-61.5551	5.5991
332.0000	103.0000	-0.0245	5.0924
332.0000	104.0000	-61.5539	5.1207
333.0000	103.0000	-0.0238	5.0474
333.0000	104.0000	-61.5527	4.6362
334.0000	103.0000	-0.0229	4.9933
334.0000	104.0000	-61.5512	4.1242
335.0000	103.0000	-0.0221	4.9463
335.0000	104.0000	-61.5499	3.6088
336.0000	103.0000	-0.0214	4.9171
336.0000	104.0000	-61.5487	3.1011
337.0000	103.0000	-0.0205	4.8905
337.0000	104.0000	-61.5474	2.5868
338.0000	103.0000	-0.0195	4.8533
338.0000	104.0000	-61.5459	2.0530
339.0000	103.0000	-0.0187	4.8203
339.0000	104.0000	-61.5447	1.5179
340.0000	103.0000	-0.0179	4.8153
340.0000	104.0000	-61.5436	0.9927
341.0000	103.0000	-0.0170	4.8173
341.0000	104.0000	-61.5423	0.4611
342.0000	103.0000	-0.0159	4.8087
342.0000	104.0000	-61.5409	-0.0902
343.0000	103.0000	-0.0150	4.8085
343.0000	104.0000	-61.5398	-0.6415
344.0000	103.0000	-0.0141	4.8276
344.0000	104.0000	-61.5388	-1.1797
345.0000	103.0000	-0.0131	4.8492
345.0000	104.0000	-61.5377	-1.7333
346.0000	103.0000	-0.0119	4.8600
346.0000	104.0000	-61.5364	-2.3086
347.0000	103.0000	-0.0109	4.8787
347.0000	104.0000	-61.5354	-2.8848
348.0000	103.0000	-0.0100	4.9139
348.0000	104.0000	-61.5345	-3.4512
349.0000	103.0000	-0.0092	4.8724
349.0000	104.0000	-61.5335	-4.0244
350.0000	103.0000	-0.0089	4.6463
350.0000	104.0000	-61.5324	-4.6171
351.0000	103.0000	-0.0087	4.4155
351.0000	104.0000	-61.5315	-5.2105
352.0000	103.0000	-0.0085	4.2312
352.0000	104.0000	-61.5308	-5.7939
353.0000	103.0000	-0.0082	4.0509
353.0000	104.0000	-61.5299	-6.3835
354.0000	103.0000	-0.0077	3.8505
354.0000	104.0000	-61.5290	-6.9960
355.0000	103.0000	-0.0073	3.6299
355.0000	104.0000	-61.5282	-7.6376
356.0000	103.0000	-0.0070	3.4005
356.0000	104.0000	-61.5276	-8.2997
357.0000	103.0000	-0.0069	3.1961
357.0000	104.0000	-61.5272	-8.9469
358.0000	103.0000	-0.0066	3.0129
358.0000	104.0000	-61.5268	-9.5819
359.0000	103.0000	-0.0061	2.8403
359.0000	104.0000	-61.5262	-10.2172
360.0000	103.0000	-0.0057	2.7118
360.0000	104.0000	-61.5258	-10.8123
361.0000	103.0000	-0.0055	2.6630
361.0000	104.0000	-61.5255	-11.3388
362.0000	103.0000	-0.0057	2.7084
362.0000	104.0000	-61.5243	-11.7017
363.0000	103.0000	-0.0050	2.7951
363.0000	104.0000	-61.5239	-11.7859
364.0000	103.0000	-0.0041	2.8817
364.0000	104.0000	-61.5234	-11.8960
365.0000	103.0000	-0.0037	2.9605
365.0000	104.0000	-61.5231	-11.9972
366.0000	103.0000	-0.0034	3.0431
366.0000	104.0000	-61.5232	-12.0069
367.0000	103.0000	-0.0032	3.1322
367.0000	104.0000	-61.5234	-12.0585
368.0000	103.0000	-0.0030	3.2270
368.0000	104.0000	-61.5235	-12.1172
369.0000	103.0000	-0.0026	3.3275
369.0000	104.0000	-61.5235	-12.1747
370.0000	103.0000	-0.0028	3.4289
370.0000	104.0000	-61.5225	-12.2478
371.0000	103.0000	-0.0021	3.5139
371.0000	104.0000	-61.5228	-12.3420
372.0000	103.0000	-0.0011	3.5675
372.0000	104.0000	-61.5232	-12.4798
373.0000	103.0000	-0.0006	3.5914
373.0000	104.0000	-61.5232	-12.6631
374.0000	103.0000	-0.0001	3.6014
374.0000	104.0000	-61.5235	-12.8627
375.0000	103.0000	0.0004	3.5976
375.0000	104.0000	-61.5239	-13.0806
376.0000	103.0000	0.0010	3.5780
376.0000	104.0000	-61.5240	-13.3273
377.0000	103.0000	0.0017	3.5509
377.0000	104.0000	-61.5241	-13.5932
378.0000	103.0000	0.0020	3.4602
378.0000	104.0000	-61.5242	-13.8741
379.0000	103.0000	0.0022	3.3050
379.0000	104.0000	-61.5243	-14.1664
380.0000	103.0000	0.0026	3.1776
380.0000	104.0000	-61.5244	-14.4604
381.0000	103.0000	0.0029	3.0601
381.0000	104.0000	-61.5246	-14.7531
382.0000	103.0000	0.0030	2.9965
382.0000	104.0000	-61.5250	-15.0034
383.0000	103.0000	0.0032	3.0232
383.0000	104.0000	-61.5256	-15.1747
384.0000	103.0000	0.0036	3.1148
384.0000	104.0000	-61.5255	-15.2898
385.0000	103.0000	0.0045	3.2104
385.0000	104.0000	-61.5251	-15.3949
386.0000	103.0000	0.0052	3.3122
386.0000	104.0000	-61.5248	-15.5019
387.0000	103.0000	0.0059	3.4146
387.0000	104.0000	-61.5258	-15.6148
388.0000	103.0000	0.0021	3.5006
388.0000	104.0000	-61.5154	-15.8056
389.0000	103.0000	0.0031	3.5601
389.0000	104.0000	-61.5172	-15.9783
390.0000	103.0000	0.0035	3.5898
390.0000	104.0000	-61.5174	-16.1983
391.0000	103.0000	0.0038	3.6013
391.0000	104.0000	-61.5177	-16.4463
392.0000	103.0000	0.0041	3.5997
392.0000	104.0000	-61.5180	-16.7171
393.0000	103.0000	0.0045	3.5830
393.0000	104.0000	-61.5183	-17.0126
394.0000	103.0000	0.0050	3.5564
394.0000	104.0000	-61.5185	-17.3275
395.0000	103.0000	0.0054	3.5479
395.0000	104.0000	-61.5189	-17.6334
396.0000	103.0000	0.0059	3.5330
396.0000	104.0000	-61.5191	-17.9549
397.0000	103.0000	0.0064	3.4426
397.0000	104.0000	-61.5193	-18.3002
398.0000	103.0000	0.0066	3.2842
398.0000	104.0000	-61.5196	-18.6568
399.0000	103.0000	0.0068	3.1708
399.0000	104.0000	-61.5201	-19.0267
400.0000	103.0000	0.0071	3.0590
400.0000	104.0000	-61.5205	-19.4013
401.0000	103.0000	0.0072	2.9928
401.0000	104.0000	-61.5211	-19.7404
402.0000	103.0000	0.0073	3.0070
402.0000	104.0000	-61.5219	-20.0087
403.0000	103.0000	0.0075	3.1033
403.0000	104.0000	-61.5223	-20.2067
404.0000	103.0000	0.0083	3.2050
404.0000	104.0000	-61.5220	-20.4103
405.0000	103.0000	0.0089	3.3125
405.0000	104.0000	-61.5220	-20.6166
406.0000	103.0000	0.0083	3.3573
406.0000	104.0000	-61.5196	-20.8430
407.0000	103.0000	0.0142	3.3407
407.0000	104.0000	-61.5406	-21.0311
408.0000	103.0000	0.0160	3.3370
408.0000	104.0000	-61.5473	-21.3024
409.0000	103.0000	0.0161	3.2993
409.0000	104.0000	-61.5482	-21.6344
410.0000	103.0000	0.0162	3.2424
410.0000	104.0000	-61.5491	-21.9959
411.0000	103.0000	0.0161	3.1241
411.0000	104.0000	-61.5501	-22.3785
412.0000	103.0000	0.0158	3.0340
412.0000	104.0000	-61.5513	-22.7272
413.0000	103.0000	0.0155	3.0618
413.0000	104.0000	-61.5526	-22.9866
414.0000	103.0000	0.0160	3.1005
414.0000	104.0000	-61.5530	-23.2450
415.0000	103.0000	0.0166	3.1452
415.0000	104.0000	-61.5534	-23.5052
416.0000	103.0000	0.0168	3.1969
416.0000	104.0000	-61.5541	-23.7795
417.0000	103.0000	0.0169	3.2556
417.0000	104.0000	-61.5550	-24.0597
418.0000	103.0000	0.0169	3.3209
418.0000	104.0000	-61.5560	-24.3444
419.0000	103.0000	0.0170	3.3912
419.0000	104.0000	-61.5570	-24.6336
420.0000	103.0000	0.0172	3.4615
420.0000	104.0000	-61.5583	-24.9315
421.0000	103.0000	0.0218	3.4653
421.0000	104.0000	-61.5780	-25.2041
422.0000	103.0000	0.0238	3.4294
422.0000	104.0000	-61.5873	-25.5407
423.0000	103.0000	0.0240	3.3816
423.0000	104.0000	-61.5888	-25.9383
424.0000	103.0000	0.0240	3.3150
424.0000	104.0000	-61.5903	-26.3642
425.0000	103.0000	0.0241	3.2348
425.0000	104.0000	-61.5919	-26.8136
426.0000	103.0000	0.0243	3.1429
426.0000	104.0000	-61.5935	-27.2812
427.0000	103.0000	0.0244	3.0549
427.0000	104.0000	-61.5951	-27.7639
428.0000	103.0000	0.0244	3.0163
428.0000	104.0000	-61.5969	-28.2083
429.0000	103.0000	0.0238	3.0673
429.0000	104.0000	-61.5958	-28.5794
430.0000	103.0000	0.0243	3.1491
430.0000	104.0000	-61.5971	-28.9245
431.0000	103.0000	0.0251	3.2360
431.0000	104.0000	-61.5981	-29.2749
432.0000	103.0000	0.0256	3.3293
432.0000	104.0000	-61.5994	-29.6291
433.0000	103.0000	0.0259	3.4233
433.0000	104.0000	-61.6017	-29.9909
434.0000	103.0000	0.0265	3.4390
434.0000	104.0000	-61.6056	-30.3754
435.0000	103.0000	0.0296	3.4379
435.0000	104.0000	-61.6253	-30.7168
436.0000	103.0000	0.0295	3.4880
436.0000	104.0000	-61.6274	-31.0856
437.0000	103.0000	0.0298	3.5396
437.0000	104.0000	-61.6293	-31.4589
438.0000	103.0000	0.0301	3.5972
438.0000	104.0000	-61.6311	-31.8361
439.0000	103.0000	0.0304	3.6612
439.0000	104.0000	-61.6330	-32.2158
440.0000	103.0000	0.0306	3.7318
440.0000	104.0000	-61.6350	-32.5969
441.0000	103.0000	0.0309	3.8087
441.0000	104.0000	-61.6370	-32.9897
442.0000	103.0000	0.0312	3.8918
442.0000	104.0000	-61.6390	-33.3879
443.0000	103.0000	0.0315	3.9810
443.0000	104.0000	-61.6411	-33.7902
444.0000	103.0000	0.0311	4.0727
444.0000	104.0000	-61.6387	-34.2084
445.0000	103.0000	0.0309	4.1126
445.0000	104.0000	-61.6395	-34.6217
446.0000	103.0000	0.0310	4.1129
446.0000	104.0000	-61.6415	-35.0358
447.0000	103.0000	0.0310	4.1163
447.0000	104.0000	-61.6436	-35.4537
448.0000	103.0000	0.0310	4.1396
448.0000	104.0000	-61.6456	-35.8753
449.0000	103.0000	0.0311	4.1693
449.0000	104.0000	-61.6476	-36.3004
450.0000	103.0000	0.0312	4.2040
450.0000	104.0000	-61.6497	-36.7291
451.0000	103.0000	0.0313	4.2453
451.0000	104.0000	-61.6518	-37.1613
452.0000	103.0000	0.0315	4.2935
452.0000	104.0000	-61.6538	-37.5970
453.0000	103.0000	0.0308	4.3448
453.0000	104.0000	-61.6509	-38.0479
454.0000	103.0000	0.0274	4.3821
454.0000	104.0000	-61.6315	-38.5502
455.0000	103.0000	0.0275	4.4458
455.0000	104.0000	-61.6338	-38.9991
456.0000	103.0000	0.0276	4.5201
456.0000	104.0000	-61.6356	-39.4477
457.0000	103.0000	0.0279	4.6002
457.0000	104.0000	-61.6373	-39.8967
458.0000	103.0000	0.0282	4.6863
458.0000	104.0000	-61.6391	-40.3565
459.0000	103.0000	0.0284	4.7785
459.0000	104.0000	-61.6409	-40.8296
460.0000	103.0000	0.0287	4.8764
460.0000	104.0000	-61.6428	-41.3077
461.0000	103.0000	0.0289	4.9800
461.0000	104.0000	-61.6446	-41.7898
462.0000	103.0000	0.0292	5.0892
462.0000	104.0000	-61.6464	-42.2754
463.0000	103.0000	0.0295	5.2031
463.0000	104.0000	-61.6483	-42.7650
464.0000	103.0000	0.0298	5.3228
464.0000	104.0000	-61.6501	-43.2574
465.0000	103.0000	0.0301	5.4477
465.0000	104.0000	-61.6519	-43.7530
466.0000	103.0000	0.0308	5.5733
466.0000	104.0000	-61.6559	-44.2529
467.0000	103.0000	0.0271	5.6832
467.0000	104.0000	-61.6340	-44.8139
468.0000	103.0000	0.0243	5.7659
468.0000	104.0000	-61.6179	-45.4009
468.0000	190.0000	-59.2873	53.7069
469.0000	103.0000	0.0245	5.8094
469.0000	104.0000	-61.6187	-46.0105
469.0000	190.0000	-59.1902	53.4826
470.0000	103.0000	0.0246	5.8197
470.0000	104.0000	-61.6197	-46.6605
470.0000	190.0000	-59.0957	53.2125
471.0000	103.0000	0.0247	5.8020
471.0000	104.0000	-61.6213	-47.3454
471.0000	190.0000	-58.9832	52.9039
472.0000	103.0000	0.0248	5.7684
472.0000	104.0000	-61.6228	-48.0530
472.0000	190.0000	-58.8640	52.5753
473.0000	103.0000	0.0248	5.7491
473.0000	104.0000	-61.6244	-48.7510
473.0000	190.0000	-58.7468	52.2505
474.0000	103.0000	0.0252	5.7368
474.0000	104.0000	-61.6258	-49.4620
474.0000	190.0000	-58.6707	51.9815
475.0000	103.0000	0.0256	5.7104
475.0000	104.0000	-61.6269	-50.1955
475.0000	190.0000	-58.6763	51.7706
476.0000	103.0000	0.0259	5.6859
476.0000	104.0000	-61.6282	-50.9346
476.0000	190.0000	-58.6736	51.5563
477.0000	103.0000	0.0260	5.6031
477.0000	190.0000	-58.6710	51.3520
478.0000	103.0000	0.0260	5.3918
478.0000	190.0000	-58.6684	51.1422
479.0000	103.0000	0.0262	5.1713
479.0000	190.0000	-58.6520	50.9003
480.0000	103.0000	0.0262	5.0133
480.0000	190.0000	-58.6332	50.6543
481.0000	103.0000	0.0262	4.8742
481.0000	190.0000	-58.6104	50.4152
482.0000	103.0000	0.0263	4.6838
482.0000	190.0000	-58.5826	50.1684
483.0000	103.0000	0.0264	4.4583
483.0000	190.0000	-58.5490	49.9090
484.0000	103.0000	0.0263	4.2505
484.0000	190.0000	-58.5128	49.6593
485.0000	103.0000	0.0263	4.0477
485.0000	190.0000	-58.5017	49.4438
486.0000	103.0000	0.0263	3.8668
486.0000	190.0000	-58.4963	49.2562
487.0000	103.0000	0.0263	3.6917
487.0000	190.0000	-58.4931	49.0779
488.0000	103.0000	0.0265	3.5655
488.0000	190.0000	-58.4926	48.9460
489.0000	103.0000	0.0257	3.5358
489.0000	190.0000	-58.4921	48.9037
490.0000	103.0000	0.0259	3.5528
490.0000	190.0000	-58.4918	48.9036
491.0000	103.0000	0.0265	3.5764
491.0000	190.0000	-58.4910	48.9029
492.0000	103.0000	0.0267	3.6087
492.0000	190.0000	-58.4908	48.9024
493.0000	103.0000	0.0267	3.6488
493.0000	190.0000	-58.4908	48.9021
494.0000	103.0000	0.0265	3.6961
494.0000	190.0000	-58.4909	48.9019
495.0000	103.0000	0.0265	3.7502
495.0000	190.0000	-58.4910	48.9019
496.0000	103.0000	0.0264	3.8109
496.0000	190.0000	-58.4911	48.9019
497.0000	103.0000	0.0264	3.8777
497.0000	190.0000	-58.4911	48.9020
498.0000	103.0000	0.0265	3.9491
498.0000	190.0000	-58.4913	48.9022
499.0000	103.0000	0.0265	4.0250
499.0000	190.0000	-58.4905	48.9009
500.0000	103.0000	0.0265	4.1075
500.0000	190.0000	-58.4898	48.9004
501.0000	103.0000	0.0266	4.1959
501.0000	190.0000	-58.4900	48.9005
502.0000	103.0000	0.0266	4.2902
502.0000	190.0000	-58.4900	48.9005
503.0000	103.0000	0.0267	4.3902
503.0000	190.0000	-58.4900	48.9005
504.0000	103.0000	0.0267	4.4957
504.0000	190.0000	-58.4900	48.9005
505.0000	103.0000	0.0267	4.6067
505.0000	190.0000	-58.4901	48.9005
506.0000	103.0000	0.0268	4.7230
506.0000	190.0000	-58.4901	48.9005
507.0000	103.0000	0.0268	4.8445
507.0000	190.0000	-58.4901	48.9006
508.0000	103.0000	0.0269	4.9712
508.0000	190.0000	-58.4888	48.8990
509.0000	103.0000	0.0260	5.0998
509.0000	190.0000	-58.4915	48.8850
510.0000	103.0000	0.0245	5.1528
510.0000	190.0000	-58.4922	48.8385
511.0000	22.0000	-60.6232	52.1590
511.0000	103.0000	0.0247	5.1145
511.0000	190.0000	-58.4890	48.7897
512.0000	22.0000	-60.6241	52.0649
512.0000	103.0000	0.0246	5.0837
512.0000	190.0000	-58.4882	48.6938
513.0000	22.0000	-60.6241	51.9312
513.0000	103.0000	0.0249	5.0149
513.0000	190.0000	-58.4814	48.5536
514.0000	22.0000	-60.6242	51.7751
514.0000	103.0000	0.0251	4.9292
514.0000	190.0000	-58.4813	48.3967
515.0000	22.0000	-60.6244	51.6298
515.0000	103.0000	0.0250	4.8608
515.0000	190.0000	-58.4815	48.2513
516.0000	22.0000	-60.6233	51.4693
516.0000	103.0000	0.0251	4.7860
516.0000	190.0000	-58.4814	48.0935
517.0000	22.0000	-60.6230	51.2896
517.0000	103.0000	0.0254	4.6957
517.0000	190.0000	-58.4811	47.9144
518.0000	22.0000	-60.6229	51.1021
518.0000	103.0000	0.0255	4.6029
518.0000	190.0000	-58.4810	47.7268
519.0000	22.0000	-60.6229	50.9142
519.0000	103.0000	0.0255	4.4556
519.0000	190.0000	-58.4790	47.5367
520.0000	22.0000	-60.6229	50.7163
520.0000	103.0000	0.0255	4.2703
520.0000	190.0000	-58.4726	47.3322
521.0000	22.0000	-60.6228	50.5052
521.0000	103.0000	0.0256	4.1090
521.0000	190.0000	-58.4617	47.1102
522.0000	22.0000	-60.6210	50.2889
522.0000	103.0000	0.0256	3.9501
522.0000	190.0000	-58.4454	46.8809
523.0000	22.0000	-60.6168	50.0672
523.0000	103.0000	0.0256	3.7982
523.0000	190.0000	-58.4231	46.6476
524.0000	22.0000	-60.6091	49.8297
524.0000	103.0000	0.0257	3.6450
524.0000	190.0000	-58.4215	46.4258
525.0000	22.0000	-60.5985	49.5745
525.0000	103.0000	0.0258	3.4862
525.0000	190.0000	-58.4214	46.1962
526.0000	22.0000	-60.5852	49.3028
526.0000	103.0000	0.0259	3.3230
526.0000	190.0000	-58.4208	45.9576
527.0000	22.0000	-60.5842	49.0961
527.0000	103.0000	0.0257	3.1488
527.0000	190.0000	-58.4207	45.7550
528.0000	22.0000	-60.5845	48.9623
528.0000	103.0000	0.0253	3.0353
528.0000	190.0000	-58.4208	45.6214
529.0000	22.0000	-60.5854	48.9089
529.0000	103.0000	0.0251	3.0283
529.0000	190.0000	-58.4220	45.5688
530.0000	22.0000	-60.5849	48.9087
530.0000	103.0000	0.0254	3.0753
530.0000	190.0000	-58.4218	45.5689
531.0000	22.0000	-60.5841	48.9084
531.0000	103.0000	0.0260	3.1275
531.0000	190.0000	-58.4212	45.5688
532.0000	22.0000	-60.5838	48.9078
532.0000	103.0000	0.0262	3.1865
532.0000	190.0000	-58.4210	45.5683
533.0000	22.0000	-60.5839	48.9073
533.0000	103.0000	0.0262	3.2492
533.0000	190.0000	-58.4210	45.5679
534.0000	22.0000	-60.5840	48.9072
534.0000	103.0000	0.0260	3.3071
534.0000	190.0000	-58.4212	45.5678
535.0000	22.0000	-60.5842	48.9073
535.0000	103.0000	0.0259	3.3684
535.0000	190.0000	-58.4214	45.5679
536.0000	22.0000	-60.5834	48.9037
536.0000	103.0000	0.0260	3.4312
536.0000	190.0000	-58.4206	45.5643
537.0000	22.0000	-60.5579	48.9108
537.0000	103.0000	0.0288	3.4793
537.0000	190.0000	-58.3968	45.5703
538.0000	22.0000	-60.5588	48.8554
538.0000	103.0000	0.0288	3.5016
538.0000	190.0000	-58.3976	45.5150
539.0000	22.0000	-60.5576	48.7630
539.0000	103.0000	0.0289	3.4364
539.0000	190.0000	-58.3965	45.4225
540.0000	22.0000	-60.5580	48.6478
540.0000	103.0000	0.0287	3.3220
540.0000	190.0000	-58.3969	45.3074
541.0000	22.0000	-60.5593	48.5184
541.0000	103.0000	0.0285	3.1956
541.0000	190.0000	-58.3981	45.1779
542.0000	22.0000	-60.5594	48.3686
542.0000	103.0000	0.0284	3.0468
542.0000	190.0000	-58.3983	45.0283
543.0000	22.0000	-60.5594	48.2083
543.0000	103.0000	0.0284	2.8870
543.0000	190.0000	-58.3971	44.8664
544.0000	22.0000	-60.5596	48.0878
544.0000	103.0000	0.0282	2.7674
544.0000	190.0000	-58.3966	44.7452
545.0000	22.0000	-60.5597	48.0562
545.0000	103.0000	0.0279	2.7416
545.0000	190.0000	-58.3967	44.7138
546.0000	22.0000	-60.5594	48.0564
546.0000	103.0000	0.0282	2.7532
546.0000	190.0000	-58.3964	44.7139
547.0000	22.0000	-60.5589	48.0563
547.0000	103.0000	0.0289	2.7682
547.0000	190.0000	-58.3959	44.7137
548.0000	22.0000	-60.5587	48.0558
548.0000	103.0000	0.0291	2.7931
548.0000	190.0000	-58.3956	44.7133
549.0000	22.0000	-60.5587	48.0556
549.0000	103.0000	0.0291	2.8261
549.0000	190.0000	-58.3941	44.7111
550.0000	22.0000	-60.5588	48.0555
550.0000	103.0000	0.0290	2.8666
550.0000	190.0000	-58.3875	44.7045
551.0000	22.0000	-60.5589	48.0555
551.0000	103.0000	0.0290	2.9141
551.0000	190.0000	-58.3754	44.6923
552.0000	22.0000	-60.5590	48.0556
552.0000	103.0000	0.0290	2.9684
552.0000	190.0000	-58.3588	44.6752
553.0000	22.0000	-60.5578	48.0527
553.0000	103.0000	0.0291	3.0290
553.0000	190.0000	-58.3374	44.6532
554.0000	22.0000	-60.5535	48.0429
554.0000	103.0000	0.0291	3.0960
554.0000	190.0000	-58.3099	44.6270
555.0000	22.0000	-60.5460	48.0250
555.0000	103.0000	0.0292	3.1674
555.0000	190.0000	-58.2786	44.5947
556.0000	22.0000	-60.5354	47.9995
556.0000	103.0000	0.0293	3.2440
556.0000	190.0000	-58.2421	44.5581
557.0000	22.0000	-60.5286	47.9561
557.0000	103.0000	0.0287	3.3236
557.0000	190.0000	-58.2054	44.5079
558.0000	22.0000	-60.5170	47.8871
558.0000	103.0000	0.0282	3.3886
558.0000	190.0000	-58.1665	44.4347
559.0000	22.0000	-60.4913	47.7929
559.0000	103.0000	0.0288	3.3701
559.0000	190.0000	-58.1117	44.3413
560.0000	22.0000	-60.4702	47.6466
560.0000	103.0000	0.0287	3.2802
560.0000	190.0000	-58.0602	44.1975
561.0000	22.0000	-60.4422	47.4705
561.0000	103.0000	0.0286	3.1662
561.0000	190.0000	-58.0000	44.0287
562.0000	22.0000	-60.4138	47.2697
562.0000	103.0000	0.0284	3.0348
562.0000	190.0000	-57.9382	43.8363
563.0000	22.0000	-60.3786	47.0573
563.0000	103.0000	0.0283	2.8964
563.0000	190.0000	-57.8682	43.6376
564.0000	22.0000	-60.3410	46.8888
564.0000	103.0000	0.0280	2.8088
564.0000	190.0000	-57.7945	43.4851
565.0000	22.0000	-60.2788	46.8297
565.0000	103.0000	0.0301	2.8084
565.0000	190.0000	-57.6939	43.4445
566.0000	22.0000	-60.2322	46.7391
566.0000	103.0000	0.0305	2.8075
566.0000	190.0000	-57.6099	43.3750
567.0000	22.0000	-60.1837	46.6413
567.0000	103.0000	0.0310	2.8063
567.0000	190.0000	-57.5236	43.2992
568.0000	22.0000	-60.1307	46.5380
568.0000	103.0000	0.0311	2.8056
568.0000	190.0000	-57.4286	43.2263
569.0000	22.0000	-60.0739	46.4294
569.0000	103.0000	0.0310	2.8054
569.0000	190.0000	-57.3311	43.1487
570.0000	22.0000	-60.0126	46.3156
570.0000	103.0000	0.0309	2.8053
570.0000	190.0000	-57.2282	43.0702
571.0000	22.0000	-59.9468	46.1970
571.0000	103.0000	0.0308	2.8054
571.0000	190.0000	-57.1206	42.9899
572.0000	22.0000	-59.8763	46.0733
572.0000	103.0000	0.0307	2.8054
572.0000	190.0000	-57.0079	42.9082
573.0000	22.0000	-59.8009	45.9451
573.0000	103.0000	0.0307	2.8054
573.0000	190.0000	-56.8873	42.8302
574.0000	22.0000	-59.7207	45.8123
574.0000	103.0000	0.0307	2.8054
574.0000	190.0000	-56.7669	42.7432
575.0000	22.0000	-59.6311	45.6785
575.0000	103.0000	0.0307	2.8054
575.0000	190.0000	-56.6378	42.6610
576.0000	22.0000	-59.5447	45.5362
576.0000	103.0000	0.0307	2.8054
576.0000	190.0000	-56.5060	42.5758
577.0000	22.0000	-59.4476	45.3960
577.0000	103.0000	0.0307	2.8054
577.0000	190.0000	-56.3701	42.4931
578.0000	22.0000	-59.3452	45.2551
578.0000	103.0000	0.0307	2.8054
578.0000	190.0000	-56.2155	42.4094
579.0000	22.0000	-59.2451	45.1077
579.0000	103.0000	0.0307	2.8054
579.0000	190.0000	-56.0609	42.3144
580.0000	22.0000	-59.1311	44.9685
580.0000	103.0000	0.0307	2.8054
580.0000	190.0000	-55.8933	42.2337
581.0000	22.0000	-59.0246	44.8193
581.0000	103.0000	0.0307	2.8053
581.0000	190.0000	-55.7902	42.1726
582.0000	22.0000	-58.9020	44.6811
582.0000	103.0000	0.0307	2.8064
582.0000	190.0000	-55.7945	42.1699
583.0000	22.0000	-58.7891	44.5339
583.0000	103.0000	0.0307	2.8064
583.0000	190.0000	-55.7215	42.1396
584.0000	22.0000	-58.7089	44.4500
584.0000	103.0000	0.0307	2.8066
584.0000	190.0000	-55.6762	42.1184
585.0000	22.0000	-58.7120	44.4445
585.0000	103.0000	0.0307	2.8061
585.0000	190.0000	-55.6670	42.1110
586.0000	22.0000	-58.7094	44.4411
586.0000	103.0000	0.0307	2.8060
586.0000	190.0000	-55.6224	42.0907
587.0000	22.0000	-58.7065	44.4388
587.0000	103.0000	0.0307	2.8071
587.0000	190.0000	-55.6109	42.0852
588.0000	22.0000	-58.7049	44.4374
588.0000	103.0000	0.0307	2.8071
588.0000	190.0000	-55.6107	42.0846
589.0000	22.0000	-58.7040	44.4367
589.0000	103.0000	0.0307	2.8070
589.0000	190.0000	-55.6098	42.0846
590.0000	22.0000	-58.7037	44.4364
590.0000	103.0000	0.0307	2.8082
590.0000	190.0000	-55.6092	42.0847
591.0000	22.0000	-58.7035	44.4362
591.0000	103.0000	0.0306	2.8082
591.0000	190.0000	-55.6089	42.0848
592.0000	22.0000	-58.7034	44.4361
592.0000	103.0000	0.0306	2.8081
592.0000	190.0000	-55.6052	42.0834
593.0000	22.0000	-58.7034	44.4360
593.0000	103.0000	0.0306	2.8092
593.0000	190.0000	-55.5961	42.0791
594.0000	22.0000	-58.7034	44.4360
594.0000	103.0000	0.0306	2.8092
594.0000	190.0000	-55.5798	42.0716
595.0000	22.0000	-58.7034	44.4360
595.0000	103.0000	0.0306	2.8092
595.0000	190.0000	-55.5783	42.0702
596.0000	22.0000	-58.7034	44.4360
596.0000	103.0000	0.0306	2.8092
596.0000	190.0000	-55.5783	42.0700
597.0000	22.0000	-58.7034	44.4360
597.0000	103.0000	0.0306	2.8092
597.0000	190.0000	-55.5779	42.0701
598.0000	22.0000	-58.7034	44.4360
598.0000	103.0000	0.0306	2.8092
598.0000	190.0000	-55.5777	42.0701
599.0000	22.0000	-58.7034	44.4360
599.0000	103.0000	0.0306	2.8092
599.0000	190.0000	-55.5777	42.0701
600.0000	22.0000	-58.7034	44.4360
600.0000	103.0000	0.0306	2.8092
600.0000	190.0000	-55.5776	42.0701
601.0000	22.0000	-58.7034	44.4360
601.0000	103.0000	0.0306	2.8092
601.0000	190.0000	-55.5776	42.0701
602.0000	22.0000	-58.7034	44.4360
602.0000	103.0000	0.0306	2.8092
602.0000	190.0000	-55.5776	42.0701
603.0000	22.0000	-58.7034	44.4360
603.0000	103.0000	0.0306	2.8092
603.0000	190.0000	-55.5776	42.0701
604.0000	22.0000	-58.7034	44.4360
604.0000	103.0000	0.0306	2.8092
604.0000	190.0000	-55.5776	42.0701
605.0000	22.0000	-58.7034	44.4360
605.0000	103.0000	0.0306	2.8092
605.0000	190.0000	-55.5776	42.0701
606.0000	22.0000	-58.7034	44.4360
606.0000	103.0000	0.0306	2.8092
606.0000	190.0000	-55.5776	42.0701
607.0000	22.0000	-58.7034	44.4360
607.0000	103.0000	0.0306	2.8092
607.0000	190.0000	-55.5776	42.0701
608.0000	22.0000	-58.7034	44.4360
608.0000	103.0000	0.0306	2.8092
608.0000	190.0000	-55.5777	42.0702
609.0000	22.0000	-58.7034	44.4360
609.0000	103.0000	0.0306	2.8092
609.0000	190.0000	-55.5761	42.0693
610.0000	22.0000	-58.7034	44.4360
610.0000	103.0000	0.0306	2.8092
610.0000	190.0000	-55.5758	42.0692
611.0000	22.0000	-58.7034	44.4360
611.0000	103.0000	0.0306	2.8092
611.0000	190.0000	-55.5758	42.0692
612.0000	22.0000	-58.7034	44.4360
612.0000	103.0000	0.0306	2.8092
612.0000	190.0000	-55.5758	42.0691
613.0000	22.0000	-58.7034	44.4360
613.0000	103.0000	0.0306	2.8092
613.0000	190.0000	-55.5758	42.0691
614.0000	22.0000	-58.7034	44.4360
614.0000	103.0000	0.0306	2.8092
614.0000	190.0000	-55.5758	42.0691
615.0000	22.0000	-58.7034	44.4360
615.0000	103.0000	0.0306	2.8092
615.0000	190.0000	-55.5758	42.0691
616.0000	22.0000	-58.7034	44.4360
616.0000	103.0000	0.0306	2.8092
616.0000	190.0000	-55.5758	42.0691
617.0000	22.0000	-58.7034	44.4360
617.0000	103.0000	0.0306	2.8092
617.0000	190.0000	-55.5759	42.0692
618.0000	22.0000	-58.7034	44.4360
618.0000	103.0000	0.0306	2.8092
618.0000	190.0000	-55.5749	42.0687
619.0000	22.0000	-58.7034	44.4360
619.0000	103.0000	0.0306	2.8092
619.0000	190.0000	-55.5749	42.0687
620.0000	22.0000	-58.7034	44.4360
620.0000	103.0000	0.0306	2.8092
620.0000	190.0000	-55.5749	42.0687
621.0000	22.0000	-58.7034	44.4360
621.0000	103.0000	0.0306	2.8091
621.0000	190.0000	-55.5749	42.0687
622.0000	22.0000	-58.7034	44.4360
622.0000	103.0000	0.0306	2.8102
622.0000	190.0000	-55.5749	42.0687
623.0000	22.0000	-58.7034	44.4360
623.0000	103.0000	0.0306	2.8102
623.0000	190.0000	-55.5749	42.0687
624.0000	22.0000	-58.7034	44.4360
624.0000	103.0000	0.0306	2.8102
624.0000	190.0000	-55.5749	42.0687
625.0000	22.0000	-58.7034	44.4360
625.0000	103.0000	0.0306	2.8102
625.0000	190.0000	-55.5749	42.0687
626.0000	22.0000	-58.7034	44.4360
626.0000	103.0000	0.0306	2.8101
626.0000	190.0000	-55.5749	42.0687
627.0000	22.0000	-58.7034	44.4360
627.0000	103.0000	0.0306	2.8112
627.0000	190.0000	-55.5749	42.0687
628.0000	22.0000	-58.7034	44.4360
628.0000	103.0000	0.0306	2.8112
628.0000	190.0000	-55.5749	42.0687
629.0000	22.0000	-58.7034	44.4360
629.0000	103.0000	0.0306	2.8112
629.0000	190.0000	-55.5749	42.0687
630.0000	22.0000	-58.7034	44.4360
630.0000	103.0000	0.0306	2.8112
630.0000	190.0000	-55.5749	42.0687
631.0000	22.0000	-58.7034	44.4360
631.0000	103.0000	0.0306	2.8112
631.0000	190.0000	-55.5749	42.0687
632.0000	22.0000	-58.7034	44.4360
632.0000	103.0000	0.0306	2.8112
632.0000	190.0000	-55.5749	42.0687
633.0000	22.0000	-58.7034	44.4360
633.0000	103.0000	0.0306	2.8123
633.0000	190.0000	-55.5750	42.0688
634.0000	22.0000	-58.7034	44.4360
634.0000	103.0000	0.0306	2.8123
634.0000	190.0000	-55.5740	42.0683
635.0000	22.0000	-58.7034	44.4360
635.0000	103.0000	0.0306	2.8123
635.0000	190.0000	-55.5740	42.0683
636.0000	22.0000	-58.7034	44.4360
636.0000	103.0000	0.0306	2.8123
636.0000	190.0000	-55.5740	42.0683
637.0000	22.0000	-58.7034	44.4360
637.0000	103.0000	0.0306	2.8122
637.0000	190.0000	-55.5740	42.0683
638.0000	22.0000	-58.7034	44.4360
638.0000	103.0000	0.0306	2.8133
638.0000	190.0000	-55.5740	42.0683
639.0000	22.0000	-58.7034	44.4360
639.0000	103.0000	0.0306	2.8133
639.0000	190.0000	-55.5740	42.0683
640.0000	22.0000	-58.7034	44.4360
640.0000	103.0000	0.0306	2.8133
640.0000	190.0000	-55.5741	42.0684
641.0000	22.0000	-58.7034	44.4360
641.0000	103.0000	0.0306	2.8132
641.0000	190.0000	-55.5722	42.0673
642.0000	22.0000	-58.7034	44.4360
642.0000	103.0000	0.0306	2.8143
642.0000	190.0000	-55.5669	42.0652
643.0000	22.0000	-58.7034	44.4360
643.0000	103.0000	0.0306	2.8143
643.0000	190.0000	-55.5660	42.0646
644.0000	22.0000	-58.7034	44.4360
644.0000	103.0000	0.0306	2.8143
644.0000	190.0000	-55.5660	42.0645
645.0000	22.0000	-58.7034	44.4360
645.0000	103.0000	0.0306	2.8142
645.0000	190.0000	-55.5660	42.0645
646.0000	22.0000	-58.7034	44.4360
646.0000	103.0000	0.0306	2.8153
646.0000	190.0000	-55.5649	42.0640
647.0000	22.0000	-58.7034	44.4360
647.0000	103.0000	0.0306	2.8153
647.0000	190.0000	-55.5649	42.0640
648.0000	22.0000	-58.7034	44.4361
648.0000	103.0000	0.0306	2.8155
648.0000	190.0000	-55.5649	42.0642
649.0000	22.0000	-58.7034	44.4357
649.0000	103.0000	0.0306	2.8150
649.0000	190.0000	-55.5649	42.0638
650.0000	22.0000	-58.7034	44.4357
650.0000	103.0000	0.0306	2.8150
650.0000	190.0000	-55.5624	42.0624
651.0000	22.0000	-58.7034	44.4357
651.0000	103.0000	0.0306	2.8150
651.0000	190.0000	-55.5562	42.0598
652.0000	22.0000	-58.7034	44.4357
652.0000	103.0000	0.0306	2.8150
652.0000	190.0000	-55.5424	42.0535
653.0000	22.0000	-58.7035	44.4357
653.0000	103.0000	0.0306	2.8150
653.0000	190.0000	-55.5221	42.0439
654.0000	22.0000	-58.7035	44.4357
654.0000	103.0000	0.0305	2.8150
654.0000	190.0000	-55.4938	42.0317
655.0000	22.0000	-58.7035	44.4358
655.0000	103.0000	0.0305	2.8150
655.0000	190.0000	-55.4596	42.0152
656.0000	22.0000	-58.7013	44.4334
656.0000	103.0000	0.0305	2.8150
656.0000	190.0000	-55.4187	41.9963
657.0000	22.0000	-58.6940	44.4255
657.0000	103.0000	0.0305	2.8151
657.0000	190.0000	-55.3709	41.9766
658.0000	22.0000	-58.6811	44.4110
658.0000	103.0000	0.0305	2.8147
658.0000	190.0000	-55.3183	41.9514
659.0000	22.0000	-58.6630	44.3905
659.0000	103.0000	0.0305	2.8147
659.0000	190.0000	-55.2614	41.9260
660.0000	22.0000	-58.6395	44.3645
660.0000	103.0000	0.0305	2.8146
660.0000	190.0000	-55.1983	41.9010
661.0000	22.0000	-58.6100	44.3337
661.0000	103.0000	0.0304	2.8157
661.0000	190.0000	-55.1308	41.8703
662.0000	22.0000	-58.5769	44.2962
662.0000	103.0000	0.0304	2.8157
662.0000	190.0000	-55.0557	41.8417
663.0000	22.0000	-58.5380	44.2539
663.0000	103.0000	0.0304	2.8157
663.0000	190.0000	-54.9755	41.8102
664.0000	22.0000	-58.4926	44.2078
664.0000	103.0000	0.0304	2.8157
664.0000	190.0000	-54.8907	41.7740
665.0000	22.0000	-58.4442	44.1541
665.0000	103.0000	0.0304	2.8157
665.0000	190.0000	-54.7983	41.7417
666.0000	22.0000	-58.3873	44.0981
666.0000	103.0000	0.0304	2.8157
666.0000	190.0000	-54.7013	41.7062
667.0000	22.0000	-58.3261	44.0362
667.0000	103.0000	0.0304	2.8157
667.0000	190.0000	-54.5985	41.6704
668.0000	22.0000	-58.2610	43.9676
668.0000	103.0000	0.0304	2.8157
668.0000	190.0000	-54.4904	41.6338
669.0000	22.0000	-58.1867	43.8982
669.0000	103.0000	0.0304	2.8157
669.0000	190.0000	-54.3771	41.5961
670.0000	22.0000	-58.1086	43.8228
670.0000	103.0000	0.0304	2.8157
670.0000	190.0000	-54.2582	41.5586
671.0000	22.0000	-58.0240	43.7441
671.0000	103.0000	0.0304	2.8157
671.0000	190.0000	-54.1343	41.5206
672.0000	22.0000	-57.9337	43.6616
672.0000	103.0000	0.0304	2.8157
672.0000	190.0000	-54.0052	41.4826
673.0000	22.0000	-57.8372	43.5757
673.0000	103.0000	0.0304	2.8157
673.0000	190.0000	-53.8711	41.4446
674.0000	22.0000	-57.7347	43.4867
674.0000	103.0000	0.0304	2.8157
674.0000	190.0000	-53.7320	41.4068
675.0000	22.0000	-57.6261	43.3948
675.0000	103.0000	0.0304	2.8156
675.0000	190.0000	-53.5880	41.3692
676.0000	22.0000	-57.5113	43.3002
676.0000	103.0000	0.0304	2.8167
676.0000	190.0000	-53.4392	41.3321
677.0000	22.0000	-57.3903	43.2032
677.0000	103.0000	0.0304	2.8167
677.0000	190.0000	-53.2863	41.2956
678.0000	22.0000	-57.2632	43.1042
678.0000	103.0000	0.0304	2.8167
678.0000	190.0000	-53.1303	41.2632
679.0000	22.0000	-57.1272	43.0090
679.0000	103.0000	0.0304	2.8167
679.0000	190.0000	-52.9583	41.2241
680.0000	22.0000	-56.9924	42.9041
680.0000	103.0000	0.0304	2.8166
680.0000	190.0000	-52.7798	41.1892
681.0000	22.0000	-56.8447	42.8116
681.0000	103.0000	0.0304	2.8185
681.0000	190.0000	-52.5961	41.1560
682.0000	22.0000	-56.7018	42.7068
682.0000	103.0000	0.0304	2.8195
682.0000	190.0000	-52.4079	41.1205
683.0000	22.0000	-56.5484	42.6119
683.0000	103.0000	0.0304	2.8205
683.0000	190.0000	-52.2137	41.0912
684.0000	22.0000	-56.3925	42.5194
684.0000	103.0000	0.0304	2.8208
684.0000	190.0000	-52.0153	41.0597
685.0000	22.0000	-56.2364	42.4199
685.0000	103.0000	0.0304	2.8208
685.0000	190.0000	-51.8131	41.0304
686.0000	22.0000	-56.0710	42.3358
686.0000	103.0000	0.0304	2.8207
686.0000	190.0000	-51.6063	41.0045
687.0000	22.0000	-55.9100	42.2385
687.0000	103.0000	0.0304	2.8219
687.0000	190.0000	-51.3840	40.9787
688.0000	22.0000	-55.7379	42.1598
688.0000	103.0000	0.0304	2.8228
688.0000	190.0000	-51.1562	40.9521
689.0000	22.0000	-55.5734	42.0686
689.0000	103.0000	0.0304	2.8226
689.0000	190.0000	-50.9231	40.9302
690.0000	22.0000	-55.3972	41.9961
690.0000	103.0000	0.0304	2.8226
690.0000	190.0000	-50.6849	40.9084
691.0000	22.0000	-55.2268	41.9101
691.0000	103.0000	0.0304	2.8226
691.0000	190.0000	-50.4418	40.8887
692.0000	22.0000	-55.0464	41.8440
692.0000	103.0000	0.0304	2.8226
692.0000	190.0000	-50.1939	40.8707
693.0000	22.0000	-54.8699	41.7710
693.0000	103.0000	0.0304	2.8237
693.0000	190.0000	-49.9413	40.8543
694.0000	22.0000	-54.6895	41.7009
694.0000	103.0000	0.0304	2.8237
694.0000	190.0000	-49.6845	40.8393
695.0000	22.0000	-54.5060	41.6438
695.0000	103.0000	0.0304	2.8237
695.0000	190.0000	-49.4271	40.8261
696.0000	22.0000	-54.3242	41.5747
696.0000	103.0000	0.0304	2.8237
696.0000	190.0000	-49.1554	40.8140
697.0000	22.0000	-54.1369	41.5244
697.0000	103.0000	0.0304	2.8237
697.0000	190.0000	-48.8766	40.8023
698.0000	22.0000	-53.9539	41.4619
698.0000	103.0000	0.0304	2.8237
698.0000	190.0000	-48.5929	40.7923
699.0000	22.0000	-53.7640	41.4170
699.0000	103.0000	0.0304	2.8237
699.0000	190.0000	-48.3044	40.7839
700.0000	22.0000	-53.5775	41.3647
700.0000	103.0000	0.0304	2.8237
700.0000	190.0000	-48.0112	40.7756
701.0000	22.0000	-53.3846	41.3175
701.0000	103.0000	0.0304	2.8237
701.0000	190.0000	-47.7134	40.7701
702.0000	22.0000	-53.1880	41.2751
702.0000	103.0000	0.0304	2.8237
702.0000	190.0000	-47.4112	40.7643
703.0000	22.0000	-52.9904	41.2287
703.0000	103.0000	0.0304	2.8237
703.0000	190.0000	-47.1046	40.7593
704.0000	22.0000	-52.7867	41.1929
704.0000	103.0000	0.0304	2.8237
704.0000	190.0000	-46.7937	40.7560
705.0000	22.0000	-52.5812	41.1522
705.0000	103.0000	0.0304	2.8237
705.0000	190.0000	-46.4787	40.7520
706.0000	22.0000	-52.3713	41.1161
706.0000	103.0000	0.0304	2.8237
706.0000	190.0000	-46.1634	40.7503
707.0000	22.0000	-52.1613	41.0839
707.0000	103.0000	0.0304	2.8236
707.0000	190.0000	-45.8377	40.7488
708.0000	22.0000	-51.9510	41.0526
708.0000	103.0000	0.0304	2.8247
708.0000	190.0000	-45.5032	40.7469
709.0000	22.0000	-51.7348	41.0241
709.0000	103.0000	0.0304	2.8247
709.0000	190.0000	-45.1639	40.7468
710.0000	22.0000	-51.5142	40.9954
710.0000	103.0000	0.0304	2.8247
710.0000	190.0000	-44.8201	40.7462
711.0000	22.0000	-51.2893	40.9727
711.0000	103.0000	0.0304	2.8247
711.0000	190.0000	-44.4720	40.7468
712.0000	22.0000	-51.0601	40.9466
712.0000	103.0000	0.0304	2.8247
712.0000	190.0000	-44.1195	40.7471
713.0000	22.0000	-50.8269	40.9281
713.0000	103.0000	0.0304	2.8247
713.0000	190.0000	-43.7629	40.7485
714.0000	22.0000	-50.5931	40.9062
714.0000	103.0000	0.0304	2.8248
714.0000	190.0000	-43.4022	40.7499
715.0000	22.0000	-50.3659	40.8809
715.0000	103.0000	0.0298	2.8218
715.0000	190.0000	-43.0430	40.7430
716.0000	22.0000	-50.1339	40.8650
716.0000	103.0000	0.0298	2.8211
716.0000	190.0000	-42.6733	40.7454
717.0000	22.0000	-49.9041	40.8518
717.0000	103.0000	0.0298	2.8211
717.0000	190.0000	-42.3008	40.7475
718.0000	22.0000	-49.6758	40.8394
718.0000	103.0000	0.0298	2.8211
718.0000	190.0000	-41.9243	40.7501
719.0000	22.0000	-49.4453	40.8284
719.0000	103.0000	0.0298	2.8210
719.0000	190.0000	-41.5448	40.7528
720.0000	22.0000	-49.2083	40.8191
720.0000	103.0000	0.0298	2.8222
720.0000	190.0000	-41.1652	40.7557
721.0000	22.0000	-48.9638	40.8122
721.0000	103.0000	0.0300	2.8225
721.0000	190.0000	-40.7719	40.7600
722.0000	22.0000	-48.7153	40.8041
722.0000	103.0000	0.0300	2.8223
722.0000	190.0000	-40.3744	40.7631
723.0000	22.0000	-48.4610	40.7973
723.0000	103.0000	0.0300	2.8223
723.0000	190.0000	-39.9727	40.7664
724.0000	22.0000	-48.2012	40.7913
724.0000	103.0000	0.0300	2.8223
724.0000	190.0000	-39.5669	40.7697
725.0000	22.0000	-47.9369	40.7862
725.0000	103.0000	0.0300	2.8225
725.0000	190.0000	-39.1572	40.7733
726.0000	22.0000	-47.6678	40.7813
726.0000	103.0000	0.0299	2.8220
726.0000	190.0000	-38.7437	40.7764
727.0000	22.0000	-47.3946	40.7771
727.0000	103.0000	0.0299	2.8220
727.0000	190.0000	-38.3264	40.7802
728.0000	22.0000	-47.1169	40.7748
728.0000	103.0000	0.0299	2.8220
728.0000	190.0000	-37.9054	40.7840
729.0000	22.0000	-46.8336	40.7716
729.0000	103.0000	0.0299	2.8219
729.0000	190.0000	-37.4809	40.7878
730.0000	22.0000	-46.5448	40.7701
730.0000	103.0000	0.0299	2.8230
730.0000	190.0000	-37.0527	40.7919
731.0000	22.0000	-46.2504	40.7684
731.0000	103.0000	0.0299	2.8230
731.0000	190.0000	-36.6211	40.7960
732.0000	22.0000	-45.9507	40.7678
732.0000	103.0000	0.0299	2.8232
732.0000	190.0000	-36.1860	40.8003
733.0000	22.0000	-45.6458	40.7666
733.0000	103.0000	0.0299	2.8227
733.0000	190.0000	-35.7475	40.8042
734.0000	22.0000	-45.3385	40.7668
734.0000	103.0000	0.0298	2.8227
734.0000	190.0000	-35.3056	40.8085
735.0000	22.0000	-45.0334	40.7672
735.0000	103.0000	0.0298	2.8227
735.0000	190.0000	-34.8605	40.8129
736.0000	22.0000	-44.7304	40.7679
736.0000	103.0000	0.0298	2.8227
736.0000	190.0000	-34.4121	40.8172
737.0000	22.0000	-44.4294	40.7690
737.0000	103.0000	0.0298	2.8227
737.0000	190.0000	-33.9632	40.8216
738.0000	22.0000	-44.1304	40.7703
738.0000	103.0000	0.0298	2.8227
738.0000	190.0000	-33.5059	40.8259
739.0000	22.0000	-43.8327	40.7722
739.0000	103.0000	0.0298	2.8227
739.0000	190.0000	-33.0338	40.8302
740.0000	22.0000	-43.5308	40.7740
740.0000	103.0000	0.0298	2.8227
740.0000	190.0000	-32.5563	40.8345
741.0000	22.0000	-43.2231	40.7759
741.0000	103.0000	0.0297	2.8227
741.0000	190.0000	-32.0748	40.8387
742.0000	22.0000	-42.9095	40.7781
742.0000	103.0000	0.0297	2.8227
742.0000	190.0000	-31.5897	40.8427
743.0000	22.0000	-42.5900	40.7806
743.0000	103.0000	0.0297	2.8227
743.0000	190.0000	-31.1011	40.8465
744.0000	22.0000	-42.2648	40.7832
744.0000	103.0000	0.0297	2.8228
744.0000	190.0000	-30.6092	40.8502
745.0000	22.0000	-41.9336	40.7855
745.0000	103.0000	0.0297	2.8223
745.0000	190.0000	-30.1140	40.8532
746.0000	22.0000	-41.5967	40.7883
746.0000	103.0000	0.0297	2.8223
746.0000	190.0000	-29.6157	40.8563
747.0000	22.0000	-41.2541	40.7913
747.0000	103.0000	0.0297	2.8223
747.0000	190.0000	-29.1142	40.8592
748.0000	22.0000	-40.9058	40.7943
748.0000	103.0000	0.0297	2.8223
748.0000	190.0000	-28.6095	40.8619
749.0000	22.0000	-40.5525	40.7976
749.0000	103.0000	0.0297	2.8225
749.0000	190.0000	-28.1019	40.8645
750.0000	22.0000	-40.1948	40.8005
750.0000	103.0000	0.0296	2.8220
750.0000	190.0000	-27.5912	40.8662
751.0000	22.0000	-39.8334	40.8040
751.0000	103.0000	0.0296	2.8220
751.0000	190.0000	-27.0777	40.8681
752.0000	22.0000	-39.4686	40.8075
752.0000	103.0000	0.0296	2.8220
752.0000	190.0000	-26.5613	40.8697
753.0000	22.0000	-39.1010	40.8112
753.0000	103.0000	0.0296	2.8219
753.0000	190.0000	-26.0421	40.8711
754.0000	22.0000	-38.7317	40.8149
754.0000	103.0000	0.0296	2.8237
754.0000	190.0000	-25.5200	40.8721
755.0000	22.0000	-38.3649	40.8187
755.0000	103.0000	0.0296	2.8247
755.0000	190.0000	-24.9952	40.8729
756.0000	22.0000	-38.0007	40.8225
756.0000	103.0000	0.0296	2.8247
756.0000	190.0000	-24.4676	40.8735
757.0000	22.0000	-37.6390	40.8263
757.0000	103.0000	0.0296	2.8247
757.0000	190.0000	-23.9373	40.8738
758.0000	22.0000	-37.2799	40.8300
758.0000	103.0000	0.0295	2.8247
758.0000	190.0000	-23.4043	40.8739
759.0000	22.0000	-36.9240	40.8338
759.0000	103.0000	0.0295	2.8247
759.0000	190.0000	-22.8687	40.8736
760.0000	22.0000	-36.5695	40.8375
760.0000	103.0000	0.0295	2.8247
760.0000	190.0000	-22.3305	40.8732
761.0000	22.0000	-36.2099	40.8411
761.0000	103.0000	0.0295	2.8247
761.0000	190.0000	-21.8744	40.8728
762.0000	22.0000	-35.9213	40.8441
762.0000	103.0000	0.0295	2.8247
762.0000	190.0000	-21.7056	40.8725
763.0000	22.0000	-35.8265	40.8451
763.0000	103.0000	0.0295	2.8246
763.0000	190.0000	-21.7014	40.8728
764.0000	22.0000	-35.8018	40.8453
764.0000	103.0000	0.0295	2.8265
764.0000	190.0000	-21.6926	40.8728
765.0000	22.0000	-35.7287	40.8461
765.0000	103.0000	0.0296	2.8322
765.0000	190.0000	-21.6865	40.8728
766.0000	22.0000	-35.6524	40.8469
766.0000	103.0000	0.0295	2.8469
766.0000	190.0000	-21.6826	40.8727
767.0000	22.0000	-35.5697	40.8477
767.0000	103.0000	0.0295	2.8700
767.0000	190.0000	-21.6818	40.8727
768.0000	22.0000	-35.4785	40.8486
768.0000	103.0000	0.0296	2.9000
768.0000	190.0000	-21.6806	40.8727
769.0000	22.0000	-35.3782	40.8496
769.0000	103.0000	0.0296	2.9373
769.0000	190.0000	-21.6792	40.8727
770.0000	22.0000	-35.2689	40.8507
770.0000	103.0000	0.0297	2.9817
770.0000	190.0000	-21.6791	40.8727
771.0000	22.0000	-35.1504	40.8518
771.0000	103.0000	0.0297	3.0328
771.0000	190.0000	-21.6790	40.8727
772.0000	22.0000	-35.0230	40.8530
772.0000	103.0000	0.0297	3.0905
772.0000	190.0000	-21.6790	40.8727
773.0000	22.0000	-34.8867	40.8543
773.0000	103.0000	0.0298	3.1546
773.0000	190.0000	-21.6789	40.8727
774.0000	22.0000	-34.7423	40.8557
774.0000	103.0000	0.0298	3.2245
774.0000	190.0000	-21.6790	40.8729
775.0000	22.0000	-34.6029	40.8495
775.0000	103.0000	0.0292	3.2952
775.0000	190.0000	-21.6845	40.8671
776.0000	22.0000	-34.4615	40.8254
776.0000	103.0000	0.0289	3.3518
776.0000	190.0000	-21.6873	40.8426
777.0000	22.0000	-34.3190	40.8219
777.0000	103.0000	0.0287	3.4336
777.0000	190.0000	-21.6881	40.8380
778.0000	22.0000	-34.1765	40.8231
778.0000	103.0000	0.0287	3.5256
778.0000	190.0000	-21.6882	40.8382
779.0000	22.0000	-34.0361	40.8243
779.0000	103.0000	0.0288	3.6229
779.0000	190.0000	-21.6882	40.8381
780.0000	22.0000	-33.9105	40.8250
780.0000	103.0000	0.0289	3.7258
780.0000	190.0000	-21.6881	40.8380
781.0000	22.0000	-33.7787	40.8260
781.0000	103.0000	0.0290	3.8342
781.0000	190.0000	-21.6881	40.8379
782.0000	22.0000	-33.6390	40.8271
782.0000	103.0000	0.0290	3.9483
782.0000	190.0000	-21.6882	40.8380
783.0000	22.0000	-33.4897	40.8290
783.0000	103.0000	0.0294	4.0037
783.0000	190.0000	-21.6863	40.8384
784.0000	22.0000	-33.3346	40.8300
784.0000	103.0000	0.0292	4.0168
784.0000	190.0000	-21.6863	40.8384
785.0000	22.0000	-33.1723	40.8311
785.0000	103.0000	0.0293	4.0730
785.0000	190.0000	-21.6863	40.8384
786.0000	22.0000	-33.0041	40.8321
786.0000	103.0000	0.0293	4.1313
786.0000	190.0000	-21.6864	40.8385
787.0000	22.0000	-32.8311	40.8279
787.0000	103.0000	0.0292	4.1906
787.0000	190.0000	-21.6869	40.8337
788.0000	22.0000	-32.6578	40.8023
788.0000	103.0000	0.0286	4.2378
788.0000	190.0000	-21.6917	40.8083
789.0000	22.0000	-32.4696	40.7535
789.0000	103.0000	0.0296	4.2074
789.0000	190.0000	-21.6855	40.7572
790.0000	22.0000	-32.2601	40.6997
790.0000	103.0000	0.0330	4.1352
790.0000	190.0000	-21.6614	40.6966
791.0000	22.0000	-32.0811	40.6838
791.0000	103.0000	0.0312	4.1271
791.0000	190.0000	-21.6706	40.6822
792.0000	22.0000	-31.8913	40.6481
792.0000	103.0000	0.0311	4.0922
792.0000	190.0000	-21.6714	40.6462
793.0000	22.0000	-31.7022	40.5696
793.0000	103.0000	0.0309	4.0163
793.0000	190.0000	-21.6750	40.5682
794.0000	22.0000	-31.5078	40.4672
794.0000	103.0000	0.0310	3.9136
794.0000	190.0000	-21.6751	40.4653
795.0000	22.0000	-31.3143	40.4309
795.0000	103.0000	0.0304	3.8776
795.0000	190.0000	-21.6757	40.4286
796.0000	22.0000	-31.1162	40.3756
796.0000	103.0000	0.0312	3.8179
796.0000	190.0000	-21.6684	40.3718
797.0000	22.0000	-30.9233	40.2767
797.0000	103.0000	0.0317	3.7179
797.0000	190.0000	-21.6660	40.2727
798.0000	22.0000	-30.7334	40.1619
798.0000	103.0000	0.0317	3.6032
798.0000	190.0000	-21.6653	40.1578
799.0000	22.0000	-30.5457	40.0332
799.0000	103.0000	0.0314	3.4751
799.0000	190.0000	-21.6614	40.0293
800.0000	22.0000	-30.3852	39.8824
800.0000	103.0000	0.0313	3.3262
800.0000	190.0000	-21.6610	39.8786
801.0000	22.0000	-30.2274	39.7148
801.0000	103.0000	0.0315	3.1646
801.0000	190.0000	-21.6611	39.7111
802.0000	22.0000	-30.0623	39.5405
802.0000	103.0000	0.0311	3.0056
802.0000	190.0000	-21.6612	39.5369
803.0000	22.0000	-29.8919	39.3546
803.0000	103.0000	0.0312	2.8410
803.0000	190.0000	-21.6612	39.3511
804.0000	22.0000	-29.7176	39.1574
804.0000	103.0000	0.0312	2.6743
804.0000	190.0000	-21.6612	39.1542
805.0000	22.0000	-29.5391	38.9964
805.0000	103.0000	0.0309	2.5514
805.0000	190.0000	-21.6615	38.9935
806.0000	22.0000	-29.3575	38.9043
806.0000	103.0000	0.0306	2.5051
806.0000	190.0000	-21.6596	38.9018
807.0000	22.0000	-29.1736	38.8953
807.0000	103.0000	0.0304	2.5494
807.0000	190.0000	-21.6524	38.8933
808.0000	22.0000	-28.9855	38.8946
808.0000	103.0000	0.0308	2.6058
808.0000	190.0000	-21.6507	38.8930
809.0000	22.0000	-28.7952	38.8932
809.0000	103.0000	0.0312	2.6213
809.0000	190.0000	-21.6503	38.8923
810.0000	22.0000	-28.6034	38.8923
810.0000	103.0000	0.0313	2.6210
810.0000	190.0000	-21.6501	38.8918
811.0000	22.0000	-28.4102	38.8914
811.0000	103.0000	0.0311	2.6217
811.0000	190.0000	-21.6502	38.8916
812.0000	22.0000	-28.2155	38.8907
812.0000	103.0000	0.0310	2.6225
812.0000	190.0000	-21.6503	38.8916
813.0000	22.0000	-28.0197	38.8900
813.0000	103.0000	0.0309	2.6228
813.0000	190.0000	-21.6504	38.8916
814.0000	22.0000	-27.8228	38.8892
814.0000	103.0000	0.0309	2.6230
814.0000	190.0000	-21.6504	38.8916
815.0000	22.0000	-27.6261	38.8885
815.0000	103.0000	0.0309	2.6231
815.0000	190.0000	-21.6504	38.8917
816.0000	22.0000	-27.4307	38.8876
816.0000	103.0000	0.0309	2.6257
816.0000	190.0000	-21.6494	38.8917
817.0000	22.0000	-27.2367	38.8867
817.0000	103.0000	0.0309	2.6347
817.0000	190.0000	-21.6494	38.8917
818.0000	22.0000	-27.0439	38.8858
818.0000	103.0000	0.0307	2.6483
818.0000	190.0000	-21.6493	38.8917
819.0000	22.0000	-26.8525	38.8849
819.0000	103.0000	0.0307	2.6491
819.0000	190.0000	-21.6493	38.8917
820.0000	22.0000	-26.6865	38.8841
820.0000	103.0000	0.0308	2.6515
820.0000	190.0000	-21.6493	38.8917
821.0000	22.0000	-26.5317	38.8832
821.0000	103.0000	0.0306	2.6630
821.0000	190.0000	-21.6493	38.8917
822.0000	22.0000	-26.3696	38.8824
822.0000	103.0000	0.0307	2.6816
822.0000	190.0000	-21.6493	38.8917
823.0000	22.0000	-26.2024	38.8816
823.0000	103.0000	0.0308	2.7067
823.0000	190.0000	-21.6493	38.8917
824.0000	22.0000	-26.0308	38.8806
824.0000	103.0000	0.0308	2.7381
824.0000	190.0000	-21.6493	38.8917
825.0000	22.0000	-25.8551	38.8796
825.0000	103.0000	0.0307	2.7758
825.0000	190.0000	-21.6493	38.8917
826.0000	22.0000	-25.6759	38.8787
826.0000	103.0000	0.0307	2.8202
826.0000	190.0000	-21.6493	38.8917
827.0000	22.0000	-25.4937	38.8776
827.0000	103.0000	0.0307	2.8713
827.0000	190.0000	-21.6493	38.8917
828.0000	22.0000	-25.3831	38.8769
828.0000	103.0000	0.0307	2.9289
828.0000	190.0000	-21.6493	38.8917
829.0000	22.0000	-25.3828	38.8770
829.0000	103.0000	0.0307	2.9930
829.0000	190.0000	-21.6493	38.8917
830.0000	22.0000	-25.3786	38.8769
830.0000	103.0000	0.0306	3.0636
830.0000	190.0000	-21.6493	38.8917
831.0000	22.0000	-25.3750	38.8769
831.0000	103.0000	0.0306	3.1405
831.0000	190.0000	-21.6493	38.8917
832.0000	22.0000	-25.3730	38.8769
832.0000	103.0000	0.0306	3.2235
832.0000	190.0000	-21.6493	38.8917
833.0000	22.0000	-25.3719	38.8769
833.0000	103.0000	0.0306	3.3126
833.0000	190.0000	-21.6493	38.8917
834.0000	22.0000	-25.3714	38.8769
834.0000	103.0000	0.0306	3.4075
834.0000	190.0000	-21.6493	38.8917
835.0000	22.0000	-25.3712	38.8770
835.0000	103.0000	0.0305	3.5082
835.0000	190.0000	-21.6494	38.8918
836.0000	22.0000	-25.3764	38.8707
836.0000	103.0000	0.0298	3.6112
836.0000	190.0000	-21.6547	38.8859
837.0000	22.0000	-25.3939	38.8357
837.0000	103.0000	0.0273	3.6986
837.0000	190.0000	-21.6713	38.8526
838.0000	22.0000	-25.4077	38.7742
838.0000	103.0000	0.0253	3.7625
838.0000	190.0000	-21.6850	38.7923
839.0000	22.0000	-25.4255	38.7015
839.0000	103.0000	0.0226	3.8230
839.0000	190.0000	-21.7028	38.7213
840.0000	22.0000	-25.4164	38.6958
840.0000	103.0000	0.0233	3.9390
840.0000	190.0000	-21.6938	38.7147
841.0000	22.0000	-25.3762	38.6786
841.0000	103.0000	0.0294	4.0286
841.0000	190.0000	-21.6536	38.6938
842.0000	22.0000	-25.3771	38.5942
842.0000	103.0000	0.0295	4.0817
842.0000	190.0000	-21.6545	38.6095
843.0000	22.0000	-25.3771	38.4773
843.0000	103.0000	0.0294	4.1066
843.0000	190.0000	-21.6546	38.4927
844.0000	22.0000	-25.3771	38.3496
844.0000	103.0000	0.0292	4.1253
844.0000	190.0000	-21.6534	38.3649
845.0000	22.0000	-25.3791	38.2173
845.0000	103.0000	0.0287	4.1453
845.0000	190.0000	-21.6555	38.2328
846.0000	22.0000	-25.3783	38.1045
846.0000	103.0000	0.0286	4.1877
846.0000	190.0000	-21.6546	38.1199
847.0000	22.0000	-25.3771	37.9797
847.0000	103.0000	0.0288	4.2195
847.0000	190.0000	-21.6534	37.9950
848.0000	22.0000	-25.3770	37.8290
848.0000	103.0000	0.0289	4.2367
848.0000	190.0000	-21.6533	37.8443
849.0000	22.0000	-25.3770	37.6638
849.0000	103.0000	0.0288	4.2510
849.0000	190.0000	-21.6534	37.6791
850.0000	22.0000	-25.3773	37.4925
850.0000	103.0000	0.0286	4.2640
850.0000	190.0000	-21.6536	37.5079
851.0000	22.0000	-25.3775	37.3090
851.0000	103.0000	0.0285	4.2697
851.0000	190.0000	-21.6538	37.3244
852.0000	22.0000	-25.3777	37.1121
852.0000	103.0000	0.0283	4.2668
852.0000	190.0000	-21.6540	37.1275
853.0000	22.0000	-25.3779	36.9109
853.0000	103.0000	0.0282	4.2643
853.0000	190.0000	-21.6543	36.9263
854.0000	22.0000	-25.3782	36.7061
854.0000	103.0000	0.0280	4.2629
854.0000	190.0000	-21.6546	36.7215
855.0000	22.0000	-25.3784	36.4932
855.0000	103.0000	0.0279	4.2545
855.0000	190.0000	-21.6548	36.5086
856.0000	22.0000	-25.3787	36.2756
856.0000	103.0000	0.0277	4.2531
856.0000	190.0000	-21.6551	36.2910
857.0000	22.0000	-25.3790	36.0563
857.0000	103.0000	0.0275	4.2606
857.0000	190.0000	-21.6554	36.0718
858.0000	22.0000	-25.3794	35.8339
858.0000	103.0000	0.0273	4.2700
858.0000	190.0000	-21.6558	35.8493
859.0000	22.0000	-25.3798	35.6295
859.0000	103.0000	0.0271	4.3024
859.0000	190.0000	-21.6552	35.6450
860.0000	22.0000	-25.3801	35.4189
860.0000	103.0000	0.0269	4.3332
860.0000	190.0000	-21.6555	35.4344
861.0000	22.0000	-25.3804	35.1907
861.0000	103.0000	0.0269	4.3512
861.0000	190.0000	-21.6557	35.2063
862.0000	22.0000	-25.3809	34.9637
862.0000	103.0000	0.0266	4.3752
862.0000	190.0000	-21.6562	34.9793
863.0000	22.0000	-25.3814	34.7490
863.0000	103.0000	0.0263	4.4161
863.0000	190.0000	-21.6568	34.7647
864.0000	22.0000	-25.3819	34.5317
864.0000	103.0000	0.0261	4.4568
864.0000	190.0000	-21.6572	34.5474
865.0000	22.0000	-25.3822	34.2948
865.0000	103.0000	0.0260	4.4825
865.0000	190.0000	-21.6576	34.3106
866.0000	22.0000	-25.3827	34.0328
866.0000	103.0000	0.0259	4.4161
866.0000	190.0000	-21.6581	34.0486
867.0000	22.0000	-25.3832	33.7540
867.0000	103.0000	0.0257	4.2057
867.0000	190.0000	-21.6586	33.7699
868.0000	22.0000	-25.3840	33.4913
868.0000	103.0000	0.0253	4.0644
868.0000	190.0000	-21.6594	33.5073
869.0000	22.0000	-25.3849	33.2417
869.0000	103.0000	0.0249	3.9421
869.0000	190.0000	-21.6603	33.2576
870.0000	22.0000	-25.3856	32.9929
870.0000	103.0000	0.0248	3.8167
870.0000	190.0000	-21.6609	33.0090
871.0000	22.0000	-25.3861	32.7364
871.0000	103.0000	0.0247	3.6786
871.0000	190.0000	-21.6615	32.7526
872.0000	22.0000	-25.3868	32.4858
872.0000	103.0000	0.0245	3.5524
872.0000	190.0000	-21.6621	32.5020
873.0000	22.0000	-25.3876	32.2468
873.0000	103.0000	0.0242	3.4444
873.0000	190.0000	-21.6630	32.2630
874.0000	22.0000	-25.3884	32.0065
874.0000	103.0000	0.0239	3.3410
874.0000	190.0000	-21.6637	32.0229
875.0000	22.0000	-25.3891	31.7573
875.0000	103.0000	0.0238	3.2280
875.0000	190.0000	-21.6645	31.7738
876.0000	22.0000	-25.3900	31.5130
876.0000	103.0000	0.0235	3.1087
876.0000	190.0000	-21.6653	31.5295
877.0000	22.0000	-25.3909	31.2888
877.0000	103.0000	0.0231	3.0143
877.0000	190.0000	-21.6663	31.3054
878.0000	22.0000	-25.3918	31.1185
878.0000	103.0000	0.0226	2.9796
878.0000	190.0000	-21.6671	31.1351
879.0000	22.0000	-25.3936	31.0225
879.0000	103.0000	0.0221	3.0256
879.0000	190.0000	-21.6690	31.0393
880.0000	22.0000	-25.3911	31.0146
880.0000	103.0000	0.0224	3.1573
880.0000	190.0000	-21.6665	31.0311
881.0000	22.0000	-25.3907	31.0138
881.0000	103.0000	0.0228	3.2810
881.0000	190.0000	-21.6660	31.0303
882.0000	22.0000	-25.3989	30.9968
882.0000	103.0000	0.0217	3.3971
882.0000	190.0000	-21.6742	31.0144
883.0000	22.0000	-25.4281	30.9395
883.0000	103.0000	0.0167	3.4938
883.0000	190.0000	-21.7035	30.9603
884.0000	22.0000	-25.4278	30.8709
884.0000	103.0000	0.0165	3.5611
884.0000	190.0000	-21.7032	30.8917
885.0000	22.0000	-25.4278	30.7656
885.0000	103.0000	0.0161	3.5966
885.0000	190.0000	-21.7032	30.7865
886.0000	22.0000	-25.4284	30.6412
886.0000	103.0000	0.0156	3.5585
886.0000	190.0000	-21.7038	30.6620
887.0000	22.0000	-25.4290	30.5044
887.0000	103.0000	0.0153	3.4556
887.0000	190.0000	-21.7043	30.5253
888.0000	22.0000	-25.4294	30.3480
888.0000	103.0000	0.0150	3.3695
888.0000	190.0000	-21.7048	30.3690
889.0000	22.0000	-25.4298	30.1742
889.0000	103.0000	0.0149	3.2695
889.0000	190.0000	-21.7052	30.1952
890.0000	22.0000	-25.4304	29.9933
890.0000	103.0000	0.0146	3.1680
890.0000	190.0000	-21.7057	30.0143
891.0000	22.0000	-25.4309	29.8045
891.0000	103.0000	0.0143	3.0646
891.0000	190.0000	-21.7062	29.8256
892.0000	22.0000	-25.4313	29.6131
892.0000	103.0000	0.0141	2.9645
892.0000	190.0000	-21.7067	29.6342
893.0000	22.0000	-25.4319	29.4643
893.0000	103.0000	0.0136	2.9130
893.0000	190.0000	-21.7073	29.4855
894.0000	22.0000	-25.4323	29.3943
894.0000	103.0000	0.0131	2.8854
894.0000	190.0000	-21.7076	29.4154
895.0000	22.0000	-25.4321	29.3945
895.0000	103.0000	0.0133	2.8986
895.0000	190.0000	-21.7075	29.4156
896.0000	22.0000	-25.4316	29.3938
896.0000	103.0000	0.0138	2.9441
896.0000	190.0000	-21.7069	29.4149
897.0000	22.0000	-25.4312	29.3930
897.0000	103.0000	0.0140	2.9931
897.0000	190.0000	-21.7067	29.4141
898.0000	22.0000	-25.4312	29.3925
898.0000	103.0000	0.0139	3.0488
898.0000	190.0000	-21.7056	29.4137
899.0000	22.0000	-25.4314	29.3923
899.0000	103.0000	0.0136	3.1113
899.0000	190.0000	-21.7058	29.4135
900.0000	22.0000	-25.4315	29.3923
900.0000	103.0000	0.0134	3.1804
900.0000	190.0000	-21.7059	29.4135
901.0000	22.0000	-25.4316	29.3925
901.0000	103.0000	0.0132	3.2561
901.0000	190.0000	-21.7060	29.4136
902.0000	22.0000	-25.4317	29.3921
902.0000	103.0000	0.0130	3.2837
902.0000	190.0000	-21.7060	29.4132
903.0000	22.0000	-25.4317	29.3921
903.0000	103.0000	0.0130	3.3026
903.0000	190.0000	-21.7060	29.4132
904.0000	22.0000	-25.4317	29.3921
904.0000	103.0000	0.0129	3.3460
904.0000	190.0000	-21.7061	29.4132
905.0000	22.0000	-25.4317	29.3921
905.0000	103.0000	0.0128	3.3942
905.0000	190.0000	-21.7061	29.4132
906.0000	22.0000	-25.4317	29.3921
906.0000	103.0000	0.0128	3.4486
906.0000	190.0000	-21.7061	29.4132
907.0000	22.0000	-25.4317	29.3921
907.0000	103.0000	0.0126	3.5093
907.0000	190.0000	-21.7061	29.4132
908.0000	22.0000	-25.4317	29.3921
908.0000	103.0000	0.0125	3.5731
908.0000	190.0000	-21.7061	29.4132
909.0000	22.0000	-25.4318	29.3922
909.0000	103.0000	0.0124	3.6314
909.0000	190.0000	-21.7061	29.4133
910.0000	22.0000	-25.4318	29.3917
910.0000	103.0000	0.0123	3.6919
910.0000	190.0000	-21.7061	29.4129
911.0000	22.0000	-25.4318	29.3917
911.0000	103.0000	0.0123	3.7126
911.0000	190.0000	-21.7061	29.4129
912.0000	22.0000	-25.4318	29.3917
912.0000	103.0000	0.0122	3.7133
912.0000	190.0000	-21.7062	29.4129
913.0000	22.0000	-25.4318	29.3919
913.0000	103.0000	0.0122	3.7146
913.0000	190.0000	-21.7062	29.4130
914.0000	22.0000	-25.4304	29.3924
914.0000	103.0000	0.0125	3.7149
914.0000	190.0000	-21.7048	29.4134
915.0000	22.0000	-25.4304	29.3924
915.0000	103.0000	0.0125	3.7152
915.0000	190.0000	-21.7048	29.4134
916.0000	22.0000	-25.4305	29.3924
916.0000	103.0000	0.0124	3.7154
916.0000	190.0000	-21.7048	29.4134
917.0000	22.0000	-25.4305	29.3924
917.0000	103.0000	0.0124	3.7191
917.0000	190.0000	-21.7048	29.4134
918.0000	22.0000	-25.4305	29.3926
918.0000	103.0000	0.0125	3.7274
918.0000	190.0000	-21.7049	29.4136
919.0000	22.0000	-25.4292	29.3889
919.0000	103.0000	0.0128	3.7380
919.0000	190.0000	-21.7036	29.4097
920.0000	22.0000	-25.4414	29.3543
920.0000	103.0000	0.0107	3.7369
920.0000	190.0000	-21.7158	29.3766
921.0000	22.0000	-25.4336	29.3070
921.0000	103.0000	0.0120	3.7125
921.0000	190.0000	-21.7080	29.3284
922.0000	22.0000	-25.4335	29.2165
922.0000	103.0000	0.0120	3.6581
922.0000	190.0000	-21.7079	29.2379
923.0000	22.0000	-25.4339	29.0990
923.0000	103.0000	0.0118	3.5836
923.0000	190.0000	-21.7083	29.1204
924.0000	22.0000	-25.4344	28.9652
924.0000	103.0000	0.0115	3.4996
924.0000	190.0000	-21.7088	28.9866
925.0000	22.0000	-25.4349	28.8143
925.0000	103.0000	0.0112	3.4036
925.0000	190.0000	-21.7092	28.8358
926.0000	22.0000	-25.4352	28.6466
926.0000	103.0000	0.0110	3.2916
926.0000	190.0000	-21.7096	28.6681
927.0000	22.0000	-25.4356	28.4684
927.0000	103.0000	0.0108	3.1735
927.0000	190.0000	-21.7100	28.4899
928.0000	22.0000	-25.4361	28.2813
928.0000	103.0000	0.0106	3.0528
928.0000	190.0000	-21.7105	28.3029
929.0000	22.0000	-25.4366	28.0945
929.0000	103.0000	0.0104	2.9386
929.0000	190.0000	-21.7110	28.1161
930.0000	22.0000	-25.4372	27.9523
930.0000	103.0000	0.0099	2.8755
930.0000	190.0000	-21.7115	27.9739
931.0000	22.0000	-25.4353	27.8951
931.0000	103.0000	0.0099	2.9018
931.0000	190.0000	-21.7096	27.9165
932.0000	22.0000	-25.4352	27.8952
932.0000	103.0000	0.0098	2.9923
932.0000	190.0000	-21.7095	27.9165
933.0000	22.0000	-25.4346	27.8944
933.0000	103.0000	0.0102	3.0869
933.0000	190.0000	-21.7090	27.9157
934.0000	22.0000	-25.4343	27.8936
934.0000	103.0000	0.0103	3.1270
934.0000	190.0000	-21.7087	27.9150
935.0000	22.0000	-25.4343	27.8931
935.0000	103.0000	0.0105	3.1391
935.0000	190.0000	-21.7087	27.9145
936.0000	22.0000	-25.4345	27.8931
936.0000	103.0000	0.0103	3.1485
936.0000	190.0000	-21.7089	27.9145
937.0000	22.0000	-25.4338	27.8891
937.0000	103.0000	0.0102	3.1447
937.0000	190.0000	-21.7081	27.9104
938.0000	22.0000	-25.4329	27.8890
938.0000	103.0000	0.0103	3.1445
938.0000	190.0000	-21.7072	27.9101
939.0000	22.0000	-25.4329	27.8891
939.0000	103.0000	0.0102	3.1450
939.0000	190.0000	-21.7073	27.9102
940.0000	22.0000	-25.4329	27.8890
940.0000	103.0000	0.0102	3.1451
940.0000	190.0000	-21.7073	27.9102
941.0000	22.0000	-25.4329	27.8890
941.0000	103.0000	0.0102	3.1452
941.0000	190.0000	-21.7073	27.9102
942.0000	22.0000	-25.4329	27.8890
942.0000	103.0000	0.0102	3.1452
942.0000	190.0000	-21.7073	27.9102
943.0000	22.0000	-25.4329	27.8890
943.0000	103.0000	0.0102	3.1452
943.0000	190.0000	-21.7073	27.9102
944.0000	22.0000	-25.4330	27.8890
944.0000	103.0000	0.0102	3.1452
944.0000	190.0000	-21.7073	27.9102
945.0000	22.0000	-25.4330	27.8890
945.0000	103.0000	0.0102	3.1452
945.0000	190.0000	-21.7073	27.9102
946.0000	22.0000	-25.4330	27.8891
946.0000	103.0000	0.0102	3.1454
946.0000	190.0000	-21.7074	27.9103
947.0000	22.0000	-25.4371	27.8825
947.0000	103.0000	0.0095	3.1422
947.0000	190.0000	-21.7114	27.9042
948.0000	22.0000	-25.4381	27.8809
948.0000	103.0000	0.0093	3.1414
948.0000	190.0000	-21.7125	27.9027
949.0000	22.0000	-25.4381	27.8809
949.0000	103.0000	0.0092	3.1415
949.0000	190.0000	-21.7125	27.9027
950.0000	22.0000	-25.4381	27.8809
950.0000	103.0000	0.0092	3.1414
950.0000	190.0000	-21.7125	27.9027
951.0000	22.0000	-25.4381	27.8809
951.0000	103.0000	0.0092	3.1414
951.0000	190.0000	-21.7125	27.9027
952.0000	22.0000	-25.4382	27.8808
952.0000	103.0000	0.0092	3.1414
952.0000	190.0000	-21.7125	27.9026
953.0000	22.0000	-25.4382	27.8808
953.0000	103.0000	0.0092	3.1414
953.0000	190.0000	-21.7125	27.9027
954.0000	22.0000	-25.4382	27.8808
954.0000	103.0000	0.0092	3.1414
954.0000	190.0000	-21.7126	27.9027
955.0000	22.0000	-25.4382	27.8808
955.0000	103.0000	0.0092	3.1414
955.0000	190.0000	-21.7126	27.9027
956.0000	22.0000	-25.4382	27.8808
956.0000	103.0000	0.0092	3.1414
956.0000	190.0000	-21.7126	27.9027
957.0000	22.0000	-25.4382	27.8808
957.0000	103.0000	0.0092	3.1414
957.0000	190.0000	-21.7126	27.9027
958.0000	22.0000	-25.4382	27.8808
958.0000	103.0000	0.0092	3.1414
958.0000	190.0000	-21.7126	27.9027
959.0000	22.0000	-25.4382	27.8808
959.0000	103.0000	0.0092	3.1414
959.0000	190.0000	-21.7126	27.9027
960.0000	22.0000	-25.4382	27.8808
960.0000	103.0000	0.0092	3.1413
960.0000	190.0000	-21.7126	27.9027
961.0000	22.0000	-25.4382	27.8810
961.0000	103.0000	0.0092	3.1426
961.0000	190.0000	-21.7127	27.9028
962.0000	22.0000	-25.4421	27.8746
962.0000	103.0000	0.0085	3.1395
962.0000	190.0000	-21.7155	27.8969
963.0000	22.0000	-25.4414	27.8746
963.0000	103.0000	0.0086	3.1389
963.0000	190.0000	-21.7148	27.8968
964.0000	22.0000	-25.4415	27.8746
964.0000	103.0000	0.0086	3.1389
964.0000	190.0000	-21.7148	27.8968
965.0000	22.0000	-25.4415	27.8746
965.0000	103.0000	0.0086	3.1389
965.0000	190.0000	-21.7148	27.8968
966.0000	22.0000	-25.4415	27.8747
966.0000	103.0000	0.0086	3.1389
966.0000	190.0000	-21.7149	27.8969
967.0000	22.0000	-25.4413	27.8694
967.0000	103.0000	0.0086	3.1345
967.0000	190.0000	-21.7146	27.8916
968.0000	22.0000	-25.4410	27.8685
968.0000	103.0000	0.0086	3.1343
968.0000	190.0000	-21.7144	27.8906
969.0000	22.0000	-25.4411	27.8685
969.0000	103.0000	0.0086	3.1341
969.0000	190.0000	-21.7144	27.8907
970.0000	22.0000	-25.4411	27.8685
970.0000	103.0000	0.0086	3.1341
970.0000	190.0000	-21.7145	27.8907
971.0000	22.0000	-25.4411	27.8686
971.0000	103.0000	0.0086	3.1342
971.0000	190.0000	-21.7135	27.8907
972.0000	22.0000	-25.4418	27.8622
972.0000	103.0000	0.0084	3.1285
972.0000	190.0000	-21.7142	27.8845
973.0000	22.0000	-25.4410	27.8622
973.0000	103.0000	0.0086	3.1277
973.0000	190.0000	-21.7134	27.8843
974.0000	22.0000	-25.4410	27.8622
974.0000	103.0000	0.0085	3.1277
974.0000	190.0000	-21.7134	27.8843
975.0000	22.0000	-25.4410	27.8622
975.0000	103.0000	0.0085	3.1277
975.0000	190.0000	-21.7134	27.8843
976.0000	22.0000	-25.4411	27.8622
976.0000	103.0000	0.0085	3.1277
976.0000	190.0000	-21.7134	27.8844
977.0000	22.0000	-25.4408	27.8566
977.0000	103.0000	0.0086	3.1220
977.0000	190.0000	-21.7132	27.8788
978.0000	22.0000	-25.4384	27.8573
978.0000	103.0000	0.0089	3.1205
978.0000	190.0000	-21.7107	27.8791
979.0000	22.0000	-25.4384	27.8574
979.0000	103.0000	0.0089	3.1206
979.0000	190.0000	-21.7108	27.8792
980.0000	22.0000	-25.4384	27.8574
980.0000	103.0000	0.0089	3.1206
980.0000	190.0000	-21.7108	27.8792
981.0000	22.0000	-25.4384	27.8574
981.0000	103.0000	0.0089	3.1207
981.0000	190.0000	-21.7108	27.8792
982.0000	22.0000	-25.4406	27.8501
982.0000	103.0000	0.0085	3.1151
982.0000	190.0000	-21.7130	27.8721
983.0000	22.0000	-25.4400	27.8496
983.0000	103.0000	0.0086	3.1140
983.0000	190.0000	-21.7123	27.8716
984.0000	22.0000	-25.4400	27.8496
984.0000	103.0000	0.0086	3.1151
984.0000	190.0000	-21.7124	27.8716
985.0000	22.0000	-25.4400	27.8496
985.0000	103.0000	0.0086	3.1151
985.0000	190.0000	-21.7124	27.8716
986.0000	22.0000	-25.4400	27.8497
986.0000	103.0000	0.0086	3.1152
986.0000	190.0000	-21.7124	27.8717
987.0000	22.0000	-25.4400	27.8440
987.0000	103.0000	0.0086	3.1094
987.0000	190.0000	-21.7123	27.8660
988.0000	22.0000	-25.4366	27.8454
988.0000	103.0000	0.0091	3.1080
988.0000	190.0000	-21.7090	27.8670
989.0000	22.0000	-25.4366	27.8441
989.0000	103.0000	0.0091	3.1067
989.0000	190.0000	-21.7090	27.8657
990.0000	22.0000	-25.4367	27.8437
990.0000	103.0000	0.0091	3.1063
990.0000	190.0000	-21.7090	27.8653
991.0000	22.0000	-25.4367	27.8437
991.0000	103.0000	0.0091	3.1063
991.0000	190.0000	-21.7090	27.8652
992.0000	22.0000	-25.4367	27.8436
992.0000	103.0000	0.0091	3.1062
992.0000	190.0000	-21.7090	27.8652
993.0000	22.0000	-25.4367	27.8437
993.0000	103.0000	0.0091	3.1064
993.0000	190.0000	-21.7091	27.8653
994.0000	22.0000	-25.4353	27.8444
994.0000	103.0000	0.0093	3.1057
994.0000	190.0000	-21.7076	27.8658
995.0000	22.0000	-25.4353	27.8444
995.0000	103.0000	0.0093	3.1057
995.0000	190.0000	-21.7076	27.8658
996.0000	22.0000	-25.4353	27.8445
996.0000	103.0000	0.0093	3.1076
996.0000	190.0000	-21.7077	27.8659
997.0000	22.0000	-25.4339	27.8451
997.0000	103.0000	0.0095	3.1080
997.0000	190.0000	-21.7062	27.8664
998.0000	22.0000	-25.4339	27.8451
998.0000	103.0000	0.0095	3.1090
998.0000	190.0000	-21.7062	27.8663
999.0000	22.0000	-25.4339	27.8451
999.0000	103.0000	0.0096	3.1147
999.0000	190.0000	-21.7062	27.8663
