0.0000	67.0000	-7.9966	37.2307
0.0000	157.0000	-11.7858	58.0605
0.0000	224.0000	0.0063	19.6044
1.0000	67.0000	-7.9959	36.7052
1.0000	157.0000	-11.7819	57.5831
1.0000	224.0000	0.0062	19.4845
2.0000	67.0000	-7.9958	36.1271
2.0000	157.0000	-11.7735	57.0499
2.0000	224.0000	0.0062	19.3207
3.0000	67.0000	-7.9957	35.5059
3.0000	157.0000	-11.7661	56.4687
3.0000	224.0000	0.0061	19.1202
4.0000	67.0000	-7.9956	34.8480
4.0000	157.0000	-11.7576	55.8457
4.0000	224.0000	0.0061	18.8888
5.0000	67.0000	-7.9955	34.1578
5.0000	157.0000	-11.7487	55.1855
5.0000	224.0000	0.0060	18.6307
6.0000	67.0000	-7.9957	33.4388
6.0000	157.0000	-11.7394	54.4916
6.0000	224.0000	0.0060	18.3469
7.0000	67.0000	-7.9962	32.6929
7.0000	157.0000	-11.7296	53.7663
7.0000	224.0000	0.0060	18.0449
8.0000	67.0000	-7.9972	31.9221
8.0000	157.0000	-11.7194	53.0115
8.0000	224.0000	0.0059	17.7324
9.0000	67.0000	-7.9987	31.1275
9.0000	157.0000	-11.7088	52.2287
9.0000	224.0000	0.0059	17.4022
10.0000	67.0000	-8.0005	30.3102
10.0000	157.0000	-11.6979	51.4190
10.0000	224.0000	0.0058	17.0555
11.0000	67.0000	-8.0027	29.4710
11.0000	157.0000	-11.6866	50.5834
11.0000	224.0000	0.0058	16.6931
12.0000	67.0000	-8.0052	28.6107
12.0000	157.0000	-11.6758	49.7247
12.0000	224.0000	0.0058	16.3155
13.0000	67.0000	-8.0080	27.7297
13.0000	157.0000	-11.6644	48.8485
13.0000	224.0000	0.0057	15.9233
14.0000	67.0000	-8.0111	26.8287
14.0000	157.0000	-11.6533	47.9551
14.0000	224.0000	0.0057	15.5169
15.0000	67.0000	-8.0144	25.9081
15.0000	157.0000	-11.6426	47.0450
15.0000	224.0000	0.0057	15.0963
16.0000	67.0000	-8.0180	24.9686
16.0000	157.0000	-11.6316	46.1188
16.0000	224.0000	0.0056	14.6591
17.0000	67.0000	-8.0216	24.0173
17.0000	157.0000	-11.6206	45.1816
17.0000	224.0000	0.0056	14.2262
18.0000	67.0000	-8.0254	23.0820
18.0000	157.0000	-11.6092	44.2548
18.0000	224.0000	0.0057	13.8169
19.0000	67.0000	-8.0293	22.1639
19.0000	157.0000	-11.5976	43.3407
19.0000	224.0000	0.0057	13.4310
20.0000	67.0000	-8.0331	21.2629
20.0000	157.0000	-11.5859	42.4390
20.0000	224.0000	0.0057	13.0683
21.0000	67.0000	-8.0370	20.3826
21.0000	157.0000	-11.5743	41.5534
21.0000	224.0000	0.0057	12.7320
22.0000	67.0000	-8.0408	19.5220
22.0000	157.0000	-11.5628	40.6829
22.0000	224.0000	0.0057	12.4214
23.0000	67.0000	-8.0446	18.6786
23.0000	157.0000	-11.5514	39.8248
23.0000	224.0000	0.0057	12.1333
24.0000	67.0000	-8.0482	17.8482
24.0000	157.0000	-11.5402	38.9750
24.0000	224.0000	0.0057	11.8638
25.0000	67.0000	-8.0518	17.0294
25.0000	157.0000	-11.5295	38.1323
25.0000	224.0000	0.0057	11.6112
26.0000	67.0000	-8.0553	16.2382
26.0000	157.0000	-11.5189	37.3123
26.0000	224.0000	0.0058	11.3910
27.0000	67.0000	-8.0585	15.4549
27.0000	157.0000	-11.5088	36.4958
27.0000	224.0000	0.0058	11.1798
28.0000	67.0000	-8.0616	14.6721
28.0000	157.0000	-11.4993	35.6750
28.0000	224.0000	0.0057	10.9828
29.0000	67.0000	-8.0645	13.8891
29.0000	157.0000	-11.4902	34.8497
29.0000	224.0000	0.0058	10.7938
30.0000	67.0000	-8.0672	13.1053
30.0000	157.0000	-11.4817	34.0195
30.0000	224.0000	0.0057	10.6094
31.0000	67.0000	-8.0698	12.3208
31.0000	157.0000	-11.4738	33.1852
31.0000	224.0000	0.0057	10.4297
32.0000	67.0000	-8.0720	11.5364
32.0000	157.0000	-11.4663	32.3491
32.0000	224.0000	0.0057	10.2552
33.0000	67.0000	-8.0742	10.7510
33.0000	157.0000	-11.4597	31.5148
33.0000	224.0000	0.0057	10.0848
34.0000	67.0000	-8.0760	9.9667
34.0000	157.0000	-11.4536	30.6845
34.0000	224.0000	0.0057	9.9206
35.0000	67.0000	-8.0779	9.2034
35.0000	157.0000	-11.4484	29.8780
35.0000	224.0000	0.0057	9.7822
36.0000	67.0000	-8.0796	8.4518
36.0000	157.0000	-11.4436	29.0862
36.0000	224.0000	0.0058	9.6603
37.0000	67.0000	-8.0809	7.7456
37.0000	157.0000	-11.4393	28.3423
37.0000	224.0000	0.0058	9.5885
38.0000	67.0000	-8.0821	7.1140
38.0000	157.0000	-11.4356	27.6709
38.0000	224.0000	0.0058	9.5959
39.0000	67.0000	-8.0832	6.5629
39.0000	157.0000	-11.4323	27.0749
39.0000	224.0000	0.0059	9.6882
40.0000	67.0000	-8.0839	6.0934
40.0000	157.0000	-11.4292	26.5554
40.0000	224.0000	0.0059	9.8653
41.0000	67.0000	-8.0847	5.7043
41.0000	157.0000	-11.4269	26.1113
41.0000	224.0000	0.0060	10.1253
42.0000	67.0000	-8.0864	5.5563
42.0000	157.0000	-11.4276	25.7464
42.0000	224.0000	0.0047	10.4831
43.0000	67.0000	-8.0875	5.5425
43.0000	157.0000	-11.4235	25.3972
43.0000	224.0000	0.0057	10.8657
44.0000	67.0000	-8.0876	5.4874
44.0000	157.0000	-11.4213	25.0143
44.0000	224.0000	0.0062	11.2250
45.0000	67.0000	-8.0868	5.4023
45.0000	157.0000	-11.4203	24.5932
45.0000	224.0000	0.0061	11.5564
46.0000	67.0000	-8.0858	5.2928
46.0000	157.0000	-11.4196	24.1383
46.0000	224.0000	0.0061	11.8632
47.0000	67.0000	-8.0852	5.1601
47.0000	157.0000	-11.4191	23.6522
47.0000	224.0000	0.0061	12.1471
48.0000	67.0000	-8.0850	5.0035
48.0000	157.0000	-11.4189	23.1363
48.0000	224.0000	0.0061	12.4091
49.0000	67.0000	-8.0851	4.8222
49.0000	157.0000	-11.4190	22.5918
49.0000	224.0000	0.0061	12.6497
50.0000	67.0000	-8.0848	4.6048
50.0000	157.0000	-11.4193	22.0195
50.0000	224.0000	0.0061	12.8691
51.0000	67.0000	-8.0840	4.3604
51.0000	157.0000	-11.4199	21.4202
51.0000	224.0000	0.0061	13.0676
52.0000	67.0000	-8.0836	4.0868
52.0000	157.0000	-11.4206	20.7948
52.0000	224.0000	0.0061	13.2455
53.0000	67.0000	-8.0835	3.7839
53.0000	157.0000	-11.4215	20.1475
53.0000	224.0000	0.0061	13.4030
54.0000	67.0000	-8.0835	3.4522
54.0000	157.0000	-11.4227	19.4792
54.0000	224.0000	0.0061	13.5404
55.0000	67.0000	-8.0836	3.0691
55.0000	157.0000	-11.4239	18.7902
55.0000	224.0000	0.0058	13.6575
56.0000	67.0000	-8.0843	2.6378
56.0000	157.0000	-11.4253	18.0808
56.0000	224.0000	-0.0033	13.6535
57.0000	67.0000	-8.0849	2.1476
57.0000	157.0000	-11.4267	17.3513
57.0000	224.0000	-0.0031	13.4092
58.0000	67.0000	-8.0864	1.6036
58.0000	157.0000	-11.4284	16.6023
58.0000	224.0000	-0.0012	13.1565
59.0000	67.0000	-8.0867	1.0372
59.0000	157.0000	-11.4301	15.8265
59.0000	224.0000	-0.0016	12.9493
60.0000	67.0000	-8.0875	0.4422
60.0000	157.0000	-11.4318	15.0229
60.0000	224.0000	-0.0028	12.7265
61.0000	67.0000	-8.0890	-0.1699
61.0000	157.0000	-11.4337	14.1999
61.0000	224.0000	-0.0098	12.4988
62.0000	67.0000	-8.0902	-0.7737
62.0000	157.0000	-11.4356	13.3817
62.0000	224.0000	-0.0223	12.2973
63.0000	67.0000	-8.0909	-1.3837
63.0000	157.0000	-11.4376	12.5540
63.0000	224.0000	-0.0180	12.0795
64.0000	67.0000	-8.0914	-2.0099
64.0000	157.0000	-11.4396	11.7094
64.0000	224.0000	-0.0149	11.8322
65.0000	67.0000	-8.0920	-2.6562
65.0000	157.0000	-11.4417	10.8442
65.0000	224.0000	-0.0151	11.5738
66.0000	67.0000	-8.0947	-3.3753
66.0000	157.0000	-11.4438	9.9648
66.0000	224.0000	-0.0160	11.2310
67.0000	67.0000	-8.0983	-4.0604
67.0000	157.0000	-11.4459	9.1133
67.0000	224.0000	-0.0164	10.7956
68.0000	67.0000	-8.1002	-4.6786
68.0000	157.0000	-11.4480	8.3256
68.0000	224.0000	-0.0166	10.4400
69.0000	67.0000	-8.1015	-5.2362
69.0000	157.0000	-11.4502	7.5978
69.0000	224.0000	-0.0170	10.1864
70.0000	67.0000	-8.1020	-5.7824
70.0000	157.0000	-11.4523	6.8802
70.0000	224.0000	-0.0173	9.9533
71.0000	67.0000	-8.1020	-6.3385
71.0000	157.0000	-11.4545	6.1513
71.0000	224.0000	-0.0177	9.7187
72.0000	67.0000	-8.1022	-6.9109
72.0000	157.0000	-11.4566	5.4047
72.0000	224.0000	-0.0181	9.4764
73.0000	67.0000	-8.1021	-7.5027
73.0000	157.0000	-11.4588	4.6409
73.0000	224.0000	-0.0184	9.2179
74.0000	67.0000	-8.1013	-8.1072
74.0000	157.0000	-11.4608	3.8684
74.0000	224.0000	-0.0188	8.9427
75.0000	67.0000	-8.1000	-8.6994
75.0000	157.0000	-11.4628	3.1119
75.0000	224.0000	-0.0192	8.6843
76.0000	67.0000	-8.0982	-9.2878
76.0000	157.0000	-11.4648	2.3631
76.0000	224.0000	-0.0196	8.4370
77.0000	67.0000	-8.0956	-9.8756
77.0000	157.0000	-11.4668	1.6189
77.0000	224.0000	-0.0249	8.2003
78.0000	67.0000	-8.0926	-10.4573
78.0000	157.0000	-11.4686	0.8876
78.0000	224.0000	-0.0334	7.9753
79.0000	67.0000	-8.0890	-11.0137
79.0000	157.0000	-11.4705	0.1804
79.0000	224.0000	-0.0340	7.7650
80.0000	67.0000	-8.0850	-11.5659
80.0000	157.0000	-11.4723	-0.5268
80.0000	224.0000	-0.0326	7.5584
81.0000	67.0000	-8.0806	-12.1189
81.0000	157.0000	-11.4742	-1.2395
81.0000	224.0000	-0.0313	7.3581
82.0000	67.0000	-8.0757	-12.6718
82.0000	157.0000	-11.4760	-1.9568
82.0000	224.0000	-0.0239	7.1680
83.0000	67.0000	-8.0702	-13.2064
83.0000	157.0000	-11.4778	-2.6605
83.0000	224.0000	-0.0168	7.0012
84.0000	67.0000	-8.0642	-13.7408
84.0000	157.0000	-11.4795	-3.3686
84.0000	224.0000	-0.0177	6.8382
85.0000	67.0000	-8.0576	-14.2748
85.0000	157.0000	-11.4813	-4.0811
85.0000	224.0000	-0.0201	6.6814
86.0000	67.0000	-8.0506	-14.8039
86.0000	157.0000	-11.4830	-4.7930
86.0000	224.0000	-0.0218	6.5359
87.0000	67.0000	-8.0435	-15.3244
87.0000	157.0000	-11.4848	-5.5004
87.0000	224.0000	-0.0260	6.4038
88.0000	67.0000	-8.0362	-15.8216
88.0000	157.0000	-11.4865	-6.1876
88.0000	224.0000	-0.0382	6.2991
89.0000	67.0000	-8.0287	-16.3105
89.0000	157.0000	-11.4881	-6.8695
89.0000	224.0000	-0.0396	6.2116
90.0000	67.0000	-8.0210	-16.7774
90.0000	157.0000	-11.4897	-7.5319
90.0000	224.0000	-0.0369	6.1517
91.0000	67.0000	-8.0134	-17.2484
91.0000	157.0000	-11.4913	-8.2005
91.0000	224.0000	-0.0233	6.0897
92.0000	67.0000	-8.0058	-17.7334
92.0000	157.0000	-11.4928	-8.8849
92.0000	224.0000	-0.0162	6.0221
93.0000	67.0000	-7.9983	-18.2257
93.0000	157.0000	-11.4943	-9.5754
93.0000	224.0000	-0.0179	5.9515
94.0000	67.0000	-7.9910	-18.7172
94.0000	157.0000	-11.4958	-10.2605
94.0000	224.0000	-0.0201	5.8911
95.0000	67.0000	-7.9840	-19.2094
95.0000	157.0000	-11.4971	-10.9426
95.0000	224.0000	-0.0213	5.8434
96.0000	67.0000	-7.9772	-19.7091
96.0000	157.0000	-11.4984	-11.6277
96.0000	224.0000	-0.0218	5.7938
97.0000	67.0000	-7.9708	-20.2139
97.0000	157.0000	-11.4996	-12.3141
97.0000	224.0000	-0.0220	5.7446
98.0000	67.0000	-7.9647	-20.7038
98.0000	157.0000	-11.5008	-12.9784
98.0000	224.0000	-0.0222	5.7157
99.0000	67.0000	-7.9588	-21.1996
99.0000	157.0000	-11.5019	-13.6465
99.0000	224.0000	-0.0223	5.6863
100.0000	67.0000	-7.9533	-21.7073
100.0000	157.0000	-11.5029	-14.3306
100.0000	224.0000	-0.0225	5.6503
101.0000	67.0000	-7.9482	-22.2199
101.0000	157.0000	-11.5040	-15.0243
101.0000	224.0000	-0.0226	5.6112
102.0000	67.0000	-7.9428	-22.7291
102.0000	157.0000	-11.5043	-15.7196
102.0000	224.0000	-0.0225	5.5879
103.0000	67.0000	-7.9318	-23.2167
103.0000	157.0000	-11.4990	-16.3987
103.0000	224.0000	-0.0198	5.5984
104.0000	67.0000	-7.9076	-23.7050
104.0000	157.0000	-11.4813	-17.0841
104.0000	224.0000	-0.0133	5.6155
105.0000	67.0000	-7.9012	-24.1947
105.0000	157.0000	-11.4778	-17.7737
105.0000	224.0000	-0.0075	5.6303
106.0000	67.0000	-7.9131	-24.6926
106.0000	157.0000	-11.4918	-18.4762
106.0000	224.0000	-0.0097	5.6412
107.0000	67.0000	-7.9146	-25.1979
107.0000	157.0000	-11.4960	-19.1920
107.0000	224.0000	-0.0088	5.6532
108.0000	67.0000	-7.9157	-25.7044
108.0000	157.0000	-11.4993	-19.9132
108.0000	224.0000	-0.0073	5.6697
109.0000	67.0000	-7.9172	-26.2127
109.0000	157.0000	-11.5027	-20.6402
109.0000	224.0000	-0.0058	5.6891
110.0000	67.0000	-7.9190	-26.7235
110.0000	157.0000	-11.5063	-21.3731
110.0000	224.0000	-0.0041	5.7092
111.0000	67.0000	-7.9213	-27.2357
111.0000	157.0000	-11.5101	-22.1104
111.0000	224.0000	-0.0024	5.7328
112.0000	67.0000	-7.9242	-27.7490
112.0000	157.0000	-11.5141	-22.8514
112.0000	224.0000	-0.0006	5.7692
113.0000	67.0000	-7.9268	-28.2640
113.0000	157.0000	-11.5168	-23.5938
113.0000	224.0000	0.0043	5.8093
114.0000	67.0000	-7.9286	-28.7823
114.0000	157.0000	-11.5195	-24.3357
114.0000	224.0000	0.0066	5.8522
115.0000	67.0000	-7.9258	-29.3063
115.0000	157.0000	-11.5178	-25.0800
115.0000	224.0000	0.0086	5.8960
116.0000	67.0000	-7.9121	-29.8381
116.0000	157.0000	-11.5050	-25.8292
116.0000	224.0000	0.0122	5.9400
117.0000	67.0000	-7.9118	-30.3715
117.0000	157.0000	-11.5053	-26.5756
117.0000	224.0000	0.0135	5.9843
118.0000	67.0000	-7.9129	-30.9041
118.0000	157.0000	-11.5075	-27.3168
118.0000	224.0000	0.0120	6.0336
119.0000	67.0000	-7.9118	-31.4192
119.0000	157.0000	-11.5070	-28.0419
119.0000	224.0000	0.0120	6.1055
120.0000	67.0000	-7.9108	-31.9396
120.0000	157.0000	-11.5064	-28.7765
120.0000	224.0000	0.0122	6.1769
121.0000	67.0000	-7.9152	-32.4729
121.0000	157.0000	-11.5105	-29.5283
121.0000	224.0000	0.0130	6.2379
122.0000	67.0000	-7.9325	-33.0140
122.0000	157.0000	-11.5273	-30.2924
122.0000	224.0000	0.0121	6.2899
123.0000	67.0000	-7.9305	-33.5581
123.0000	157.0000	-11.5253	-31.0660
123.0000	224.0000	0.0117	6.3568
124.0000	67.0000	-7.9252	-34.1052
124.0000	157.0000	-11.5199	-31.8475
124.0000	224.0000	0.0119	6.4280
125.0000	67.0000	-7.9166	-34.6626
125.0000	157.0000	-11.5111	-32.6445
125.0000	224.0000	0.0124	6.4946
126.0000	67.0000	-7.9155	-35.2271
126.0000	157.0000	-11.5091	-33.4532
126.0000	224.0000	0.0128	6.5572
127.0000	67.0000	-7.9144	-35.7953
127.0000	157.0000	-11.5072	-34.2706
127.0000	224.0000	0.0130	6.6206
128.0000	67.0000	-7.9132	-36.3667
128.0000	157.0000	-11.5051	-35.0962
128.0000	224.0000	0.0131	6.6854
129.0000	67.0000	-7.9120	-36.9427
129.0000	157.0000	-11.5029	-35.9312
129.0000	224.0000	0.0133	6.7502
130.0000	67.0000	-7.9105	-37.5234
130.0000	157.0000	-11.5003	-36.7757
130.0000	224.0000	0.0134	6.8147
131.0000	67.0000	-7.9055	-38.1087
131.0000	157.0000	-11.4941	-37.6300
131.0000	224.0000	0.0115	6.8931
132.0000	67.0000	-7.9008	-38.6982
132.0000	157.0000	-11.4882	-38.4926
132.0000	224.0000	0.0127	6.9658
133.0000	67.0000	-7.9008	-39.2923
133.0000	157.0000	-11.4867	-39.3624
133.0000	224.0000	0.0140	7.0291
134.0000	67.0000	-7.9007	-39.8897
134.0000	157.0000	-11.4849	-40.2311
134.0000	224.0000	0.0139	7.0818
135.0000	67.0000	-7.9006	-40.4888
135.0000	157.0000	-11.4829	-41.0972
135.0000	224.0000	0.0201	7.1386
136.0000	67.0000	-7.9003	-41.0893
136.0000	157.0000	-11.4809	-41.9603
136.0000	224.0000	0.0219	7.2108
137.0000	67.0000	-7.9002	-41.6927
137.0000	157.0000	-11.4788	-42.8218
137.0000	224.0000	0.0221	7.2885
138.0000	67.0000	-7.9002	-42.3036
138.0000	157.0000	-11.4768	-43.6870
138.0000	224.0000	0.0226	7.3631
139.0000	67.0000	-7.9000	-42.9210
139.0000	157.0000	-11.4746	-44.5615
139.0000	224.0000	0.0235	7.4354
140.0000	67.0000	-7.8998	-43.5419
140.0000	157.0000	-11.4724	-45.4437
140.0000	224.0000	0.0246	7.5082
141.0000	67.0000	-7.8994	-44.1653
141.0000	157.0000	-11.4700	-46.3331
141.0000	224.0000	0.0257	7.5826
142.0000	67.0000	-7.8991	-44.7921
142.0000	157.0000	-11.4675	-47.2304
142.0000	224.0000	0.0267	7.6577
143.0000	67.0000	-7.8987	-45.4223
143.0000	157.0000	-11.4650	-48.1361
143.0000	224.0000	0.0278	7.7332
144.0000	67.0000	-7.8982	-46.0559
144.0000	157.0000	-11.4622	-49.0498
144.0000	224.0000	0.0289	7.8093
145.0000	67.0000	-7.8978	-46.6926
145.0000	157.0000	-11.4595	-49.9715
145.0000	224.0000	0.0300	7.8860
146.0000	67.0000	-7.8972	-47.3324
146.0000	157.0000	-11.4567	-50.9009
146.0000	224.0000	0.0310	7.9634
147.0000	67.0000	-7.8966	-47.9751
147.0000	157.0000	-11.4538	-51.8381
147.0000	224.0000	0.0321	8.0415
148.0000	67.0000	-7.8960	-48.6220
148.0000	157.0000	-11.4509	-52.7838
148.0000	224.0000	0.0332	8.1191
149.0000	67.0000	-7.8953	-49.2789
149.0000	157.0000	-11.4480	-53.7443
149.0000	224.0000	0.0342	8.1902
150.0000	67.0000	-7.8946	-49.9425
150.0000	157.0000	-11.4450	-54.7160
150.0000	224.0000	0.0353	8.2582
151.0000	67.0000	-7.8936	-50.5911
151.0000	157.0000	-11.4416	-55.6771
151.0000	224.0000	0.0363	8.3447
152.0000	67.0000	-7.8924	-51.2424
152.0000	157.0000	-11.4381	-56.6454
152.0000	224.0000	0.0372	8.4309
153.0000	67.0000	-7.8915	-51.9055
153.0000	157.0000	-11.4350	-57.6293
153.0000	224.0000	0.0383	8.5068
154.0000	67.0000	-7.8908	-52.5849
154.0000	157.0000	-11.4322	-58.6259
154.0000	224.0000	0.0394	8.5841
155.0000	67.0000	-7.8910	-53.2770
155.0000	157.0000	-11.4306	-59.6310
155.0000	224.0000	0.0393	8.6556
156.0000	67.0000	-7.8940	-53.9564
156.0000	157.0000	-11.4320	-60.6183
156.0000	224.0000	0.0348	8.7429
157.0000	67.0000	-7.8873	-54.6394
157.0000	157.0000	-11.4225	-61.6045
157.0000	224.0000	0.0338	8.8332
158.0000	67.0000	-7.8797	-55.3251
158.0000	157.0000	-11.4122	-62.5885
158.0000	224.0000	0.0334	8.9251
159.0000	67.0000	-7.8720	-55.9930
159.0000	157.0000	-11.4016	-63.5546
159.0000	224.0000	0.0329	9.0380
160.0000	67.0000	-7.8644	-56.6621
160.0000	157.0000	-11.3912	-64.5256
160.0000	224.0000	0.0322	9.1532
161.0000	67.0000	-7.8568	-57.3331
161.0000	157.0000	-11.3808	-65.5023
161.0000	224.0000	0.0315	9.2698
162.0000	67.0000	-7.8465	-57.9862
162.0000	157.0000	-11.3672	-66.4655
162.0000	224.0000	0.0309	9.4088
163.0000	67.0000	-7.8492	-58.6383
163.0000	157.0000	-11.3687	-67.4309
163.0000	224.0000	0.0279	9.5513
164.0000	67.0000	-7.8485	-59.3028
164.0000	157.0000	-11.3662	-68.4133
164.0000	224.0000	0.0273	9.6833
165.0000	67.0000	-7.8476	-59.9838
165.0000	157.0000	-11.3636	-69.4168
165.0000	224.0000	0.0276	9.8017
166.0000	67.0000	-7.8467	-60.6834
166.0000	157.0000	-11.3612	-70.4430
166.0000	224.0000	0.0279	9.9046
167.0000	67.0000	-7.8459	-61.4027
167.0000	157.0000	-11.3588	-71.4932
167.0000	224.0000	0.0281	9.9908
168.0000	67.0000	-7.8452	-62.1423
168.0000	157.0000	-11.3566	-72.5679
168.0000	224.0000	0.0283	10.0596
169.0000	67.0000	-7.8444	-62.9026
169.0000	157.0000	-11.3545	-73.6673
169.0000	224.0000	0.0284	10.1107
170.0000	67.0000	-7.8439	-63.6830
170.0000	157.0000	-11.3525	-74.7910
170.0000	224.0000	0.0286	10.1446
171.0000	67.0000	-7.8433	-64.4826
171.0000	157.0000	-11.3507	-75.9380
171.0000	224.0000	0.0287	10.1622
172.0000	67.0000	-7.8427	-65.2941
172.0000	157.0000	-11.3489	-77.1008
172.0000	224.0000	0.0287	10.1706
173.0000	67.0000	-7.8422	-66.0932
173.0000	157.0000	-11.3472	-78.2553
173.0000	224.0000	0.0288	10.1942
174.0000	67.0000	-7.8416	-66.8941
174.0000	224.0000	0.0288	10.2188
175.0000	67.0000	-7.8410	-67.7044
175.0000	224.0000	0.0287	10.1518
176.0000	67.0000	-7.8406	-68.5206
176.0000	224.0000	0.0287	9.8760
177.0000	67.0000	-7.8403	-69.3026
177.0000	224.0000	0.0285	9.6350
178.0000	67.0000	-7.8399	-70.0282
178.0000	224.0000	0.0284	9.4711
179.0000	67.0000	-7.8393	-70.7398
179.0000	224.0000	0.0283	9.3265
180.0000	67.0000	-7.8388	-71.4567
180.0000	224.0000	0.0280	9.1811
181.0000	67.0000	-7.8384	-72.1819
181.0000	224.0000	0.0278	9.0321
182.0000	67.0000	-7.8379	-72.9142
182.0000	224.0000	0.0276	8.8747
183.0000	67.0000	-7.8374	-73.6504
183.0000	224.0000	0.0273	8.6992
184.0000	67.0000	-7.8370	-74.3863
184.0000	224.0000	0.0270	8.5254
185.0000	67.0000	-7.8367	-75.1194
185.0000	224.0000	0.0267	8.3592
186.0000	67.0000	-7.8363	-75.8531
186.0000	224.0000	0.0264	8.1975
187.0000	67.0000	-7.8359	-76.5907
187.0000	224.0000	0.0260	8.0369
188.0000	67.0000	-7.8357	-77.3248
188.0000	224.0000	0.0257	7.8851
189.0000	67.0000	-7.8353	-78.0338
189.0000	224.0000	0.0254	7.6729
190.0000	67.0000	-7.8350	-78.7297
190.0000	224.0000	0.0254	7.2782
191.0000	67.0000	-7.8347	-79.3959
191.0000	224.0000	0.0253	7.0160
192.0000	224.0000	0.0250	6.8223
193.0000	224.0000	0.0248	6.6501
194.0000	224.0000	0.0245	6.5018
195.0000	224.0000	0.0243	6.3690
196.0000	224.0000	0.0240	6.2518
197.0000	224.0000	0.0237	6.1406
198.0000	224.0000	0.0234	6.0340
199.0000	224.0000	0.0231	5.9378
200.0000	224.0000	0.0228	5.8477
201.0000	224.0000	0.0226	5.6819
202.0000	224.0000	0.0221	5.4535
203.0000	224.0000	0.0219	5.2725
204.0000	224.0000	0.0222	5.0863
205.0000	224.0000	0.0224	4.9008
206.0000	224.0000	0.0225	4.7173
207.0000	224.0000	0.0224	4.5573
208.0000	224.0000	0.0223	4.3993
209.0000	224.0000	0.0222	4.2332
210.0000	224.0000	0.0221	4.0633
211.0000	224.0000	0.0220	3.9124
212.0000	224.0000	0.0219	3.7633
213.0000	224.0000	0.0218	3.6111
214.0000	224.0000	0.0217	3.4591
215.0000	224.0000	0.0215	3.3279
216.0000	224.0000	0.0214	3.1351
217.0000	224.0000	0.0215	2.9017
218.0000	224.0000	0.0214	2.7541
219.0000	224.0000	0.0214	2.6809
220.0000	224.0000	0.0211	2.6980
221.0000	224.0000	0.0210	2.7682
222.0000	224.0000	0.0209	2.8450
223.0000	224.0000	0.0208	2.9278
224.0000	224.0000	0.0207	2.9591
225.0000	224.0000	0.0206	2.9832
226.0000	224.0000	0.0205	3.0266
227.0000	224.0000	0.0205	3.0745
228.0000	224.0000	0.0205	3.1287
229.0000	224.0000	0.0203	3.1843
230.0000	224.0000	0.0203	3.2303
231.0000	224.0000	0.0202	3.2522
232.0000	224.0000	0.0200	3.2500
233.0000	224.0000	0.0199	3.2305
234.0000	224.0000	0.0197	3.1961
235.0000	224.0000	0.0196	3.1489
236.0000	224.0000	0.0194	3.1019
237.0000	224.0000	0.0192	3.1014
238.0000	224.0000	0.0185	3.1913
239.0000	224.0000	0.0185	3.2474
240.0000	224.0000	0.0186	3.2530
241.0000	224.0000	0.0188	3.2781
242.0000	224.0000	0.0187	3.2716
243.0000	224.0000	0.0186	3.2421
244.0000	224.0000	0.0185	3.1959
245.0000	224.0000	0.0183	3.1430
246.0000	224.0000	0.0182	3.1364
247.0000	224.0000	0.0181	3.2199
248.0000	224.0000	0.0178	3.3148
249.0000	224.0000	0.0178	3.4070
250.0000	224.0000	0.0168	3.4805
251.0000	224.0000	0.0166	3.5256
252.0000	224.0000	0.0164	3.5666
253.0000	224.0000	0.0155	3.6756
254.0000	224.0000	0.0159	3.7749
255.0000	224.0000	0.0156	3.7899
256.0000	224.0000	0.0158	3.7188
257.0000	224.0000	0.0158	3.6668
258.0000	224.0000	0.0153	3.6033
259.0000	224.0000	0.0148	3.5560
260.0000	224.0000	0.0144	3.5154
261.0000	224.0000	0.0143	3.5257
262.0000	224.0000	0.0141	3.5386
263.0000	224.0000	0.0138	3.5315
264.0000	224.0000	0.0135	3.5147
265.0000	224.0000	0.0135	3.4528
266.0000	224.0000	0.0133	3.3504
267.0000	224.0000	0.0131	3.2628
268.0000	224.0000	0.0130	3.1588
269.0000	224.0000	0.0128	3.0467
270.0000	224.0000	0.0126	2.9410
271.0000	224.0000	0.0124	2.8861
272.0000	224.0000	0.0130	2.9187
273.0000	224.0000	0.0128	3.0011
274.0000	224.0000	0.0125	3.0898
275.0000	224.0000	0.0121	3.1843
276.0000	224.0000	0.0118	3.2843
277.0000	224.0000	0.0115	3.3835
278.0000	224.0000	0.0110	3.4688
279.0000	224.0000	0.0110	3.5311
280.0000	224.0000	0.0106	3.5687
281.0000	224.0000	0.0102	3.5869
282.0000	224.0000	0.0098	3.5899
283.0000	224.0000	0.0093	3.5800
284.0000	224.0000	0.0091	3.4999
285.0000	224.0000	0.0088	3.3395
286.0000	224.0000	0.0084	3.2199
287.0000	224.0000	0.0085	3.0936
288.0000	224.0000	0.0085	2.9749
289.0000	224.0000	0.0083	2.9071
290.0000	224.0000	0.0091	2.9101
291.0000	224.0000	0.0079	2.9771
292.0000	224.0000	0.0076	3.0733
293.0000	224.0000	0.0074	3.1141
294.0000	224.0000	0.0072	3.1273
295.0000	224.0000	0.0070	3.1751
296.0000	224.0000	0.0069	3.2258
297.0000	224.0000	0.0072	3.2756
298.0000	224.0000	0.0069	3.3121
299.0000	224.0000	0.0067	3.3249
300.0000	224.0000	0.0064	3.3142
301.0000	224.0000	0.0065	3.2543
302.0000	224.0000	0.0064	3.2307
303.0000	224.0000	0.0061	3.2145
304.0000	224.0000	0.0059	3.1761
305.0000	224.0000	0.0057	3.1184
306.0000	224.0000	0.0055	3.0578
307.0000	224.0000	0.0053	3.0524
308.0000	224.0000	0.0051	3.1268
309.0000	224.0000	0.0048	3.2098
310.0000	224.0000	0.0045	3.2988
311.0000	224.0000	0.0041	3.3858
312.0000	224.0000	0.0034	3.4572
313.0000	224.0000	0.0029	3.5043
314.0000	224.0000	0.0025	3.5274
315.0000	224.0000	0.0021	3.5322
316.0000	224.0000	0.0017	3.5224
317.0000	224.0000	0.0013	3.5003
318.0000	224.0000	0.0010	3.4084
319.0000	224.0000	0.0012	3.2319
320.0000	224.0000	0.0012	3.0480
321.0000	224.0000	0.0012	2.8642
322.0000	224.0000	0.0012	2.7240
323.0000	224.0000	0.0012	2.6593
324.0000	224.0000	0.0012	2.6588
325.0000	224.0000	0.0030	2.6467
326.0000	224.0000	0.0063	2.6445
327.0000	224.0000	0.0063	2.6447
328.0000	224.0000	0.0063	2.6448
329.0000	224.0000	0.0063	2.6448
330.0000	224.0000	0.0063	2.6448
331.0000	224.0000	0.0063	2.6448
332.0000	224.0000	0.0063	2.6448
333.0000	224.0000	0.0063	2.6466
334.0000	224.0000	0.0062	2.6547
335.0000	224.0000	0.0062	2.6706
336.0000	224.0000	0.0061	2.6939
337.0000	224.0000	0.0059	2.7240
338.0000	224.0000	0.0058	2.7615
339.0000	224.0000	0.0056	2.8059
340.0000	224.0000	0.0054	2.8571
341.0000	224.0000	0.0052	2.9148
342.0000	224.0000	0.0050	2.9789
343.0000	224.0000	0.0047	3.0487
344.0000	224.0000	0.0044	3.1226
345.0000	224.0000	0.0041	3.2025
346.0000	224.0000	0.0044	3.2839
347.0000	224.0000	0.0061	3.3555
348.0000	224.0000	0.0058	3.4013
349.0000	224.0000	0.0055	3.4227
350.0000	224.0000	0.0052	3.4264
351.0000	224.0000	0.0049	3.4146
352.0000	224.0000	0.0046	3.3893
353.0000	224.0000	0.0044	3.3537
354.0000	224.0000	0.0041	3.3103
355.0000	224.0000	0.0038	3.2597
356.0000	224.0000	0.0036	3.2068
357.0000	224.0000	0.0034	3.1727
358.0000	224.0000	0.0032	3.1354
359.0000	224.0000	0.0030	3.0955
360.0000	224.0000	0.0029	3.0960
361.0000	224.0000	0.0024	3.1686
362.0000	224.0000	0.0024	3.3390
363.0000	224.0000	0.0007	3.5066
364.0000	224.0000	0.0010	3.6515
365.0000	224.0000	0.0011	3.7687
366.0000	224.0000	0.0015	3.8766
367.0000	224.0000	0.0007	4.0545
368.0000	224.0000	0.0018	4.2342
369.0000	224.0000	0.0023	4.3833
370.0000	224.0000	0.0030	4.5175
371.0000	224.0000	0.0039	4.6412
372.0000	224.0000	0.0049	4.8092
373.0000	224.0000	0.0059	4.9755
374.0000	224.0000	0.0074	5.1202
375.0000	224.0000	0.0091	5.2539
376.0000	224.0000	0.0111	5.4026
377.0000	224.0000	0.0131	5.5444
378.0000	224.0000	0.0154	5.6657
379.0000	224.0000	0.0182	5.7771
380.0000	224.0000	0.0210	5.8723
381.0000	224.0000	0.0232	5.8771
382.0000	224.0000	0.0232	5.7054
383.0000	224.0000	0.0232	5.5141
384.0000	224.0000	0.0233	5.3063
385.0000	224.0000	0.0234	5.0893
386.0000	224.0000	0.0234	4.8715
387.0000	224.0000	0.0233	4.6511
388.0000	224.0000	0.0233	4.4246
389.0000	224.0000	0.0232	4.1940
390.0000	224.0000	0.0231	3.9623
391.0000	224.0000	0.0229	3.7280
392.0000	224.0000	0.0227	3.4931
393.0000	224.0000	0.0225	3.2757
394.0000	224.0000	0.0222	3.0532
395.0000	224.0000	0.0219	2.8256
396.0000	224.0000	0.0216	2.6352
397.0000	224.0000	0.0214	2.5144
398.0000	224.0000	0.0217	2.4790
399.0000	224.0000	0.0217	2.4794
400.0000	224.0000	0.0217	2.4799
401.0000	224.0000	0.0217	2.4801
402.0000	224.0000	0.0217	2.4814
403.0000	224.0000	0.0217	2.4814
404.0000	224.0000	0.0217	2.4815
405.0000	224.0000	0.0217	2.4815
406.0000	224.0000	0.0217	2.4815
407.0000	224.0000	0.0217	2.4815
408.0000	224.0000	0.0217	2.4815
409.0000	224.0000	0.0217	2.4815
410.0000	224.0000	0.0217	2.4815
411.0000	224.0000	0.0217	2.4815
412.0000	224.0000	0.0217	2.4815
413.0000	224.0000	0.0217	2.4815
414.0000	224.0000	0.0217	2.4815
415.0000	224.0000	0.0217	2.4815
416.0000	224.0000	0.0217	2.4815
417.0000	224.0000	0.0217	2.4811
418.0000	224.0000	0.0215	2.4840
419.0000	224.0000	0.0217	2.4927
420.0000	224.0000	0.0220	2.5092
421.0000	224.0000	0.0223	2.5327
422.0000	224.0000	0.0226	2.5627
423.0000	224.0000	0.0231	2.5997
424.0000	224.0000	0.0237	2.6434
425.0000	224.0000	0.0243	2.6942
426.0000	224.0000	0.0251	2.7518
427.0000	224.0000	0.0260	2.8158
428.0000	224.0000	0.0270	2.8841
429.0000	224.0000	0.0280	2.9577
430.0000	224.0000	0.0292	3.0374
431.0000	224.0000	0.0305	3.1231
432.0000	224.0000	0.0309	3.1565
433.0000	224.0000	0.0313	3.1778
434.0000	224.0000	0.0325	3.2176
435.0000	224.0000	0.0320	3.2436
436.0000	224.0000	0.0325	3.2446
437.0000	224.0000	0.0333	3.2211
438.0000	224.0000	0.0342	3.1799
439.0000	224.0000	0.0352	3.1246
440.0000	224.0000	0.0362	3.0672
441.0000	224.0000	0.0375	3.0318
442.0000	224.0000	0.0391	3.0052
443.0000	224.0000	0.0412	3.0613
444.0000	224.0000	0.0437	3.1619
445.0000	224.0000	0.0466	3.2684
446.0000	224.0000	0.0493	3.3716
447.0000	224.0000	0.0527	3.4594
448.0000	224.0000	0.0568	3.5190
449.0000	224.0000	0.0590	3.4938
450.0000	224.0000	0.0590	3.3941
451.0000	224.0000	0.0610	3.3181
452.0000	224.0000	0.0628	3.2276
453.0000	224.0000	0.0645	3.1282
454.0000	224.0000	0.0671	3.0331
455.0000	224.0000	0.0703	2.9642
456.0000	224.0000	0.0707	2.8428
457.0000	224.0000	0.0714	2.7093
458.0000	224.0000	0.0728	2.6052
459.0000	224.0000	0.0743	2.4972
460.0000	224.0000	0.0766	2.3874
461.0000	224.0000	0.0789	2.3204
462.0000	224.0000	0.0823	2.3401
463.0000	224.0000	0.0863	2.4036
464.0000	224.0000	0.0903	2.4700
465.0000	224.0000	0.0955	2.5398
466.0000	224.0000	0.1009	2.6001
467.0000	224.0000	0.1045	2.6408
468.0000	224.0000	0.1107	2.6953
469.0000	224.0000	0.1166	2.7728
470.0000	224.0000	0.1244	2.8563
471.0000	224.0000	0.1327	2.9455
472.0000	224.0000	0.1410	3.0406
473.0000	224.0000	0.1517	3.1411
474.0000	224.0000	0.1631	3.2471
475.0000	224.0000	0.1749	3.3534
476.0000	224.0000	0.1794	3.3837
477.0000	224.0000	0.1775	3.3301
478.0000	224.0000	0.1774	3.2489
479.0000	224.0000	0.1771	3.1516
480.0000	224.0000	0.1788	3.1425
481.0000	224.0000	0.1787	3.1430
482.0000	224.0000	0.1779	3.1297
483.0000	224.0000	0.1738	3.1273
484.0000	224.0000	0.1738	3.1259
485.0000	224.0000	0.1742	3.1291
486.0000	224.0000	0.1754	3.1372
487.0000	224.0000	0.1774	3.1530
488.0000	224.0000	0.1804	3.1761
489.0000	224.0000	0.1853	3.1945
490.0000	224.0000	0.1900	3.1979
491.0000	224.0000	0.1948	3.1761
492.0000	224.0000	0.2003	3.1321
493.0000	224.0000	0.2073	3.0842
494.0000	224.0000	0.2147	3.1193
495.0000	224.0000	0.2173	3.1392
496.0000	224.0000	0.2170	3.1400
497.0000	224.0000	0.2175	3.1419
498.0000	224.0000	0.2204	3.1595
499.0000	224.0000	0.2240	3.1838
500.0000	224.0000	0.2283	3.2149
501.0000	224.0000	0.2329	3.2477
502.0000	224.0000	0.2396	3.2692
503.0000	224.0000	0.2469	3.2685
504.0000	224.0000	0.2556	3.2441
505.0000	224.0000	0.2638	3.1987
506.0000	224.0000	0.2742	3.1436
507.0000	224.0000	0.2847	3.1457
508.0000	224.0000	0.2990	3.2246
509.0000	224.0000	0.3142	3.3103
510.0000	224.0000	0.3308	3.3912
511.0000	224.0000	0.3480	3.4566
512.0000	224.0000	0.3680	3.4934
513.0000	224.0000	0.3885	3.5070
514.0000	224.0000	0.4107	3.5028
515.0000	224.0000	0.4345	3.4906
516.0000	224.0000	0.4605	3.4949
517.0000	224.0000	0.4884	3.4930
518.0000	224.0000	0.5182	3.4864
519.0000	224.0000	0.5527	3.5246
520.0000	224.0000	0.5873	3.6562
521.0000	224.0000	0.6267	3.8002
522.0000	224.0000	0.6679	3.9485
523.0000	224.0000	0.7142	4.0988
524.0000	224.0000	0.7589	4.2530
525.0000	224.0000	0.8158	4.4204
526.0000	224.0000	0.8699	4.5942
527.0000	224.0000	0.9343	4.7691
528.0000	224.0000	0.9955	4.9508
529.0000	224.0000	1.0680	5.1332
530.0000	224.0000	1.1400	5.3207
531.0000	224.0000	1.2185	5.5091
532.0000	224.0000	1.2965	5.7023
533.0000	224.0000	1.3907	5.9052
534.0000	224.0000	1.4848	6.1140
535.0000	224.0000	1.5877	6.3241
536.0000	224.0000	1.6936	6.5382
537.0000	224.0000	1.8072	6.7536
538.0000	224.0000	1.9250	6.9720
539.0000	224.0000	2.0539	7.1892
540.0000	224.0000	2.1805	7.4127
541.0000	224.0000	2.3182	7.6300
542.0000	224.0000	2.4668	7.8570
543.0000	224.0000	2.6280	8.0837
544.0000	224.0000	2.7884	8.3170
545.0000	224.0000	2.9645	8.5445
546.0000	224.0000	3.1419	8.7772
547.0000	224.0000	3.3312	9.0059
548.0000	224.0000	3.5199	9.2414
549.0000	224.0000	3.7267	9.4666
550.0000	224.0000	3.9279	9.7028
551.0000	224.0000	4.1461	9.9289
552.0000	224.0000	4.3568	10.1622
553.0000	224.0000	4.5870	10.3913
554.0000	224.0000	4.8181	10.6323
555.0000	224.0000	5.0592	10.8701
556.0000	224.0000	5.3013	11.1136
557.0000	224.0000	5.5500	11.3565
558.0000	224.0000	5.7995	11.6050
559.0000	224.0000	6.0561	11.8520
560.0000	224.0000	6.3137	12.1040
561.0000	224.0000	6.5754	12.3575
562.0000	224.0000	6.8389	12.6149
563.0000	224.0000	7.1057	12.8745
564.0000	224.0000	7.3749	13.1373
565.0000	224.0000	7.6457	13.3983
566.0000	224.0000	7.9163	13.6422
567.0000	224.0000	8.1937	13.8649
568.0000	224.0000	8.4681	14.0682
569.0000	224.0000	8.7421	14.2498
570.0000	224.0000	9.0130	14.4128
571.0000	224.0000	9.2816	14.5568
572.0000	224.0000	9.5439	14.6856
573.0000	224.0000	9.7922	14.8047
574.0000	224.0000	10.0341	14.9073
575.0000	224.0000	10.2500	15.0072
576.0000	161.0000	-4.3488	79.7422
576.0000	224.0000	10.4332	15.1067
577.0000	161.0000	-4.8860	79.4055
577.0000	224.0000	10.5536	15.2245
578.0000	161.0000	-5.6436	79.0361
578.0000	224.0000	10.6181	15.3642
579.0000	161.0000	-6.3494	78.6768
579.0000	224.0000	10.6767	15.5214
580.0000	161.0000	-7.1559	78.3093
580.0000	224.0000	10.7011	15.7053
581.0000	161.0000	-7.7787	77.9762
581.0000	224.0000	10.7547	15.8970
582.0000	161.0000	-8.4506	77.6407
582.0000	224.0000	10.7843	16.1071
583.0000	161.0000	-9.3894	77.2776
583.0000	224.0000	10.7278	16.3646
584.0000	161.0000	-10.1217	76.9405
584.0000	224.0000	10.7188	16.6080
585.0000	161.0000	-11.1344	76.5830
585.0000	224.0000	10.6046	16.9225
586.0000	161.0000	-11.9483	76.2690
586.0000	224.0000	10.5434	17.2170
587.0000	161.0000	-12.9492	75.9502
587.0000	224.0000	10.3989	17.5492
588.0000	161.0000	-14.1525	75.4900
588.0000	224.0000	10.1900	17.9049
589.0000	161.0000	-15.4423	74.9843
589.0000	224.0000	9.9126	18.2638
590.0000	161.0000	-17.1859	74.4090
590.0000	224.0000	9.4986	18.6598
591.0000	161.0000	-18.8365	73.7881
591.0000	224.0000	9.0599	19.0313
592.0000	161.0000	-20.2940	73.1989
592.0000	224.0000	8.6596	19.3907
593.0000	161.0000	-21.4543	72.6854
593.0000	224.0000	8.3041	19.7213
594.0000	161.0000	-22.8681	72.1031
594.0000	224.0000	7.8602	20.0756
595.0000	161.0000	-24.4399	71.3201
595.0000	224.0000	7.3100	20.4300
596.0000	161.0000	-26.2219	70.4179
596.0000	224.0000	6.6689	20.7796
597.0000	161.0000	-28.2340	69.4396
597.0000	224.0000	5.8971	21.1164
598.0000	161.0000	-29.5877	68.6634
598.0000	224.0000	5.3285	21.3993
599.0000	161.0000	-31.2325	67.7303
599.0000	224.0000	4.6048	21.6771
600.0000	161.0000	-32.9514	66.7079
600.0000	224.0000	3.8361	21.9322
601.0000	161.0000	-35.0039	65.4888
601.0000	224.0000	2.8914	22.1613
602.0000	161.0000	-36.3486	64.4864
602.0000	224.0000	2.2008	22.2730
603.0000	161.0000	-37.9328	63.3164
603.0000	224.0000	1.5326	22.1942
604.0000	161.0000	-39.5818	62.0172
604.0000	224.0000	0.8017	22.0733
605.0000	161.0000	-41.5585	60.4509
605.0000	224.0000	-0.0997	21.9422
606.0000	161.0000	-43.4965	58.8127
606.0000	224.0000	-1.0087	21.7655
607.0000	161.0000	-45.2380	57.1500
607.0000	224.0000	-1.8727	21.5408
608.0000	161.0000	-46.9995	55.3800
608.0000	224.0000	-2.7645	21.2761
609.0000	161.0000	-48.2972	53.9168
609.0000	224.0000	-3.4819	21.0097
610.0000	161.0000	-49.4398	52.5358
610.0000	224.0000	-4.1360	20.7285
611.0000	161.0000	-50.4734	51.2293
611.0000	224.0000	-4.7598	20.4583
612.0000	161.0000	-51.3979	49.9963
612.0000	224.0000	-5.3538	20.1909
613.0000	161.0000	-52.1871	48.8873
613.0000	224.0000	-5.8969	19.9542
614.0000	161.0000	-52.9448	47.7843
614.0000	224.0000	-6.4400	19.7015
615.0000	161.0000	-53.6456	46.7039
615.0000	224.0000	-6.9459	19.4289
616.0000	161.0000	-54.1896	45.7538
616.0000	224.0000	-7.3909	19.1441
617.0000	161.0000	-54.6671	44.8418
617.0000	224.0000	-7.8151	18.8412
618.0000	161.0000	-54.9381	44.1329
618.0000	192.0000	-61.4552	51.0788
618.0000	224.0000	-8.1509	18.5469
619.0000	161.0000	-55.2202	43.3833
619.0000	192.0000	-61.7786	50.2901
619.0000	224.0000	-8.5004	18.2225
620.0000	161.0000	-55.4737	42.6399
620.0000	192.0000	-62.0696	49.5109
620.0000	224.0000	-8.8411	17.8819
621.0000	161.0000	-55.5450	42.0911
621.0000	192.0000	-62.1516	48.9520
621.0000	224.0000	-9.1085	17.5452
622.0000	161.0000	-55.5697	41.5846
622.0000	192.0000	-62.1800	48.4418
622.0000	224.0000	-9.3573	17.2076
623.0000	161.0000	-55.6148	41.0634
623.0000	192.0000	-62.2319	47.9139
623.0000	224.0000	-9.5487	16.8322
624.0000	161.0000	-55.6491	40.5519
624.0000	192.0000	-62.2716	47.3973
624.0000	224.0000	-9.5664	16.3641
625.0000	161.0000	-55.5908	40.1474
625.0000	192.0000	-62.2041	47.0016
625.0000	224.0000	-9.6289	15.9452
626.0000	161.0000	-55.5017	39.7762
626.0000	192.0000	-62.1010	46.6439
626.0000	224.0000	-9.7288	15.5571
627.0000	161.0000	-55.4650	39.3540
627.0000	192.0000	-62.0584	46.2273
627.0000	224.0000	-9.8562	15.1730
628.0000	161.0000	-55.4486	38.9057
628.0000	192.0000	-62.0394	45.7816
628.0000	224.0000	-9.9972	14.7884
629.0000	161.0000	-55.3319	38.5807
629.0000	192.0000	-61.9036	45.4748
629.0000	224.0000	-10.0991	14.4165
630.0000	161.0000	-55.0300	38.4860
630.0000	192.0000	-61.5520	45.4272
630.0000	224.0000	-10.1101	14.0705
631.0000	161.0000	-54.4124	38.7827
631.0000	192.0000	-60.8318	45.8190
631.0000	224.0000	-9.9949	13.7839
632.0000	161.0000	-53.6153	39.2721
632.0000	192.0000	-59.9015	46.4275
632.0000	224.0000	-9.8173	13.5224
633.0000	161.0000	-52.5849	40.0006
633.0000	192.0000	-58.6983	47.3043
633.0000	224.0000	-9.5607	13.2941
634.0000	161.0000	-51.3921	40.8542
634.0000	192.0000	-57.3047	48.3215
634.0000	224.0000	-9.2563	13.0733
635.0000	161.0000	-50.0710	41.7734
635.0000	192.0000	-55.7607	49.4118
635.0000	224.0000	-8.9043	12.8427
636.0000	161.0000	-48.5086	42.8612
636.0000	192.0000	-53.9341	50.6895
636.0000	224.0000	-8.4790	12.6223
637.0000	161.0000	-46.9754	43.8112
637.0000	192.0000	-52.1413	51.8131
637.0000	224.0000	-8.0844	12.3643
638.0000	161.0000	-45.2018	44.8911
638.0000	192.0000	-50.0669	53.0794
638.0000	224.0000	-7.6337	12.1135
639.0000	161.0000	-43.3376	45.9319
639.0000	192.0000	-47.8864	54.3001
639.0000	224.0000	-7.1749	11.8418
640.0000	161.0000	-41.2993	47.0028
640.0000	192.0000	-45.5022	55.5499
640.0000	224.0000	-6.6896	11.5682
641.0000	161.0000	-39.6985	47.6477
641.0000	192.0000	-43.6294	56.3232
641.0000	224.0000	-6.3602	11.2577
642.0000	161.0000	-38.7077	47.8172
642.0000	192.0000	-42.4699	56.5671
642.0000	224.0000	-6.2197	10.9108
643.0000	161.0000	-37.4774	48.1637
643.0000	192.0000	-41.0291	57.0012
643.0000	224.0000	-5.9729	10.5734
644.0000	161.0000	-36.2638	48.4952
644.0000	192.0000	-39.6074	57.4134
644.0000	224.0000	-5.6589	10.1892
645.0000	161.0000	-35.4388	48.5952
645.0000	192.0000	-38.6406	57.5653
645.0000	224.0000	-5.4538	9.8184
646.0000	161.0000	-35.0487	48.4614
646.0000	192.0000	-38.1832	57.4551
646.0000	224.0000	-5.4078	9.5119
647.0000	161.0000	-34.5809	48.3992
647.0000	192.0000	-37.6343	57.4208
647.0000	224.0000	-5.3450	9.2366
648.0000	161.0000	-33.5699	48.6888
648.0000	192.0000	-36.4475	57.7681
648.0000	224.0000	-5.1566	9.0222
649.0000	161.0000	-32.6439	48.9055
649.0000	192.0000	-35.3606	58.0343
649.0000	224.0000	-4.9946	8.8059
650.0000	161.0000	-31.7373	49.1023
650.0000	192.0000	-34.2962	58.2766
650.0000	224.0000	-4.8463	8.5994
651.0000	161.0000	-30.8041	49.3058
651.0000	192.0000	-33.2003	58.5239
651.0000	224.0000	-4.6990	8.4066
652.0000	161.0000	-29.8605	49.5017
652.0000	192.0000	-32.0922	58.7610
652.0000	224.0000	-4.5563	8.2219
653.0000	161.0000	-28.8990	49.6917
653.0000	192.0000	-30.9630	58.9899
653.0000	224.0000	-4.4168	8.0436
654.0000	161.0000	-27.8310	49.9212
654.0000	192.0000	-29.7085	59.2588
654.0000	224.0000	-4.2600	7.8798
655.0000	161.0000	-26.8637	50.0783
655.0000	192.0000	-28.5724	59.4483
655.0000	224.0000	-4.1307	7.7113
656.0000	161.0000	-25.7914	50.2774
656.0000	192.0000	-27.3129	59.6795
656.0000	224.0000	-3.9856	7.5632
657.0000	161.0000	-25.0523	50.3260
657.0000	192.0000	-26.4447	59.7481
657.0000	224.0000	-3.9139	7.4191
658.0000	161.0000	-24.1850	50.4277
658.0000	192.0000	-25.4259	59.8710
658.0000	224.0000	-3.8206	7.2941
659.0000	161.0000	-23.2586	50.5472
659.0000	192.0000	-24.3370	60.0075
659.0000	224.0000	-3.7204	7.1792
660.0000	161.0000	-22.4513	50.6069
660.0000	192.0000	-23.3891	60.0806
660.0000	224.0000	-3.6463	7.0679
661.0000	161.0000	-21.6243	50.6678
661.0000	192.0000	-22.4171	60.1543
661.0000	224.0000	-3.5736	6.9665
662.0000	161.0000	-20.8125	50.7149
662.0000	192.0000	-21.4632	60.2122
662.0000	224.0000	-3.5056	6.8740
663.0000	161.0000	-19.9455	50.7748
663.0000	192.0000	-20.4447	60.2811
663.0000	224.0000	-3.4316	6.7914
664.0000	161.0000	-19.1601	50.7951
664.0000	192.0000	-19.5220	60.3076
664.0000	224.0000	-3.3738	6.7088
665.0000	161.0000	-18.3031	50.8316
665.0000	192.0000	-18.5153	60.3486
665.0000	224.0000	-3.3124	6.6482
666.0000	161.0000	-17.4711	50.8490
666.0000	192.0000	-17.5379	60.3681
666.0000	224.0000	-3.2597	6.5920
667.0000	161.0000	-16.7438	50.8233
667.0000	192.0000	-16.6834	60.3425
667.0000	224.0000	-3.2284	6.5357
668.0000	161.0000	-15.8918	50.8259
668.0000	192.0000	-15.6824	60.3430
668.0000	224.0000	-3.1775	6.4919
669.0000	161.0000	-15.0705	50.8084
669.0000	192.0000	-14.7175	60.3213
669.0000	224.0000	-3.1351	6.4513
670.0000	161.0000	-14.3114	50.7842
670.0000	192.0000	-13.8258	60.2882
670.0000	224.0000	-3.1047	6.4309
671.0000	161.0000	-13.5769	50.7378
671.0000	192.0000	-12.9618	60.2336
671.0000	224.0000	-3.0812	6.4076
672.0000	161.0000	-12.7630	50.6899
672.0000	192.0000	-12.0064	60.1749
672.0000	224.0000	-3.0452	6.3826
673.0000	161.0000	-12.0144	50.6140
673.0000	192.0000	-11.1274	60.0876
673.0000	224.0000	-3.0290	6.3656
674.0000	161.0000	-11.2342	50.5410
674.0000	192.0000	-10.2110	60.0007
674.0000	224.0000	-3.0105	6.3607
675.0000	161.0000	-10.4691	50.4551
675.0000	192.0000	-9.3122	59.8994
675.0000	224.0000	-2.9928	6.3628
676.0000	161.0000	-9.7339	50.3501
676.0000	192.0000	-8.4483	59.7777
676.0000	224.0000	-2.9866	6.3618
677.0000	161.0000	-8.9834	50.2463
677.0000	192.0000	-7.5667	59.6551
677.0000	224.0000	-2.9752	6.3770
678.0000	161.0000	-8.3906	50.1557
678.0000	192.0000	-6.8705	59.5483
678.0000	224.0000	-2.9965	6.4341
679.0000	161.0000	-7.9917	50.0881
679.0000	192.0000	-6.4020	59.4691
679.0000	224.0000	-3.0543	6.5435
680.0000	161.0000	-7.6031	50.0185
680.0000	192.0000	-5.9455	59.3878
680.0000	224.0000	-3.1174	6.6572
681.0000	161.0000	-7.1613	49.9352
681.0000	192.0000	-5.4265	59.2906
681.0000	224.0000	-3.1696	6.7571
682.0000	161.0000	-6.6401	49.8364
682.0000	192.0000	-4.8143	59.1745
682.0000	224.0000	-3.2142	6.8514
683.0000	161.0000	-6.0619	49.7155
683.0000	192.0000	-4.1351	59.0334
683.0000	224.0000	-3.2519	6.9310
684.0000	161.0000	-5.4492	49.5778
684.0000	192.0000	-3.4153	58.8728
684.0000	224.0000	-3.2381	6.9366
685.0000	161.0000	-4.9378	49.4559
685.0000	192.0000	-2.8147	58.7308
685.0000	224.0000	-3.1733	6.8587
686.0000	136.0000	15.1043	78.5336
686.0000	161.0000	-4.6170	49.3798
686.0000	192.0000	-2.4379	58.6416
686.0000	224.0000	-3.1569	6.8507
687.0000	136.0000	15.2348	78.4913
687.0000	161.0000	-4.5332	49.3695
687.0000	192.0000	-2.3392	58.6278
687.0000	224.0000	-3.1992	6.9298
688.0000	136.0000	15.2950	78.4665
688.0000	161.0000	-4.4943	49.3586
688.0000	192.0000	-2.2935	58.6154
688.0000	224.0000	-3.2541	7.0172
689.0000	136.0000	15.5110	78.3828
689.0000	161.0000	-4.3548	49.3266
689.0000	192.0000	-2.1297	58.5776
689.0000	224.0000	-3.2929	7.0861
690.0000	136.0000	15.8791	78.2361
690.0000	161.0000	-4.1170	49.2691
690.0000	192.0000	-1.8503	58.5101
690.0000	224.0000	-3.3142	7.1342
691.0000	136.0000	16.3650	78.0355
691.0000	161.0000	-3.8028	49.1877
691.0000	192.0000	-1.4813	58.4151
691.0000	224.0000	-3.3221	7.1610
692.0000	136.0000	16.9559	77.7833
692.0000	161.0000	-3.4204	49.0824
692.0000	192.0000	-1.0321	58.2927
692.0000	224.0000	-3.3101	7.1587
693.0000	136.0000	17.6430	77.4800
693.0000	161.0000	-2.9753	48.9524
693.0000	192.0000	-0.5092	58.1422
693.0000	224.0000	-3.2848	7.1337
694.0000	136.0000	18.4568	77.1165
694.0000	161.0000	-2.4473	48.7977
694.0000	192.0000	0.1111	57.9622
694.0000	224.0000	-3.2460	7.0937
695.0000	136.0000	19.3545	76.6992
695.0000	161.0000	-1.8640	48.6151
695.0000	192.0000	0.7964	57.7506
695.0000	224.0000	-3.1977	7.0377
696.0000	136.0000	20.3386	76.2243
696.0000	161.0000	-1.2234	48.4031
696.0000	192.0000	1.5491	57.5052
696.0000	224.0000	-3.1395	6.9637
697.0000	136.0000	21.4507	75.6774
697.0000	161.0000	-0.4981	48.1604
697.0000	192.0000	2.4014	57.2228
697.0000	224.0000	-3.0596	6.8631
698.0000	136.0000	22.7055	75.0571
698.0000	161.0000	0.3223	47.8925
698.0000	192.0000	3.3653	56.9077
698.0000	224.0000	-2.9560	6.7470
699.0000	136.0000	23.7164	74.4984
699.0000	161.0000	0.9848	47.6248
699.0000	192.0000	4.1438	56.5999
699.0000	224.0000	-2.8871	6.6351
700.0000	136.0000	24.7653	73.9122
700.0000	161.0000	1.6736	47.3475
700.0000	192.0000	4.9533	56.2793
700.0000	224.0000	-2.8148	6.5291
701.0000	136.0000	25.8412	73.3006
701.0000	161.0000	2.3816	47.0603
701.0000	192.0000	5.7854	55.9455
701.0000	224.0000	-2.7416	6.4275
702.0000	136.0000	26.8824	72.6864
702.0000	161.0000	3.0682	46.7674
702.0000	192.0000	6.5925	55.6055
702.0000	224.0000	-2.6734	6.3323
703.0000	136.0000	27.8634	72.0803
703.0000	161.0000	3.7173	46.4707
703.0000	192.0000	7.3555	55.2625
703.0000	224.0000	-2.6155	6.2414
704.0000	136.0000	28.8849	71.4445
704.0000	161.0000	4.3940	46.1645
704.0000	192.0000	8.1510	54.9063
704.0000	224.0000	-2.5528	6.1582
705.0000	136.0000	29.8392	70.8192
705.0000	161.0000	5.0275	45.8539
705.0000	192.0000	8.8958	54.5470
705.0000	224.0000	-2.5013	6.0766
706.0000	136.0000	30.8323	70.1636
706.0000	161.0000	5.6883	45.5331
706.0000	192.0000	9.6727	54.1735
706.0000	224.0000	-2.4439	6.0010
707.0000	136.0000	31.8005	69.5030
707.0000	161.0000	6.3340	45.2060
707.0000	192.0000	10.4320	53.7932
707.0000	224.0000	-2.3933	5.9308
708.0000	136.0000	32.7214	68.8477
708.0000	161.0000	6.9495	44.8748
708.0000	192.0000	11.1558	53.4094
708.0000	224.0000	-2.3230	5.8126
709.0000	136.0000	33.6763	68.1616
709.0000	161.0000	7.5900	44.5320
709.0000	192.0000	11.9090	53.0101
709.0000	224.0000	-2.1976	5.5975
710.0000	136.0000	34.6090	67.4700
710.0000	161.0000	8.2168	44.1828
710.0000	192.0000	12.6463	52.6039
710.0000	224.0000	-2.0799	5.3829
711.0000	136.0000	35.4978	66.7842
711.0000	161.0000	8.8163	43.8331
711.0000	192.0000	13.3498	52.1952
711.0000	224.0000	-1.9698	5.1649
712.0000	136.0000	36.4193	66.0662
712.0000	161.0000	9.4390	43.4683
712.0000	192.0000	14.0813	51.7699
712.0000	224.0000	-1.8580	4.9487
713.0000	136.0000	37.3196	65.3428
713.0000	161.0000	10.0481	43.0979
713.0000	192.0000	14.7978	51.3378
713.0000	224.0000	-1.7554	4.7443
714.0000	136.0000	38.1768	64.6268
714.0000	161.0000	10.6294	42.7245
714.0000	192.0000	15.4818	50.9042
714.0000	224.0000	-1.6620	4.5442
715.0000	136.0000	39.0651	63.8772
715.0000	161.0000	11.2334	42.3375
715.0000	192.0000	16.1924	50.4529
715.0000	224.0000	-1.5681	4.3498
716.0000	136.0000	39.9329	63.1227
716.0000	161.0000	11.8251	41.9447
716.0000	192.0000	16.8886	49.9952
716.0000	224.0000	-1.4678	4.1303
717.0000	136.0000	40.7590	62.3768
717.0000	161.0000	12.3899	41.5502
717.0000	192.0000	17.5536	49.5380
717.0000	224.0000	-1.3727	3.9045
718.0000	136.0000	41.6146	61.5961
718.0000	161.0000	12.9763	41.1412
718.0000	192.0000	18.2437	49.0610
718.0000	224.0000	-1.2765	3.6788
719.0000	136.0000	42.4507	60.8105
719.0000	161.0000	13.5510	40.7268
719.0000	192.0000	18.9201	48.5780
719.0000	224.0000	-1.1841	3.4515
720.0000	136.0000	43.2365	60.0415
720.0000	161.0000	14.0925	40.3138
720.0000	192.0000	19.5575	48.0985
720.0000	224.0000	-1.0991	3.2233
721.0000	136.0000	43.9996	59.2720
721.0000	161.0000	14.6198	39.8972
721.0000	192.0000	20.1784	47.6155
721.0000	224.0000	-1.0180	2.9927
722.0000	136.0000	44.7089	58.5347
722.0000	161.0000	15.1112	39.4946
722.0000	192.0000	20.7570	47.1492
722.0000	224.0000	-0.9443	2.7698
723.0000	136.0000	45.2457	57.9587
723.0000	161.0000	15.4839	39.1763
723.0000	192.0000	21.1959	46.7816
723.0000	224.0000	-0.8893	2.5920
724.0000	136.0000	45.5637	57.6123
724.0000	161.0000	15.7051	38.9844
724.0000	192.0000	21.4563	46.5601
724.0000	224.0000	-0.8570	2.4853
725.0000	136.0000	45.6308	57.5402
725.0000	161.0000	15.7517	38.9454
725.0000	192.0000	21.5112	46.5147
725.0000	224.0000	-0.8503	2.4644
726.0000	136.0000	45.6298	57.5417
726.0000	161.0000	15.7516	38.9458
726.0000	192.0000	21.5111	46.5152
726.0000	224.0000	-0.8504	2.4648
727.0000	136.0000	45.6297	57.5426
727.0000	161.0000	15.7516	38.9463
727.0000	192.0000	21.5110	46.5158
727.0000	224.0000	-0.8510	2.4672
728.0000	136.0000	45.6296	57.5431
728.0000	161.0000	15.7515	38.9466
728.0000	192.0000	21.5110	46.5161
728.0000	224.0000	-0.8532	2.4749
729.0000	136.0000	45.6296	57.5434
729.0000	161.0000	15.7515	38.9467
729.0000	192.0000	21.5110	46.5162
729.0000	224.0000	-0.8567	2.4870
730.0000	136.0000	45.6290	57.5439
730.0000	161.0000	15.7511	38.9469
730.0000	192.0000	21.5105	46.5165
730.0000	224.0000	-0.8628	2.5084
731.0000	136.0000	45.6300	57.5429
731.0000	161.0000	15.7518	38.9463
731.0000	192.0000	21.5114	46.5159
731.0000	224.0000	-0.8712	2.5370
732.0000	136.0000	45.6300	57.5429
732.0000	161.0000	15.7536	38.9487
732.0000	192.0000	21.5114	46.5159
732.0000	224.0000	-0.8815	2.5729
733.0000	136.0000	45.6300	57.5429
733.0000	161.0000	15.7540	38.9483
733.0000	192.0000	21.5114	46.5159
733.0000	224.0000	-0.8938	2.6156
734.0000	136.0000	45.6300	57.5429
734.0000	161.0000	15.7570	38.9503
734.0000	192.0000	21.5114	46.5159
734.0000	224.0000	-0.9084	2.6647
735.0000	136.0000	45.6300	57.5429
735.0000	161.0000	15.7628	38.9573
735.0000	192.0000	21.5114	46.5159
735.0000	224.0000	-0.9246	2.7202
736.0000	136.0000	45.6300	57.5429
736.0000	161.0000	15.7615	38.9575
736.0000	192.0000	21.5114	46.5159
736.0000	224.0000	-0.9428	2.7804
737.0000	136.0000	45.6301	57.5428
737.0000	161.0000	15.7613	38.9579
737.0000	192.0000	21.5114	46.5159
737.0000	224.0000	-0.9625	2.8448
738.0000	136.0000	45.6289	57.5436
738.0000	161.0000	15.7617	38.9580
738.0000	192.0000	21.5114	46.5159
738.0000	224.0000	-0.9837	2.9153
739.0000	136.0000	45.6282	57.5442
739.0000	161.0000	15.7622	38.9579
739.0000	192.0000	21.5114	46.5159
739.0000	224.0000	-1.0077	2.9914
740.0000	136.0000	45.6274	57.5447
740.0000	161.0000	15.7625	38.9578
740.0000	192.0000	21.5114	46.5159
740.0000	224.0000	-1.0335	3.0733
741.0000	136.0000	45.6245	57.5467
741.0000	161.0000	15.7625	38.9577
741.0000	192.0000	21.5114	46.5159
741.0000	224.0000	-1.0615	3.1606
742.0000	136.0000	45.6245	57.5468
742.0000	161.0000	15.7625	38.9577
742.0000	192.0000	21.5114	46.5159
742.0000	224.0000	-1.0917	3.2533
743.0000	136.0000	45.6239	57.5473
743.0000	161.0000	15.7621	38.9579
743.0000	192.0000	21.5109	46.5161
743.0000	224.0000	-1.1241	3.3512
744.0000	136.0000	45.6419	57.5291
744.0000	161.0000	15.7747	38.9485
744.0000	192.0000	21.5257	46.5051
744.0000	224.0000	-1.1567	3.4498
745.0000	136.0000	45.7086	57.4576
745.0000	161.0000	15.8211	38.9095
745.0000	192.0000	21.5805	46.4598
745.0000	224.0000	-1.1856	3.5373
746.0000	136.0000	45.8616	57.2923
746.0000	161.0000	15.9295	38.8214
746.0000	192.0000	21.7060	46.3548
746.0000	224.0000	-1.2072	3.6020
747.0000	136.0000	46.0956	57.0342
747.0000	161.0000	16.0986	38.6850
747.0000	192.0000	21.8981	46.1898
747.0000	224.0000	-1.2197	3.6430
748.0000	136.0000	46.3878	56.7054
748.0000	161.0000	16.3029	38.5007
748.0000	192.0000	22.1394	45.9774
748.0000	224.0000	-1.2272	3.6656
749.0000	136.0000	46.7227	56.3191
749.0000	161.0000	16.5419	38.2807
749.0000	192.0000	22.4211	45.7238
749.0000	224.0000	-1.2309	3.6721
750.0000	136.0000	47.1176	55.8594
750.0000	161.0000	16.8183	38.0211
750.0000	192.0000	22.7463	45.4249
750.0000	224.0000	-1.2283	3.6620
751.0000	136.0000	47.5420	55.3566
751.0000	161.0000	17.1159	37.7361
751.0000	192.0000	23.0966	45.0971
751.0000	224.0000	-1.2249	3.6425
752.0000	136.0000	47.9254	54.8921
752.0000	161.0000	17.3852	37.4705
752.0000	192.0000	23.4137	44.7923
752.0000	224.0000	-1.2261	3.6377
753.0000	136.0000	48.3334	54.3923
753.0000	161.0000	17.6721	37.1848
753.0000	192.0000	23.7517	44.4643
753.0000	224.0000	-1.2273	3.6274
754.0000	136.0000	48.7773	53.8394
754.0000	161.0000	17.9847	36.8680
754.0000	192.0000	24.1200	44.1006
754.0000	224.0000	-1.2243	3.6051
755.0000	136.0000	49.2472	53.2428
755.0000	161.0000	18.3180	36.5275
755.0000	192.0000	24.5107	43.7070
755.0000	224.0000	-1.2173	3.5709
756.0000	136.0000	49.7315	52.6181
756.0000	161.0000	18.6618	36.1718
756.0000	192.0000	24.9143	43.2945
756.0000	224.0000	-1.2158	3.5453
757.0000	136.0000	50.1736	52.0365
757.0000	161.0000	18.9752	35.8360
757.0000	192.0000	25.2834	42.9095
757.0000	224.0000	-1.2199	3.5390
758.0000	136.0000	50.6308	51.4260
758.0000	161.0000	19.3006	35.4832
758.0000	192.0000	25.6668	42.5044
758.0000	224.0000	-1.2238	3.5301
759.0000	136.0000	51.1320	50.7507
759.0000	161.0000	19.6572	35.0957
759.0000	192.0000	26.0873	42.0581
759.0000	224.0000	-1.2230	3.5120
760.0000	136.0000	51.6344	50.0536
760.0000	161.0000	20.0154	34.6921
760.0000	192.0000	26.5100	41.5943
760.0000	224.0000	-1.2232	3.4884
761.0000	136.0000	52.1442	49.3358
761.0000	161.0000	20.3796	34.2775
761.0000	192.0000	26.9400	41.1171
761.0000	224.0000	-1.2234	3.4671
762.0000	136.0000	52.6081	48.6690
762.0000	161.0000	20.7120	33.8915
762.0000	192.0000	27.3325	40.6730
762.0000	224.0000	-1.2303	3.4649
763.0000	136.0000	53.0996	47.9582
763.0000	161.0000	21.0651	33.4831
763.0000	192.0000	27.7494	40.2016
763.0000	224.0000	-1.2353	3.4599
764.0000	136.0000	53.6011	47.2112
764.0000	161.0000	21.4264	33.0504
764.0000	192.0000	28.1762	39.7031
764.0000	224.0000	-1.2418	3.4572
765.0000	136.0000	54.1078	46.4400
765.0000	161.0000	21.7925	32.6031
765.0000	192.0000	28.6088	39.1877
765.0000	224.0000	-1.2500	3.4541
766.0000	136.0000	54.6196	45.6526
766.0000	161.0000	22.1634	32.1496
766.0000	192.0000	29.0472	38.6636
766.0000	224.0000	-1.2324	3.3886
767.0000	136.0000	55.1136	44.8703
767.0000	161.0000	22.5226	31.6958
767.0000	192.0000	29.4718	38.1400
767.0000	224.0000	-1.1760	3.2157
768.0000	136.0000	55.6314	44.0444
768.0000	161.0000	22.9003	31.2218
768.0000	192.0000	29.9186	37.5908
768.0000	224.0000	-1.1194	3.0487
769.0000	136.0000	56.0433	43.3679
769.0000	161.0000	23.2040	30.8328
769.0000	192.0000	30.2753	37.1384
769.0000	224.0000	-1.0926	2.9517
770.0000	136.0000	56.3079	42.9296
770.0000	161.0000	23.4003	30.5840
770.0000	192.0000	30.5051	36.8461
770.0000	224.0000	-1.0855	2.9238
771.0000	136.0000	56.4043	42.7792
771.0000	161.0000	23.4713	30.5023
771.0000	192.0000	30.5888	36.7498
771.0000	224.0000	-1.1002	2.9741
772.0000	136.0000	56.4042	42.7798
772.0000	161.0000	23.4715	30.5025
772.0000	192.0000	30.5887	36.7502
772.0000	224.0000	-1.1284	3.0560
773.0000	136.0000	56.4041	42.7807
773.0000	161.0000	23.4716	30.5031
773.0000	192.0000	30.5886	36.7507
773.0000	224.0000	-1.1582	3.1395
774.0000	136.0000	56.4040	42.7813
774.0000	161.0000	23.4716	30.5035
774.0000	192.0000	30.5886	36.7511
774.0000	224.0000	-1.1851	3.2151
775.0000	136.0000	56.4036	42.7820
775.0000	161.0000	23.4712	30.5040
775.0000	192.0000	30.5882	36.7515
775.0000	224.0000	-1.2136	3.2930
776.0000	136.0000	56.4220	42.7536
776.0000	161.0000	23.4885	30.4922
776.0000	192.0000	30.6043	36.7334
776.0000	224.0000	-1.2418	3.3705
777.0000	136.0000	56.4723	42.6704
777.0000	161.0000	23.5315	30.4516
777.0000	192.0000	30.6480	36.6781
777.0000	224.0000	-1.2671	3.4377
778.0000	136.0000	56.5895	42.4742
778.0000	161.0000	23.6176	30.3382
778.0000	192.0000	30.7501	36.5474
778.0000	224.0000	-1.2843	3.4811
779.0000	136.0000	56.7744	42.1622
779.0000	161.0000	23.7549	30.1585
779.0000	192.0000	30.9120	36.3390
779.0000	224.0000	-1.2928	3.5004
780.0000	136.0000	57.0061	41.7737
780.0000	161.0000	23.9262	29.9387
780.0000	192.0000	31.1143	36.0824
780.0000	224.0000	-1.2963	3.5114
781.0000	136.0000	57.1261	41.5678
781.0000	161.0000	24.0151	29.8209
781.0000	192.0000	31.2193	35.9453
781.0000	224.0000	-1.3190	3.5677
782.0000	136.0000	57.2553	41.3409
782.0000	161.0000	24.1107	29.6890
782.0000	192.0000	31.3326	35.7925
782.0000	224.0000	-1.3414	3.6212
783.0000	136.0000	57.4501	41.0007
783.0000	161.0000	24.2552	29.4928
783.0000	192.0000	31.5036	35.5649
783.0000	224.0000	-1.3556	3.6534
784.0000	136.0000	57.6944	40.5666
784.0000	161.0000	24.4367	29.2414
784.0000	192.0000	31.7183	35.2735
784.0000	224.0000	-1.3631	3.6653
785.0000	136.0000	57.9660	40.0762
785.0000	161.0000	24.6389	28.9567
785.0000	192.0000	31.9577	34.9438
785.0000	224.0000	-1.3683	3.6667
786.0000	136.0000	58.2195	39.6147
786.0000	161.0000	24.8287	28.6895
786.0000	192.0000	32.1823	34.6337
786.0000	224.0000	-1.3763	3.6830
787.0000	136.0000	58.4852	39.1204
787.0000	161.0000	25.0275	28.4017
787.0000	192.0000	32.4177	34.3003
787.0000	224.0000	-1.3853	3.6925
788.0000	136.0000	58.7982	38.5358
788.0000	161.0000	25.2624	28.0639
788.0000	192.0000	32.6959	33.9079
788.0000	224.0000	-1.3867	3.6896
789.0000	136.0000	59.1205	37.9131
789.0000	161.0000	25.5051	27.6998
789.0000	192.0000	32.9834	33.4864
789.0000	224.0000	-1.3868	3.6754
790.0000	136.0000	59.4740	37.2247
790.0000	161.0000	25.7722	27.3002
790.0000	192.0000	33.2999	33.0224
790.0000	224.0000	-1.3831	3.6538
791.0000	136.0000	59.8367	36.5017
791.0000	161.0000	26.0474	26.8796
791.0000	192.0000	33.6260	32.5341
791.0000	224.0000	-1.3781	3.6286
792.0000	136.0000	60.2108	35.7394
792.0000	161.0000	26.3325	26.4357
792.0000	192.0000	33.9639	32.0186
792.0000	224.0000	-1.3748	3.6100
793.0000	136.0000	60.5922	34.9434
793.0000	161.0000	26.6244	25.9717
793.0000	192.0000	34.3101	31.4797
793.0000	224.0000	-1.3722	3.5883
794.0000	136.0000	60.9770	34.1195
794.0000	161.0000	26.9204	25.4909
794.0000	192.0000	34.6613	30.9211
794.0000	224.0000	-1.3684	3.5660
795.0000	136.0000	61.3802	33.2426
795.0000	161.0000	27.2324	24.9827
795.0000	192.0000	35.0315	30.3288
795.0000	224.0000	-1.3616	3.5444
796.0000	136.0000	61.7643	32.3736
796.0000	161.0000	27.5313	24.4740
796.0000	192.0000	35.3863	29.7377
796.0000	224.0000	-1.3583	3.5224
797.0000	136.0000	62.1674	31.4468
797.0000	161.0000	27.8470	23.9362
797.0000	192.0000	35.7613	29.1104
797.0000	224.0000	-1.3526	3.5016
798.0000	136.0000	62.5465	30.5373
798.0000	161.0000	28.1459	23.4030
798.0000	192.0000	36.1163	28.4902
798.0000	224.0000	-1.3478	3.4804
799.0000	136.0000	62.9247	29.6037
799.0000	161.0000	28.4462	22.8561
799.0000	192.0000	36.4733	27.8535
799.0000	224.0000	-1.3465	3.4631
800.0000	136.0000	63.3119	28.6257
800.0000	161.0000	28.7559	22.2865
800.0000	192.0000	36.8415	27.1886
800.0000	224.0000	-1.3444	3.4577
801.0000	136.0000	63.6728	27.6712
801.0000	161.0000	29.0475	21.7245
801.0000	192.0000	37.1883	26.5344
801.0000	224.0000	-1.3494	3.4534
802.0000	136.0000	64.0455	26.6631
802.0000	161.0000	29.3508	21.1362
802.0000	192.0000	37.5493	25.8471
802.0000	224.0000	-1.3481	3.4546
803.0000	136.0000	64.4059	25.6498
803.0000	161.0000	29.6468	20.5432
803.0000	192.0000	37.9017	25.1546
803.0000	224.0000	-1.3521	3.4576
804.0000	136.0000	64.7432	24.6559
804.0000	161.0000	29.9266	19.9570
804.0000	192.0000	38.2350	24.4712
804.0000	224.0000	-1.3566	3.4649
805.0000	136.0000	65.0875	23.6120
805.0000	161.0000	30.2153	19.3457
805.0000	192.0000	38.5791	23.7565
805.0000	224.0000	-1.3621	3.4749
806.0000	136.0000	65.4037	22.6015
806.0000	161.0000	30.4835	18.7479
806.0000	192.0000	38.8989	23.0594
806.0000	224.0000	-1.3709	3.4885
807.0000	136.0000	65.7256	21.5402
807.0000	161.0000	30.7598	18.1246
807.0000	192.0000	39.2286	22.3304
807.0000	224.0000	-1.3792	3.5046
808.0000	136.0000	66.0325	20.4793
808.0000	161.0000	31.0268	17.4997
808.0000	192.0000	39.5474	21.5996
808.0000	224.0000	-1.3833	3.5239
809.0000	136.0000	66.3162	19.4430
809.0000	161.0000	31.2781	16.8849
809.0000	192.0000	39.8464	20.8816
809.0000	224.0000	-1.4037	3.5523
810.0000	136.0000	66.6017	18.3590
810.0000	161.0000	31.5340	16.2456
810.0000	192.0000	40.1524	20.1333
810.0000	224.0000	-1.4163	3.5891
811.0000	136.0000	66.8606	17.3129
811.0000	161.0000	31.7699	15.6227
811.0000	192.0000	40.4345	19.4061
811.0000	224.0000	-1.4395	3.6272
812.0000	136.0000	67.1201	16.2180
812.0000	161.0000	32.0108	14.9749
812.0000	192.0000	40.7229	18.6477
812.0000	224.0000	-1.4568	3.6718
813.0000	136.0000	67.3639	15.1267
813.0000	161.0000	32.2416	14.3273
813.0000	192.0000	40.9995	17.8897
813.0000	224.0000	-1.4776	3.7198
814.0000	136.0000	67.5858	14.0628
814.0000	161.0000	32.4590	13.6924
814.0000	192.0000	41.2570	17.1467
814.0000	224.0000	-1.5051	3.7703
815.0000	136.0000	67.8066	12.9459
815.0000	161.0000	32.6784	13.0289
815.0000	192.0000	41.5198	16.3693
815.0000	224.0000	-1.5264	3.8260
816.0000	136.0000	68.0124	11.8299
816.0000	161.0000	32.8881	12.3646
816.0000	192.0000	41.7717	15.5911
816.0000	224.0000	-1.5541	3.8840
817.0000	136.0000	68.1825	10.8311
817.0000	161.0000	33.0668	11.7651
817.0000	192.0000	41.9862	14.8903
817.0000	224.0000	-1.5912	3.9630
818.0000	136.0000	68.3535	9.7619
818.0000	161.0000	33.2521	11.1278
818.0000	192.0000	42.2093	14.1430
818.0000	224.0000	-1.6264	4.0412
819.0000	136.0000	68.5115	8.6779
819.0000	161.0000	33.4295	10.4753
819.0000	192.0000	42.4231	13.3801
819.0000	224.0000	-1.6594	4.1072
820.0000	136.0000	68.6659	7.5230
820.0000	161.0000	33.6107	9.7832
820.0000	192.0000	42.6419	12.5691
820.0000	224.0000	-1.6916	4.1790
821.0000	136.0000	68.8034	6.3700
821.0000	161.0000	33.7806	9.0862
821.0000	192.0000	42.8472	11.7543
821.0000	224.0000	-1.6972	4.1694
822.0000	136.0000	68.9433	5.0701
822.0000	161.0000	33.9653	8.3125
822.0000	192.0000	43.0710	10.8440
822.0000	224.0000	-1.6120	4.0254
823.0000	136.0000	69.0435	3.9744
823.0000	161.0000	34.1077	7.6454
823.0000	192.0000	43.2438	10.0651
823.0000	224.0000	-1.5456	3.8569
824.0000	136.0000	69.1338	2.8309
824.0000	161.0000	34.2483	6.9521
824.0000	192.0000	43.4148	9.2538
824.0000	224.0000	-1.4508	3.6258
825.0000	136.0000	69.2156	1.6008
825.0000	161.0000	34.3916	6.2124
825.0000	192.0000	43.5896	8.3849
825.0000	224.0000	-1.3531	3.3931
826.0000	136.0000	69.2743	0.4770
826.0000	161.0000	34.5109	5.5253
826.0000	192.0000	43.7354	7.5822
826.0000	224.0000	-1.2785	3.1840
827.0000	136.0000	69.3190	-0.6532
827.0000	161.0000	34.6225	4.8364
827.0000	192.0000	43.8725	6.7759
827.0000	224.0000	-1.2085	2.9890
828.0000	136.0000	69.3494	-1.7692
828.0000	161.0000	34.7251	4.1590
828.0000	192.0000	43.9989	5.9813
828.0000	224.0000	-1.1430	2.8126
829.0000	136.0000	69.3641	-2.6589
829.0000	161.0000	34.8022	3.6186
829.0000	192.0000	44.0929	5.3471
829.0000	224.0000	-1.0965	2.6853
830.0000	136.0000	69.3690	-3.2015
830.0000	161.0000	34.8462	3.2889
830.0000	192.0000	44.1474	4.9601
830.0000	224.0000	-1.0605	2.5877
831.0000	136.0000	69.3701	-3.3199
831.0000	161.0000	34.8557	3.2161
831.0000	192.0000	44.1591	4.8751
831.0000	224.0000	-1.0520	2.5626
832.0000	136.0000	69.3699	-3.3192
832.0000	161.0000	34.8556	3.2165
832.0000	192.0000	44.1590	4.8755
832.0000	224.0000	-1.0527	2.5640
833.0000	136.0000	69.3697	-3.3183
833.0000	161.0000	34.8555	3.2169
833.0000	192.0000	44.1588	4.8760
833.0000	224.0000	-1.0531	2.5650
834.0000	136.0000	69.3696	-3.3177
834.0000	161.0000	34.8555	3.2172
834.0000	192.0000	44.1588	4.8763
834.0000	224.0000	-1.0534	2.5656
835.0000	136.0000	69.3696	-3.3174
835.0000	161.0000	34.8554	3.2173
835.0000	192.0000	44.1588	4.8765
835.0000	224.0000	-1.0535	2.5658
836.0000	136.0000	69.3695	-3.3173
836.0000	161.0000	34.8554	3.2174
836.0000	192.0000	44.1587	4.8766
836.0000	224.0000	-1.0535	2.5659
837.0000	136.0000	69.3695	-3.3173
837.0000	161.0000	34.8554	3.2174
837.0000	192.0000	44.1587	4.8766
837.0000	224.0000	-1.0535	2.5659
838.0000	136.0000	69.3695	-3.3173
838.0000	161.0000	34.8554	3.2174
838.0000	192.0000	44.1587	4.8766
838.0000	224.0000	-1.0541	2.5681
839.0000	136.0000	69.3695	-3.3174
839.0000	161.0000	34.8554	3.2174
839.0000	192.0000	44.1586	4.8766
839.0000	224.0000	-1.0569	2.5760
840.0000	136.0000	69.3693	-3.3164
840.0000	161.0000	34.8554	3.2174
840.0000	192.0000	44.1604	4.8769
840.0000	224.0000	-1.0601	2.5855
841.0000	136.0000	69.3693	-3.3164
841.0000	161.0000	34.8554	3.2174
841.0000	192.0000	44.1687	4.8786
841.0000	224.0000	-1.0645	2.5986
842.0000	136.0000	69.3693	-3.3164
842.0000	161.0000	34.8554	3.2174
842.0000	192.0000	44.1815	4.8807
842.0000	224.0000	-1.0645	2.5989
843.0000	136.0000	69.3693	-3.3163
843.0000	161.0000	34.8553	3.2174
843.0000	192.0000	44.2043	4.8850
843.0000	224.0000	-1.0652	2.6011
844.0000	136.0000	69.3693	-3.3163
844.0000	161.0000	34.8564	3.2176
844.0000	192.0000	44.2338	4.8905
844.0000	224.0000	-1.0684	2.6105
845.0000	136.0000	69.3693	-3.3163
845.0000	161.0000	34.8563	3.2176
845.0000	192.0000	44.2704	4.8973
845.0000	224.0000	-1.0736	2.6248
846.0000	136.0000	69.3693	-3.3163
846.0000	161.0000	34.8564	3.2176
846.0000	192.0000	44.3139	4.9054
846.0000	224.0000	-1.0818	2.6488
847.0000	136.0000	69.3693	-3.3163
847.0000	161.0000	34.8563	3.2176
847.0000	192.0000	44.3641	4.9147
847.0000	224.0000	-1.0923	2.6797
848.0000	136.0000	69.3693	-3.3163
848.0000	161.0000	34.8563	3.2176
848.0000	192.0000	44.3764	4.9170
848.0000	224.0000	-1.0933	2.6835
849.0000	136.0000	69.3693	-3.3163
849.0000	161.0000	34.8563	3.2176
849.0000	192.0000	44.3770	4.9171
849.0000	224.0000	-1.0933	2.6839
850.0000	136.0000	69.3693	-3.3163
850.0000	161.0000	34.8563	3.2176
850.0000	192.0000	44.3780	4.9173
850.0000	224.0000	-1.0936	2.6844
851.0000	136.0000	69.3693	-3.3163
851.0000	161.0000	34.8563	3.2176
851.0000	192.0000	44.3786	4.9174
851.0000	224.0000	-1.0962	2.6914
852.0000	136.0000	69.3693	-3.3163
852.0000	161.0000	34.8563	3.2176
852.0000	192.0000	44.3847	4.9184
852.0000	224.0000	-1.1012	2.7062
853.0000	136.0000	69.3693	-3.3163
853.0000	161.0000	34.8563	3.2176
853.0000	192.0000	44.3979	4.9207
853.0000	224.0000	-1.1087	2.7272
854.0000	136.0000	69.3693	-3.3163
854.0000	161.0000	34.8563	3.2176
854.0000	192.0000	44.4180	4.9246
854.0000	224.0000	-1.1188	2.7565
855.0000	136.0000	69.3693	-3.3163
855.0000	161.0000	34.8563	3.2176
855.0000	192.0000	44.4468	4.9299
855.0000	224.0000	-1.1316	2.7925
856.0000	136.0000	69.3693	-3.3163
856.0000	161.0000	34.8563	3.2176
856.0000	192.0000	44.4828	4.9366
856.0000	224.0000	-1.1465	2.8352
857.0000	136.0000	69.3693	-3.3163
857.0000	161.0000	34.8563	3.2176
857.0000	192.0000	44.5257	4.9446
857.0000	224.0000	-1.1637	2.8842
858.0000	136.0000	69.3693	-3.3156
858.0000	161.0000	34.8562	3.2180
858.0000	192.0000	44.5753	4.9543
858.0000	224.0000	-1.1837	2.9392
859.0000	136.0000	69.3693	-3.3171
859.0000	161.0000	34.8564	3.2170
859.0000	192.0000	44.6316	4.9636
859.0000	224.0000	-1.2052	2.9984
860.0000	136.0000	69.3693	-3.3171
860.0000	161.0000	34.8564	3.2170
860.0000	192.0000	44.6939	4.9752
860.0000	224.0000	-1.2283	3.0625
861.0000	136.0000	69.3693	-3.3171
861.0000	161.0000	34.8564	3.2170
861.0000	192.0000	44.7622	4.9878
861.0000	224.0000	-1.2543	3.1321
862.0000	136.0000	69.3693	-3.3171
862.0000	161.0000	34.8564	3.2170
862.0000	192.0000	44.8343	5.0012
862.0000	224.0000	-1.2826	3.2074
863.0000	136.0000	69.3693	-3.3164
863.0000	161.0000	34.8563	3.2175
863.0000	192.0000	44.9121	5.0162
863.0000	224.0000	-1.3133	3.2883
864.0000	136.0000	69.3694	-3.3382
864.0000	161.0000	34.8580	3.2041
864.0000	192.0000	44.9437	5.0057
864.0000	224.0000	-1.3448	3.3700
865.0000	136.0000	69.3696	-3.4503
865.0000	161.0000	34.8667	3.1363
865.0000	192.0000	44.9664	4.9272
865.0000	224.0000	-1.3713	3.4405
866.0000	136.0000	69.3697	-3.7014
866.0000	161.0000	34.8868	2.9841
866.0000	192.0000	45.0288	4.7529
866.0000	224.0000	-1.3889	3.4885
867.0000	136.0000	69.3685	-4.0927
867.0000	161.0000	34.9177	2.7467
867.0000	192.0000	45.1079	4.4774
867.0000	224.0000	-1.3972	3.5142
868.0000	136.0000	69.3646	-4.5842
868.0000	161.0000	34.9545	2.4474
868.0000	192.0000	45.2006	4.1291
868.0000	224.0000	-1.3993	3.5232
869.0000	136.0000	69.3565	-5.1682
869.0000	161.0000	34.9997	2.0925
869.0000	192.0000	45.3052	3.7134
869.0000	224.0000	-1.3960	3.5171
870.0000	136.0000	69.3433	-5.8057
870.0000	161.0000	35.0505	1.7042
870.0000	192.0000	45.4178	3.2581
870.0000	224.0000	-1.3911	3.5035
871.0000	136.0000	69.3267	-6.4029
871.0000	161.0000	35.1012	1.3418
871.0000	192.0000	45.5309	2.8330
871.0000	224.0000	-1.3897	3.5060
872.0000	136.0000	69.3039	-7.0524
872.0000	161.0000	35.1576	0.9476
872.0000	192.0000	45.6511	2.3693
872.0000	224.0000	-1.3864	3.5032
873.0000	136.0000	69.2740	-7.7590
873.0000	161.0000	35.2189	0.5159
873.0000	192.0000	45.7240	1.8538
873.0000	224.0000	-1.3815	3.4873
874.0000	136.0000	69.2323	-8.5681
874.0000	161.0000	35.3091	0.0259
874.0000	192.0000	45.7720	1.2602
874.0000	224.0000	-1.3683	3.4604
875.0000	136.0000	69.1808	-9.4183
875.0000	161.0000	35.3376	-0.4989
875.0000	192.0000	45.8176	0.6355
875.0000	224.0000	-1.3552	3.4274
876.0000	136.0000	69.1261	-10.2028
876.0000	161.0000	35.3977	-0.9810
876.0000	192.0000	45.8539	0.0566
876.0000	224.0000	-1.3481	3.4101
877.0000	136.0000	69.0636	-10.9766
877.0000	161.0000	35.4205	-1.4642
877.0000	192.0000	45.8845	-0.5196
877.0000	224.0000	-1.3418	3.3990
878.0000	136.0000	69.0022	-11.6545
878.0000	161.0000	35.4728	-1.8903
878.0000	192.0000	45.9073	-1.0310
878.0000	224.0000	-1.3449	3.4069
879.0000	136.0000	68.9336	-12.3393
879.0000	161.0000	35.5236	-2.3276
879.0000	192.0000	45.9260	-1.5533
879.0000	224.0000	-1.3531	3.4243
880.0000	136.0000	68.8478	-13.1136
880.0000	161.0000	35.5752	-2.8239
880.0000	192.0000	45.9422	-2.1469
880.0000	224.0000	-1.3549	3.4324
881.0000	136.0000	68.7496	-13.9279
881.0000	161.0000	35.6268	-3.3514
881.0000	192.0000	45.9535	-2.7771
881.0000	224.0000	-1.3548	3.4323
882.0000	136.0000	68.6398	-14.7654
882.0000	161.0000	35.6818	-3.8991
882.0000	192.0000	45.9587	-3.4307
882.0000	224.0000	-1.3540	3.4295
883.0000	136.0000	68.5179	-15.6227
883.0000	161.0000	35.7495	-4.4645
883.0000	192.0000	45.9573	-4.1049
883.0000	224.0000	-1.3529	3.4252
884.0000	136.0000	68.3832	-16.5018
884.0000	161.0000	35.8304	-5.0493
884.0000	192.0000	45.9485	-4.8013
884.0000	224.0000	-1.3511	3.4187
885.0000	136.0000	68.2359	-17.3973
885.0000	161.0000	35.9073	-5.6516
885.0000	192.0000	45.9317	-5.5158
885.0000	224.0000	-1.3486	3.4095
886.0000	136.0000	68.0694	-18.3361
886.0000	161.0000	35.9952	-6.2837
886.0000	192.0000	45.9064	-6.2655
886.0000	224.0000	-1.3430	3.4010
887.0000	136.0000	67.8991	-19.2466
887.0000	161.0000	36.0853	-6.9078
887.0000	192.0000	45.8729	-7.0009
887.0000	224.0000	-1.3470	3.4019
888.0000	136.0000	67.7145	-20.1725
888.0000	161.0000	36.0499	-7.5469
888.0000	192.0000	45.8297	-7.7528
888.0000	224.0000	-1.3210	3.3361
889.0000	136.0000	67.5082	-21.1404
889.0000	161.0000	36.0221	-8.2145
889.0000	192.0000	45.7746	-8.5393
889.0000	224.0000	-1.2373	3.1303
890.0000	136.0000	67.2994	-22.0727
890.0000	161.0000	35.9761	-8.8687
890.0000	192.0000	45.7124	-9.3072
890.0000	224.0000	-1.1602	2.9177
891.0000	136.0000	67.1080	-22.8651
891.0000	161.0000	35.9209	-9.4335
891.0000	192.0000	45.6504	-9.9721
891.0000	224.0000	-1.0967	2.7439
892.0000	136.0000	66.9882	-23.3166
892.0000	161.0000	35.8845	-9.7864
892.0000	192.0000	45.6090	-10.3869
892.0000	224.0000	-1.0685	2.6622
893.0000	136.0000	66.9564	-23.3720
893.0000	161.0000	35.8736	-9.8894
893.0000	192.0000	45.5964	-10.5081
893.0000	224.0000	-1.0707	2.6698
894.0000	136.0000	66.9616	-23.2598
894.0000	161.0000	35.8736	-9.8891
894.0000	192.0000	45.5963	-10.5078
894.0000	224.0000	-1.0873	2.7172
895.0000	136.0000	66.9670	-23.1421
895.0000	161.0000	35.8735	-9.8886
895.0000	192.0000	45.5961	-10.5073
895.0000	224.0000	-1.1059	2.7717
896.0000	136.0000	66.9731	-23.0190
896.0000	161.0000	35.8735	-9.8879
896.0000	192.0000	45.5961	-10.5066
896.0000	224.0000	-1.1257	2.8274
897.0000	136.0000	66.9738	-22.9181
897.0000	161.0000	35.8717	-9.9050
897.0000	192.0000	45.5943	-10.5265
897.0000	224.0000	-1.1428	2.8750
898.0000	136.0000	66.9788	-22.7951
898.0000	161.0000	35.8763	-9.9104
898.0000	192.0000	45.5938	-10.5330
898.0000	224.0000	-1.1626	2.9319
899.0000	136.0000	66.9859	-22.6586
899.0000	161.0000	35.8764	-9.9105
899.0000	192.0000	45.5938	-10.5330
899.0000	224.0000	-1.1856	2.9941
900.0000	136.0000	66.9931	-22.5175
900.0000	161.0000	35.8764	-9.9106
900.0000	192.0000	45.5938	-10.5330
900.0000	224.0000	-1.2107	3.0619
901.0000	136.0000	67.0003	-22.3719
901.0000	161.0000	35.8766	-9.9107
901.0000	192.0000	45.5938	-10.5330
901.0000	224.0000	-1.2382	3.1353
902.0000	136.0000	67.0077	-22.2217
902.0000	161.0000	35.8767	-9.9106
902.0000	192.0000	45.5938	-10.5330
902.0000	224.0000	-1.2676	3.2145
903.0000	136.0000	67.0157	-22.0665
903.0000	161.0000	35.8768	-9.9102
903.0000	192.0000	45.5939	-10.5325
903.0000	224.0000	-1.3003	3.2987
904.0000	136.0000	67.0169	-21.9385
904.0000	161.0000	35.8744	-9.9279
904.0000	192.0000	45.5912	-10.5537
904.0000	224.0000	-1.3327	3.3840
905.0000	136.0000	67.0025	-21.8823
905.0000	161.0000	35.8665	-9.9966
905.0000	192.0000	45.5826	-10.6346
905.0000	224.0000	-1.3609	3.4567
906.0000	136.0000	66.9556	-22.0210
906.0000	161.0000	35.8480	-10.1519
906.0000	192.0000	45.5622	-10.8176
906.0000	224.0000	-1.3801	3.5079
907.0000	136.0000	66.8735	-22.3830
907.0000	161.0000	35.8182	-10.3953
907.0000	192.0000	45.5292	-11.1046
907.0000	224.0000	-1.3904	3.5360
908.0000	136.0000	66.7715	-22.7860
908.0000	161.0000	35.7791	-10.7045
908.0000	192.0000	45.4860	-11.4688
908.0000	224.0000	-1.3932	3.5466
909.0000	136.0000	66.6491	-23.2735
909.0000	161.0000	35.7313	-11.0675
909.0000	192.0000	45.4330	-11.8958
909.0000	224.0000	-1.3915	3.5428
910.0000	136.0000	66.5075	-23.8359
910.0000	161.0000	35.6749	-11.4766
910.0000	192.0000	45.3702	-12.3766
910.0000	224.0000	-1.3859	3.5271
911.0000	136.0000	66.3401	-24.4849
911.0000	161.0000	35.6067	-11.9379
911.0000	192.0000	45.2940	-12.9198
911.0000	224.0000	-1.3755	3.5019
912.0000	136.0000	66.1637	-25.1560
912.0000	161.0000	35.5327	-12.4205
912.0000	192.0000	45.2111	-13.4863
912.0000	224.0000	-1.3640	3.4679
913.0000	136.0000	65.9631	-25.8866
913.0000	161.0000	35.4461	-12.9419
913.0000	192.0000	45.1140	-14.1001
913.0000	224.0000	-1.3496	3.4308
914.0000	136.0000	65.7772	-26.5390
914.0000	161.0000	35.3644	-13.4183
914.0000	192.0000	45.0209	-14.6602
914.0000	224.0000	-1.3413	3.4109
915.0000	136.0000	65.5743	-27.2273
915.0000	161.0000	35.2719	-13.9209
915.0000	192.0000	44.9166	-15.2517
915.0000	224.0000	-1.3329	3.3870
916.0000	136.0000	65.3477	-27.9751
916.0000	161.0000	35.1664	-14.4659
916.0000	192.0000	44.7972	-15.8929
916.0000	224.0000	-1.3198	3.3528
917.0000	136.0000	65.1057	-28.7511
917.0000	161.0000	35.0509	-15.0336
917.0000	192.0000	44.6664	-16.5605
917.0000	224.0000	-1.3036	3.3099
918.0000	136.0000	64.8433	-29.5993
918.0000	161.0000	34.9279	-15.6083
918.0000	192.0000	44.5268	-17.2363
918.0000	224.0000	-1.2938	3.2771
919.0000	136.0000	64.5485	-30.5222
919.0000	161.0000	34.7898	-16.2108
919.0000	192.0000	44.3698	-17.9466
919.0000	224.0000	-1.2809	3.2493
920.0000	136.0000	64.2575	-31.3930
920.0000	161.0000	34.6481	-16.8100
920.0000	192.0000	44.2084	-18.6510
920.0000	224.0000	-1.2716	3.2189
921.0000	136.0000	63.9478	-32.2874
921.0000	161.0000	34.4952	-17.4234
921.0000	192.0000	44.0341	-19.3726
921.0000	224.0000	-1.2618	3.1890
922.0000	136.0000	63.6122	-33.2131
922.0000	161.0000	34.3269	-18.0579
922.0000	192.0000	43.8419	-20.1206
922.0000	224.0000	-1.2499	3.1617
923.0000	136.0000	63.2815	-34.1031
923.0000	161.0000	34.1579	-18.6777
923.0000	192.0000	43.6486	-20.8494
923.0000	224.0000	-1.2424	3.1355
924.0000	136.0000	62.9323	-34.9975
924.0000	161.0000	33.9766	-19.3000
924.0000	192.0000	43.4410	-21.5836
924.0000	224.0000	-1.2047	3.0448
925.0000	136.0000	62.6673	-35.6565
925.0000	161.0000	33.8347	-19.7768
925.0000	192.0000	43.2784	-22.1449
925.0000	224.0000	-1.1440	2.8851
926.0000	136.0000	62.5214	-35.9978
926.0000	161.0000	33.7512	-20.0508
926.0000	192.0000	43.1824	-22.4679
926.0000	224.0000	-1.1475	2.8882
927.0000	136.0000	62.5025	-35.9972
927.0000	161.0000	33.7301	-20.1027
927.0000	192.0000	43.1584	-22.5313
927.0000	224.0000	-1.1850	3.0014
928.0000	136.0000	62.5251	-35.9031
928.0000	161.0000	33.7300	-20.1024
928.0000	192.0000	43.1583	-22.5309
928.0000	224.0000	-1.2311	3.1255
929.0000	136.0000	62.5491	-35.8037
929.0000	161.0000	33.7299	-20.1020
929.0000	192.0000	43.1581	-22.5305
929.0000	224.0000	-1.2803	3.2541
930.0000	136.0000	62.5749	-35.6987
930.0000	161.0000	33.7299	-20.1015
930.0000	192.0000	43.1583	-22.5298
930.0000	224.0000	-1.3311	3.3877
931.0000	136.0000	62.5968	-35.6050
931.0000	161.0000	33.7276	-20.1125
931.0000	192.0000	43.1555	-22.5423
931.0000	224.0000	-1.3847	3.5193
932.0000	136.0000	62.6186	-35.5041
932.0000	161.0000	33.7241	-20.1209
932.0000	192.0000	43.1516	-22.5526
932.0000	224.0000	-1.4395	3.6596
933.0000	136.0000	62.6423	-35.3960
933.0000	161.0000	33.7220	-20.1280
933.0000	192.0000	43.1480	-22.5612
933.0000	224.0000	-1.4991	3.8034
934.0000	136.0000	62.6555	-35.3171
934.0000	161.0000	33.7128	-20.1580
934.0000	192.0000	43.1376	-22.5964
934.0000	224.0000	-1.5558	3.9381
935.0000	136.0000	62.6218	-35.3561
935.0000	161.0000	33.6785	-20.2669
935.0000	192.0000	43.0981	-22.7248
935.0000	224.0000	-1.6084	4.0625
936.0000	136.0000	62.5299	-35.5400
936.0000	161.0000	33.6124	-20.4710
936.0000	192.0000	43.0222	-22.9661
936.0000	224.0000	-1.6511	4.1630
937.0000	136.0000	62.3968	-35.8286
937.0000	161.0000	33.5232	-20.7463
937.0000	192.0000	42.9197	-23.2908
937.0000	224.0000	-1.6848	4.2429
938.0000	136.0000	62.2317	-36.1962
938.0000	161.0000	33.4150	-21.0761
938.0000	192.0000	42.7954	-23.6794
938.0000	224.0000	-1.7127	4.3074
939.0000	136.0000	62.0388	-36.6287
939.0000	161.0000	33.2899	-21.4513
939.0000	192.0000	42.6516	-24.1211
939.0000	224.0000	-1.7357	4.3596
940.0000	136.0000	61.8179	-37.1238
940.0000	161.0000	33.1474	-21.8699
940.0000	192.0000	42.4878	-24.6136
940.0000	224.0000	-1.7545	4.3997
941.0000	136.0000	61.5645	-37.6808
941.0000	161.0000	32.9854	-22.3265
941.0000	192.0000	42.3013	-25.1522
941.0000	224.0000	-1.7663	4.4353
942.0000	136.0000	61.3379	-38.1649
942.0000	161.0000	32.8356	-22.7441
942.0000	192.0000	42.1277	-25.6438
942.0000	224.0000	-1.7859	4.4819
943.0000	136.0000	61.0918	-38.6821
943.0000	161.0000	32.6698	-23.1885
943.0000	192.0000	41.9368	-26.1677
943.0000	224.0000	-1.8063	4.5358
944.0000	136.0000	60.8302	-39.2345
944.0000	161.0000	32.4923	-23.6611
944.0000	192.0000	41.7321	-26.7233
944.0000	224.0000	-1.8262	4.5800
945.0000	136.0000	60.5470	-39.8163
945.0000	161.0000	32.2994	-24.1525
945.0000	192.0000	41.5097	-27.3025
945.0000	224.0000	-1.8435	4.6267
946.0000	136.0000	60.3429	-40.2163
946.0000	161.0000	32.1484	-24.5288
946.0000	192.0000	41.3355	-27.7461
946.0000	224.0000	-1.8794	4.7168
947.0000	136.0000	60.2370	-40.4154
947.0000	161.0000	32.0699	-24.7175
947.0000	192.0000	41.2437	-27.9694
947.0000	224.0000	-1.9486	4.8777
948.0000	136.0000	60.1471	-40.6068
948.0000	161.0000	32.0189	-24.8389
948.0000	192.0000	41.1849	-28.1128
948.0000	224.0000	-2.0311	5.0633
949.0000	136.0000	60.0044	-40.9064
949.0000	161.0000	31.9353	-25.0384
949.0000	192.0000	41.0883	-28.3481
949.0000	224.0000	-2.1053	5.2248
950.0000	136.0000	59.8289	-41.2566
950.0000	161.0000	31.8205	-25.3086
950.0000	192.0000	40.9557	-28.6669
950.0000	224.0000	-2.1685	5.3673
951.0000	136.0000	59.6158	-41.6837
951.0000	161.0000	31.6832	-25.6299
951.0000	192.0000	40.7972	-29.0455
951.0000	224.0000	-2.2256	5.4902
952.0000	136.0000	59.3696	-42.1739
952.0000	161.0000	31.5253	-25.9952
952.0000	192.0000	40.6147	-29.4756
952.0000	224.0000	-2.2780	5.6060
953.0000	136.0000	59.0810	-42.7364
953.0000	161.0000	31.3401	-26.4091
953.0000	192.0000	40.4007	-29.9640
953.0000	224.0000	-2.3266	5.7167
954.0000	136.0000	58.7673	-43.3394
954.0000	161.0000	31.1378	-26.8536
954.0000	192.0000	40.1668	-30.4881
954.0000	224.0000	-2.3726	5.8192
955.0000	136.0000	58.4465	-43.9526
955.0000	161.0000	30.9288	-27.3113
955.0000	192.0000	39.9249	-31.0261
955.0000	224.0000	-2.4210	5.9141
956.0000	136.0000	58.0877	-44.6180
956.0000	161.0000	30.6947	-27.8032
956.0000	192.0000	39.6551	-31.6062
956.0000	224.0000	-2.4600	6.0075
957.0000	136.0000	57.6924	-45.3290
957.0000	161.0000	30.4363	-28.3249
957.0000	192.0000	39.3559	-32.2225
957.0000	224.0000	-2.4981	6.0963
958.0000	136.0000	57.3002	-46.0287
958.0000	161.0000	30.1767	-28.8458
958.0000	192.0000	39.0552	-32.8360
958.0000	224.0000	-2.5352	6.1839
959.0000	136.0000	56.8870	-46.7479
959.0000	161.0000	29.9015	-29.3814
959.0000	192.0000	38.7365	-33.4672
959.0000	224.0000	-2.5762	6.2676
960.0000	136.0000	56.4606	-47.4750
960.0000	161.0000	29.6152	-29.9250
960.0000	192.0000	38.4047	-34.1076
960.0000	224.0000	-2.6134	6.3526
961.0000	136.0000	55.9988	-48.2362
961.0000	161.0000	29.3044	-30.4895
961.0000	192.0000	38.0444	-34.7747
961.0000	224.0000	-2.6491	6.4373
962.0000	136.0000	55.5505	-48.9695
962.0000	161.0000	28.9982	-31.0424
962.0000	192.0000	37.6893	-35.4259
962.0000	224.0000	-2.6851	6.5205
963.0000	136.0000	55.0846	-49.7124
963.0000	161.0000	28.6779	-31.6026
963.0000	192.0000	37.3178	-36.0863
963.0000	224.0000	-2.7278	6.6040
964.0000	136.0000	54.5832	-50.4853
964.0000	161.0000	28.3326	-32.1808
964.0000	192.0000	36.9170	-36.7697
964.0000	224.0000	-2.7647	6.6980
965.0000	136.0000	54.0873	-51.2443
965.0000	161.0000	27.9867	-32.7559
965.0000	192.0000	36.5155	-37.4473
965.0000	224.0000	-2.8126	6.7847
966.0000	136.0000	53.5374	-52.0553
966.0000	161.0000	27.6041	-33.3618
966.0000	192.0000	36.0712	-38.1637
966.0000	224.0000	-2.8479	6.8731
967.0000	136.0000	53.0013	-52.8382
967.0000	161.0000	27.2258	-33.9543
967.0000	192.0000	35.6318	-38.8624
967.0000	224.0000	-2.8900	6.9615
968.0000	136.0000	52.4508	-53.6246
968.0000	161.0000	26.8361	-34.5485
968.0000	192.0000	35.1790	-39.5631
968.0000	224.0000	-2.9376	7.0478
969.0000	136.0000	51.8003	-54.5176
969.0000	161.0000	26.3999	-35.1715
969.0000	192.0000	34.6720	-40.3021
969.0000	224.0000	-2.9692	7.1431
970.0000	136.0000	51.1986	-55.3560
970.0000	161.0000	26.0280	-35.7128
970.0000	192.0000	34.2396	-40.9398
970.0000	224.0000	-3.0339	7.2473
971.0000	136.0000	50.5578	-56.2180
971.0000	161.0000	25.6282	-36.2710
971.0000	192.0000	33.7746	-41.5989
971.0000	224.0000	-3.0865	7.3570
972.0000	136.0000	49.8424	-57.1470
972.0000	161.0000	25.1823	-36.8685
972.0000	192.0000	33.2559	-42.3061
972.0000	224.0000	-3.1362	7.4541
973.0000	136.0000	49.0148	-58.1755
973.0000	161.0000	24.6672	-37.5233
973.0000	192.0000	32.6565	-43.0840
973.0000	224.0000	-3.1640	7.5436
974.0000	136.0000	48.2543	-59.1397
974.0000	161.0000	24.1920	-38.1568
974.0000	192.0000	32.1033	-43.8278
974.0000	224.0000	-3.2116	7.6088
975.0000	136.0000	47.5708	-60.0372
975.0000	161.0000	23.7608	-38.7699
975.0000	192.0000	31.6014	-44.5384
975.0000	224.0000	-3.2800	7.6492
976.0000	136.0000	46.9352	-60.8986
976.0000	161.0000	23.3567	-39.3775
976.0000	192.0000	31.1311	-45.2349
976.0000	224.0000	-3.3591	7.6643
977.0000	136.0000	46.5051	-61.6008
977.0000	161.0000	23.0767	-39.9200
977.0000	192.0000	30.8052	-45.8377
977.0000	224.0000	-3.4889	7.6494
978.0000	136.0000	46.1831	-62.2308
978.0000	161.0000	22.8605	-40.4403
978.0000	192.0000	30.5540	-46.4036
978.0000	224.0000	-3.6523	7.6079
979.0000	136.0000	45.9716	-62.7904
979.0000	161.0000	22.7112	-40.9401
979.0000	192.0000	30.3798	-46.9338
979.0000	224.0000	-3.8393	7.5418
980.0000	136.0000	45.8682	-63.2848
980.0000	161.0000	22.6260	-41.4206
980.0000	192.0000	30.2810	-47.4317
980.0000	224.0000	-4.0565	7.4450
981.0000	136.0000	45.9253	-63.6754
981.0000	161.0000	22.6399	-41.8635
981.0000	192.0000	30.2970	-47.8719
981.0000	224.0000	-4.3133	7.3124
982.0000	136.0000	46.0569	-64.0292
982.0000	161.0000	22.6990	-42.3015
982.0000	192.0000	30.3652	-48.2982
982.0000	224.0000	-4.5896	7.1524
983.0000	136.0000	46.1868	-64.4042
983.0000	161.0000	22.7557	-42.7624
983.0000	192.0000	30.4306	-48.7480
983.0000	224.0000	-4.8772	6.9656
984.0000	136.0000	46.3608	-64.7661
984.0000	161.0000	22.8388	-43.2297
984.0000	192.0000	30.5263	-49.1991
984.0000	224.0000	-5.1780	6.7527
985.0000	161.0000	22.8889	-43.7372
985.0000	192.0000	30.5839	-49.6969
985.0000	224.0000	-5.4830	6.5156
986.0000	161.0000	22.9661	-44.2504
986.0000	192.0000	30.6723	-50.1954
986.0000	224.0000	-5.7974	6.2554
987.0000	161.0000	23.2284	-44.6797
987.0000	192.0000	30.9739	-50.5767
987.0000	224.0000	-6.1735	5.9318
988.0000	161.0000	23.7272	-44.9933
988.0000	192.0000	31.5474	-50.7998
988.0000	224.0000	-6.5996	5.5549
989.0000	161.0000	24.4941	-45.1644
989.0000	192.0000	32.4206	-50.8268
989.0000	224.0000	-7.1005	5.0867
990.0000	161.0000	25.4386	-45.2330
990.0000	192.0000	33.4911	-50.7150
990.0000	224.0000	-7.6303	4.5610
991.0000	161.0000	26.4121	-45.2742
991.0000	192.0000	34.5899	-50.5676
991.0000	224.0000	-8.1758	3.9800
992.0000	161.0000	27.4305	-45.2342
992.0000	192.0000	35.7346	-50.3275
992.0000	224.0000	-8.7199	3.4051
993.0000	161.0000	27.8134	-45.5314
993.0000	192.0000	36.1628	-50.5481
993.0000	224.0000	-9.1756	2.9887
994.0000	161.0000	28.0477	-45.8597
994.0000	192.0000	36.4248	-50.8301
994.0000	224.0000	-9.6006	2.6735
995.0000	161.0000	28.4527	-46.0384
995.0000	192.0000	36.8768	-50.9287
995.0000	224.0000	-10.0775	2.3306
996.0000	161.0000	28.8075	-46.2005
996.0000	192.0000	37.2720	-51.0205
996.0000	199.0000	36.5004	71.1599
996.0000	224.0000	-10.5563	2.0394
997.0000	161.0000	29.0522	-46.3956
997.0000	192.0000	37.5442	-51.1670
997.0000	199.0000	36.0721	71.0070
997.0000	224.0000	-11.0327	1.7891
998.0000	161.0000	29.4312	-46.4877
998.0000	192.0000	37.9650	-51.1839
998.0000	199.0000	35.4145	70.9725
998.0000	224.0000	-11.5248	1.5185
999.0000	161.0000	30.0643	-46.4027
999.0000	192.0000	38.6664	-50.9724
999.0000	199.0000	34.3150	71.1331
999.0000	224.0000	-12.0572	1.1383
