18.0000	412.0000	-22.4946	32.4369
19.0000	412.0000	-22.2068	31.6292
20.0000	412.0000	-21.1450	31.5646
21.0000	412.0000	-20.1917	31.6282
22.0000	412.0000	-19.3877	31.6523
23.0000	412.0000	-18.6430	31.6066
24.0000	412.0000	-17.9173	31.5183
25.0000	412.0000	-17.1977	31.4095
26.0000	412.0000	-16.4800	31.2920
27.0000	412.0000	-15.7630	31.1714
28.0000	412.0000	-15.0461	31.0503
29.0000	412.0000	-14.3291	30.9300
30.0000	412.0000	-13.6119	30.8112
31.0000	412.0000	-12.8943	30.6942
32.0000	412.0000	-12.1764	30.5796
33.0000	412.0000	-11.4580	30.4676
34.0000	412.0000	-10.7391	30.3590
35.0000	412.0000	-10.0197	30.2541
36.0000	412.0000	-9.2997	30.1536
37.0000	412.0000	-8.5788	30.0585
38.0000	412.0000	-7.8571	29.9698
39.0000	412.0000	-7.1345	29.8887
40.0000	412.0000	-6.4109	29.8168
41.0000	412.0000	-5.6863	29.7560
42.0000	412.0000	-4.9605	29.7087
43.0000	412.0000	-4.2336	29.6781
44.0000	412.0000	-3.5060	29.6678
45.0000	412.0000	-2.7782	29.6830
46.0000	412.0000	-2.0511	29.7298
47.0000	412.0000	-1.3269	29.8167
48.0000	412.0000	-0.6091	29.9547
49.0000	412.0000	0.0952	30.1591
50.0000	412.0000	0.7106	30.3081
51.0000	412.0000	1.3761	30.4636
52.0000	412.0000	1.5875	31.0528
53.0000	412.0000	1.7573	31.7902
54.0000	412.0000	1.9332	32.4958
55.0000	412.0000	1.9401	33.3451
56.0000	412.0000	1.9508	34.1197
57.0000	412.0000	2.0422	34.8046
58.0000	412.0000	1.9161	34.2853
59.0000	412.0000	1.9927	34.8967
60.0000	412.0000	1.9724	34.7825
61.0000	412.0000	2.2932	34.0464
62.0000	412.0000	2.4851	33.2231
63.0000	412.0000	2.4590	32.3611
64.0000	412.0000	2.1211	31.5572
65.0000	412.0000	1.2465	31.2255
66.0000	412.0000	0.2955	31.3070
67.0000	412.0000	-0.5911	31.4039
68.0000	412.0000	-1.4418	31.4647
69.0000	412.0000	-2.2043	31.4982
70.0000	412.0000	-2.9329	31.5069
71.0000	412.0000	-3.6601	31.5015
72.0000	412.0000	-4.3871	31.4896
73.0000	412.0000	-5.1140	31.4751
74.0000	412.0000	-5.8409	31.4594
75.0000	412.0000	-6.5366	31.4209
76.0000	412.0000	-7.2386	31.3781
77.0000	412.0000	-7.9022	31.3056
78.0000	412.0000	-8.6265	31.1266
79.0000	412.0000	-9.0731	30.9208
80.0000	412.0000	-9.3250	30.6914
81.0000	412.0000	-9.6859	30.8239
82.0000	412.0000	-10.1798	31.1975
83.0000	412.0000	-10.8351	31.4879
84.0000	412.0000	-11.5731	31.6216
85.0000	412.0000	-12.2991	31.7200
86.0000	412.0000	-13.0617	31.7536
87.0000	412.0000	-13.7977	31.7507
88.0000	412.0000	-14.5248	31.7309
89.0000	412.0000	-15.2497	31.6987
90.0000	412.0000	-15.9780	31.6198
91.0000	412.0000	-16.7028	31.5497
92.0000	412.0000	-17.4277	31.4898
93.0000	412.0000	-18.1528	31.4360
94.0000	412.0000	-18.8781	31.3855
95.0000	412.0000	-19.6035	31.3369
96.0000	412.0000	-20.3290	31.2895
97.0000	412.0000	-21.0545	31.2431
98.0000	412.0000	-21.7801	31.1981
99.0000	412.0000	-22.5059	31.1547
100.0000	412.0000	-23.2318	31.1142
101.0000	412.0000	-23.9103	31.0113
102.0000	412.0000	-24.6830	31.0301
104.0000	412.0000	-24.8631	31.0757
361.0000	272.0000	7.3964	39.2386
362.0000	272.0000	7.0863	38.2910
363.0000	272.0000	6.8092	37.3293
364.0000	272.0000	6.5618	36.3551
365.0000	272.0000	6.3454	35.3685
366.0000	272.0000	6.1567	34.3707
367.0000	272.0000	5.9880	33.3634
368.0000	272.0000	5.8416	32.3465
369.0000	272.0000	5.7162	31.3206
370.0000	272.0000	5.6045	30.2872
371.0000	272.0000	5.5087	29.2462
372.0000	272.0000	5.4325	28.1514
373.0000	272.0000	5.3739	27.0599
374.0000	272.0000	5.3274	25.9706
375.0000	272.0000	5.2884	24.9054
376.0000	272.0000	5.2549	23.8935
377.0000	272.0000	5.2246	22.9492
378.0000	272.0000	5.1955	22.0873
379.0000	272.0000	5.1685	21.3294
380.0000	272.0000	5.1386	20.6608
381.0000	272.0000	5.1148	20.0117
382.0000	272.0000	5.1158	19.3542
383.0000	272.0000	5.1262	18.6816
384.0000	272.0000	5.1382	17.9941
385.0000	272.0000	5.1530	17.3023
386.0000	272.0000	5.1641	16.6681
387.0000	272.0000	5.1698	16.1284
388.0000	272.0000	5.1713	15.6108
389.0000	272.0000	5.1838	15.0824
390.0000	272.0000	5.2028	14.5522
391.0000	272.0000	5.2185	14.0847
392.0000	272.0000	5.2254	13.7095
393.0000	272.0000	5.2307	13.3514
394.0000	272.0000	5.2442	12.9949
395.0000	272.0000	5.2586	12.6717
396.0000	272.0000	5.2734	12.3541
397.0000	272.0000	5.2926	12.0515
398.0000	272.0000	5.3053	11.7814
399.0000	272.0000	5.3213	11.5095
400.0000	272.0000	5.3404	11.2467
401.0000	272.0000	5.3576	11.0041
402.0000	272.0000	5.3760	10.7587
403.0000	272.0000	5.3974	10.5167
404.0000	272.0000	5.4154	10.2841
405.0000	272.0000	5.4360	10.0485
406.0000	272.0000	5.4576	9.8120
407.0000	272.0000	5.4779	9.5783
408.0000	272.0000	5.4988	9.3455
409.0000	272.0000	5.5197	9.1132
410.0000	272.0000	5.5403	8.8816
411.0000	272.0000	5.5607	8.6507
412.0000	272.0000	5.5810	8.4205
413.0000	272.0000	5.6015	8.1907
414.0000	272.0000	5.6221	7.9611
415.0000	272.0000	5.6432	7.7317
416.0000	272.0000	5.6645	7.5026
417.0000	272.0000	5.6861	7.2734
418.0000	272.0000	5.7080	7.0443
419.0000	272.0000	5.7302	6.8152
420.0000	272.0000	5.7528	6.6003
421.0000	272.0000	5.7745	6.4604
422.0000	272.0000	5.7946	6.4404
423.0000	272.0000	5.8138	6.4752
424.0000	272.0000	5.8329	6.5103
425.0000	272.0000	5.8519	6.5453
426.0000	272.0000	5.8709	6.5802
427.0000	272.0000	5.8897	6.6152
428.0000	272.0000	5.9085	6.6501
429.0000	272.0000	5.9271	6.6851
430.0000	272.0000	5.9456	6.7201
431.0000	272.0000	5.9641	6.7552
432.0000	272.0000	5.9825	6.7903
433.0000	272.0000	6.0007	6.8255
434.0000	272.0000	6.0189	6.8608
435.0000	272.0000	6.0369	6.8961
436.0000	272.0000	6.0549	6.9315
437.0000	272.0000	6.0728	6.9669
438.0000	272.0000	6.0906	7.0025
439.0000	272.0000	6.1082	7.0381
440.0000	272.0000	6.1258	7.0737
441.0000	272.0000	6.1433	7.1094
442.0000	272.0000	6.1606	7.1452
443.0000	272.0000	6.1779	7.1810
444.0000	272.0000	6.1951	7.2170
445.0000	272.0000	6.2122	7.2529
446.0000	272.0000	6.2292	7.2890
447.0000	272.0000	6.2460	7.3251
448.0000	272.0000	6.2628	7.3613
449.0000	272.0000	6.2795	7.3976
450.0000	272.0000	6.2961	7.4339
451.0000	272.0000	6.3126	7.4703
452.0000	272.0000	6.3289	7.5068
453.0000	272.0000	6.3453	7.5433
454.0000	272.0000	6.3614	7.5799
455.0000	272.0000	6.3775	7.6166
456.0000	272.0000	6.3935	7.6534
457.0000	272.0000	6.4093	7.6902
458.0000	272.0000	6.4251	7.7271
459.0000	272.0000	6.4408	7.7641
460.0000	272.0000	6.4563	7.8012
461.0000	272.0000	6.4718	7.8383
462.0000	272.0000	6.4871	7.8755
463.0000	272.0000	6.5023	7.9128
464.0000	272.0000	6.5175	7.9501
465.0000	272.0000	6.5325	7.9875
466.0000	272.0000	6.5475	8.0250
467.0000	272.0000	6.5623	8.0626
468.0000	272.0000	6.5770	8.1003
469.0000	272.0000	6.5916	8.1380
470.0000	272.0000	6.6065	8.1768
471.0000	272.0000	6.6211	8.2152
472.0000	272.0000	6.6356	8.2536
473.0000	272.0000	6.6499	8.2922
474.0000	272.0000	6.6642	8.3308
475.0000	272.0000	6.6783	8.3695
476.0000	272.0000	6.6923	8.4083
477.0000	272.0000	6.7062	8.4472
478.0000	272.0000	6.7201	8.4861
479.0000	272.0000	6.7337	8.5252
480.0000	272.0000	6.7473	8.5643
481.0000	272.0000	6.7607	8.6035
482.0000	272.0000	6.7740	8.6427
483.0000	272.0000	6.7873	8.6821
484.0000	272.0000	6.8004	8.7215
485.0000	272.0000	6.8133	8.7610
486.0000	272.0000	6.8262	8.8006
487.0000	272.0000	6.8389	8.8403
488.0000	272.0000	6.8515	8.8801
489.0000	272.0000	6.8640	8.9199
490.0000	272.0000	6.8764	8.9599
491.0000	272.0000	6.8887	8.9999
492.0000	272.0000	6.9008	9.0400
493.0000	272.0000	6.9128	9.0801
494.0000	272.0000	6.9249	9.1256
495.0000	272.0000	6.9355	9.1676
496.0000	272.0000	6.9459	9.2103
497.0000	272.0000	6.9562	9.2531
498.0000	272.0000	6.9665	9.2960
499.0000	272.0000	6.9766	9.3389
500.0000	272.0000	6.9866	9.3819
501.0000	272.0000	6.9965	9.4250
502.0000	272.0000	7.0063	9.4681
503.0000	272.0000	7.0159	9.5114
504.0000	272.0000	7.0254	9.5547
505.0000	272.0000	7.0348	9.5981
506.0000	272.0000	7.0440	9.6415
507.0000	272.0000	7.0531	9.6851
508.0000	272.0000	7.0621	9.7288
509.0000	272.0000	7.0709	9.7725
510.0000	272.0000	7.0796	9.8163
511.0000	272.0000	7.0882	9.8602
512.0000	272.0000	7.0965	9.9041
513.0000	272.0000	7.1048	9.9482
514.0000	272.0000	7.1129	9.9923
515.0000	272.0000	7.1208	10.0365
516.0000	272.0000	7.1286	10.0808
517.0000	272.0000	7.1378	10.1297
518.0000	272.0000	7.1477	10.1776
519.0000	272.0000	7.1573	10.2249
520.0000	272.0000	7.1449	10.2978
521.0000	272.0000	7.1310	10.3724
522.0000	272.0000	7.1165	10.4395
523.0000	272.0000	7.1027	10.5048
524.0000	272.0000	7.0897	10.5699
525.0000	272.0000	7.0771	10.6350
526.0000	272.0000	7.0651	10.7002
527.0000	272.0000	7.0534	10.7653
528.0000	272.0000	7.0419	10.8305
529.0000	272.0000	7.0306	10.8957
530.0000	272.0000	7.0195	10.9609
531.0000	272.0000	7.0084	11.0261
532.0000	272.0000	6.9974	11.0913
533.0000	272.0000	6.9865	11.1566
534.0000	272.0000	6.9756	11.2218
535.0000	272.0000	6.9647	11.2871
536.0000	272.0000	6.9539	11.3523
537.0000	272.0000	6.9430	11.4176
538.0000	272.0000	6.9322	11.4828
539.0000	272.0000	6.9215	11.5481
540.0000	272.0000	6.9106	11.6134
541.0000	272.0000	6.8998	11.6786
542.0000	272.0000	6.8890	11.7439
543.0000	272.0000	6.8783	11.8091
544.0000	272.0000	6.8675	11.8744
545.0000	272.0000	6.8567	11.9397
546.0000	272.0000	6.8459	12.0049
547.0000	272.0000	6.8351	12.0702
548.0000	272.0000	6.8243	12.1354
549.0000	272.0000	6.8135	12.2007
550.0000	272.0000	6.8027	12.2660
551.0000	272.0000	6.7919	12.3312
552.0000	272.0000	6.7812	12.3965
553.0000	272.0000	6.7704	12.4618
554.0000	272.0000	6.7596	12.5270
555.0000	272.0000	6.7488	12.5923
556.0000	272.0000	6.7380	12.6575
557.0000	272.0000	6.7272	12.7228
558.0000	272.0000	6.7164	12.7881
559.0000	272.0000	6.7056	12.8533
560.0000	272.0000	6.6948	12.9186
561.0000	272.0000	6.6840	12.9838
562.0000	272.0000	6.6733	13.0491
563.0000	272.0000	6.6625	13.1144
564.0000	272.0000	6.6517	13.1796
565.0000	272.0000	6.6409	13.2449
566.0000	272.0000	6.6301	13.3101
567.0000	272.0000	6.6193	13.3754
568.0000	272.0000	6.6085	13.4407
569.0000	272.0000	6.5977	13.5059
570.0000	272.0000	6.5870	13.5712
571.0000	272.0000	6.5762	13.6365
572.0000	272.0000	6.5654	13.7017
573.0000	272.0000	6.5546	13.7670
574.0000	272.0000	6.5438	13.8322
575.0000	272.0000	6.5330	13.8975
576.0000	272.0000	6.5222	13.9628
577.0000	272.0000	6.5114	14.0280
578.0000	272.0000	6.5006	14.0933
579.0000	272.0000	6.4899	14.1585
580.0000	272.0000	6.4791	14.2238
581.0000	272.0000	6.4683	14.2891
582.0000	272.0000	6.4575	14.3543
583.0000	272.0000	6.4467	14.4196
584.0000	272.0000	6.4359	14.4848
585.0000	272.0000	6.4251	14.5501
586.0000	272.0000	6.4143	14.6154
587.0000	272.0000	6.4035	14.6806
588.0000	272.0000	6.3928	14.7459
589.0000	272.0000	6.3820	14.8111
590.0000	272.0000	6.3712	14.8764
591.0000	272.0000	6.3604	14.9417
592.0000	272.0000	6.3496	15.0069
593.0000	272.0000	6.3388	15.0722
594.0000	272.0000	6.3280	15.1375
595.0000	272.0000	6.3172	15.2030
596.0000	272.0000	6.3074	15.2634
597.0000	272.0000	6.2932	15.3109
598.0000	272.0000	6.2893	15.3370
599.0000	272.0000	6.2858	15.3450
600.0000	272.0000	6.2742	15.3360
601.0000	272.0000	6.2647	15.3060
602.0000	272.0000	6.2571	15.2551
603.0000	272.0000	6.2508	15.1844
604.0000	272.0000	6.2450	15.0942
605.0000	272.0000	6.2407	14.9846
606.0000	272.0000	6.2373	14.8556
607.0000	272.0000	6.2351	14.7074
608.0000	272.0000	6.2344	14.5400
609.0000	272.0000	6.2560	14.3109
610.0000	272.0000	6.2772	14.0812
611.0000	272.0000	6.2996	13.8335
612.0000	272.0000	6.3259	13.5622
613.0000	272.0000	6.3544	13.2740
614.0000	272.0000	6.3838	12.9669
615.0000	272.0000	6.4146	12.6416
616.0000	272.0000	6.4458	12.3029
617.0000	272.0000	6.4788	11.9448
618.0000	272.0000	6.5150	11.5738
619.0000	272.0000	6.5537	11.1842
620.0000	272.0000	6.5967	10.7812
621.0000	272.0000	6.6408	10.3587
622.0000	272.0000	6.6883	9.9238
623.0000	272.0000	6.7408	9.4750
624.0000	272.0000	6.7913	9.0013
625.0000	272.0000	6.8378	8.5024
626.0000	272.0000	6.8820	7.9795
627.0000	272.0000	6.9235	7.4374
628.0000	272.0000	6.9572	6.8748
629.0000	272.0000	6.9839	6.2970
630.0000	272.0000	7.0073	5.7082
631.0000	272.0000	6.9986	5.1401
632.0000	272.0000	6.9869	4.5584
633.0000	272.0000	6.9922	3.9172
634.0000	272.0000	7.0037	3.2673
635.0000	272.0000	7.0171	2.6020
636.0000	272.0000	7.0324	1.9203
637.0000	272.0000	7.0493	1.2225
638.0000	272.0000	7.0693	0.5139
639.0000	272.0000	7.0915	-0.2109
640.0000	272.0000	7.1148	-0.9516
641.0000	272.0000	7.1420	-1.7021
642.0000	272.0000	7.1716	-2.4647
643.0000	272.0000	7.2025	-3.2411
644.0000	272.0000	7.2388	-4.0297
645.0000	272.0000	7.2690	-4.8451
646.0000	272.0000	7.2991	-5.6779
647.0000	272.0000	7.3273	-6.5044
648.0000	272.0000	7.3543	-7.3073
649.0000	272.0000	7.3761	-8.0965
650.0000	272.0000	7.3918	-8.8485
651.0000	272.0000	7.3731	-9.5294
652.0000	272.0000	7.3517	-10.2004
653.0000	272.0000	7.3288	-10.8722
654.0000	272.0000	7.3054	-11.5531
655.0000	272.0000	7.2834	-12.2367
656.0000	272.0000	7.2627	-12.9054
657.0000	272.0000	7.2428	-13.5214
658.0000	272.0000	7.2231	-14.0986
659.0000	272.0000	7.2040	-14.6617
660.0000	272.0000	7.1856	-15.2060
661.0000	272.0000	7.1677	-15.7419
662.0000	272.0000	7.1500	-16.2608
663.0000	272.0000	7.1322	-16.7462
664.0000	272.0000	7.1145	-17.2284
665.0000	272.0000	7.0974	-17.7007
666.0000	272.0000	7.0800	-18.1456
667.0000	272.0000	7.0628	-18.5895
668.0000	272.0000	7.0460	-19.0349
669.0000	272.0000	7.0294	-19.4775
670.0000	272.0000	7.0128	-19.9169
671.0000	272.0000	6.9965	-20.3544
672.0000	272.0000	6.9802	-20.7898
673.0000	272.0000	6.9638	-21.2230
674.0000	272.0000	6.9476	-21.6543
675.0000	272.0000	6.9317	-22.0841
676.0000	272.0000	6.9158	-22.5124
677.0000	272.0000	6.8999	-22.9393
678.0000	272.0000	6.8840	-23.3649
679.0000	272.0000	6.8682	-23.7894
680.0000	272.0000	6.8524	-24.2128
681.0000	272.0000	6.8366	-24.6220
682.0000	272.0000	6.8208	-24.9859
683.0000	272.0000	6.8049	-25.3288
684.0000	272.0000	6.7892	-25.6543
685.0000	272.0000	6.7734	-25.9387
686.0000	272.0000	6.7576	-26.2199
687.0000	272.0000	6.7419	-26.4882
688.0000	272.0000	6.7261	-26.7219
689.0000	272.0000	6.7103	-26.9563
690.0000	272.0000	6.6945	-27.1832
691.0000	272.0000	6.6789	-27.3927
692.0000	272.0000	6.6631	-27.6053
693.0000	272.0000	6.6474	-27.8137
694.0000	272.0000	6.6317	-28.0149
695.0000	272.0000	6.6160	-28.2180
696.0000	272.0000	6.6003	-28.4217
697.0000	272.0000	6.5846	-28.6236
698.0000	272.0000	6.5690	-28.8244
699.0000	272.0000	6.5536	-29.0247
700.0000	272.0000	6.5382	-29.2246
701.0000	272.0000	6.5230	-29.4239
702.0000	272.0000	6.5078	-29.6227
703.0000	272.0000	6.4927	-29.8212
704.0000	272.0000	6.4776	-30.0051
705.0000	272.0000	6.4625	-30.1144
706.0000	272.0000	6.4466	-30.1046
707.0000	272.0000	6.4310	-30.0401
708.0000	272.0000	6.4152	-29.9754
709.0000	272.0000	6.3995	-29.9109
710.0000	272.0000	6.3838	-29.8464
711.0000	272.0000	6.3682	-29.7821
712.0000	272.0000	6.3525	-29.7178
713.0000	272.0000	6.3368	-29.6535
714.0000	272.0000	6.3211	-29.5892
715.0000	272.0000	6.3054	-29.5250
716.0000	272.0000	6.2897	-29.4607
717.0000	272.0000	6.2740	-29.3964
718.0000	272.0000	6.2583	-29.3322
719.0000	272.0000	6.2426	-29.2679
720.0000	272.0000	6.2269	-29.2036
721.0000	272.0000	6.2112	-29.1394
722.0000	272.0000	6.1955	-29.0751
723.0000	272.0000	6.1798	-29.0109
724.0000	272.0000	6.1641	-28.9466
725.0000	272.0000	6.1484	-28.8823
726.0000	272.0000	6.1327	-28.8181
727.0000	272.0000	6.1170	-28.7538
728.0000	272.0000	6.1013	-28.6895
729.0000	272.0000	6.0856	-28.6253
730.0000	272.0000	6.0699	-28.5610
731.0000	272.0000	6.0542	-28.4967
732.0000	272.0000	6.0385	-28.4325
733.0000	269.0000	-20.8659	33.8273
733.0000	272.0000	6.0228	-28.3682
734.0000	269.0000	-20.8252	33.2277
734.0000	272.0000	6.0071	-28.3040
735.0000	269.0000	-20.7848	32.6281
735.0000	272.0000	5.9914	-28.2397
736.0000	269.0000	-20.7449	32.0285
736.0000	272.0000	5.9758	-28.1754
737.0000	269.0000	-20.7057	31.4289
737.0000	272.0000	5.9601	-28.1112
738.0000	269.0000	-20.6675	30.8292
738.0000	272.0000	5.9444	-28.0469
739.0000	269.0000	-20.6308	30.2294
739.0000	272.0000	5.9287	-27.9826
740.0000	269.0000	-20.5963	29.6294
740.0000	272.0000	5.9130	-27.9184
741.0000	269.0000	-20.5666	29.0292
741.0000	272.0000	5.8973	-27.8541
742.0000	269.0000	-20.5370	28.4290
742.0000	272.0000	5.8816	-27.7898
743.0000	269.0000	-20.5066	27.8288
743.0000	272.0000	5.8659	-27.7256
744.0000	269.0000	-20.5312	28.2822
744.0000	272.0000	5.8502	-27.6613
745.0000	269.0000	-20.4999	27.6848
745.0000	272.0000	5.8345	-27.5970
746.0000	269.0000	-20.4638	26.9961
746.0000	272.0000	5.8188	-27.5328
747.0000	269.0000	-20.4277	26.3074
747.0000	272.0000	5.8031	-27.4685
748.0000	269.0000	-20.3915	25.6187
748.0000	272.0000	5.7874	-27.4043
749.0000	269.0000	-20.3554	24.9300
749.0000	272.0000	5.7717	-27.3400
750.0000	269.0000	-20.3195	24.2458
750.0000	272.0000	5.7560	-27.2757
751.0000	269.0000	-20.2870	23.6281
751.0000	272.0000	5.7403	-27.2115
752.0000	269.0000	-20.2555	23.0279
752.0000	272.0000	5.7206	-27.1511
753.0000	269.0000	-20.2240	22.4278
753.0000	272.0000	5.6803	-27.1076
754.0000	269.0000	-20.1925	21.8277
754.0000	272.0000	5.6459	-27.0595
755.0000	269.0000	-20.1610	21.2276
755.0000	272.0000	5.6226	-27.0005
756.0000	269.0000	-20.1295	20.6275
756.0000	272.0000	5.6258	-26.9178
757.0000	269.0000	-20.0980	20.0274
757.0000	272.0000	5.6416	-26.8272
758.0000	269.0000	-20.0665	19.4273
758.0000	272.0000	5.6290	-26.7620
759.0000	269.0000	-20.0350	18.8272
759.0000	272.0000	5.6143	-26.6975
760.0000	269.0000	-20.0035	18.2271
760.0000	272.0000	5.5989	-26.6331
761.0000	269.0000	-19.9720	17.6270
761.0000	272.0000	5.5833	-26.5689
762.0000	269.0000	-19.9405	17.0269
762.0000	272.0000	5.5676	-26.5046
763.0000	269.0000	-19.9090	16.4268
763.0000	272.0000	5.5519	-26.4403
764.0000	269.0000	-19.8512	15.8560
764.0000	272.0000	5.5362	-26.3761
765.0000	269.0000	-19.7899	15.2716
765.0000	272.0000	5.5205	-26.3118
766.0000	269.0000	-19.7380	14.6866
766.0000	272.0000	5.5048	-26.2475
767.0000	269.0000	-19.6934	14.1010
767.0000	272.0000	5.4892	-26.1833
768.0000	269.0000	-19.6551	13.5150
768.0000	272.0000	5.4735	-26.1190
769.0000	269.0000	-19.6235	12.9285
769.0000	272.0000	5.4577	-26.0547
770.0000	269.0000	-19.6001	12.3416
770.0000	272.0000	5.4420	-25.9905
771.0000	269.0000	-19.6274	12.7845
771.0000	272.0000	5.4264	-25.9262
772.0000	269.0000	-19.6195	12.1847
772.0000	272.0000	5.4107	-25.8620
773.0000	269.0000	-19.6078	11.4951
773.0000	272.0000	5.3950	-25.7977
774.0000	269.0000	-19.5964	10.8055
774.0000	272.0000	5.3793	-25.7334
775.0000	269.0000	-19.5846	10.1160
775.0000	272.0000	5.3636	-25.6692
776.0000	269.0000	-19.5727	9.4264
776.0000	272.0000	5.3479	-25.6049
777.0000	269.0000	-19.5607	8.7405
777.0000	272.0000	5.3322	-25.5406
778.0000	269.0000	-19.5498	8.1211
778.0000	272.0000	5.3165	-25.4764
779.0000	269.0000	-19.5390	7.5203
779.0000	272.0000	5.3008	-25.4121
780.0000	269.0000	-19.5283	6.9197
780.0000	272.0000	5.2851	-25.3476
781.0000	269.0000	-19.5176	6.3145
781.0000	272.0000	5.2694	-25.2876
782.0000	269.0000	-19.5075	5.6934
782.0000	272.0000	5.2845	-25.3585
783.0000	269.0000	-19.4990	5.0493
783.0000	272.0000	5.2938	-25.3314
784.0000	269.0000	-19.4871	4.3965
784.0000	272.0000	5.2891	-25.3111
785.0000	269.0000	-19.4762	3.7206
785.0000	272.0000	5.2886	-25.3099
786.0000	269.0000	-19.4654	3.0241
786.0000	272.0000	5.2886	-25.3294
787.0000	269.0000	-19.4545	2.3075
787.0000	272.0000	5.2888	-25.3689
788.0000	269.0000	-19.4436	1.5722
788.0000	272.0000	5.2893	-25.4270
789.0000	269.0000	-19.4327	0.8213
789.0000	272.0000	5.2899	-25.5018
790.0000	269.0000	-19.4218	0.0569
790.0000	272.0000	5.2908	-25.5972
791.0000	269.0000	-19.4109	-0.7192
791.0000	272.0000	5.2917	-25.7057
792.0000	269.0000	-19.3999	-1.5058
792.0000	272.0000	5.2925	-25.8244
793.0000	269.0000	-19.3889	-2.3015
793.0000	272.0000	5.2934	-25.9523
794.0000	269.0000	-19.3779	-3.1051
794.0000	272.0000	5.2943	-26.0880
795.0000	269.0000	-19.3668	-3.9158
795.0000	272.0000	5.2952	-26.2307
796.0000	269.0000	-19.3556	-4.7328
796.0000	272.0000	5.2962	-26.3794
797.0000	269.0000	-19.3444	-5.5551
797.0000	272.0000	5.2974	-26.5335
798.0000	269.0000	-19.3331	-6.3823
798.0000	272.0000	5.2985	-26.6923
799.0000	269.0000	-19.3216	-7.2135
799.0000	272.0000	5.2997	-26.8552
800.0000	269.0000	-19.3101	-8.0486
800.0000	272.0000	5.3011	-27.0216
801.0000	269.0000	-19.2985	-8.8868
801.0000	272.0000	5.3025	-27.1913
802.0000	269.0000	-19.2594	-9.6996
802.0000	272.0000	5.3040	-27.3637
803.0000	269.0000	-19.2177	-10.5287
803.0000	272.0000	5.3058	-27.5385
804.0000	269.0000	-19.1858	-11.3604
804.0000	272.0000	5.3077	-27.7154
805.0000	269.0000	-19.1617	-12.1944
805.0000	272.0000	5.3097	-27.8942
806.0000	269.0000	-19.1450	-13.0301
806.0000	272.0000	5.3114	-28.0747
807.0000	269.0000	-19.1685	-13.8953
807.0000	272.0000	5.3135	-28.2566
808.0000	269.0000	-19.1768	-13.6929
808.0000	272.0000	5.3155	-28.4399
809.0000	269.0000	-19.1657	-14.5440
809.0000	272.0000	5.3179	-28.6241
810.0000	269.0000	-19.1527	-15.4873
810.0000	272.0000	5.3201	-28.8094
811.0000	269.0000	-19.1392	-16.4318
811.0000	272.0000	5.3227	-28.9955
812.0000	269.0000	-19.1256	-17.3770
812.0000	272.0000	5.3250	-29.1824
813.0000	269.0000	-19.1116	-18.3230
813.0000	272.0000	5.3277	-29.3699
814.0000	269.0000	-19.0976	-19.2650
814.0000	272.0000	5.3304	-29.5581
815.0000	269.0000	-19.0846	-20.1412
815.0000	272.0000	5.3333	-29.7466
816.0000	269.0000	-19.0719	-21.0000
816.0000	272.0000	5.3359	-29.9357
817.0000	269.0000	-19.0588	-21.8595
817.0000	272.0000	5.3390	-30.1251
818.0000	269.0000	-19.0456	-22.7191
818.0000	272.0000	5.3418	-30.3150
819.0000	269.0000	-19.0323	-23.5790
819.0000	272.0000	5.3446	-30.5051
820.0000	269.0000	-19.0186	-24.4395
820.0000	272.0000	5.3478	-30.6954
821.0000	269.0000	-19.0050	-25.3000
821.0000	272.0000	5.3506	-30.8861
822.0000	269.0000	-18.9908	-26.1610
822.0000	272.0000	5.3540	-31.0769
823.0000	269.0000	-18.9767	-27.0219
823.0000	272.0000	5.3569	-31.2679
824.0000	269.0000	-18.9621	-27.8833
824.0000	272.0000	5.3604	-31.4590
825.0000	269.0000	-18.9477	-28.7446
825.0000	272.0000	5.3633	-31.6503
826.0000	269.0000	-18.9333	-29.6058
826.0000	272.0000	5.3662	-31.8418
827.0000	269.0000	-18.9182	-30.4675
827.0000	272.0000	5.3695	-32.0334
828.0000	269.0000	-18.9033	-31.3290
828.0000	272.0000	5.3725	-32.2251
829.0000	269.0000	-18.8877	-32.1909
829.0000	272.0000	5.3761	-32.4168
830.0000	269.0000	-18.8724	-33.0526
830.0000	272.0000	5.3792	-32.6086
831.0000	269.0000	-18.8773	-32.8599
831.0000	272.0000	5.3827	-32.8005
832.0000	269.0000	-18.8694	-33.7191
832.0000	272.0000	5.3856	-32.9924
833.0000	269.0000	-18.8601	-34.6696
833.0000	272.0000	5.3884	-33.1845
834.0000	272.0000	5.3918	-33.3766
835.0000	272.0000	5.3947	-33.5688
836.0000	272.0000	5.3981	-33.7609
837.0000	272.0000	5.4010	-33.9531
838.0000	272.0000	5.4036	-34.1455
839.0000	272.0000	5.4067	-34.3377
840.0000	272.0000	5.4094	-34.5301
841.0000	272.0000	5.4125	-34.7224
842.0000	272.0000	5.4151	-34.9149
843.0000	272.0000	5.4175	-35.1074
844.0000	272.0000	5.4204	-35.2998
845.0000	272.0000	5.4229	-35.4923
846.0000	272.0000	5.4257	-35.6848
847.0000	272.0000	5.4279	-35.8774
848.0000	272.0000	5.4298	-36.0700
849.0000	272.0000	5.4322	-36.2483
850.0000	272.0000	5.4337	-36.3524
851.0000	272.0000	5.4337	-36.3379
852.0000	272.0000	5.4331	-36.2715
853.0000	272.0000	5.4326	-36.2048
854.0000	272.0000	5.4320	-36.1383
855.0000	272.0000	5.4314	-36.0720
856.0000	272.0000	5.4308	-36.0058
857.0000	272.0000	5.4303	-35.9396
858.0000	272.0000	5.4297	-35.8734
859.0000	272.0000	5.4292	-35.8072
860.0000	272.0000	5.4286	-35.7411
861.0000	272.0000	5.4280	-35.6749
862.0000	272.0000	5.4274	-35.6088
863.0000	272.0000	5.4269	-35.5426
864.0000	272.0000	5.4263	-35.4765
865.0000	272.0000	5.4257	-35.4103
866.0000	272.0000	5.4252	-35.3442
867.0000	272.0000	5.4246	-35.2780
868.0000	272.0000	5.4240	-35.2119
869.0000	272.0000	5.4235	-35.1457
870.0000	272.0000	5.4229	-35.0796
871.0000	272.0000	5.4223	-35.0134
872.0000	272.0000	5.4218	-34.9473
873.0000	272.0000	5.4212	-34.8812
874.0000	272.0000	5.4206	-34.8150
875.0000	272.0000	5.4201	-34.7489
876.0000	272.0000	5.4195	-34.6827
877.0000	272.0000	5.4189	-34.6166
878.0000	272.0000	5.4184	-34.5504
879.0000	272.0000	5.4178	-34.4843
880.0000	272.0000	5.4172	-34.4181
881.0000	272.0000	5.4167	-34.3520
882.0000	272.0000	5.4161	-34.2858
883.0000	272.0000	5.4155	-34.2197
884.0000	272.0000	5.4150	-34.1535
885.0000	272.0000	5.4144	-34.0874
886.0000	272.0000	5.4138	-34.0212
887.0000	272.0000	5.4132	-33.9551
888.0000	272.0000	5.4127	-33.8890
889.0000	272.0000	5.4121	-33.8228
890.0000	272.0000	5.4115	-33.7567
891.0000	272.0000	5.4110	-33.6905
892.0000	272.0000	5.4104	-33.6244
893.0000	272.0000	5.4098	-33.5582
894.0000	272.0000	5.4093	-33.4921
895.0000	272.0000	5.4087	-33.4259
896.0000	272.0000	5.4081	-33.3598
897.0000	272.0000	5.4076	-33.2936
898.0000	272.0000	5.4070	-33.2275
899.0000	272.0000	5.4064	-33.1613
900.0000	272.0000	5.4059	-33.0952
901.0000	272.0000	5.4053	-33.0291
902.0000	272.0000	5.4047	-32.9629
903.0000	272.0000	5.4041	-32.8968
904.0000	272.0000	5.4036	-32.8306
905.0000	272.0000	5.4030	-32.7645
906.0000	272.0000	5.4025	-32.6983
907.0000	272.0000	5.4019	-32.6322
908.0000	272.0000	5.4013	-32.5660
909.0000	272.0000	5.4007	-32.4999
910.0000	272.0000	5.4002	-32.4337
911.0000	272.0000	5.3996	-32.3676
912.0000	272.0000	5.3990	-32.3014
913.0000	272.0000	5.3985	-32.2353
914.0000	272.0000	5.3979	-32.1691
915.0000	272.0000	5.3974	-32.1030
916.0000	272.0000	5.3968	-32.0368
917.0000	272.0000	5.3962	-31.9707
918.0000	272.0000	5.3956	-31.9046
919.0000	272.0000	5.3951	-31.8384
920.0000	272.0000	5.3945	-31.7723
921.0000	272.0000	5.3939	-31.7061
922.0000	272.0000	5.3934	-31.6400
923.0000	272.0000	5.3928	-31.5738
924.0000	272.0000	5.3922	-31.5077
925.0000	272.0000	5.3916	-31.4415
926.0000	272.0000	5.3911	-31.3754
927.0000	272.0000	5.3905	-31.3092
928.0000	272.0000	5.3900	-31.2431
929.0000	272.0000	5.3894	-31.1769
930.0000	272.0000	5.3888	-31.1108
931.0000	272.0000	5.3882	-31.0446
932.0000	272.0000	5.3877	-30.9785
933.0000	272.0000	5.3871	-30.9124
934.0000	272.0000	5.3865	-30.8462
935.0000	272.0000	5.3860	-30.7801
936.0000	272.0000	5.3854	-30.7139
937.0000	272.0000	5.3848	-30.6478
938.0000	272.0000	5.3843	-30.5816
939.0000	272.0000	5.3837	-30.5155
940.0000	272.0000	5.3831	-30.4493
941.0000	272.0000	5.3826	-30.3832
942.0000	272.0000	5.3820	-30.3170
943.0000	272.0000	5.3814	-30.2509
944.0000	272.0000	5.3809	-30.1847
945.0000	272.0000	5.3803	-30.1186
946.0000	272.0000	5.3797	-30.0524
947.0000	272.0000	5.3791	-29.9863
948.0000	272.0000	5.3786	-29.9202
949.0000	272.0000	5.3780	-29.8540
950.0000	272.0000	5.3775	-29.7879
951.0000	272.0000	5.3769	-29.7217
952.0000	272.0000	5.3763	-29.6556
953.0000	272.0000	5.3757	-29.5894
954.0000	272.0000	5.3752	-29.5233
955.0000	272.0000	5.3746	-29.4571
956.0000	272.0000	5.3740	-29.3910
957.0000	272.0000	5.3735	-29.3248
958.0000	272.0000	5.3729	-29.2587
959.0000	272.0000	5.3723	-29.1925
960.0000	272.0000	5.3718	-29.1264
961.0000	272.0000	5.3712	-29.0602
962.0000	272.0000	5.3706	-28.9941
963.0000	272.0000	5.3701	-28.9279
964.0000	272.0000	5.3695	-28.8618
965.0000	272.0000	5.3689	-28.7957
966.0000	272.0000	5.3684	-28.7295
967.0000	272.0000	5.3678	-28.6634
968.0000	272.0000	5.3672	-28.5972
969.0000	272.0000	5.3667	-28.5311
970.0000	272.0000	5.3661	-28.4649
971.0000	272.0000	5.3655	-28.3988
972.0000	272.0000	5.3649	-28.3326
973.0000	272.0000	5.3644	-28.2665
974.0000	272.0000	5.3638	-28.2003
975.0000	272.0000	5.3632	-28.1342
976.0000	272.0000	5.3627	-28.0680
977.0000	272.0000	5.3621	-28.0019
978.0000	272.0000	5.3615	-27.9358
979.0000	272.0000	5.3610	-27.8696
980.0000	272.0000	5.3604	-27.8035
981.0000	272.0000	5.3598	-27.7373
982.0000	272.0000	5.3593	-27.6712
983.0000	272.0000	5.3587	-27.6050
984.0000	272.0000	5.3581	-27.5389
985.0000	272.0000	5.3576	-27.4727
986.0000	272.0000	5.3570	-27.4066
987.0000	272.0000	5.3564	-27.3404
988.0000	272.0000	5.3559	-27.2743
989.0000	272.0000	5.3553	-27.2081
990.0000	272.0000	5.3547	-27.1420
991.0000	272.0000	5.3542	-27.0758
992.0000	272.0000	5.3536	-27.0097
993.0000	272.0000	5.3530	-26.9436
994.0000	272.0000	5.3524	-26.8774
995.0000	272.0000	5.3519	-26.8113
996.0000	272.0000	5.3513	-26.7451
997.0000	272.0000	5.3508	-26.6790
998.0000	272.0000	5.3502	-26.6128
999.0000	272.0000	5.3496	-26.5467
