0.0000	172.0000	4.1916	60.2769
1.0000	172.0000	7.3085	59.6293
2.0000	172.0000	9.5861	58.9020
3.0000	172.0000	12.3482	58.0109
4.0000	172.0000	14.0677	57.3289
5.0000	172.0000	13.2554	57.3134
6.0000	172.0000	12.9148	57.1773
7.0000	172.0000	13.4972	56.7534
8.0000	172.0000	15.1989	55.9945
9.0000	172.0000	18.9975	54.5112
10.0000	172.0000	23.6436	52.3852
11.0000	172.0000	26.2874	50.8189
12.0000	172.0000	27.4007	49.8831
13.0000	172.0000	29.5424	48.3371
14.0000	172.0000	31.4169	46.8890
15.0000	172.0000	31.6377	46.5224
16.0000	172.0000	31.6139	46.4242
17.0000	172.0000	31.6214	46.4095
18.0000	172.0000	31.6210	46.4110
19.0000	172.0000	31.6209	46.4120
20.0000	172.0000	31.6209	46.4126
21.0000	172.0000	31.6211	46.4128
22.0000	172.0000	31.6212	46.4129
23.0000	172.0000	31.6214	46.4129
24.0000	172.0000	31.6217	46.4128
25.0000	172.0000	31.6219	46.4127
26.0000	172.0000	31.6220	46.4126
27.0000	172.0000	31.6220	46.4126
28.0000	172.0000	31.6221	46.4126
29.0000	172.0000	31.6221	46.4126
30.0000	172.0000	31.6221	46.4126
31.0000	172.0000	31.6221	46.4126
32.0000	172.0000	31.6221	46.4126
33.0000	172.0000	31.6221	46.4126
34.0000	172.0000	31.6221	46.4126
35.0000	172.0000	31.6221	46.4126
36.0000	172.0000	31.6221	46.4126
37.0000	172.0000	31.6221	46.4126
38.0000	172.0000	31.6221	46.4126
39.0000	172.0000	31.6221	46.4126
40.0000	172.0000	31.6221	46.4126
41.0000	172.0000	31.6221	46.4126
42.0000	172.0000	31.6221	46.4126
43.0000	172.0000	31.6221	46.4126
44.0000	172.0000	31.6221	46.4126
45.0000	172.0000	31.6221	46.4126
46.0000	172.0000	31.6221	46.4126
47.0000	172.0000	31.6221	46.4126
48.0000	172.0000	31.6221	46.4126
49.0000	172.0000	31.6221	46.4126
50.0000	172.0000	31.6221	46.4126
51.0000	172.0000	31.6221	46.4126
52.0000	172.0000	31.6221	46.4126
53.0000	172.0000	31.6221	46.4126
54.0000	172.0000	31.6221	46.4126
55.0000	172.0000	31.6221	46.4126
56.0000	172.0000	31.6221	46.4126
57.0000	172.0000	31.6221	46.4126
58.0000	172.0000	31.6221	46.4126
59.0000	172.0000	31.6221	46.4126
60.0000	172.0000	31.6221	46.4126
61.0000	172.0000	31.6221	46.4126
62.0000	172.0000	31.6221	46.4126
63.0000	172.0000	31.6221	46.4126
64.0000	172.0000	31.6221	46.4126
65.0000	172.0000	31.6221	46.4126
66.0000	172.0000	31.6221	46.4126
67.0000	172.0000	31.6221	46.4126
68.0000	172.0000	31.6221	46.4126
69.0000	172.0000	31.6221	46.4126
70.0000	172.0000	31.6221	46.4126
71.0000	172.0000	31.6221	46.4126
72.0000	172.0000	31.6221	46.4126
73.0000	172.0000	31.6221	46.4126
74.0000	172.0000	31.6221	46.4126
75.0000	172.0000	31.6221	46.4126
76.0000	172.0000	31.6221	46.4126
77.0000	172.0000	31.6221	46.4126
78.0000	172.0000	31.6221	46.4126
79.0000	172.0000	31.6221	46.4126
80.0000	172.0000	31.6221	46.4126
81.0000	172.0000	31.6221	46.4126
82.0000	172.0000	31.6221	46.4126
83.0000	172.0000	31.6221	46.4126
84.0000	172.0000	31.6221	46.4126
85.0000	172.0000	31.6221	46.4126
86.0000	172.0000	31.6221	46.4126
87.0000	172.0000	31.6221	46.4126
88.0000	172.0000	31.6221	46.4126
89.0000	172.0000	31.6221	46.4126
90.0000	172.0000	31.6221	46.4126
91.0000	172.0000	31.6221	46.4126
92.0000	172.0000	31.6221	46.4126
93.0000	172.0000	31.6221	46.4126
94.0000	172.0000	31.6221	46.4126
95.0000	172.0000	31.6221	46.4126
96.0000	172.0000	31.6221	46.4126
97.0000	172.0000	31.6216	46.4131
98.0000	172.0000	31.6352	46.3999
99.0000	172.0000	31.7119	46.3249
100.0000	172.0000	31.7263	46.3060
101.0000	172.0000	31.7265	46.3060
102.0000	172.0000	31.7266	46.3059
103.0000	172.0000	31.7268	46.3059
104.0000	172.0000	31.7270	46.3058
105.0000	172.0000	31.7271	46.3057
106.0000	172.0000	31.7273	46.3056
107.0000	172.0000	31.7273	46.3056
108.0000	172.0000	31.7273	46.3056
109.0000	172.0000	31.7275	46.3055
110.0000	172.0000	31.7275	46.3055
111.0000	172.0000	31.7275	46.3055
112.0000	172.0000	31.7275	46.3055
113.0000	172.0000	31.7275	46.3055
114.0000	172.0000	31.7269	46.3060
115.0000	172.0000	31.7404	46.2929
116.0000	172.0000	31.8550	46.1921
117.0000	172.0000	32.0147	46.0272
118.0000	172.0000	32.4285	45.6485
119.0000	172.0000	32.7951	45.2549
120.0000	172.0000	33.6350	44.4924
121.0000	172.0000	34.5643	43.6111
122.0000	172.0000	35.8924	42.3581
123.0000	172.0000	37.2544	41.0026
124.0000	172.0000	38.5994	39.5863
125.0000	172.0000	39.9552	38.0800
126.0000	172.0000	41.2865	36.5059
127.0000	172.0000	42.5985	34.8493
128.0000	172.0000	44.4235	32.4291
129.0000	172.0000	47.0014	28.6569
130.0000	172.0000	48.9094	25.3241
131.0000	172.0000	50.3931	22.2394
132.0000	172.0000	51.7244	19.0186
133.0000	172.0000	52.4166	17.0017
134.0000	172.0000	52.4978	16.5380
135.0000	172.0000	52.6410	15.8931
136.0000	172.0000	53.0797	14.3559
137.0000	172.0000	53.7687	11.8419
138.0000	172.0000	54.0405	10.6472
139.0000	172.0000	54.1333	10.1760
140.0000	172.0000	54.1600	10.0531
141.0000	172.0000	54.1599	10.0540
142.0000	172.0000	54.1599	10.0548
143.0000	172.0000	54.1598	10.0552
144.0000	172.0000	54.1598	10.0556
145.0000	172.0000	54.1598	10.0557
146.0000	172.0000	54.1598	10.0559
147.0000	172.0000	54.1599	10.0556
148.0000	172.0000	54.1599	10.0554
149.0000	172.0000	54.1599	10.0554
150.0000	172.0000	54.1596	10.0568
151.0000	172.0000	54.1639	10.0361
152.0000	172.0000	54.2106	9.8134
153.0000	172.0000	54.2931	9.4063
154.0000	172.0000	54.4034	8.8215
155.0000	172.0000	54.5602	7.9476
156.0000	172.0000	54.7383	6.8562
157.0000	172.0000	54.8932	5.7541
158.0000	172.0000	55.0636	4.3797
159.0000	172.0000	55.2370	2.6973
160.0000	172.0000	55.3513	1.2097
161.0000	172.0000	55.4354	-0.3452
162.0000	172.0000	55.4833	-1.8324
163.0000	172.0000	55.5028	-3.2659
164.0000	172.0000	55.4967	-4.6068
165.0000	172.0000	55.4678	-5.8671
166.0000	172.0000	55.4228	-7.0569
167.0000	172.0000	55.3694	-8.1478
168.0000	172.0000	55.2997	-9.2790
169.0000	172.0000	55.2442	-10.2298
170.0000	172.0000	55.1704	-11.2738
171.0000	172.0000	55.0994	-12.2692
172.0000	172.0000	55.0205	-13.2858
173.0000	172.0000	54.9458	-14.2657
174.0000	172.0000	54.8653	-15.2643
175.0000	172.0000	54.7906	-16.2339
176.0000	172.0000	54.7173	-17.1996
177.0000	172.0000	54.6451	-18.1661
178.0000	172.0000	54.5804	-19.1146
179.0000	172.0000	54.5186	-20.0646
180.0000	172.0000	54.4559	-21.0201
181.0000	172.0000	54.3958	-21.9312
182.0000	172.0000	54.3241	-22.8560
183.0000	172.0000	54.2669	-23.7385
184.0000	172.0000	54.2210	-24.5852
185.0000	172.0000	54.1746	-25.4269
186.0000	172.0000	54.1315	-26.2548
187.0000	172.0000	54.0930	-27.0672
188.0000	172.0000	54.0630	-27.8600
189.0000	172.0000	54.0408	-28.6482
190.0000	172.0000	54.0249	-29.3677
191.0000	172.0000	53.9842	-30.0399
192.0000	172.0000	53.9291	-30.7142
193.0000	172.0000	53.9217	-31.3031
194.0000	172.0000	53.9199	-31.8978
195.0000	172.0000	53.9281	-32.4946
196.0000	172.0000	53.9398	-33.1070
197.0000	172.0000	53.9513	-33.7427
198.0000	172.0000	53.9569	-34.4114
199.0000	172.0000	53.9761	-35.0798
200.0000	172.0000	54.0284	-35.7158
201.0000	172.0000	54.1211	-36.3089
202.0000	172.0000	54.2491	-36.8693
203.0000	172.0000	54.4214	-37.3821
204.0000	172.0000	54.6289	-37.8454
205.0000	172.0000	54.8476	-38.2923
206.0000	172.0000	55.0860	-38.7097
207.0000	172.0000	55.3367	-39.1090
208.0000	172.0000	55.6105	-39.4744
209.0000	172.0000	55.9079	-39.8086
210.0000	172.0000	56.1808	-40.1467
211.0000	172.0000	56.4570	-40.4659
212.0000	172.0000	56.6960	-40.7667
213.0000	172.0000	56.8757	-41.0498
214.0000	172.0000	57.0711	-41.2876
215.0000	172.0000	57.2988	-41.4866
216.0000	172.0000	57.5353	-41.6873
217.0000	172.0000	57.7811	-41.8915
218.0000	172.0000	58.0372	-42.0983
219.0000	172.0000	58.3041	-42.3073
220.0000	172.0000	58.5792	-42.5224
221.0000	172.0000	58.8620	-42.7444
222.0000	172.0000	59.1458	-42.9686
223.0000	172.0000	59.4068	-43.1899
224.0000	172.0000	59.6695	-43.4040
225.0000	172.0000	59.9312	-43.6188
226.0000	172.0000	60.1911	-43.8356
227.0000	172.0000	60.4493	-44.0541
228.0000	172.0000	60.7059	-44.2743
229.0000	172.0000	60.9577	-44.4908
230.0000	172.0000	61.2095	-44.7076
231.0000	172.0000	61.4622	-44.9370
232.0000	172.0000	61.7202	-45.1783
233.0000	172.0000	61.9857	-45.4304
234.0000	172.0000	62.2606	-45.6916
235.0000	172.0000	62.5440	-45.9636
236.0000	172.0000	62.8365	-46.2452
237.0000	172.0000	63.1393	-46.5353
238.0000	172.0000	63.4509	-46.8354
239.0000	172.0000	63.7734	-47.1429
240.0000	172.0000	64.1060	-47.4584
254.0000	18.0000	-47.2308	-63.6691
255.0000	18.0000	-47.7038	-62.3335
256.0000	18.0000	-48.1842	-61.0267
257.0000	18.0000	-48.6711	-59.7501
258.0000	18.0000	-49.1685	-58.5006
259.0000	18.0000	-49.6636	-57.2894
260.0000	18.0000	-50.1703	-56.1040
261.0000	18.0000	-50.6809	-54.9508
262.0000	18.0000	-51.1937	-53.8306
263.0000	18.0000	-51.7090	-52.7421
264.0000	18.0000	-52.2242	-51.6864
265.0000	18.0000	-52.7386	-50.6623
266.0000	18.0000	-53.2505	-49.6698
267.0000	18.0000	-53.7584	-48.7083
268.0000	18.0000	-54.2612	-47.7770
269.0000	18.0000	-54.7571	-46.8751
270.0000	18.0000	-55.2454	-46.0016
271.0000	18.0000	-55.7228	-45.1591
272.0000	18.0000	-56.1900	-44.3446
273.0000	18.0000	-56.6491	-43.5532
274.0000	18.0000	-57.0945	-42.7910
275.0000	18.0000	-57.5244	-42.0597
276.0000	18.0000	-57.9450	-41.3496
277.0000	18.0000	-58.3536	-40.6629
278.0000	18.0000	-58.7456	-40.0065
279.0000	18.0000	-59.1242	-39.3751
280.0000	18.0000	-59.4992	-38.7393
281.0000	18.0000	-59.8943	-37.9868
282.0000	18.0000	-60.3332	-37.0200
283.0000	18.0000	-60.7692	-35.9642
284.0000	18.0000	-61.1897	-34.8883
285.0000	18.0000	-61.6223	-33.6717
286.0000	18.0000	-62.0587	-32.2733
287.0000	18.0000	-62.4565	-30.8195
288.0000	18.0000	-62.8384	-29.3575
289.0000	18.0000	-63.2615	-27.7688
290.0000	18.0000	-63.6632	-26.1988
291.0000	18.0000	-64.0522	-24.6255
292.0000	18.0000	-64.4103	-23.1020
293.0000	18.0000	-64.7455	-21.6100
294.0000	18.0000	-65.0637	-20.1152
295.0000	18.0000	-65.3557	-18.6146
296.0000	18.0000	-65.6283	-17.1224
297.0000	18.0000	-65.8902	-15.6077
298.0000	18.0000	-66.1306	-14.1246
299.0000	18.0000	-66.3525	-12.6451
300.0000	18.0000	-66.5565	-11.0945
301.0000	18.0000	-66.7418	-9.4274
302.0000	18.0000	-66.9149	-7.5376
303.0000	18.0000	-67.0703	-5.3958
304.0000	18.0000	-67.1952	-3.2410
305.0000	18.0000	-67.2897	-1.0850
306.0000	18.0000	-67.3541	1.0720
307.0000	18.0000	-67.3898	3.2036
308.0000	18.0000	-67.3978	5.2981
309.0000	18.0000	-67.3826	7.3212
310.0000	18.0000	-67.3507	9.2527
311.0000	18.0000	-67.2950	11.1498
312.0000	18.0000	-67.2270	12.9667
313.0000	18.0000	-67.1389	14.7476
314.0000	18.0000	-67.0371	16.4716
315.0000	18.0000	-66.9059	18.1936
316.0000	18.0000	-66.7402	19.9209
317.0000	18.0000	-66.5666	21.5736
318.0000	18.0000	-66.3785	23.1773
319.0000	18.0000	-66.1732	24.7423
320.0000	18.0000	-65.9563	26.2564
321.0000	18.0000	-65.7275	27.7243
322.0000	18.0000	-65.4887	29.1584
323.0000	18.0000	-65.2390	30.5784
324.0000	18.0000	-64.9747	31.9926
325.0000	18.0000	-64.6960	33.4007
326.0000	18.0000	-64.4079	34.7951
327.0000	18.0000	-64.1078	36.1661
328.0000	18.0000	-63.7971	37.4951
329.0000	18.0000	-63.4847	38.7731
330.0000	18.0000	-63.1707	40.0046
331.0000	18.0000	-62.8514	41.2116
332.0000	18.0000	-62.5116	42.4576
333.0000	18.0000	-62.1653	43.6909
334.0000	18.0000	-61.8099	44.9019
335.0000	18.0000	-61.4470	46.0972
336.0000	18.0000	-61.0617	47.3359
337.0000	18.0000	-60.6664	48.5792
338.0000	18.0000	-60.2607	49.8156
339.0000	18.0000	-59.8478	51.0289
340.0000	18.0000	-59.4327	52.2081
341.0000	18.0000	-59.0146	53.3664
559.0000	158.0000	-77.3585	20.1521
560.0000	158.0000	-77.6977	17.8564
561.0000	158.0000	-78.0156	15.4680
562.0000	158.0000	-78.2961	13.0292
563.0000	158.0000	-78.5427	10.5162
564.0000	158.0000	-78.7543	7.9240
565.0000	158.0000	-78.9240	5.3016
566.0000	158.0000	-79.0484	2.7521
567.0000	158.0000	-79.1289	0.3678
568.0000	158.0000	-79.1734	-2.0070
569.0000	158.0000	-79.1817	-4.4678
570.0000	158.0000	-79.1527	-6.9569
571.0000	158.0000	-79.0940	-9.2612
572.0000	158.0000	-79.0003	-11.5621
597.0000	197.0000	-11.2425	79.1167
598.0000	197.0000	-11.6653	78.5418
599.0000	197.0000	-12.1050	77.9453
600.0000	197.0000	-12.5278	77.3736
601.0000	197.0000	-12.9519	76.8038
602.0000	197.0000	-13.3613	76.2502
603.0000	197.0000	-13.7411	75.7526
604.0000	197.0000	-14.0931	75.3073
605.0000	197.0000	-14.4373	74.9392
606.0000	197.0000	-14.7947	74.5688
607.0000	197.0000	-15.0722	74.1719
608.0000	197.0000	-15.3262	73.7615
609.0000	197.0000	-15.5889	73.4112
610.0000	197.0000	-15.9125	73.1418
611.0000	197.0000	-16.0828	72.9308
612.0000	197.0000	-16.1836	72.8117
613.0000	197.0000	-16.1872	72.8066
614.0000	197.0000	-16.1740	72.8012
615.0000	197.0000	-16.2155	72.7617
616.0000	197.0000	-16.3031	72.6880
617.0000	197.0000	-16.3964	72.5846
618.0000	197.0000	-16.5106	72.4473
619.0000	197.0000	-16.6549	72.2743
620.0000	197.0000	-16.8080	72.0716
621.0000	197.0000	-16.9811	71.8412
622.0000	197.0000	-17.1549	71.6074
623.0000	197.0000	-17.3466	71.3693
624.0000	197.0000	-17.5156	71.1363
625.0000	197.0000	-17.6825	70.9036
626.0000	197.0000	-17.8461	70.6712
627.0000	197.0000	-18.0155	70.4268
628.0000	197.0000	-18.2033	70.1532
629.0000	197.0000	-18.3917	69.8497
630.0000	197.0000	-18.5812	69.5149
631.0000	197.0000	-18.7585	69.1521
632.0000	197.0000	-18.9627	68.7511
633.0000	197.0000	-19.1803	68.3157
634.0000	197.0000	-19.4230	67.8428
635.0000	197.0000	-19.6909	67.3323
636.0000	197.0000	-19.9819	66.7847
637.0000	197.0000	-20.2951	66.2001
638.0000	197.0000	-20.6339	65.5775
639.0000	197.0000	-20.9974	64.9167
640.0000	197.0000	-21.3847	64.2178
641.0000	197.0000	-21.7962	63.4813
642.0000	197.0000	-22.1996	62.7525
643.0000	197.0000	-22.5576	62.0846
644.0000	197.0000	-22.9156	61.4143
645.0000	197.0000	-23.2504	60.7369
646.0000	197.0000	-23.5532	60.0502
647.0000	197.0000	-23.8386	59.3163
648.0000	197.0000	-24.1055	58.5473
649.0000	197.0000	-24.3122	57.8464
650.0000	197.0000	-24.4623	57.2541
651.0000	197.0000	-24.6141	56.6700
652.0000	197.0000	-24.7153	56.0844
653.0000	197.0000	-24.8012	55.4953
654.0000	197.0000	-24.8750	54.9532
655.0000	197.0000	-24.9477	54.4460
656.0000	197.0000	-24.9868	53.9535
657.0000	197.0000	-24.9960	53.4921
658.0000	197.0000	-25.0381	53.0454
659.0000	197.0000	-25.0359	52.6155
660.0000	197.0000	-25.0063	52.2063
661.0000	197.0000	-25.0156	51.7990
662.0000	197.0000	-24.9615	51.4208
663.0000	197.0000	-24.9055	51.0432
664.0000	197.0000	-24.8431	50.6686
665.0000	197.0000	-24.7916	50.2897
666.0000	197.0000	-24.7185	49.9213
667.0000	197.0000	-24.6333	49.5720
668.0000	197.0000	-24.5831	49.2215
669.0000	197.0000	-24.4834	48.8898
670.0000	197.0000	-24.4036	48.5431
671.0000	197.0000	-24.3017	48.2122
672.0000	197.0000	-24.2127	47.8740
673.0000	197.0000	-24.1071	47.5412
674.0000	197.0000	-24.0132	47.2047
675.0000	197.0000	-23.9016	46.8777
676.0000	197.0000	-23.8027	46.5435
677.0000	197.0000	-23.6885	46.2170
678.0000	197.0000	-23.5853	45.8864
679.0000	197.0000	-23.4673	45.5626
680.0000	197.0000	-23.3609	45.2333
681.0000	197.0000	-23.2333	44.9294
682.0000	197.0000	-23.0722	44.7256
683.0000	197.0000	-22.8513	44.6773
684.0000	197.0000	-22.6225	44.6565
685.0000	197.0000	-22.3936	44.6359
686.0000	197.0000	-22.2230	44.6203
687.0000	197.0000	-22.2139	44.6195
688.0000	197.0000	-22.2128	44.6195
689.0000	197.0000	-22.2119	44.6195
690.0000	197.0000	-22.2115	44.6195
691.0000	197.0000	-22.2112	44.6195
692.0000	197.0000	-22.2110	44.6194
693.0000	197.0000	-22.2109	44.6194
694.0000	197.0000	-22.2109	44.6194
695.0000	197.0000	-22.2108	44.6194
696.0000	197.0000	-22.2108	44.6194
697.0000	197.0000	-22.2108	44.6194
698.0000	197.0000	-22.2108	44.6194
699.0000	197.0000	-22.2108	44.6194
700.0000	197.0000	-22.2108	44.6194
701.0000	197.0000	-22.2108	44.6194
702.0000	197.0000	-22.2108	44.6194
703.0000	197.0000	-22.2108	44.6194
704.0000	197.0000	-22.2108	44.6194
705.0000	197.0000	-22.2108	44.6194
706.0000	197.0000	-22.2108	44.6194
707.0000	197.0000	-22.2108	44.6194
708.0000	197.0000	-22.2108	44.6194
709.0000	197.0000	-22.2108	44.6194
710.0000	197.0000	-22.2108	44.6194
711.0000	197.0000	-22.2108	44.6194
712.0000	197.0000	-22.2108	44.6194
713.0000	197.0000	-22.2108	44.6194
714.0000	197.0000	-22.2108	44.6194
715.0000	197.0000	-22.2108	44.6194
716.0000	197.0000	-22.2108	44.6194
717.0000	197.0000	-22.2108	44.6194
718.0000	197.0000	-22.2108	44.6194
719.0000	197.0000	-22.2108	44.6194
720.0000	197.0000	-22.2108	44.6194
721.0000	197.0000	-22.2108	44.6194
722.0000	197.0000	-22.2108	44.6194
723.0000	197.0000	-22.2108	44.6194
724.0000	197.0000	-22.2108	44.6194
725.0000	197.0000	-22.2108	44.6194
726.0000	197.0000	-22.2108	44.6194
727.0000	197.0000	-22.2108	44.6194
728.0000	197.0000	-22.2108	44.6194
729.0000	197.0000	-22.2108	44.6194
730.0000	197.0000	-22.2108	44.6194
731.0000	197.0000	-22.2108	44.6194
732.0000	197.0000	-22.2108	44.6194
733.0000	197.0000	-22.2108	44.6194
734.0000	197.0000	-22.2108	44.6194
735.0000	197.0000	-22.2108	44.6194
736.0000	197.0000	-22.2108	44.6194
737.0000	197.0000	-22.2108	44.6194
738.0000	197.0000	-22.2108	44.6194
739.0000	197.0000	-22.2108	44.6194
740.0000	197.0000	-22.2108	44.6194
741.0000	197.0000	-22.2108	44.6194
742.0000	197.0000	-22.2108	44.6194
743.0000	197.0000	-22.2108	44.6194
744.0000	197.0000	-22.2108	44.6194
745.0000	197.0000	-22.2108	44.6194
746.0000	197.0000	-22.2108	44.6194
747.0000	197.0000	-22.2108	44.6194
748.0000	197.0000	-22.2108	44.6194
749.0000	197.0000	-22.2108	44.6194
750.0000	197.0000	-22.2108	44.6194
751.0000	197.0000	-22.2108	44.6194
752.0000	197.0000	-22.2108	44.6194
753.0000	197.0000	-22.2108	44.6194
754.0000	197.0000	-22.2108	44.6194
755.0000	197.0000	-22.2108	44.6194
756.0000	197.0000	-22.2108	44.6194
757.0000	197.0000	-22.2108	44.6194
758.0000	197.0000	-22.2108	44.6194
759.0000	197.0000	-22.2108	44.6194
760.0000	197.0000	-22.2108	44.6194
761.0000	197.0000	-22.2108	44.6194
762.0000	197.0000	-22.2108	44.6194
763.0000	197.0000	-22.2108	44.6194
764.0000	197.0000	-22.2108	44.6194
765.0000	197.0000	-22.2108	44.6194
766.0000	197.0000	-22.2108	44.6194
767.0000	197.0000	-22.2108	44.6194
768.0000	197.0000	-22.2108	44.6194
769.0000	197.0000	-22.2108	44.6194
770.0000	197.0000	-22.2108	44.6194
771.0000	197.0000	-22.2108	44.6194
772.0000	197.0000	-22.2108	44.6194
773.0000	197.0000	-22.2108	44.6194
774.0000	197.0000	-22.2108	44.6194
775.0000	197.0000	-22.2108	44.6194
776.0000	197.0000	-22.2108	44.6194
777.0000	197.0000	-22.2108	44.6194
778.0000	197.0000	-22.2108	44.6194
779.0000	197.0000	-22.2108	44.6194
780.0000	197.0000	-22.2108	44.6194
781.0000	197.0000	-22.2108	44.6194
782.0000	197.0000	-22.2108	44.6194
783.0000	197.0000	-22.2108	44.6194
784.0000	197.0000	-22.2108	44.6194
785.0000	197.0000	-22.2108	44.6194
786.0000	197.0000	-22.2108	44.6194
787.0000	197.0000	-22.2108	44.6194
788.0000	197.0000	-22.2108	44.6194
789.0000	197.0000	-22.2108	44.6194
790.0000	197.0000	-22.2108	44.6194
791.0000	197.0000	-22.2108	44.6194
792.0000	197.0000	-22.2108	44.6194
793.0000	197.0000	-22.2108	44.6194
794.0000	197.0000	-22.2108	44.6194
795.0000	197.0000	-22.2108	44.6194
796.0000	197.0000	-22.2108	44.6194
797.0000	197.0000	-22.2108	44.6194
798.0000	197.0000	-22.2108	44.6194
799.0000	197.0000	-22.2108	44.6194
800.0000	197.0000	-22.2108	44.6194
801.0000	197.0000	-22.2108	44.6194
802.0000	197.0000	-22.2108	44.6194
803.0000	197.0000	-22.2108	44.6194
804.0000	197.0000	-22.2108	44.6194
805.0000	197.0000	-22.2108	44.6194
806.0000	197.0000	-22.2108	44.6194
807.0000	197.0000	-22.2108	44.6194
808.0000	197.0000	-22.2108	44.6194
809.0000	197.0000	-22.2108	44.6194
810.0000	197.0000	-22.2108	44.6194
811.0000	197.0000	-22.2108	44.6194
812.0000	197.0000	-22.2108	44.6194
813.0000	197.0000	-22.2108	44.6194
814.0000	197.0000	-22.2108	44.6194
815.0000	197.0000	-22.2108	44.6194
816.0000	197.0000	-22.2108	44.6194
817.0000	197.0000	-22.2108	44.6194
818.0000	197.0000	-22.2108	44.6194
819.0000	197.0000	-22.2108	44.6194
820.0000	197.0000	-22.2108	44.6194
821.0000	197.0000	-22.2108	44.6194
822.0000	197.0000	-22.2108	44.6194
823.0000	197.0000	-22.2108	44.6194
824.0000	197.0000	-22.2108	44.6194
825.0000	197.0000	-22.2108	44.6194
826.0000	197.0000	-22.2108	44.6194
827.0000	197.0000	-22.2108	44.6194
828.0000	197.0000	-22.2108	44.6194
829.0000	197.0000	-22.2108	44.6194
830.0000	197.0000	-22.2108	44.6194
831.0000	197.0000	-22.2108	44.6194
832.0000	197.0000	-22.2108	44.6194
833.0000	197.0000	-22.2108	44.6194
834.0000	197.0000	-22.2108	44.6194
835.0000	197.0000	-22.2108	44.6194
836.0000	197.0000	-22.2108	44.6194
837.0000	197.0000	-22.2108	44.6194
838.0000	197.0000	-22.2108	44.6194
839.0000	197.0000	-22.2108	44.6194
840.0000	197.0000	-22.2108	44.6194
841.0000	197.0000	-22.2108	44.6194
842.0000	197.0000	-22.2108	44.6194
843.0000	197.0000	-22.2108	44.6194
844.0000	197.0000	-22.2108	44.6194
845.0000	197.0000	-22.2108	44.6194
846.0000	197.0000	-22.2108	44.6194
847.0000	197.0000	-22.2108	44.6194
848.0000	197.0000	-22.2108	44.6194
849.0000	197.0000	-22.2108	44.6194
850.0000	197.0000	-22.2108	44.6194
851.0000	197.0000	-22.2108	44.6194
852.0000	197.0000	-22.2108	44.6194
853.0000	197.0000	-22.2108	44.6194
854.0000	197.0000	-22.2108	44.6194
855.0000	197.0000	-22.2108	44.6194
856.0000	197.0000	-22.2106	44.6197
857.0000	197.0000	-22.2127	44.6143
858.0000	197.0000	-22.2169	44.5883
859.0000	197.0000	-22.2617	44.5045
860.0000	197.0000	-22.3030	44.3907
861.0000	197.0000	-22.3536	44.2535
862.0000	197.0000	-22.4166	44.0860
863.0000	197.0000	-22.4914	43.8913
864.0000	197.0000	-22.5626	43.6915
865.0000	197.0000	-22.6381	43.4786
866.0000	197.0000	-22.7301	43.2401
867.0000	197.0000	-22.8164	42.9991
868.0000	197.0000	-22.8960	42.7758
869.0000	197.0000	-22.9472	42.6269
870.0000	197.0000	-22.9561	42.5976
871.0000	197.0000	-22.9561	42.5981
872.0000	197.0000	-22.9560	42.5986
873.0000	197.0000	-22.9560	42.5988
874.0000	197.0000	-22.9560	42.5989
875.0000	197.0000	-22.9560	42.5990
876.0000	197.0000	-22.9560	42.5991
877.0000	197.0000	-22.9560	42.5990
878.0000	197.0000	-22.9560	42.5991
879.0000	197.0000	-22.9560	42.5991
880.0000	197.0000	-22.9560	42.5991
881.0000	197.0000	-22.9560	42.5991
882.0000	197.0000	-22.9560	42.5991
883.0000	197.0000	-22.9560	42.5991
884.0000	197.0000	-22.9560	42.5991
885.0000	197.0000	-22.9560	42.5991
886.0000	197.0000	-22.9560	42.5991
887.0000	197.0000	-22.9558	42.5993
888.0000	197.0000	-22.9578	42.5939
889.0000	197.0000	-22.9750	42.5611
890.0000	197.0000	-22.9788	42.5494
891.0000	197.0000	-22.9788	42.5494
892.0000	197.0000	-22.9787	42.5495
893.0000	197.0000	-22.9857	42.5354
894.0000	197.0000	-22.9675	42.5051
895.0000	197.0000	-23.0013	42.4092
896.0000	197.0000	-23.0455	42.2941
897.0000	197.0000	-23.0836	42.1931
898.0000	197.0000	-23.0841	42.1902
899.0000	197.0000	-23.0841	42.1904
900.0000	197.0000	-23.0841	42.1905
901.0000	197.0000	-23.0841	42.1906
902.0000	197.0000	-23.0840	42.1908
903.0000	197.0000	-23.0956	42.1786
904.0000	197.0000	-23.0878	42.1521
905.0000	197.0000	-23.1120	42.0711
906.0000	197.0000	-23.1346	41.9640
907.0000	197.0000	-23.1397	41.9450
908.0000	197.0000	-23.1668	41.8839
909.0000	197.0000	-23.2127	41.7872
910.0000	197.0000	-23.2284	41.7646
911.0000	197.0000	-23.2756	41.6945
912.0000	197.0000	-23.2580	41.6527
913.0000	197.0000	-23.2886	41.6218
914.0000	197.0000	-23.3288	41.5528
915.0000	197.0000	-23.3650	41.4788
916.0000	197.0000	-23.3650	41.4785
917.0000	197.0000	-23.3650	41.4787
918.0000	197.0000	-23.3650	41.4788
919.0000	197.0000	-23.3649	41.4788
920.0000	197.0000	-23.3650	41.4788
921.0000	197.0000	-23.3650	41.4788
922.0000	197.0000	-23.3648	41.4791
923.0000	197.0000	-23.3671	41.4729
924.0000	197.0000	-23.4062	41.4277
925.0000	197.0000	-23.4421	41.3477
926.0000	197.0000	-23.4840	41.2182
927.0000	197.0000	-23.5463	41.0346
928.0000	197.0000	-23.6125	40.8262
929.0000	197.0000	-23.6800	40.6320
930.0000	197.0000	-23.7448	40.4276
931.0000	197.0000	-23.8171	40.1968
932.0000	197.0000	-23.8903	39.9610
933.0000	197.0000	-23.9600	39.7324
934.0000	197.0000	-24.0314	39.4928
935.0000	197.0000	-24.1075	39.2317
936.0000	197.0000	-24.1826	38.9717
937.0000	197.0000	-24.2531	38.7221
938.0000	197.0000	-24.3234	38.4651
939.0000	197.0000	-24.3964	38.1923
940.0000	197.0000	-24.4557	37.9310
941.0000	197.0000	-24.5198	37.6732
942.0000	197.0000	-24.5830	37.4087
943.0000	197.0000	-24.6588	37.1279
944.0000	197.0000	-24.6966	36.8878
945.0000	197.0000	-24.7392	36.7071
946.0000	197.0000	-24.7513	36.6401
947.0000	197.0000	-24.7513	36.6404
948.0000	197.0000	-24.7513	36.6410
949.0000	197.0000	-24.7513	36.6413
950.0000	197.0000	-24.7512	36.6415
951.0000	197.0000	-24.7512	36.6418
952.0000	197.0000	-24.7546	36.6353
953.0000	197.0000	-24.7950	36.5822
954.0000	197.0000	-24.8183	36.5025
955.0000	197.0000	-24.8350	36.3957
956.0000	197.0000	-24.8644	36.2635
957.0000	197.0000	-24.8883	36.1109
958.0000	197.0000	-24.9166	35.9315
959.0000	197.0000	-24.9515	35.7412
960.0000	197.0000	-24.9808	35.5474
961.0000	197.0000	-25.0116	35.3351
962.0000	197.0000	-25.0583	35.1043
963.0000	197.0000	-25.0824	34.8916
964.0000	197.0000	-25.1099	34.6822
965.0000	197.0000	-25.1330	34.5281
966.0000	197.0000	-25.1370	34.4829
967.0000	197.0000	-25.1370	34.4833
968.0000	197.0000	-25.1370	34.4837
969.0000	197.0000	-25.1370	34.4839
970.0000	197.0000	-25.1370	34.4840
971.0000	197.0000	-25.1369	34.4841
972.0000	197.0000	-25.1369	34.4841
973.0000	197.0000	-25.1369	34.4842
974.0000	197.0000	-25.1369	34.4842
975.0000	197.0000	-25.1370	34.4842
976.0000	197.0000	-25.1292	34.4839
977.0000	197.0000	-25.0993	34.4832
978.0000	197.0000	-25.0373	34.4817
979.0000	197.0000	-24.9391	34.4794
980.0000	197.0000	-24.8133	34.4763
981.0000	197.0000	-24.6721	34.4730
982.0000	197.0000	-24.5174	34.4693
983.0000	197.0000	-24.3462	34.4654
984.0000	197.0000	-24.1619	34.4613
985.0000	197.0000	-23.9711	34.4571
986.0000	197.0000	-23.7743	34.4528
987.0000	197.0000	-23.5700	34.4483
988.0000	197.0000	-23.3602	34.4439
989.0000	197.0000	-23.1476	34.4396
990.0000	197.0000	-22.9322	34.4352
991.0000	197.0000	-22.7135	34.4309
992.0000	197.0000	-22.4925	34.4265
993.0000	197.0000	-22.2702	34.4221
994.0000	197.0000	-22.0467	34.4178
995.0000	197.0000	-21.8218	34.4136
996.0000	197.0000	-21.5959	34.4095
997.0000	197.0000	-21.3696	34.4053
998.0000	197.0000	-21.2012	34.4023
999.0000	197.0000	-21.1929	34.4021
