0.0000	43.0000	-73.2593	-17.8124
1.0000	43.0000	-73.2803	-17.6144
2.0000	43.0000	-73.2982	-17.4592
3.0000	43.0000	-73.3078	-17.3457
4.0000	43.0000	-73.3176	-17.2368
5.0000	43.0000	-73.3269	-17.1410
6.0000	43.0000	-73.3375	-17.0508
7.0000	43.0000	-73.3500	-16.9638
8.0000	43.0000	-73.3641	-16.8813
9.0000	43.0000	-73.3798	-16.8037
10.0000	43.0000	-73.3966	-16.7316
11.0000	43.0000	-73.4152	-16.6624
12.0000	43.0000	-73.4340	-16.6019
13.0000	43.0000	-73.4531	-16.5430
14.0000	43.0000	-73.4729	-16.4837
15.0000	43.0000	-73.4930	-16.4240
16.0000	43.0000	-73.5134	-16.3659
17.0000	43.0000	-73.5341	-16.3118
18.0000	43.0000	-73.5561	-16.2734
19.0000	43.0000	-73.5792	-16.2502
20.0000	43.0000	-73.6030	-16.2398
21.0000	43.0000	-73.6274	-16.2401
22.0000	43.0000	-73.6522	-16.2499
23.0000	43.0000	-73.6774	-16.2682
24.0000	43.0000	-73.7027	-16.2944
25.0000	43.0000	-73.7283	-16.3276
26.0000	43.0000	-73.7542	-16.3668
27.0000	43.0000	-73.7804	-16.4117
28.0000	43.0000	-73.8068	-16.4622
29.0000	43.0000	-73.8334	-16.5184
30.0000	43.0000	-73.8601	-16.5801
31.0000	43.0000	-73.8867	-16.6474
32.0000	43.0000	-73.9133	-16.7205
33.0000	43.0000	-73.9394	-16.7953
34.0000	43.0000	-73.9649	-16.8704
35.0000	43.0000	-73.9897	-16.9456
36.0000	43.0000	-74.0139	-17.0210
37.0000	43.0000	-74.0373	-17.0981
38.0000	43.0000	-74.0602	-17.1904
39.0000	43.0000	-74.0825	-17.2983
40.0000	43.0000	-74.1042	-17.4169
41.0000	43.0000	-74.1254	-17.5432
42.0000	43.0000	-74.1459	-17.6751
43.0000	43.0000	-74.1658	-17.8117
44.0000	43.0000	-74.1848	-17.9532
45.0000	43.0000	-74.2032	-18.0983
46.0000	43.0000	-74.2209	-18.2472
47.0000	43.0000	-74.2376	-18.4011
48.0000	43.0000	-74.2535	-18.5595
49.0000	43.0000	-74.2685	-18.7231
50.0000	43.0000	-74.2827	-18.8918
51.0000	43.0000	-74.2959	-19.0665
52.0000	43.0000	-74.3082	-19.2476
53.0000	43.0000	-74.3196	-19.4336
54.0000	43.0000	-74.3300	-19.6224
55.0000	43.0000	-74.3395	-19.8139
56.0000	43.0000	-74.3481	-20.0089
57.0000	43.0000	-74.3558	-20.2064
58.0000	43.0000	-74.3627	-20.4092
59.0000	43.0000	-74.3684	-20.6185
60.0000	43.0000	-74.3731	-20.8319
61.0000	43.0000	-74.3769	-21.0483
62.0000	43.0000	-74.3799	-21.2660
63.0000	43.0000	-74.3823	-21.4842
64.0000	43.0000	-74.3840	-21.7029
65.0000	43.0000	-74.3848	-21.9229
66.0000	43.0000	-74.3850	-22.1436
67.0000	43.0000	-74.3845	-22.3649
68.0000	43.0000	-74.3835	-22.5873
69.0000	43.0000	-74.3814	-22.8129
70.0000	43.0000	-74.3786	-23.0413
71.0000	43.0000	-74.3753	-23.2715
72.0000	43.0000	-74.3716	-23.5042
73.0000	43.0000	-74.3675	-23.7412
74.0000	43.0000	-74.3633	-23.9815
75.0000	43.0000	-74.3591	-24.2250
76.0000	43.0000	-74.3548	-24.4718
77.0000	43.0000	-74.3536	-24.2768
78.0000	43.0000	-74.3659	-23.6418
79.0000	43.0000	-74.3562	-23.0316
80.0000	43.0000	-74.3757	-22.2310
81.0000	43.0000	-74.3850	-21.4236
82.0000	43.0000	-74.3869	-20.5990
83.0000	43.0000	-74.3995	-19.6668
84.0000	43.0000	-74.4249	-18.6703
85.0000	43.0000	-74.4207	-17.9258
86.0000	43.0000	-74.4178	-17.0750
87.0000	43.0000	-74.4148	-16.1810
87.0000	171.0000	-77.1149	20.0830
88.0000	43.0000	-74.3938	-15.3735
88.0000	171.0000	-76.2840	19.4947
89.0000	43.0000	-74.3763	-14.5009
89.0000	171.0000	-75.4255	18.9467
90.0000	43.0000	-74.3541	-13.6380
90.0000	129.0000	-9.8699	79.2484
90.0000	171.0000	-74.5549	18.3642
91.0000	43.0000	-74.3314	-12.7727
91.0000	129.0000	-11.7516	78.6520
91.0000	171.0000	-73.6651	17.7608
92.0000	43.0000	-74.3084	-11.9041
92.0000	129.0000	-13.6496	78.0413
92.0000	171.0000	-72.7562	17.1382
93.0000	43.0000	-74.2914	-11.0048
93.0000	129.0000	-15.5159	77.4174
93.0000	171.0000	-71.8176	16.5320
94.0000	43.0000	-74.2772	-10.0960
94.0000	129.0000	-17.3648	76.7896
94.0000	171.0000	-70.8533	15.9369
95.0000	43.0000	-74.2611	-9.2016
95.0000	129.0000	-19.2206	76.1596
95.0000	171.0000	-69.8711	15.3305
96.0000	43.0000	-74.2431	-8.3216
96.0000	129.0000	-21.0599	75.5272
96.0000	171.0000	-68.8710	14.7130
97.0000	43.0000	-74.2232	-7.4577
97.0000	129.0000	-22.8843	74.8916
97.0000	171.0000	-67.8538	14.0829
98.0000	43.0000	-74.2278	-7.6760
98.0000	129.0000	-24.6962	74.2517
98.0000	171.0000	-66.8201	13.4379
99.0000	43.0000	-74.0244	-8.3747
99.0000	129.0000	-26.2233	72.8635
99.0000	171.0000	-65.7728	12.7630
100.0000	43.0000	-73.8168	-9.0425
100.0000	129.0000	-27.9147	71.8636
100.0000	171.0000	-64.7199	12.0162
101.0000	43.0000	-73.7085	-9.6741
101.0000	129.0000	-29.6964	71.2203
101.0000	171.0000	-63.6647	11.1838
102.0000	43.0000	-73.7030	-10.5106
102.0000	129.0000	-31.7080	70.4041
102.0000	171.0000	-62.6429	10.1015
103.0000	43.0000	-73.7169	-12.1176
103.0000	129.0000	-34.3974	68.7619
103.0000	171.0000	-61.7265	8.3708
104.0000	43.0000	-73.5078	-14.4496
104.0000	129.0000	-37.7962	66.2029
104.0000	171.0000	-60.8820	5.9806
105.0000	28.0000	66.9751	-43.1891
105.0000	43.0000	-73.3267	-15.5137
105.0000	129.0000	-39.3934	64.5999
105.0000	171.0000	-59.7565	5.2392
106.0000	28.0000	68.1103	-40.1773
106.0000	43.0000	-72.7020	-18.8686
106.0000	129.0000	-43.1135	62.0747
106.0000	171.0000	-58.8299	2.6647
107.0000	28.0000	70.7163	-33.5232
107.0000	43.0000	-70.9082	-25.9163
107.0000	129.0000	-49.9894	57.3476
107.0000	171.0000	-57.9213	-2.8101
108.0000	28.0000	72.6496	-26.6435
108.0000	43.0000	-68.5272	-32.8543
108.0000	129.0000	-56.4413	51.9493
108.0000	171.0000	-56.5845	-8.1378
109.0000	28.0000	72.9483	-23.4886
109.0000	43.0000	-67.4212	-35.5486
109.0000	129.0000	-59.3389	49.2698
109.0000	171.0000	-55.1825	-9.9672
110.0000	28.0000	71.3964	-26.6818
110.0000	43.0000	-69.0211	-32.2531
110.0000	129.0000	-57.3861	51.2468
110.0000	171.0000	-54.2678	-7.1363
111.0000	28.0000	70.5180	-27.4595
111.0000	43.0000	-69.5900	-31.1363
111.0000	129.0000	-57.2996	51.5853
111.0000	171.0000	-53.1777	-6.1851
112.0000	28.0000	71.0015	-23.7580
112.0000	43.0000	-68.4588	-34.2003
112.0000	129.0000	-60.3905	47.9790
112.0000	171.0000	-51.9062	-8.4478
113.0000	28.0000	72.0732	-16.0542
113.0000	43.0000	-65.4490	-40.8824
113.0000	129.0000	-65.6194	40.5782
113.0000	171.0000	-50.1046	-13.3424
114.0000	28.0000	72.3059	-8.0965
114.0000	43.0000	-61.5394	-47.3163
114.0000	129.0000	-69.9470	32.4293
114.0000	171.0000	-47.8243	-18.0673
115.0000	28.0000	71.7044	-2.2353
115.0000	43.0000	-58.3966	-51.8443
115.0000	129.0000	-72.4320	25.7306
115.0000	171.0000	-45.6126	-21.1887
116.0000	28.0000	70.5657	3.8493
116.0000	43.0000	-54.7109	-56.5394
116.0000	129.0000	-74.6295	18.4943
116.0000	171.0000	-43.1012	-24.3195
117.0000	28.0000	68.7650	10.7602
117.0000	43.0000	-49.6482	-61.8205
117.0000	129.0000	-76.6990	9.8047
117.0000	171.0000	-40.2347	-28.1067
118.0000	28.0000	66.6886	18.0488
118.0000	43.0000	-42.4802	-67.7440
118.0000	129.0000	-78.3088	-0.7299
118.0000	171.0000	-36.4372	-32.6100
119.0000	28.0000	63.9975	24.4058
119.0000	129.0000	-78.8053	-10.3766
119.0000	171.0000	-32.5312	-36.1667
120.0000	28.0000	63.3149	25.1101
120.0000	171.0000	-31.3629	-36.6198
121.0000	28.0000	63.0493	24.6259
121.0000	171.0000	-31.0066	-36.4189
122.0000	28.0000	61.5925	26.5919
122.0000	171.0000	-29.3575	-37.4574
123.0000	28.0000	59.6033	29.3899
123.0000	171.0000	-27.0670	-38.8759
124.0000	28.0000	57.9479	31.1429
124.0000	171.0000	-25.4566	-39.7639
125.0000	28.0000	54.3531	35.7880
125.0000	171.0000	-21.7211	-41.6856
125.0000	179.0000	-27.7245	74.0541
126.0000	28.0000	50.0406	40.5180
126.0000	171.0000	-17.6548	-43.3357
126.0000	179.0000	-35.5359	68.9259
127.0000	28.0000	46.2290	43.8835
127.0000	171.0000	-14.2311	-44.3544
127.0000	179.0000	-41.3593	63.8498
128.0000	28.0000	43.4696	45.8352
128.0000	171.0000	-11.8250	-44.7923
128.0000	179.0000	-45.0163	59.4957
129.0000	28.0000	40.8698	47.4057
129.0000	171.0000	-9.7595	-44.9828
129.0000	179.0000	-48.0728	55.1649
130.0000	28.0000	37.6401	49.2118
130.0000	41.0000	67.5616	42.7260
130.0000	171.0000	-7.3549	-45.1572
130.0000	179.0000	-51.4497	50.0979
131.0000	28.0000	35.3048	50.1596
131.0000	41.0000	64.0376	44.7600
131.0000	171.0000	-5.7579	-45.1121
131.0000	179.0000	-53.5778	45.8172
132.0000	28.0000	33.2003	50.8491
132.0000	41.0000	60.5758	46.3994
132.0000	171.0000	-4.2986	-45.0007
132.0000	179.0000	-55.3429	41.5976
133.0000	28.0000	31.5745	51.1874
133.0000	41.0000	57.2380	47.6397
133.0000	171.0000	-3.0443	-44.8257
133.0000	179.0000	-56.7632	37.4970
134.0000	28.0000	30.2171	51.3946
134.0000	41.0000	54.1547	48.4039
134.0000	171.0000	-2.0634	-44.6038
134.0000	179.0000	-57.9193	33.7844
135.0000	28.0000	29.0159	51.5376
135.0000	41.0000	51.1376	48.9492
135.0000	171.0000	-1.1789	-44.3595
135.0000	179.0000	-58.8970	30.3450
136.0000	28.0000	28.1588	51.3962
136.0000	41.0000	48.4098	49.1483
136.0000	171.0000	-0.5056	-44.0970
136.0000	179.0000	-59.5979	27.1168
137.0000	28.0000	27.3145	51.0134
137.0000	41.0000	46.3093	49.3179
137.0000	152.0000	-58.5888	53.1894
137.0000	171.0000	0.1086	-43.8256
137.0000	179.0000	-60.1868	23.8857
138.0000	28.0000	26.4001	50.3924
138.0000	41.0000	44.0301	49.3190
138.0000	152.0000	-59.2778	49.7985
138.0000	171.0000	0.5781	-43.5493
138.0000	179.0000	-60.6309	20.7765
139.0000	28.0000	25.3123	49.8495
139.0000	41.0000	41.6322	49.1099
139.0000	152.0000	-59.8512	46.4357
139.0000	171.0000	0.9883	-43.2710
139.0000	179.0000	-61.0034	17.6670
140.0000	28.0000	24.1055	49.7417
140.0000	41.0000	39.2101	48.6695
140.0000	152.0000	-60.2713	43.1656
140.0000	171.0000	1.3020	-42.9935
140.0000	179.0000	-61.3044	14.6206
141.0000	28.0000	22.6950	49.6394
141.0000	41.0000	36.8614	48.0341
141.0000	152.0000	-60.5525	39.9970
141.0000	171.0000	1.5146	-42.7192
141.0000	179.0000	-61.5538	11.6482
142.0000	28.0000	22.2329	48.4234
142.0000	41.0000	34.5984	47.3334
142.0000	152.0000	-60.7885	36.8192
142.0000	171.0000	1.7030	-42.4465
142.0000	179.0000	-61.7951	8.6436
143.0000	28.0000	21.3956	46.9064
143.0000	41.0000	32.5498	46.5941
143.0000	152.0000	-60.9469	33.6911
143.0000	171.0000	1.8319	-42.1776
143.0000	179.0000	-62.0245	5.6763
144.0000	28.0000	20.3331	45.7113
144.0000	41.0000	30.7307	45.8708
144.0000	152.0000	-61.0466	30.5984
144.0000	171.0000	1.9133	-41.9125
144.0000	179.0000	-62.2509	2.7443
145.0000	28.0000	19.4436	44.9247
145.0000	41.0000	29.0636	45.2000
145.0000	152.0000	-61.1209	27.4926
145.0000	171.0000	1.9755	-41.6501
145.0000	179.0000	-62.4817	-0.1893
146.0000	28.0000	19.0570	44.2028
146.0000	41.0000	27.5006	44.5322
146.0000	152.0000	-61.1475	24.4267
146.0000	171.0000	1.9819	-41.3951
146.0000	179.0000	-62.7129	-3.0583
147.0000	28.0000	18.8702	43.1848
147.0000	41.0000	25.9050	43.8375
147.0000	152.0000	-61.1505	21.3630
147.0000	171.0000	1.9545	-41.1535
147.0000	179.0000	-62.9445	-5.8904
148.0000	28.0000	18.0763	42.0256
148.0000	41.0000	24.1882	43.0624
148.0000	152.0000	-61.1341	18.3005
148.0000	171.0000	2.0153	-41.2692
148.0000	179.0000	-63.1608	-8.2557
149.0000	28.0000	17.2308	40.5352
149.0000	41.0000	22.3600	42.5014
149.0000	152.0000	-61.1051	15.2299
149.0000	171.0000	2.1991	-42.1863
149.0000	179.0000	-63.4781	-9.8329
150.0000	28.0000	16.3656	39.2682
150.0000	41.0000	20.3085	41.5319
150.0000	152.0000	-61.0656	12.1643
150.0000	171.0000	2.2037	-43.0460
150.0000	179.0000	-64.1707	-11.0890
151.0000	28.0000	15.9383	38.3449
151.0000	41.0000	18.8278	40.5142
151.0000	152.0000	-61.0183	9.1026
151.0000	171.0000	2.1822	-43.9916
151.0000	179.0000	-64.6143	-12.3924
152.0000	28.0000	15.8231	37.4370
152.0000	41.0000	18.1049	39.6594
152.0000	152.0000	-60.9640	6.0458
152.0000	171.0000	2.1471	-44.9528
152.0000	179.0000	-64.8193	-13.7033
153.0000	28.0000	15.7436	36.5286
153.0000	41.0000	16.9204	39.5999
153.0000	152.0000	-60.9038	2.9941
153.0000	171.0000	2.1421	-45.8887
153.0000	179.0000	-64.8757	-14.9504
154.0000	28.0000	15.7529	35.5889
154.0000	41.0000	14.8720	39.1649
154.0000	152.0000	-60.8391	-0.0563
154.0000	171.0000	2.1520	-46.8198
154.0000	179.0000	-64.8725	-16.1104
155.0000	28.0000	15.7568	34.7028
155.0000	41.0000	13.2368	37.9405
155.0000	152.0000	-60.7709	-3.1214
155.0000	171.0000	2.1644	-47.7538
155.0000	179.0000	-64.8786	-17.1733
156.0000	28.0000	15.7878	33.7795
156.0000	41.0000	12.5922	36.8355
156.0000	152.0000	-60.6996	-6.2051
156.0000	171.0000	2.1858	-48.6981
156.0000	179.0000	-64.8800	-18.1535
157.0000	28.0000	15.8017	32.8159
157.0000	41.0000	12.2112	35.6964
157.0000	152.0000	-60.6245	-9.3129
157.0000	171.0000	2.2105	-49.6358
157.0000	179.0000	-64.8555	-19.0737
158.0000	28.0000	15.7782	31.8665
158.0000	41.0000	11.7510	34.6818
158.0000	152.0000	-60.5454	-12.4440
158.0000	171.0000	2.2367	-50.5853
158.0000	179.0000	-64.7952	-19.9476
159.0000	28.0000	15.7599	30.9000
159.0000	41.0000	11.2956	33.6974
159.0000	152.0000	-60.4640	-15.5864
159.0000	171.0000	2.2547	-51.5496
159.0000	179.0000	-64.7068	-20.7663
160.0000	28.0000	15.7516	29.9144
160.0000	41.0000	11.0237	32.7363
160.0000	152.0000	-60.3837	-18.7307
160.0000	171.0000	2.2619	-52.5313
160.0000	179.0000	-64.5991	-21.5218
161.0000	28.0000	15.7531	28.9099
161.0000	41.0000	11.0883	31.7883
161.0000	152.0000	-60.3069	-21.8767
161.0000	171.0000	2.2482	-53.5173
161.0000	179.0000	-64.4657	-22.2205
162.0000	28.0000	15.7652	27.8857
162.0000	41.0000	11.2592	30.7255
162.0000	152.0000	-60.2373	-25.0209
162.0000	171.0000	2.2406	-54.5302
162.0000	179.0000	-64.3220	-22.8563
163.0000	28.0000	15.7757	26.8252
163.0000	41.0000	11.3876	29.5294
163.0000	152.0000	-60.1776	-28.1634
163.0000	171.0000	2.2150	-55.5582
163.0000	179.0000	-64.1617	-23.4350
164.0000	28.0000	15.8084	25.6911
164.0000	41.0000	11.4664	28.2245
164.0000	152.0000	-60.1290	-31.3078
164.0000	171.0000	2.1740	-56.6011
164.0000	179.0000	-63.9925	-23.9595
165.0000	28.0000	15.8173	24.5044
165.0000	41.0000	11.4768	26.8428
165.0000	152.0000	-60.0934	-34.4548
165.0000	171.0000	2.1166	-57.6581
165.0000	179.0000	-63.8077	-24.4359
166.0000	28.0000	15.8684	23.3748
166.0000	41.0000	11.4999	25.4064
166.0000	152.0000	-60.0717	-37.6065
166.0000	171.0000	2.0460	-58.7296
166.0000	179.0000	-63.6112	-24.8670
167.0000	28.0000	15.9339	22.1163
167.0000	41.0000	11.4470	23.8959
167.0000	152.0000	-60.0639	-40.7660
167.0000	171.0000	1.9630	-59.8154
167.0000	179.0000	-63.3979	-25.2590
168.0000	28.0000	15.9735	20.9673
168.0000	41.0000	11.3303	22.3989
168.0000	152.0000	-60.0700	-43.9354
168.0000	171.0000	1.8673	-60.9149
168.0000	179.0000	-63.0341	-25.8983
169.0000	28.0000	16.0174	19.8209
169.0000	41.0000	11.3179	21.1001
169.0000	152.0000	-60.0889	-47.1174
169.0000	171.0000	1.7643	-62.0280
169.0000	179.0000	-62.7208	-26.6123
170.0000	28.0000	16.0605	18.6596
170.0000	41.0000	11.2125	19.8812
170.0000	152.0000	-60.1206	-50.3129
170.0000	171.0000	1.6458	-63.1535
170.0000	179.0000	-62.3493	-27.2936
171.0000	28.0000	16.1013	17.4814
171.0000	41.0000	11.4340	18.7861
171.0000	171.0000	1.5159	-64.3051
171.0000	179.0000	-61.8144	-27.7961
172.0000	28.0000	16.0901	16.3322
172.0000	41.0000	11.5820	17.7398
172.0000	171.0000	1.5314	-65.4767
172.0000	179.0000	-62.3247	-28.9055
173.0000	28.0000	16.0354	15.2077
173.0000	41.0000	11.6275	16.7202
173.0000	171.0000	1.7102	-66.6577
173.0000	179.0000	-61.9409	-30.6805
174.0000	28.0000	15.8445	14.1950
174.0000	41.0000	11.4434	15.7654
174.0000	171.0000	2.3950	-67.8179
174.0000	179.0000	-63.0754	-33.7664
175.0000	28.0000	15.2549	13.5560
175.0000	41.0000	10.7329	15.0373
175.0000	171.0000	4.6613	-68.8638
175.0000	179.0000	-62.7164	-37.5919
176.0000	28.0000	14.0173	13.4922
176.0000	41.0000	9.3374	14.5797
176.0000	171.0000	9.6096	-69.4780
176.0000	179.0000	-60.0179	-45.0266
177.0000	28.0000	12.4928	13.5552
177.0000	41.0000	7.6834	14.1362
177.0000	171.0000	15.7017	-69.4512
177.0000	179.0000	-57.2197	-52.5144
178.0000	28.0000	10.9238	13.5377
178.0000	41.0000	5.9925	13.5295
178.0000	171.0000	22.0894	-68.7569
178.0000	179.0000	-52.1284	-59.5221
179.0000	28.0000	9.0435	13.4696
179.0000	41.0000	4.1260	12.7088
179.0000	171.0000	29.6678	-66.8336
180.0000	28.0000	7.3416	13.2020
180.0000	41.0000	2.4190	11.5176
180.0000	171.0000	36.3592	-64.3573
181.0000	28.0000	5.9516	12.6506
181.0000	41.0000	1.3034	10.2641
181.0000	171.0000	41.6464	-62.0675
182.0000	28.0000	4.3267	12.0586
182.0000	41.0000	0.1682	9.0273
182.0000	171.0000	47.3971	-58.6742
183.0000	28.0000	2.9855	11.2687
183.0000	41.0000	-0.7394	7.7744
183.0000	171.0000	52.2434	-55.2927
184.0000	28.0000	1.8439	10.2745
184.0000	41.0000	-1.4923	6.4694
184.0000	171.0000	56.4264	-51.8827
185.0000	28.0000	0.7785	9.2164
185.0000	41.0000	-2.1572	5.1212
185.0000	171.0000	60.3911	-48.0303
186.0000	28.0000	-0.0508	8.1287
186.0000	41.0000	-2.5240	4.0067
186.0000	171.0000	63.0174	-44.4761
187.0000	28.0000	-0.6915	6.9770
187.0000	41.0000	-2.5285	2.6420
187.0000	171.0000	64.8089	-41.7545
188.0000	28.0000	-1.2640	5.7871
188.0000	41.0000	-2.6781	1.0607
188.0000	171.0000	66.5237	-38.9051
189.0000	28.0000	-1.6577	4.5744
189.0000	41.0000	-2.6849	-0.5796
189.0000	171.0000	67.8404	-37.2064
190.0000	28.0000	-1.9146	3.3575
190.0000	41.0000	-2.4762	-2.1576
190.0000	171.0000	68.7605	-35.8024
191.0000	28.0000	-2.1230	2.1279
191.0000	41.0000	-2.2204	-3.7453
191.0000	171.0000	69.4914	-34.4955
192.0000	28.0000	-2.2757	0.8807
192.0000	41.0000	-1.9671	-5.0344
192.0000	171.0000	70.0591	-33.3648
193.0000	28.0000	-2.3598	-0.3716
193.0000	41.0000	-1.7508	-6.2662
193.0000	171.0000	70.4081	-32.7774
194.0000	28.0000	-2.4063	-1.6264
194.0000	41.0000	-1.5340	-7.5614
194.0000	171.0000	70.6238	-32.6668
195.0000	28.0000	-2.4193	-2.8871
195.0000	41.0000	-1.2967	-8.9253
195.0000	171.0000	71.2126	-32.7198
196.0000	28.0000	-2.4054	-4.1525
196.0000	41.0000	-0.9795	-10.3323
196.0000	171.0000	71.9785	-33.0437
197.0000	28.0000	-2.3710	-5.4228
197.0000	41.0000	-0.5710	-11.7372
198.0000	28.0000	-2.3209	-6.6991
198.0000	41.0000	-0.1283	-13.1493
199.0000	28.0000	-2.2589	-7.9820
199.0000	41.0000	0.2946	-14.6306
200.0000	28.0000	-2.1748	-9.2718
200.0000	41.0000	0.7892	-16.0966
201.0000	28.0000	-2.0779	-10.5715
201.0000	41.0000	1.3297	-17.6154
202.0000	28.0000	-1.9923	-11.8772
202.0000	41.0000	1.9245	-19.1731
203.0000	28.0000	-1.9141	-13.1900
203.0000	41.0000	2.5899	-20.7431
204.0000	28.0000	-1.7686	-14.4802
204.0000	41.0000	3.4257	-22.2991
205.0000	28.0000	-1.5749	-15.8578
205.0000	41.0000	4.1966	-23.8655
206.0000	28.0000	-1.4576	-17.1847
206.0000	41.0000	4.9577	-25.4831
207.0000	28.0000	-1.3985	-18.4840
207.0000	41.0000	5.7310	-27.1500
208.0000	28.0000	-1.3433	-19.7940
208.0000	41.0000	6.5318	-28.8578
209.0000	28.0000	-1.2238	-21.1111
209.0000	41.0000	7.3607	-30.6011
210.0000	28.0000	-1.1654	-22.4401
210.0000	41.0000	8.2183	-32.3773
211.0000	28.0000	-1.1194	-23.7809
211.0000	41.0000	9.1025	-34.1872
212.0000	28.0000	-1.0770	-25.1330
212.0000	41.0000	10.0135	-36.0301
213.0000	28.0000	-1.0366	-26.4959
213.0000	41.0000	10.9508	-37.9048
214.0000	28.0000	-0.9991	-27.8693
214.0000	41.0000	11.9124	-39.8107
215.0000	28.0000	-0.9640	-29.2535
215.0000	41.0000	12.8989	-41.7459
216.0000	28.0000	-0.9302	-30.6482
216.0000	41.0000	13.9126	-43.7072
217.0000	28.0000	-0.8971	-32.0537
217.0000	41.0000	14.9483	-45.7029
218.0000	28.0000	-0.8636	-33.4698
218.0000	41.0000	16.0144	-47.7281
219.0000	28.0000	-0.8277	-34.8966
219.0000	41.0000	17.0853	-49.7620
220.0000	28.0000	-0.7881	-36.3340
220.0000	41.0000	18.2330	-51.7589
221.0000	28.0000	-0.7461	-37.7796
221.0000	41.0000	19.4319	-53.7423
222.0000	28.0000	-0.7062	-39.2232
222.0000	41.0000	20.6751	-55.6803
223.0000	28.0000	-0.6717	-40.6638
223.0000	41.0000	21.9524	-57.5816
224.0000	28.0000	-0.6451	-42.1013
224.0000	41.0000	23.2581	-59.4430
225.0000	28.0000	-0.6282	-43.5359
225.0000	41.0000	24.5888	-61.2683
226.0000	28.0000	-0.6220	-44.9690
226.0000	41.0000	25.9401	-63.0562
227.0000	28.0000	-0.6274	-46.4087
227.0000	41.0000	27.3085	-64.8242
228.0000	28.0000	-0.6441	-47.8566
228.0000	41.0000	28.6911	-66.5734
229.0000	28.0000	-0.6719	-49.3129
229.0000	41.0000	30.0880	-68.3064
230.0000	28.0000	-0.7100	-50.7778
230.0000	41.0000	31.4974	-70.0241
231.0000	28.0000	-0.7579	-52.2515
231.0000	41.0000	32.9196	-71.7299
232.0000	28.0000	-0.8140	-53.7338
233.0000	28.0000	-0.8779	-55.2248
234.0000	28.0000	-0.9481	-56.7244
235.0000	28.0000	-1.0228	-58.2326
236.0000	28.0000	-1.1014	-59.7495
237.0000	28.0000	-1.1811	-61.2750
238.0000	28.0000	-1.2630	-62.8091
239.0000	28.0000	-1.3494	-64.3516
240.0000	28.0000	-1.4341	-65.9028
241.0000	28.0000	-1.5176	-67.4625
242.0000	28.0000	-1.5990	-69.0307
243.0000	28.0000	-1.6769	-70.6075
244.0000	28.0000	-1.7550	-72.1927
245.0000	28.0000	-1.8302	-73.7864
246.0000	28.0000	-1.9036	-75.3886
247.0000	28.0000	-1.9730	-76.9992
248.0000	28.0000	-2.0371	-78.6183
286.0000	37.0000	-20.2912	76.9993
287.0000	37.0000	-20.3782	75.3558
288.0000	37.0000	-20.4627	73.7038
288.0000	110.0000	63.2859	46.8653
289.0000	37.0000	-20.5433	72.0441
289.0000	110.0000	63.3596	43.1846
290.0000	37.0000	-20.6203	70.3764
290.0000	110.0000	63.4180	39.4774
291.0000	37.0000	-20.6930	68.7012
291.0000	110.0000	63.4629	35.7451
292.0000	37.0000	-20.7613	67.0185
292.0000	110.0000	63.4964	31.9894
293.0000	37.0000	-20.8259	65.3282
293.0000	110.0000	63.5199	28.2131
294.0000	37.0000	-20.8866	63.6305
294.0000	110.0000	63.5345	24.4182
295.0000	37.0000	-20.9426	61.9256
295.0000	110.0000	63.5418	20.6066
296.0000	37.0000	-20.9931	60.2139
296.0000	110.0000	63.5436	16.7793
297.0000	37.0000	-21.0379	58.4956
297.0000	110.0000	63.5409	12.9379
298.0000	37.0000	-21.0781	56.7705
298.0000	110.0000	63.5338	9.0850
299.0000	37.0000	-21.1147	55.0383
299.0000	110.0000	63.5229	5.2225
300.0000	37.0000	-21.1463	53.2995
300.0000	110.0000	63.5092	1.3502
301.0000	37.0000	-21.1730	51.5544
301.0000	110.0000	63.4932	-2.5321
302.0000	37.0000	-21.1943	49.8031
302.0000	110.0000	63.4749	-6.4246
303.0000	37.0000	-21.2120	48.0453
303.0000	110.0000	63.4543	-10.3254
304.0000	37.0000	-21.2262	46.2809
304.0000	110.0000	63.4320	-14.2350
305.0000	37.0000	-21.2372	44.5100
305.0000	110.0000	63.4080	-18.1532
306.0000	37.0000	-21.2447	42.7326
306.0000	110.0000	63.3821	-22.0812
307.0000	37.0000	-21.2488	40.9491
307.0000	110.0000	63.3542	-26.0196
308.0000	37.0000	-21.2508	39.1588
308.0000	110.0000	63.3251	-29.9671
309.0000	37.0000	-21.2513	37.3618
309.0000	110.0000	63.2947	-33.9235
310.0000	37.0000	-21.2504	35.5578
310.0000	110.0000	63.2632	-37.8895
311.0000	37.0000	-21.2471	33.7476
311.0000	110.0000	63.2295	-41.8667
312.0000	37.0000	-21.2429	31.9306
312.0000	110.0000	63.1941	-45.8541
313.0000	37.0000	-21.2381	30.1066
314.0000	37.0000	-21.2334	28.2751
315.0000	37.0000	-21.9966	26.0489
316.0000	37.0000	-22.7298	25.0033
317.0000	37.0000	-22.4559	24.8830
318.0000	37.0000	-21.8092	25.2782
319.0000	37.0000	-21.6549	25.3639
320.0000	37.0000	-21.7081	25.3208
321.0000	37.0000	-21.7798	25.2946
322.0000	37.0000	-21.8230	25.2804
323.0000	37.0000	-21.8497	25.2676
324.0000	37.0000	-21.8715	25.2567
325.0000	37.0000	-21.8893	25.2487
326.0000	37.0000	-21.9050	25.2425
327.0000	37.0000	-21.9200	25.2372
328.0000	37.0000	-21.9194	25.2379
329.0000	37.0000	-21.8633	25.2655
330.0000	37.0000	-21.7755	25.3015
331.0000	37.0000	-21.7070	25.3121
332.0000	37.0000	-21.7071	25.3023
333.0000	37.0000	-21.7040	25.2964
334.0000	37.0000	-21.7088	25.2837
335.0000	37.0000	-21.7113	25.2707
336.0000	37.0000	-21.6910	25.2761
337.0000	37.0000	-21.6885	25.2663
338.0000	37.0000	-21.6804	25.2610
339.0000	37.0000	-21.6871	25.2439
340.0000	37.0000	-21.7238	25.2016
341.0000	37.0000	-21.7582	25.1601
342.0000	37.0000	-21.7821	25.1270
343.0000	37.0000	-21.7745	25.1211
344.0000	37.0000	-21.7562	25.1255
345.0000	37.0000	-21.7349	25.1323
346.0000	37.0000	-21.7142	25.1387
347.0000	37.0000	-21.7008	25.1410
348.0000	37.0000	-21.6994	25.1376
349.0000	37.0000	-21.6989	25.1332
350.0000	37.0000	-21.6880	25.1379
351.0000	37.0000	-21.6851	25.1368
352.0000	37.0000	-21.6885	25.1318
353.0000	37.0000	-21.6820	25.1329
354.0000	37.0000	-21.7017	25.1108
355.0000	37.0000	-21.7360	25.0749
356.0000	37.0000	-21.7865	25.0250
357.0000	37.0000	-21.8345	24.9764
358.0000	37.0000	-21.8824	24.9272
359.0000	37.0000	-21.9336	24.8752
360.0000	37.0000	-21.9818	24.8256
361.0000	37.0000	-22.0293	24.7768
362.0000	37.0000	-22.0749	24.7289
363.0000	37.0000	-22.0864	24.7094
364.0000	37.0000	-22.0698	24.7143
365.0000	37.0000	-22.0512	24.7215
366.0000	37.0000	-22.0333	24.7282
367.0000	37.0000	-22.0156	24.7346
368.0000	37.0000	-22.0094	24.7333
369.0000	37.0000	-22.0018	24.7318
370.0000	37.0000	-22.0044	24.7255
371.0000	37.0000	-22.0046	24.7209
372.0000	37.0000	-22.0075	24.7150
373.0000	37.0000	-22.0109	24.7058
374.0000	37.0000	-22.0157	24.6922
375.0000	37.0000	-22.0125	24.6812
376.0000	37.0000	-22.0076	24.6660
377.0000	37.0000	-22.0159	24.6366
378.0000	37.0000	-22.0260	24.6033
379.0000	37.0000	-22.0290	24.5741
380.0000	37.0000	-22.0182	24.5544
381.0000	37.0000	-22.0017	24.5378
382.0000	37.0000	-21.9843	24.5214
383.0000	37.0000	-21.9557	24.5139
384.0000	37.0000	-21.9333	24.5200
385.0000	37.0000	-21.9473	24.5175
386.0000	37.0000	-21.9590	24.5172
387.0000	37.0000	-21.9714	24.5153
388.0000	37.0000	-21.9794	24.5145
389.0000	37.0000	-21.9278	24.5350
390.0000	37.0000	-21.8037	24.5750
391.0000	37.0000	-21.6558	24.5982
392.0000	37.0000	-21.4285	24.6508
393.0000	37.0000	-21.2698	24.6198
394.0000	37.0000	-21.0380	24.6155
395.0000	37.0000	-20.8605	24.5407
396.0000	37.0000	-20.6694	24.4484
397.0000	37.0000	-20.4810	24.3261
398.0000	37.0000	-20.4910	24.0307
399.0000	37.0000	-20.5076	23.7859
400.0000	37.0000	-20.3350	23.6839
401.0000	37.0000	-20.2370	23.5217
402.0000	37.0000	-20.1685	23.3569
403.0000	37.0000	-20.1221	23.1700
404.0000	37.0000	-20.1262	22.9438
405.0000	37.0000	-20.1182	22.7310
406.0000	37.0000	-20.0937	22.5747
407.0000	37.0000	-20.0545	22.4363
408.0000	37.0000	-20.0244	22.2910
409.0000	37.0000	-19.9848	22.1533
410.0000	37.0000	-19.9618	22.0025
411.0000	37.0000	-19.9415	21.8423
412.0000	37.0000	-19.9305	21.6683
413.0000	37.0000	-19.9101	21.4816
414.0000	37.0000	-19.8917	21.2641
415.0000	37.0000	-19.8873	21.0073
416.0000	37.0000	-19.8892	20.7206
417.0000	37.0000	-19.8983	20.4046
418.0000	37.0000	-20.0607	19.9844
419.0000	37.0000	-20.1530	19.8128
420.0000	37.0000	-20.1160	19.7081
421.0000	37.0000	-20.2213	19.5604
422.0000	37.0000	-20.2734	19.5279
423.0000	37.0000	-20.2844	19.5117
424.0000	37.0000	-20.3528	19.4737
425.0000	37.0000	-20.6155	19.4671
426.0000	37.0000	-20.6842	19.5967
427.0000	37.0000	-20.6941	19.6567
428.0000	37.0000	-20.7669	19.6322
429.0000	37.0000	-20.8694	19.5981
430.0000	37.0000	-20.8823	19.6151
431.0000	37.0000	-20.9370	19.6013
432.0000	37.0000	-21.0210	19.6009
433.0000	37.0000	-21.0364	19.6287
434.0000	37.0000	-21.0361	19.6574
435.0000	37.0000	-21.0637	19.6679
436.0000	37.0000	-21.0749	19.6783
437.0000	37.0000	-21.0886	19.6622
438.0000	37.0000	-21.1066	19.6412
439.0000	37.0000	-21.1297	19.6155
440.0000	37.0000	-21.1559	19.5872
441.0000	37.0000	-21.1800	19.5616
442.0000	37.0000	-21.2057	19.5348
443.0000	37.0000	-21.2285	19.5117
444.0000	37.0000	-21.2564	19.4840
445.0000	37.0000	-21.2844	19.4564
446.0000	37.0000	-21.3152	19.4262
447.0000	37.0000	-21.3370	19.4058
448.0000	37.0000	-21.3608	19.3829
449.0000	37.0000	-21.3884	19.3546
450.0000	37.0000	-21.4194	19.3232
451.0000	37.0000	-21.4499	19.2931
452.0000	37.0000	-21.4743	19.2692
453.0000	37.0000	-21.5025	19.2414
454.0000	37.0000	-21.5298	19.2144
455.0000	37.0000	-21.5577	19.1867
456.0000	37.0000	-21.5845	19.1600
457.0000	37.0000	-21.5909	19.1539
458.0000	37.0000	-21.5895	19.1561
459.0000	37.0000	-21.5969	19.1505
460.0000	37.0000	-21.6047	19.1434
461.0000	37.0000	-21.6055	19.1424
462.0000	37.0000	-21.6060	19.1421
463.0000	37.0000	-21.6081	19.1405
464.0000	37.0000	-21.6097	19.1399
465.0000	37.0000	-21.6032	19.1486
466.0000	37.0000	-21.5629	19.1891
467.0000	37.0000	-21.5557	19.1974
468.0000	37.0000	-21.5503	19.2038
469.0000	37.0000	-21.5449	19.2104
470.0000	37.0000	-21.5398	19.2168
471.0000	37.0000	-21.5343	19.2236
472.0000	37.0000	-21.5286	19.2312
473.0000	37.0000	-21.5247	19.2367
474.0000	37.0000	-21.5198	19.2430
475.0000	37.0000	-21.5138	19.2502
476.0000	37.0000	-21.5092	19.2554
477.0000	37.0000	-21.5054	19.2605
478.0000	37.0000	-21.5000	19.2675
479.0000	37.0000	-21.4950	19.2738
480.0000	37.0000	-21.4902	19.2792
481.0000	37.0000	-21.4861	19.2850
482.0000	37.0000	-21.4811	19.2913
482.0000	110.0000	0.0189	-79.6231
483.0000	37.0000	-21.4763	19.2972
483.0000	110.0000	-0.0656	-77.4609
484.0000	37.0000	-21.4710	19.3037
484.0000	110.0000	-0.1512	-75.2987
485.0000	37.0000	-21.4660	19.3101
485.0000	110.0000	-0.2351	-73.1363
486.0000	37.0000	-21.4597	19.3173
486.0000	110.0000	-0.3214	-70.9741
487.0000	37.0000	-21.4538	19.3247
487.0000	110.0000	-0.4051	-68.8116
488.0000	37.0000	-21.4510	19.3296
488.0000	110.0000	-0.4770	-66.6487
489.0000	37.0000	-21.4457	19.3363
489.0000	110.0000	-0.5544	-64.4861
490.0000	37.0000	-21.4405	19.3425
490.0000	110.0000	-0.6305	-62.3235
491.0000	37.0000	-21.4359	19.3473
491.0000	110.0000	-0.7033	-60.1612
492.0000	37.0000	-21.4320	19.3518
492.0000	110.0000	-0.7729	-57.9987
493.0000	37.0000	-21.4255	19.3590
493.0000	110.0000	-0.8479	-55.8361
494.0000	37.0000	-21.4212	19.3641
494.0000	110.0000	-0.9150	-53.6735
495.0000	37.0000	-21.4165	19.3704
495.0000	110.0000	-0.9827	-51.5105
496.0000	37.0000	-21.4121	19.3762
496.0000	110.0000	-1.0473	-49.3475
497.0000	37.0000	-21.4077	19.3824
497.0000	110.0000	-1.1118	-47.1844
498.0000	37.0000	-21.4016	19.3894
498.0000	110.0000	-1.1772	-45.0215
499.0000	37.0000	-21.3973	19.3947
499.0000	110.0000	-1.2379	-42.8588
500.0000	37.0000	-21.3912	19.4013
500.0000	110.0000	-1.3004	-40.6960
501.0000	37.0000	-21.3859	19.4076
501.0000	110.0000	-1.3595	-38.5331
502.0000	37.0000	-21.3803	19.4146
502.0000	110.0000	-1.4170	-36.3698
503.0000	37.0000	-21.3772	19.4190
503.0000	110.0000	-1.4691	-34.2066
504.0000	37.0000	-21.3723	19.4253
504.0000	110.0000	-1.5232	-32.0433
505.0000	37.0000	-21.3675	19.4321
505.0000	110.0000	-1.5760	-29.8799
506.0000	37.0000	-21.3609	19.4401
506.0000	110.0000	-1.6293	-27.7166
507.0000	37.0000	-21.3556	19.4459
507.0000	110.0000	-1.6783	-25.5536
508.0000	37.0000	-21.3512	19.4506
508.0000	110.0000	-1.7244	-23.3905
509.0000	37.0000	-21.3473	19.4555
509.0000	110.0000	-1.7692	-21.2273
510.0000	37.0000	-21.3432	19.4605
510.0000	110.0000	-1.8132	-19.0641
511.0000	37.0000	-21.3382	19.4665
511.0000	110.0000	-1.8563	-16.9009
512.0000	37.0000	-21.3342	19.4711
512.0000	110.0000	-1.8970	-14.7377
513.0000	37.0000	-21.3292	19.4775
513.0000	110.0000	-1.9380	-12.5742
514.0000	37.0000	-21.3257	19.4824
514.0000	110.0000	-1.9765	-10.4108
515.0000	37.0000	-21.3193	19.4914
515.0000	110.0000	-2.0147	-8.2464
516.0000	37.0000	-21.3146	19.4969
516.0000	110.0000	-2.0508	-6.0832
517.0000	37.0000	-21.3095	19.5025
517.0000	110.0000	-2.0853	-3.9199
518.0000	37.0000	-21.3043	19.5083
518.0000	110.0000	-2.1184	-1.7566
519.0000	37.0000	-21.2992	19.5140
519.0000	110.0000	-2.1528	0.4068
520.0000	37.0000	-21.2951	19.5183
520.0000	110.0000	-2.1986	2.5696
521.0000	37.0000	-21.2898	19.5246
521.0000	110.0000	-2.4696	4.5101
522.0000	37.0000	-21.2863	19.5292
522.0000	110.0000	-2.9644	6.5353
523.0000	37.0000	-21.2823	19.5345
523.0000	110.0000	-3.1708	8.6580
524.0000	37.0000	-21.2773	19.5411
524.0000	110.0000	-3.0767	10.7190
525.0000	37.0000	-21.2724	19.5471
525.0000	110.0000	-2.8897	12.6143
526.0000	37.0000	-21.2671	19.5530
526.0000	110.0000	-2.8791	14.3448
527.0000	37.0000	-21.2623	19.5586
527.0000	110.0000	-3.1943	16.0163
528.0000	37.0000	-21.2588	19.5637
528.0000	110.0000	-3.7634	17.7687
529.0000	37.0000	-21.2540	19.5695
529.0000	110.0000	-4.3392	19.6764
530.0000	37.0000	-21.2484	19.5756
530.0000	110.0000	-4.6709	21.7062
531.0000	37.0000	-21.2438	19.5807
531.0000	110.0000	-4.6734	23.7361
532.0000	37.0000	-21.2391	19.5864
532.0000	110.0000	-4.4810	25.6383
533.0000	37.0000	-21.2330	19.5935
533.0000	110.0000	-4.3590	27.3664
534.0000	37.0000	-21.2302	19.5973
534.0000	110.0000	-4.5313	28.9875
535.0000	37.0000	-21.2257	19.6023
535.0000	110.0000	-5.0118	30.6375
536.0000	37.0000	-21.2209	19.6091
536.0000	110.0000	-5.6117	32.4304
537.0000	37.0000	-21.2150	19.6156
537.0000	110.0000	-5.8497	34.3112
538.0000	37.0000	-21.2128	19.6182
538.0000	110.0000	-5.7476	34.5955
539.0000	37.0000	-21.2079	19.6233
539.0000	110.0000	-5.7331	34.6507
540.0000	37.0000	-21.2031	19.6289
540.0000	110.0000	-5.6684	34.6730
541.0000	37.0000	-21.1986	19.6343
541.0000	110.0000	-5.6447	34.6808
542.0000	37.0000	-21.1938	19.6401
542.0000	110.0000	-5.6358	34.6821
543.0000	37.0000	-21.1899	19.6453
543.0000	110.0000	-5.6277	34.6830
544.0000	37.0000	-21.1847	19.6514
544.0000	110.0000	-5.6175	34.6841
545.0000	37.0000	-21.1814	19.6555
545.0000	110.0000	-5.6112	34.6851
546.0000	37.0000	-21.1769	19.6620
546.0000	110.0000	-5.6016	34.6867
547.0000	37.0000	-21.1712	19.6685
547.0000	110.0000	-5.5903	34.6878
548.0000	37.0000	-21.1645	19.6748
548.0000	110.0000	-5.5781	34.6888
549.0000	37.0000	-21.1624	19.6775
549.0000	110.0000	-5.5742	34.6887
550.0000	37.0000	-21.1577	19.6828
550.0000	110.0000	-5.5635	34.6902
551.0000	37.0000	-21.1538	19.6872
551.0000	110.0000	-5.5546	34.6916
552.0000	37.0000	-21.1494	19.6928
552.0000	110.0000	-5.5446	34.6930
553.0000	37.0000	-21.1446	19.6985
553.0000	110.0000	-5.5359	34.6940
554.0000	37.0000	-21.1389	19.7065
554.0000	110.0000	-5.5243	34.6972
555.0000	37.0000	-21.1368	19.7094
555.0000	110.0000	-5.5178	34.6980
556.0000	37.0000	-21.1307	19.7158
556.0000	110.0000	-5.5054	34.6991
557.0000	37.0000	-21.1253	19.7215
557.0000	110.0000	-5.4940	34.7002
558.0000	37.0000	-21.1203	19.7270
558.0000	110.0000	-5.4833	34.7016
559.0000	37.0000	-21.1159	19.7322
559.0000	110.0000	-5.4734	34.7031
560.0000	37.0000	-21.1122	19.7367
560.0000	110.0000	-5.4654	34.7046
561.0000	37.0000	-21.1084	19.7418
561.0000	110.0000	-5.4565	34.7062
562.0000	37.0000	-21.1021	19.7493
562.0000	110.0000	-5.4434	34.7085
563.0000	37.0000	-21.1000	19.7529
563.0000	110.0000	-5.4284	34.7125
564.0000	37.0000	-21.0951	19.7584
564.0000	110.0000	-5.2586	34.6600
565.0000	37.0000	-21.0883	19.7658
565.0000	110.0000	-5.1074	34.6718
566.0000	37.0000	-21.0838	19.7706
566.0000	110.0000	-5.0213	34.7469
567.0000	37.0000	-21.0807	19.7744
567.0000	110.0000	-4.9610	34.8336
568.0000	37.0000	-21.0755	19.7801
568.0000	110.0000	-4.9231	34.9357
569.0000	37.0000	-21.0710	19.7849
569.0000	110.0000	-4.9454	34.9923
570.0000	37.0000	-21.0659	19.7908
570.0000	110.0000	-5.0850	34.9913
571.0000	37.0000	-21.0618	19.7965
571.0000	110.0000	-5.1762	34.9980
572.0000	37.0000	-21.0566	19.8029
572.0000	110.0000	-5.1710	34.9995
573.0000	37.0000	-21.0521	19.8078
573.0000	110.0000	-5.1427	34.9986
574.0000	37.0000	-21.0483	19.8120
574.0000	110.0000	-5.1125	34.9976
575.0000	37.0000	-21.0431	19.8182
575.0000	110.0000	-5.0825	34.9977
576.0000	37.0000	-21.0383	19.8240
576.0000	110.0000	-5.0594	34.9983
577.0000	37.0000	-21.0335	19.8298
577.0000	110.0000	-5.0392	34.9992
578.0000	37.0000	-21.0298	19.8354
578.0000	110.0000	-5.0217	35.0008
579.0000	37.0000	-21.0249	19.8404
579.0000	110.0000	-5.0034	35.0009
580.0000	37.0000	-21.0203	19.8448
580.0000	110.0000	-4.9853	35.0012
581.0000	37.0000	-21.0160	19.8498
581.0000	110.0000	-4.9709	35.0017
582.0000	37.0000	-21.0103	19.8563
582.0000	110.0000	-4.9580	35.0028
583.0000	37.0000	-21.0056	19.8616
583.0000	110.0000	-4.9488	35.0035
584.0000	37.0000	-21.0012	19.8666
584.0000	110.0000	-4.9405	35.0042
585.0000	37.0000	-20.9969	19.8719
585.0000	110.0000	-4.9319	35.0051
586.0000	37.0000	-20.9926	19.8771
586.0000	110.0000	-4.9233	35.0058
587.0000	37.0000	-20.9876	19.8832
587.0000	110.0000	-4.9136	35.0069
588.0000	37.0000	-20.9827	19.8887
588.0000	110.0000	-4.9042	35.0077
589.0000	37.0000	-20.9784	19.8934
589.0000	110.0000	-4.8957	35.0081
590.0000	37.0000	-20.9740	19.8981
590.0000	110.0000	-4.8872	35.0086
591.0000	37.0000	-20.9699	19.9026
591.0000	110.0000	-4.8793	35.0089
592.0000	37.0000	-20.9655	19.9079
592.0000	95.0000	74.8649	27.9432
592.0000	110.0000	-4.8707	35.0098
593.0000	37.0000	-20.9605	19.9138
593.0000	95.0000	74.5745	27.5749
593.0000	110.0000	-4.8612	35.0108
594.0000	37.0000	-20.9553	19.9209
594.0000	95.0000	74.3041	27.4444
594.0000	110.0000	-4.8507	35.0125
595.0000	37.0000	-20.9504	19.9262
595.0000	95.0000	74.0706	27.5360
595.0000	110.0000	-4.8416	35.0133
596.0000	37.0000	-20.9474	19.9294
596.0000	95.0000	73.8720	27.7488
596.0000	110.0000	-4.8353	35.0132
597.0000	37.0000	-20.9430	19.9339
597.0000	95.0000	73.6948	27.9226
597.0000	110.0000	-4.8272	35.0136
598.0000	37.0000	-20.9392	19.9378
598.0000	95.0000	73.5102	27.9268
598.0000	110.0000	-4.8202	35.0140
599.0000	37.0000	-20.9350	19.9432
599.0000	95.0000	73.2965	27.6952
599.0000	110.0000	-4.8116	35.0148
600.0000	37.0000	-20.9297	19.9497
600.0000	95.0000	73.0433	27.2726
600.0000	110.0000	-4.8014	35.0159
601.0000	37.0000	-20.9244	19.9556
601.0000	95.0000	72.7564	26.7911
601.0000	110.0000	-4.7915	35.0166
602.0000	37.0000	-20.9203	19.9615
602.0000	95.0000	72.3279	26.8554
602.0000	110.0000	-4.7829	35.0181
603.0000	37.0000	-20.9154	19.9667
603.0000	95.0000	72.0637	26.8365
603.0000	110.0000	-4.7737	35.0185
604.0000	37.0000	-20.9110	19.9708
604.0000	95.0000	71.7523	26.9424
604.0000	110.0000	-4.7649	35.0183
605.0000	37.0000	-20.9055	19.9762
605.0000	95.0000	71.2294	27.1760
605.0000	110.0000	-4.7548	35.0189
606.0000	37.0000	-20.9024	19.9804
606.0000	95.0000	70.5760	27.3549
606.0000	110.0000	-4.7486	35.0195
607.0000	37.0000	-20.8983	19.9852
607.0000	95.0000	69.8503	27.5511
607.0000	110.0000	-4.7402	35.0203
608.0000	37.0000	-20.8947	19.9895
608.0000	95.0000	69.0532	27.7726
608.0000	110.0000	-4.7332	35.0209
609.0000	37.0000	-20.8909	19.9934
609.0000	95.0000	68.2108	27.6884
609.0000	110.0000	-4.7262	35.0211
610.0000	37.0000	-20.8864	19.9991
610.0000	95.0000	68.1020	28.0414
610.0000	110.0000	-4.7175	35.0223
611.0000	37.0000	-20.8811	20.0044
611.0000	95.0000	68.0271	28.1162
611.0000	110.0000	-4.7078	35.0226
612.0000	37.0000	-20.8766	20.0091
612.0000	95.0000	68.0670	28.3960
612.0000	110.0000	-4.6992	35.0228
613.0000	37.0000	-20.8723	20.0143
613.0000	95.0000	68.0403	28.7288
613.0000	110.0000	-4.6906	35.0237
614.0000	37.0000	-20.8664	20.0211
614.0000	95.0000	68.0819	28.7773
614.0000	110.0000	-4.6797	35.0251
615.0000	37.0000	-20.8636	20.0247
615.0000	95.0000	68.1000	28.7949
615.0000	110.0000	-4.6739	35.0255
616.0000	37.0000	-20.8588	20.0298
616.0000	95.0000	68.1005	28.7771
616.0000	110.0000	-4.6650	35.0263
617.0000	37.0000	-20.8571	20.0326
617.0000	95.0000	68.0782	28.7516
617.0000	110.0000	-4.6613	35.0268
618.0000	37.0000	-20.8520	20.0379
618.0000	95.0000	68.0507	28.7763
618.0000	110.0000	-4.6516	35.0273
619.0000	37.0000	-20.8474	20.0430
619.0000	95.0000	68.0058	28.8318
619.0000	110.0000	-4.6424	35.0276
620.0000	37.0000	-20.8423	20.0486
620.0000	95.0000	67.9104	28.8899
620.0000	110.0000	-4.6330	35.0283
621.0000	37.0000	-20.8386	20.0524
621.0000	95.0000	67.6986	28.9181
621.0000	110.0000	-4.6256	35.0284
622.0000	37.0000	-20.8341	20.0573
622.0000	95.0000	66.9487	29.0795
622.0000	110.0000	-4.6171	35.0289
623.0000	37.0000	-20.8298	20.0624
623.0000	95.0000	66.8750	29.1022
623.0000	110.0000	-4.6090	35.0298
624.0000	37.0000	-20.8256	20.0682
624.0000	95.0000	67.5579	29.1012
624.0000	110.0000	-4.6005	35.0312
625.0000	37.0000	-20.8208	20.0734
625.0000	95.0000	67.9674	29.3358
625.0000	110.0000	-4.5917	35.0319
626.0000	37.0000	-20.8159	20.0788
626.0000	95.0000	67.5166	29.6813
626.0000	110.0000	-4.5825	35.0324
627.0000	37.0000	-20.8123	20.0823
627.0000	95.0000	67.0123	29.8393
627.0000	110.0000	-4.5756	35.0324
628.0000	37.0000	-20.8077	20.0873
628.0000	95.0000	67.2991	29.7967
628.0000	110.0000	-4.5667	35.0329
629.0000	37.0000	-20.8035	20.0919
629.0000	95.0000	67.3971	29.7074
629.0000	110.0000	-4.5588	35.0334
630.0000	37.0000	-20.7991	20.0973
630.0000	95.0000	67.3453	29.6589
630.0000	110.0000	-4.5502	35.0342
631.0000	37.0000	-20.7943	20.1032
631.0000	95.0000	67.2883	29.6001
631.0000	110.0000	-4.5405	35.0352
632.0000	37.0000	-20.7906	20.1071
632.0000	95.0000	67.2526	29.5550
632.0000	110.0000	-4.5336	35.0355
633.0000	37.0000	-20.7862	20.1115
633.0000	95.0000	67.2036	29.7477
633.0000	110.0000	-4.5253	35.0357
634.0000	37.0000	-20.7814	20.1168
634.0000	95.0000	67.0555	29.6329
634.0000	110.0000	-4.5163	35.0362
635.0000	37.0000	-20.7767	20.1218
635.0000	95.0000	66.8292	29.8020
635.0000	110.0000	-4.5075	35.0370
636.0000	37.0000	-20.7733	20.1259
636.0000	95.0000	66.5315	29.9702
636.0000	110.0000	-4.5007	35.0374
637.0000	37.0000	-20.7699	20.1305
637.0000	95.0000	66.2373	30.0921
637.0000	110.0000	-4.4937	35.0382
638.0000	37.0000	-20.7642	20.1375
638.0000	95.0000	65.8985	29.8834
638.0000	110.0000	-4.4831	35.0398
639.0000	37.0000	-20.7590	20.1425
639.0000	95.0000	65.2628	29.7971
639.0000	110.0000	-4.4737	35.0402
640.0000	37.0000	-20.7576	20.1444
640.0000	95.0000	64.5246	29.8303
640.0000	110.0000	-4.4699	35.0398
641.0000	37.0000	-20.7507	20.1511
641.0000	95.0000	63.7072	29.8700
641.0000	110.0000	-4.4577	35.0405
642.0000	37.0000	-20.7442	20.1575
642.0000	95.0000	62.8075	29.8786
642.0000	110.0000	-4.4464	35.0415
643.0000	37.0000	-20.7433	20.1592
643.0000	95.0000	61.8261	29.8891
643.0000	110.0000	-4.4436	35.0414
644.0000	37.0000	-20.7408	20.1628
644.0000	95.0000	60.7789	29.8973
644.0000	110.0000	-4.4381	35.0418
645.0000	37.0000	-20.7369	20.1668
645.0000	95.0000	59.6701	29.8968
645.0000	110.0000	-4.4306	35.0418
646.0000	37.0000	-20.7330	20.1715
646.0000	95.0000	58.5024	29.8880
646.0000	110.0000	-4.4232	35.0425
647.0000	37.0000	-20.7274	20.1781
647.0000	95.0000	57.2826	29.8655
647.0000	110.0000	-4.4128	35.0439
647.0000	193.0000	70.9057	36.6989
648.0000	37.0000	-20.7235	20.1823
648.0000	95.0000	56.0091	29.8396
648.0000	110.0000	-4.4052	35.0443
648.0000	193.0000	69.7623	36.6993
649.0000	37.0000	-20.7197	20.1865
649.0000	95.0000	54.6879	29.8046
649.0000	110.0000	-4.3977	35.0446
649.0000	193.0000	68.5955	36.6219
650.0000	37.0000	-20.7151	20.1912
650.0000	95.0000	53.3225	29.7624
650.0000	110.0000	-4.3892	35.0448
650.0000	193.0000	67.3956	36.4060
651.0000	37.0000	-20.7103	20.1966
651.0000	95.0000	51.9153	29.7181
651.0000	110.0000	-4.3802	35.0454
651.0000	193.0000	66.1243	36.0776
652.0000	37.0000	-20.7052	20.2022
652.0000	95.0000	50.4681	29.6721
652.0000	110.0000	-4.3707	35.0462
652.0000	193.0000	64.8920	35.6419
653.0000	37.0000	-20.7033	20.2046
653.0000	95.0000	48.9787	29.6311
653.0000	110.0000	-4.3662	35.0462
653.0000	193.0000	63.6518	35.1058
654.0000	37.0000	-20.6972	20.2120
654.0000	95.0000	47.4591	29.5798
654.0000	110.0000	-4.3551	35.0479
654.0000	193.0000	62.4318	34.4222
655.0000	37.0000	-20.6921	20.2164
655.0000	95.0000	45.9032	29.5305
655.0000	110.0000	-4.3463	35.0478
655.0000	193.0000	61.2471	33.6569
656.0000	37.0000	-20.6862	20.2222
656.0000	95.0000	44.3162	29.4801
656.0000	110.0000	-4.3354	35.0485
656.0000	193.0000	60.0406	32.9025
657.0000	37.0000	-20.6851	20.2240
657.0000	95.0000	42.6914	29.4384
657.0000	110.0000	-4.3326	35.0483
657.0000	193.0000	58.7684	32.1237
658.0000	37.0000	-20.6823	20.2272
658.0000	95.0000	41.0394	29.3936
658.0000	110.0000	-4.3269	35.0484
658.0000	193.0000	57.4377	31.3844
659.0000	37.0000	-20.6775	20.2316
659.0000	95.0000	39.3614	29.3460
659.0000	110.0000	-4.3183	35.0485
659.0000	193.0000	56.2506	30.7038
660.0000	37.0000	-20.6741	20.2357
660.0000	95.0000	37.6544	29.3010
660.0000	110.0000	-4.3116	35.0490
660.0000	193.0000	56.1773	30.2712
661.0000	37.0000	-20.6692	20.2413
661.0000	95.0000	35.9239	29.2537
661.0000	110.0000	-4.3021	35.0498
661.0000	193.0000	55.9584	29.9178
662.0000	37.0000	-20.6654	20.2460
662.0000	95.0000	34.1665	29.2087
662.0000	110.0000	-4.2949	35.0505
662.0000	193.0000	55.6030	29.6738
663.0000	37.0000	-20.6612	20.2511
663.0000	95.0000	32.3859	29.1637
663.0000	110.0000	-4.2868	35.0515
663.0000	193.0000	55.0596	29.5407
664.0000	37.0000	-20.6565	20.2560
664.0000	95.0000	30.5829	29.1189
664.0000	110.0000	-4.2780	35.0520
664.0000	193.0000	54.4573	29.3128
665.0000	37.0000	-20.6535	20.2590
665.0000	95.0000	28.7553	29.0778
665.0000	110.0000	-4.2723	35.0519
665.0000	193.0000	53.7823	29.1048
666.0000	37.0000	-20.6487	20.2641
666.0000	95.0000	26.9092	29.0358
666.0000	110.0000	-4.2632	35.0524
666.0000	193.0000	53.0516	28.8293
667.0000	37.0000	-20.6451	20.2684
667.0000	95.0000	25.0412	28.9974
667.0000	110.0000	-4.2560	35.0529
667.0000	193.0000	52.2693	28.4648
668.0000	37.0000	-20.6404	20.2738
668.0000	95.0000	23.1552	28.9603
668.0000	110.0000	-4.2469	35.0535
668.0000	193.0000	51.3971	28.1766
669.0000	37.0000	-20.6366	20.2778
669.0000	95.0000	21.2487	28.9252
669.0000	110.0000	-4.2399	35.0539
669.0000	193.0000	50.4473	27.9465
670.0000	37.0000	-20.6305	20.2840
670.0000	95.0000	19.3273	28.8835
670.0000	110.0000	-4.2290	35.0547
670.0000	193.0000	49.4530	27.6662
671.0000	37.0000	-20.6295	20.2862
671.0000	95.0000	17.3833	28.8168
671.0000	110.0000	-4.2260	35.0550
671.0000	193.0000	48.3904	27.4255
672.0000	37.0000	-20.6245	20.2909
672.0000	95.0000	15.5015	28.6783
672.0000	110.0000	-4.2171	35.0553
672.0000	193.0000	47.2777	27.1812
673.0000	37.0000	-20.6187	20.2970
673.0000	95.0000	13.8972	28.5487
673.0000	110.0000	-4.2066	35.0560
673.0000	193.0000	46.1136	26.9586
674.0000	37.0000	-20.6161	20.2997
674.0000	95.0000	12.5918	28.4547
674.0000	110.0000	-4.2018	35.0560
674.0000	193.0000	44.8959	26.7492
675.0000	37.0000	-20.6120	20.3042
675.0000	95.0000	11.5941	28.3753
675.0000	110.0000	-4.1934	35.0562
675.0000	193.0000	43.6346	26.5513
676.0000	37.0000	-20.6068	20.3091
676.0000	95.0000	10.9018	28.3161
676.0000	110.0000	-4.1845	35.0567
676.0000	193.0000	42.3289	26.3654
677.0000	37.0000	-20.6043	20.3118
677.0000	95.0000	10.5094	28.2811
677.0000	110.0000	-4.1795	35.0567
677.0000	193.0000	40.9785	26.1961
678.0000	37.0000	-20.6014	20.3166
678.0000	95.0000	10.4149	28.2665
678.0000	110.0000	-4.1737	35.0581
678.0000	193.0000	39.5880	26.0389
679.0000	37.0000	-20.5972	20.3213
679.0000	95.0000	10.4126	28.2700
679.0000	110.0000	-4.1657	35.0586
679.0000	193.0000	38.1622	25.8706
680.0000	37.0000	-20.5914	20.3268
680.0000	95.0000	10.4126	28.2764
680.0000	110.0000	-4.1550	35.0588
680.0000	193.0000	36.7012	25.7106
681.0000	37.0000	-20.5875	20.3303
681.0000	95.0000	10.4109	28.2838
681.0000	110.0000	-4.1480	35.0586
681.0000	193.0000	35.2022	25.5605
682.0000	37.0000	-20.5843	20.3339
682.0000	95.0000	10.4095	28.2909
682.0000	110.0000	-4.1413	35.0587
682.0000	193.0000	33.6693	25.4188
683.0000	37.0000	-20.5791	20.3394
683.0000	95.0000	10.3789	28.3153
683.0000	110.0000	-4.1316	35.0592
683.0000	193.0000	32.1063	25.2782
684.0000	37.0000	-20.5739	20.3445
684.0000	95.0000	10.3100	28.3343
684.0000	110.0000	-4.1224	35.0597
684.0000	193.0000	30.5118	25.1476
685.0000	37.0000	-20.5700	20.3492
685.0000	95.0000	10.1948	28.3591
685.0000	110.0000	-4.1148	35.0605
685.0000	193.0000	28.8863	25.0244
686.0000	37.0000	-20.5651	20.3542
686.0000	95.0000	10.0279	28.3535
686.0000	110.0000	-4.1060	35.0611
686.0000	193.0000	27.2333	24.9059
687.0000	37.0000	-20.5636	20.3570
687.0000	95.0000	9.7989	28.3423
687.0000	110.0000	-4.1024	35.0617
687.0000	193.0000	25.5487	24.8006
688.0000	37.0000	-20.5601	20.3606
688.0000	95.0000	9.5172	28.3770
688.0000	110.0000	-4.0956	35.0616
688.0000	193.0000	23.8398	24.6979
689.0000	37.0000	-20.5559	20.3647
689.0000	95.0000	9.1807	28.3558
689.0000	110.0000	-4.0875	35.0617
689.0000	193.0000	22.1063	24.6048
690.0000	37.0000	-20.5519	20.3689
690.0000	95.0000	8.7883	28.2933
690.0000	110.0000	-4.0802	35.0619
690.0000	193.0000	20.3478	24.5177
691.0000	37.0000	-20.5466	20.3745
691.0000	95.0000	8.3369	28.2846
691.0000	110.0000	-4.0703	35.0625
691.0000	193.0000	18.5673	24.4373
692.0000	37.0000	-20.5305	20.3829
692.0000	95.0000	7.8458	28.2208
692.0000	110.0000	-4.0427	35.0580
692.0000	193.0000	16.7769	24.3516
693.0000	37.0000	-20.5260	20.3849
693.0000	95.0000	7.2826	28.1493
693.0000	110.0000	-4.0339	35.0552
693.0000	193.0000	15.0217	24.2858
694.0000	37.0000	-20.5337	20.3766
694.0000	95.0000	6.6440	28.0883
694.0000	110.0000	-4.0459	35.0515
694.0000	193.0000	13.5295	24.2424
695.0000	37.0000	-20.5333	20.3763
695.0000	95.0000	5.9684	27.9673
695.0000	110.0000	-4.0442	35.0499
695.0000	193.0000	12.3513	24.2028
696.0000	37.0000	-20.5359	20.3743
696.0000	95.0000	5.2560	27.7579
696.0000	110.0000	-4.0479	35.0488
696.0000	193.0000	11.4736	24.1738
697.0000	37.0000	-20.5302	20.3795
697.0000	95.0000	4.5162	27.4989
697.0000	110.0000	-4.0381	35.0491
697.0000	193.0000	10.9100	24.1458
698.0000	37.0000	-20.5282	20.3815
698.0000	95.0000	3.7578	27.1533
698.0000	110.0000	-4.0341	35.0491
698.0000	193.0000	10.6463	24.1201
699.0000	37.0000	-20.5281	20.3836
699.0000	95.0000	2.9976	26.7036
699.0000	110.0000	-4.0326	35.0499
699.0000	193.0000	10.6211	24.1155
700.0000	37.0000	-20.5230	20.3889
700.0000	95.0000	2.2617	26.1485
700.0000	110.0000	-4.0234	35.0508
700.0000	193.0000	10.6175	24.1122
701.0000	37.0000	-20.5179	20.3936
701.0000	95.0000	1.5193	25.5142
701.0000	110.0000	-4.0146	35.0510
701.0000	193.0000	10.6174	24.1084
702.0000	37.0000	-20.5166	20.3944
702.0000	95.0000	0.7871	24.7968
702.0000	110.0000	-4.0114	35.0499
702.0000	193.0000	10.6165	24.1052
703.0000	37.0000	-20.5146	20.3964
703.0000	95.0000	0.1209	23.9659
703.0000	110.0000	-4.0073	35.0495
703.0000	193.0000	10.6179	24.1024
704.0000	37.0000	-20.5145	20.3977
704.0000	95.0000	-0.0045	22.9368
704.0000	110.0000	-4.0062	35.0498
704.0000	193.0000	10.6176	24.1013
705.0000	37.0000	-20.5086	20.4043
705.0000	95.0000	-0.3266	21.9418
705.0000	110.0000	-3.9958	35.0513
705.0000	193.0000	10.6245	24.0981
706.0000	37.0000	-20.5062	20.4073
706.0000	95.0000	-0.5732	21.2849
706.0000	110.0000	-3.9913	35.0519
706.0000	193.0000	10.6272	24.0965
707.0000	37.0000	-20.5054	20.4108
707.0000	95.0000	-0.5579	20.6915
707.0000	110.0000	-3.9890	35.0537
707.0000	193.0000	10.6283	24.0965
708.0000	37.0000	-20.5081	20.4096
708.0000	95.0000	-0.2818	20.0922
708.0000	110.0000	-3.9920	35.0532
708.0000	193.0000	10.6257	24.0965
709.0000	37.0000	-20.5041	20.4134
709.0000	95.0000	-0.0110	19.5062
709.0000	110.0000	-3.9847	35.0533
709.0000	193.0000	10.6306	24.0933
710.0000	37.0000	-20.4995	20.4178
710.0000	95.0000	0.2561	18.9242
710.0000	110.0000	-3.9765	35.0537
710.0000	193.0000	10.6360	24.0902
711.0000	37.0000	-20.4959	20.4214
711.0000	95.0000	0.2853	18.4378
711.0000	110.0000	-3.9695	35.0538
711.0000	193.0000	10.6405	24.0873
712.0000	37.0000	-20.4953	20.4221
712.0000	95.0000	-0.0219	17.9049
712.0000	110.0000	-3.9683	35.0533
712.0000	193.0000	10.6411	24.0858
713.0000	37.0000	-20.4920	20.4257
713.0000	95.0000	-0.1126	17.3418
713.0000	110.0000	-3.9623	35.0537
713.0000	193.0000	10.6449	24.0834
714.0000	37.0000	-20.4871	20.4311
714.0000	95.0000	-0.0107	16.8781
714.0000	110.0000	-3.9534	35.0547
714.0000	193.0000	10.6507	24.0804
715.0000	37.0000	-20.4820	20.4373
715.0000	95.0000	0.0790	16.8746
715.0000	110.0000	-3.9442	35.0563
715.0000	193.0000	10.6569	24.0779
716.0000	37.0000	-20.4786	20.4414
716.0000	95.0000	0.1045	16.8681
716.0000	110.0000	-3.9382	35.0572
716.0000	193.0000	10.6608	24.0758
717.0000	37.0000	-20.4790	20.4413
717.0000	95.0000	0.1393	16.8573
717.0000	110.0000	-3.9378	35.0563
717.0000	193.0000	10.6606	24.0742
718.0000	37.0000	-20.4744	20.4455
718.0000	95.0000	0.1802	16.8453
718.0000	110.0000	-3.9291	35.0561
718.0000	193.0000	10.6663	24.0703
719.0000	37.0000	-20.4748	20.4455
719.0000	95.0000	0.2084	16.8351
719.0000	110.0000	-3.9290	35.0555
719.0000	193.0000	10.6660	24.0691
720.0000	37.0000	-20.4743	20.4468
720.0000	95.0000	0.2327	16.8262
720.0000	110.0000	-3.9273	35.0552
720.0000	193.0000	10.6668	24.0676
721.0000	37.0000	-20.4729	20.4480
721.0000	95.0000	0.2556	16.8165
721.0000	110.0000	-3.9244	35.0546
721.0000	193.0000	10.6685	24.0656
722.0000	37.0000	-20.4647	20.4510
722.0000	95.0000	0.2809	16.7976
722.0000	110.0000	-3.9098	35.0508
722.0000	193.0000	10.6722	24.0616
723.0000	37.0000	-20.4482	20.4583
723.0000	95.0000	0.3069	16.7807
723.0000	110.0000	-3.8820	35.0453
723.0000	193.0000	10.6684	24.0610
724.0000	37.0000	-20.4391	20.4562
724.0000	95.0000	0.3267	16.7662
724.0000	110.0000	-3.8662	35.0357
724.0000	193.0000	10.6315	24.0724
725.0000	37.0000	-20.4288	20.4524
725.0000	95.0000	0.3481	16.7521
725.0000	110.0000	-3.8493	35.0242
725.0000	193.0000	10.5634	24.0989
726.0000	37.0000	-20.4255	20.4499
726.0000	95.0000	0.3672	16.7587
726.0000	110.0000	-3.8436	35.0188
726.0000	193.0000	10.5274	24.0915
727.0000	37.0000	-20.4157	20.4556
727.0000	95.0000	0.3826	16.7514
727.0000	110.0000	-3.8269	35.0168
727.0000	193.0000	10.5342	24.0790
728.0000	37.0000	-20.3911	20.4658
728.0000	95.0000	0.4042	16.7395
728.0000	110.0000	-3.7864	35.0090
728.0000	193.0000	10.5286	24.0987
729.0000	37.0000	-20.3858	20.4685
729.0000	95.0000	0.4164	16.7474
729.0000	110.0000	-3.7768	35.0069
729.0000	193.0000	10.5181	24.0984
730.0000	37.0000	-20.3832	20.4710
730.0000	95.0000	0.4214	16.7455
730.0000	110.0000	-3.7718	35.0064
730.0000	193.0000	10.5204	24.0905
731.0000	37.0000	-20.3803	20.4747
731.0000	95.0000	0.4252	16.7447
731.0000	110.0000	-3.7663	35.0070
731.0000	193.0000	10.5240	24.0913
732.0000	37.0000	-20.3754	20.4805
732.0000	95.0000	0.4309	16.7435
732.0000	110.0000	-3.7569	35.0082
732.0000	193.0000	10.5306	24.0915
733.0000	37.0000	-20.3714	20.4847
733.0000	95.0000	0.4366	16.7421
733.0000	110.0000	-3.7496	35.0088
733.0000	193.0000	10.5355	24.0907
734.0000	37.0000	-20.3702	20.4864
734.0000	95.0000	0.4409	16.7397
734.0000	110.0000	-3.7469	35.0087
734.0000	193.0000	10.5370	24.0898
735.0000	37.0000	-20.3640	20.4932
735.0000	95.0000	0.4486	16.7382
735.0000	110.0000	-3.7363	35.0101
735.0000	193.0000	10.5442	24.0865
736.0000	37.0000	-20.3629	20.4957
736.0000	95.0000	0.4498	16.7371
736.0000	110.0000	-3.7338	35.0110
736.0000	193.0000	10.5455	24.0858
737.0000	37.0000	-20.3584	20.5000
737.0000	95.0000	0.4483	16.7355
737.0000	110.0000	-3.7259	35.0114
737.0000	193.0000	10.5507	24.0826
738.0000	37.0000	-20.3567	20.5018
738.0000	95.0000	0.4376	16.7449
738.0000	110.0000	-3.7221	35.0109
738.0000	193.0000	10.5530	24.0802
739.0000	37.0000	-20.3499	20.5085
739.0000	95.0000	0.4234	16.7633
739.0000	110.0000	-3.7106	35.0119
739.0000	193.0000	10.5609	24.0764
740.0000	37.0000	-20.3438	20.5147
740.0000	95.0000	0.4220	16.7761
740.0000	110.0000	-3.7000	35.0130
740.0000	193.0000	10.5680	24.0730
741.0000	37.0000	-20.3414	20.5184
741.0000	95.0000	0.3736	16.7753
741.0000	110.0000	-3.6950	35.0141
741.0000	193.0000	10.5711	24.0717
742.0000	37.0000	-20.3589	20.5044
742.0000	95.0000	0.3591	16.7718
742.0000	110.0000	-3.7229	35.0119
742.0000	193.0000	10.5511	24.0795
743.0000	37.0000	-20.3627	20.5012
743.0000	95.0000	0.3622	16.7687
743.0000	110.0000	-3.7285	35.0106
743.0000	193.0000	10.5469	24.0799
744.0000	37.0000	-20.3611	20.5033
744.0000	95.0000	0.3692	16.7653
744.0000	110.0000	-3.7247	35.0105
744.0000	193.0000	10.5491	24.0780
745.0000	37.0000	-20.3601	20.5046
745.0000	95.0000	0.3673	16.7738
745.0000	110.0000	-3.7225	35.0104
745.0000	193.0000	10.5504	24.0767
746.0000	37.0000	-20.3546	20.5104
746.0000	95.0000	0.3753	16.7702
746.0000	110.0000	-3.7127	35.0113
746.0000	193.0000	10.5570	24.0734
747.0000	37.0000	-20.3496	20.5151
747.0000	95.0000	0.3817	16.7715
747.0000	110.0000	-3.7041	35.0119
747.0000	193.0000	10.5627	24.0704
748.0000	37.0000	-20.3461	20.5190
748.0000	95.0000	0.3861	16.7744
748.0000	110.0000	-3.6975	35.0125
748.0000	193.0000	10.5670	24.0681
749.0000	37.0000	-20.3421	20.5233
749.0000	95.0000	0.3910	16.7745
749.0000	110.0000	-3.6903	35.0131
749.0000	193.0000	10.5718	24.0655
750.0000	37.0000	-20.3395	20.5263
750.0000	95.0000	0.3945	16.7748
750.0000	110.0000	-3.6852	35.0134
750.0000	193.0000	10.5752	24.0635
751.0000	37.0000	-20.3387	20.5274
751.0000	95.0000	0.3963	16.7746
751.0000	110.0000	-3.6832	35.0132
751.0000	193.0000	10.5763	24.0621
752.0000	37.0000	-20.3362	20.5305
752.0000	95.0000	0.3904	16.7707
752.0000	110.0000	-3.6779	35.0134
752.0000	193.0000	10.5795	24.0598
753.0000	37.0000	-20.3317	20.5345
753.0000	95.0000	0.4032	16.7668
753.0000	110.0000	-3.6701	35.0133
753.0000	193.0000	10.5849	24.0565
754.0000	37.0000	-20.3243	20.5309
754.0000	95.0000	0.4106	16.7479
754.0000	110.0000	-3.6574	35.0039
754.0000	193.0000	10.5885	24.0500
755.0000	37.0000	-20.3262	20.5243
755.0000	95.0000	0.4003	16.7700
755.0000	110.0000	-3.6597	34.9979
755.0000	193.0000	10.5852	24.0423
756.0000	37.0000	-20.3218	20.5267
756.0000	95.0000	0.2609	16.8304
756.0000	110.0000	-3.6522	34.9963
756.0000	193.0000	10.5900	24.0368
757.0000	37.0000	-20.3169	20.5301
757.0000	95.0000	0.1986	16.8329
757.0000	110.0000	-3.6437	34.9956
757.0000	193.0000	10.5957	24.0330
758.0000	37.0000	-20.3099	20.5357
758.0000	95.0000	0.2250	16.8093
758.0000	110.0000	-3.6316	34.9952
758.0000	193.0000	10.6040	24.0284
759.0000	37.0000	-20.4545	20.3533
759.0000	95.0000	0.1115	16.7182
759.0000	110.0000	-3.8548	34.9030
759.0000	193.0000	10.4380	24.0173
760.0000	37.0000	-19.1297	21.5122
760.0000	95.0000	1.1308	16.5493
760.0000	110.0000	-1.5798	34.8843
760.0000	193.0000	11.9427	23.0660
761.0000	37.0000	-18.1886	22.2589
761.0000	95.0000	1.7547	16.4806
761.0000	110.0000	-0.0880	34.8708
761.0000	193.0000	12.9169	22.5033
762.0000	37.0000	-18.1072	22.3212
762.0000	95.0000	1.8221	16.5115
762.0000	110.0000	0.0334	34.8916
762.0000	193.0000	12.9724	22.5149
763.0000	37.0000	-18.1177	22.3238
763.0000	95.0000	1.8287	16.5613
763.0000	110.0000	0.0114	34.9164
763.0000	193.0000	12.9038	22.6056
764.0000	37.0000	-18.1101	22.3380
764.0000	95.0000	1.8446	16.5962
764.0000	110.0000	0.0204	34.9284
764.0000	193.0000	12.8244	22.7041
765.0000	37.0000	-18.0874	22.3362
765.0000	95.0000	1.8753	16.5893
765.0000	110.0000	0.0526	34.9120
765.0000	193.0000	12.7333	22.8106
766.0000	37.0000	-18.0546	22.3319
766.0000	95.0000	1.9156	16.5810
766.0000	110.0000	0.1009	34.8856
766.0000	193.0000	12.6336	22.9546
767.0000	37.0000	-18.0193	22.3226
767.0000	95.0000	1.9637	16.5768
767.0000	110.0000	0.1524	34.8528
767.0000	193.0000	12.4756	23.1149
768.0000	37.0000	-17.9814	22.3065
768.0000	95.0000	1.9684	16.5650
768.0000	110.0000	0.2077	34.8117
768.0000	193.0000	12.2189	23.2544
769.0000	37.0000	-17.9329	22.2945
769.0000	95.0000	2.0034	16.5225
769.0000	110.0000	0.2787	34.7670
769.0000	193.0000	11.9691	23.4666
770.0000	37.0000	-17.8850	22.2796
770.0000	95.0000	2.0565	16.4933
770.0000	110.0000	0.3489	34.7198
770.0000	193.0000	11.6793	23.7172
771.0000	37.0000	-17.8368	22.2633
771.0000	95.0000	2.1149	16.4641
771.0000	110.0000	0.4194	34.6709
771.0000	193.0000	11.3332	23.9881
772.0000	37.0000	-17.7864	22.2474
772.0000	95.0000	2.1849	16.4457
772.0000	110.0000	0.4931	34.6208
772.0000	193.0000	10.9561	24.3042
773.0000	37.0000	-17.7366	22.2313
773.0000	95.0000	2.2562	16.4327
773.0000	110.0000	0.5656	34.5711
773.0000	193.0000	10.4964	24.6019
774.0000	37.0000	-17.6827	22.2168
774.0000	95.0000	2.3397	16.4222
774.0000	110.0000	0.6444	34.5197
774.0000	193.0000	10.0041	24.9302
775.0000	37.0000	-17.6315	22.2021
775.0000	95.0000	2.4259	16.4141
775.0000	110.0000	0.7187	34.4703
775.0000	193.0000	9.4738	25.2978
776.0000	37.0000	-17.5896	22.1850
776.0000	95.0000	2.5060	16.4145
776.0000	110.0000	0.7790	34.4250
776.0000	193.0000	8.8556	25.6405
777.0000	37.0000	-17.5440	22.1729
777.0000	95.0000	2.5518	16.4351
777.0000	110.0000	0.8457	34.3817
777.0000	193.0000	8.1936	25.9892
778.0000	37.0000	-17.4991	22.1583
778.0000	95.0000	2.6069	16.4226
778.0000	110.0000	0.9110	34.3363
778.0000	193.0000	7.4840	26.3392
779.0000	37.0000	-17.4286	22.1675
779.0000	95.0000	2.7027	16.3973
779.0000	110.0000	1.0209	34.2853
779.0000	193.0000	6.7602	26.6706
780.0000	37.0000	-17.2895	22.2324
780.0000	95.0000	2.8534	16.3692
780.0000	110.0000	1.2358	34.2324
780.0000	193.0000	6.0734	26.9805
781.0000	37.0000	-17.2264	22.2259
781.0000	95.0000	2.9454	16.3792
781.0000	110.0000	1.3268	34.1839
781.0000	193.0000	5.2470	27.3090
782.0000	37.0000	-17.2011	22.1908
782.0000	95.0000	3.0144	16.4009
782.0000	110.0000	1.3604	34.1368
782.0000	193.0000	4.3341	27.6381
783.0000	37.0000	-17.1690	22.1709
783.0000	95.0000	3.0996	16.4412
783.0000	110.0000	1.4051	34.0975
783.0000	193.0000	3.3918	27.9650
784.0000	37.0000	-17.1601	22.1394
784.0000	95.0000	3.1402	16.4687
784.0000	110.0000	1.4160	34.0625
784.0000	193.0000	2.3849	28.2884
785.0000	37.0000	-17.1392	22.1155
785.0000	95.0000	3.1930	16.4619
785.0000	110.0000	1.4456	34.0249
785.0000	193.0000	1.3602	28.5995
786.0000	37.0000	-17.1340	22.0783
786.0000	95.0000	3.2297	16.4552
786.0000	110.0000	1.4528	33.9847
786.0000	193.0000	0.2844	28.8990
787.0000	37.0000	-17.1161	22.0485
787.0000	95.0000	3.2561	16.4477
787.0000	110.0000	1.4788	33.9423
787.0000	193.0000	-0.8047	29.1877
788.0000	37.0000	-17.0275	22.0283
788.0000	95.0000	3.3211	16.3743
788.0000	110.0000	1.6087	33.8570
788.0000	193.0000	-1.8296	29.4357
789.0000	37.0000	-16.9649	21.9436
789.0000	95.0000	3.3253	16.2629
789.0000	110.0000	1.6996	33.7271
789.0000	193.0000	-2.9131	29.6339
790.0000	37.0000	-16.9880	21.7721
790.0000	95.0000	3.2788	16.0967
790.0000	110.0000	1.6686	33.5685
790.0000	193.0000	-4.1262	29.7822
791.0000	37.0000	-16.4824	21.9732
791.0000	95.0000	3.6515	15.8145
791.0000	110.0000	2.4277	33.3529
791.0000	193.0000	-4.6241	30.0181
792.0000	37.0000	-15.5224	23.5990
792.0000	95.0000	4.3310	16.5561
792.0000	110.0000	3.8775	34.1113
792.0000	193.0000	-4.4708	31.4589
793.0000	37.0000	-14.0553	25.1891
793.0000	95.0000	5.3428	17.0098
793.0000	110.0000	5.9045	34.6132
793.0000	193.0000	-3.7068	32.8382
794.0000	37.0000	-14.1654	25.6997
794.0000	95.0000	5.2387	17.5816
794.0000	110.0000	5.7462	35.2210
794.0000	193.0000	-4.9778	33.7938
795.0000	37.0000	-13.9305	26.2410
795.0000	95.0000	5.3898	17.9682
795.0000	110.0000	6.0321	35.6125
795.0000	193.0000	-5.8089	34.6575
796.0000	37.0000	-14.0267	26.5277
796.0000	95.0000	5.3220	18.3275
796.0000	110.0000	5.8964	35.9638
796.0000	193.0000	-7.0731	35.3578
797.0000	37.0000	-14.1257	26.7176
797.0000	95.0000	5.2530	18.5740
797.0000	110.0000	5.7644	36.2190
797.0000	193.0000	-8.3639	35.9569
798.0000	37.0000	-14.1457	26.8533
798.0000	95.0000	5.2469	18.7188
798.0000	110.0000	5.7385	36.3681
798.0000	193.0000	-9.5772	36.4852
799.0000	37.0000	-14.1424	26.9185
799.0000	95.0000	5.2498	18.8152
799.0000	110.0000	5.7422	36.4325
799.0000	193.0000	-10.7861	36.9424
800.0000	37.0000	-14.1385	26.9385
800.0000	95.0000	5.2918	18.8363
800.0000	110.0000	5.7471	36.4529
800.0000	193.0000	-12.0195	37.3591
801.0000	37.0000	-14.1349	26.9186
801.0000	95.0000	5.4647	18.6858
801.0000	110.0000	5.7518	36.4322
801.0000	193.0000	-13.2779	37.7404
802.0000	37.0000	-14.1305	26.8521
802.0000	95.0000	5.6273	18.4467
802.0000	110.0000	5.7574	36.3635
802.0000	193.0000	-14.5598	38.0798
803.0000	37.0000	-14.1248	26.7512
803.0000	95.0000	5.6772	18.2017
803.0000	110.0000	5.7646	36.2598
803.0000	193.0000	-15.8632	38.3906
804.0000	37.0000	-14.1183	26.6198
804.0000	95.0000	5.7160	18.0223
804.0000	110.0000	5.7734	36.1246
804.0000	193.0000	-17.1881	38.6765
805.0000	37.0000	-14.1112	26.4592
805.0000	95.0000	5.7360	17.8466
805.0000	110.0000	5.7830	35.9596
805.0000	193.0000	-18.5336	38.9395
806.0000	37.0000	-14.1031	26.2702
806.0000	95.0000	5.5413	17.6882
806.0000	110.0000	5.7936	35.7654
806.0000	193.0000	-19.8989	39.1810
807.0000	37.0000	-14.0943	26.0533
807.0000	95.0000	5.7709	17.2722
807.0000	110.0000	5.8051	35.5428
807.0000	193.0000	-21.2830	39.4013
808.0000	37.0000	-14.0846	25.8092
808.0000	95.0000	5.8956	16.8530
808.0000	110.0000	5.8180	35.2922
808.0000	193.0000	-22.6848	39.6010
809.0000	37.0000	-14.0916	25.5402
809.0000	95.0000	5.9783	16.4890
809.0000	110.0000	5.8321	35.0200
809.0000	193.0000	-24.1265	39.7809
810.0000	37.0000	-14.1013	25.2484
810.0000	95.0000	6.0409	16.1072
810.0000	110.0000	5.8305	34.7262
810.0000	193.0000	-25.5887	39.9418
811.0000	37.0000	-14.1198	24.9460
811.0000	95.0000	6.1512	15.8272
811.0000	110.0000	5.8088	34.4341
811.0000	193.0000	-27.0632	40.0834
812.0000	37.0000	-14.1265	24.6503
812.0000	95.0000	6.0810	15.6946
812.0000	110.0000	5.8009	34.1419
812.0000	193.0000	-28.5086	40.2315
813.0000	37.0000	-14.1327	24.3558
813.0000	95.0000	5.8712	15.4148
813.0000	110.0000	5.7933	33.8510
813.0000	193.0000	-29.9409	40.3765
814.0000	37.0000	-14.1406	24.0608
814.0000	95.0000	5.7544	14.9635
814.0000	110.0000	5.7827	33.5615
814.0000	193.0000	-31.3640	40.5156
815.0000	37.0000	-14.1884	23.7877
815.0000	95.0000	5.7760	14.5618
815.0000	110.0000	5.7241	33.3108
815.0000	193.0000	-32.8286	40.6562
816.0000	37.0000	-14.8785	23.2936
816.0000	95.0000	5.4702	14.4757
816.0000	110.0000	4.7917	33.3091
816.0000	193.0000	-35.3479	40.0920
817.0000	37.0000	-15.2618	22.9365
817.0000	95.0000	5.4461	14.3660
817.0000	110.0000	4.2633	33.2321
817.0000	193.0000	-37.4068	39.8255
818.0000	37.0000	-15.7087	22.5335
818.0000	95.0000	5.4333	14.3453
818.0000	110.0000	3.6395	33.1582
818.0000	193.0000	-39.5976	39.4118
819.0000	37.0000	-16.0896	22.1675
819.0000	95.0000	5.4992	14.5306
819.0000	110.0000	3.1006	33.0750
819.0000	193.0000	-41.7085	39.0427
820.0000	37.0000	-16.0748	22.1355
820.0000	95.0000	5.9181	14.6705
820.0000	110.0000	3.1229	33.0307
820.0000	193.0000	-43.1859	39.3765
821.0000	37.0000	-16.0828	22.1418
821.0000	95.0000	6.4528	14.8462
821.0000	110.0000	3.1096	33.0458
821.0000	193.0000	-44.7222	39.7291
822.0000	37.0000	-16.0577	22.1539
822.0000	95.0000	7.0999	14.9268
822.0000	110.0000	3.1451	33.0389
822.0000	193.0000	-46.2202	40.1403
823.0000	37.0000	-16.1202	22.3766
823.0000	95.0000	7.7436	15.4278
823.0000	110.0000	3.0425	33.3323
823.0000	193.0000	-47.9037	40.6047
824.0000	37.0000	-16.0168	22.7026
824.0000	95.0000	8.5334	15.9919
824.0000	110.0000	3.1882	33.5830
824.0000	193.0000	-49.3083	41.4441
825.0000	37.0000	-16.0773	22.8658
825.0000	95.0000	9.2865	16.5116
825.0000	110.0000	3.1024	33.7892
825.0000	193.0000	-51.0102	41.9189
826.0000	37.0000	-16.1380	22.9794
826.0000	95.0000	10.1447	16.8675
826.0000	110.0000	3.0189	33.9430
826.0000	193.0000	-52.7312	42.3433
827.0000	37.0000	-16.1757	23.0629
827.0000	95.0000	11.0738	17.1996
827.0000	110.0000	2.9667	34.0520
827.0000	193.0000	-54.4321	42.7640
828.0000	37.0000	-16.2007	23.1155
828.0000	95.0000	12.0674	17.5185
828.0000	110.0000	2.9320	34.1219
828.0000	193.0000	-56.1292	43.1711
829.0000	37.0000	-16.2137	23.1435
829.0000	95.0000	13.1335	17.7793
829.0000	110.0000	2.9140	34.1590
829.0000	193.0000	-57.8225	43.5734
830.0000	37.0000	-16.2207	23.1508
830.0000	95.0000	14.2607	18.0054
830.0000	110.0000	2.9039	34.1715
830.0000	193.0000	-59.5224	43.9666
831.0000	37.0000	-16.2229	23.1544
831.0000	95.0000	15.4453	18.2025
831.0000	110.0000	2.9012	34.1768
831.0000	193.0000	-61.2120	44.3640
832.0000	37.0000	-16.2248	23.1581
832.0000	95.0000	16.6822	18.3575
832.0000	110.0000	2.8985	34.1822
832.0000	193.0000	-62.8857	44.7588
833.0000	37.0000	-16.2270	23.1623
833.0000	95.0000	17.9666	18.4979
833.0000	110.0000	2.8954	34.1880
833.0000	193.0000	-64.5444	45.1513
834.0000	37.0000	-16.2292	23.1668
834.0000	95.0000	19.2886	18.6726
834.0000	110.0000	2.8921	34.1942
835.0000	37.0000	-16.2350	23.1686
835.0000	95.0000	20.6348	18.7509
835.0000	110.0000	2.8839	34.2004
836.0000	37.0000	-16.2310	23.1640
836.0000	95.0000	22.0316	18.6572
836.0000	110.0000	2.8893	34.1928
837.0000	37.0000	-16.2095	23.1252
837.0000	95.0000	23.4853	18.5041
837.0000	110.0000	2.9200	34.1382
838.0000	37.0000	-16.1726	23.0562
838.0000	95.0000	24.9868	18.2975
838.0000	110.0000	2.9715	34.0428
839.0000	37.0000	-16.1231	22.9619
839.0000	95.0000	26.5311	18.0149
839.0000	110.0000	3.0416	33.9129
840.0000	37.0000	-16.0610	22.8446
840.0000	95.0000	28.1137	17.6445
840.0000	110.0000	3.1293	33.7509
841.0000	37.0000	-15.9861	22.7056
841.0000	95.0000	29.7320	17.1878
841.0000	110.0000	3.2348	33.5578
842.0000	37.0000	-15.8980	22.5465
842.0000	95.0000	31.3848	16.6474
842.0000	110.0000	3.3591	33.3342
843.0000	37.0000	-15.7949	22.3685
843.0000	95.0000	33.0710	16.0212
843.0000	110.0000	3.5047	33.0802
844.0000	37.0000	-15.7470	22.1289
844.0000	95.0000	34.7355	15.4023
844.0000	110.0000	3.5716	32.8058
845.0000	37.0000	-15.8575	21.7650
845.0000	95.0000	36.3045	14.9504
845.0000	110.0000	3.4141	32.5265
846.0000	37.0000	-15.9195	21.4200
846.0000	95.0000	37.9398	14.3681
846.0000	110.0000	3.3334	32.2174
847.0000	37.0000	-16.1840	21.1685
847.0000	95.0000	39.4485	14.3805
847.0000	110.0000	2.9479	32.1775
848.0000	37.0000	-16.2124	21.1467
848.0000	95.0000	41.1439	14.0697
848.0000	110.0000	2.9065	32.1776
849.0000	37.0000	-16.2615	21.1146
849.0000	95.0000	42.8435	13.7825
849.0000	110.0000	2.8352	32.1837
850.0000	37.0000	-16.8545	20.6392
850.0000	95.0000	44.1746	14.4281
850.0000	110.0000	1.9595	32.1693
851.0000	37.0000	-17.2305	20.2772
851.0000	95.0000	45.6688	14.6804
851.0000	110.0000	1.3941	32.0827
852.0000	37.0000	-17.3285	20.1899
852.0000	95.0000	47.3868	14.4982
852.0000	110.0000	1.2455	32.0806
853.0000	37.0000	-17.3564	20.1550
853.0000	95.0000	49.1195	14.2367
853.0000	110.0000	1.2053	32.0904
854.0000	37.0000	-17.3488	20.1322
854.0000	95.0000	50.6118	13.9246
854.0000	110.0000	1.2194	32.0682
855.0000	37.0000	-17.3557	20.1051
855.0000	95.0000	51.7833	13.6822
855.0000	110.0000	1.2106	32.0445
856.0000	37.0000	-17.3880	20.0674
856.0000	95.0000	52.6367	13.5569
856.0000	110.0000	1.1638	32.0287
857.0000	37.0000	-17.4262	20.0307
857.0000	95.0000	53.1873	13.5124
857.0000	110.0000	1.1080	32.0188
858.0000	37.0000	-17.4712	19.9942
858.0000	95.0000	53.4353	13.5518
858.0000	110.0000	1.0417	32.0148
859.0000	37.0000	-17.5262	19.9543
859.0000	95.0000	53.4271	13.6634
859.0000	110.0000	0.9608	32.0145
860.0000	37.0000	-17.5967	19.9027
860.0000	95.0000	53.3838	13.8115
860.0000	110.0000	0.8562	32.0146
861.0000	37.0000	-17.6756	19.8465
861.0000	95.0000	53.3299	13.9880
861.0000	110.0000	0.7380	32.0199
862.0000	37.0000	-17.7496	19.7993
862.0000	95.0000	53.2749	14.1527
862.0000	110.0000	0.6271	32.0289
863.0000	37.0000	-17.8314	19.7452
863.0000	95.0000	53.2112	14.3357
863.0000	110.0000	0.5038	32.0363
864.0000	37.0000	-17.8999	19.6982
864.0000	95.0000	53.1575	14.4844
864.0000	110.0000	0.4015	32.0399
865.0000	37.0000	-17.9680	19.6501
865.0000	95.0000	53.1036	14.6312
865.0000	110.0000	0.2992	32.0420
866.0000	37.0000	-18.0380	19.5991
866.0000	95.0000	53.0476	14.7818
866.0000	110.0000	0.1940	32.0429
867.0000	37.0000	-18.1154	19.5370
867.0000	95.0000	52.9850	14.9477
867.0000	110.0000	0.0766	32.0392
868.0000	37.0000	-18.1923	19.4740
868.0000	95.0000	52.9220	15.1118
868.0000	110.0000	-0.0404	32.0342
869.0000	37.0000	-18.2727	19.4098
869.0000	95.0000	52.8554	15.2859
869.0000	110.0000	-0.1632	32.0307
870.0000	37.0000	-18.3538	19.3462
870.0000	95.0000	52.7882	15.4613
870.0000	110.0000	-0.2865	32.0279
871.0000	37.0000	-18.4120	19.3016
871.0000	95.0000	52.7395	15.5780
871.0000	110.0000	-0.3733	32.0243
872.0000	37.0000	-18.4133	19.3008
872.0000	95.0000	52.7366	15.5664
872.0000	110.0000	-0.3727	32.0207
873.0000	37.0000	-18.4057	19.3087
873.0000	95.0000	52.7417	15.5338
873.0000	110.0000	-0.3580	32.0183
874.0000	37.0000	-18.3969	19.3182
874.0000	95.0000	52.7478	15.5019
874.0000	110.0000	-0.3420	32.0172
875.0000	37.0000	-18.3875	19.3299
875.0000	95.0000	52.7550	15.4672
875.0000	110.0000	-0.3241	32.0171
876.0000	37.0000	-18.3760	19.3439
876.0000	95.0000	52.7637	15.4275
876.0000	110.0000	-0.3032	32.0176
877.0000	37.0000	-18.3683	19.3544
877.0000	95.0000	52.7694	15.3972
877.0000	110.0000	-0.2881	32.0177
878.0000	37.0000	-18.3752	19.3324
878.0000	95.0000	52.7650	15.3856
878.0000	110.0000	-0.2967	31.9984
879.0000	37.0000	-18.3599	19.2958
879.0000	95.0000	52.7782	15.2951
879.0000	110.0000	-0.2715	31.9481
880.0000	37.0000	-18.3009	19.2686
880.0000	95.0000	52.8257	15.0785
880.0000	110.0000	-0.1791	31.8728
881.0000	37.0000	-18.3055	19.2264
881.0000	95.0000	52.8147	15.0114
881.0000	110.0000	-0.1786	31.8234
882.0000	37.0000	-18.2803	19.2584
882.0000	95.0000	52.8339	14.9183
882.0000	110.0000	-0.1297	31.8221
883.0000	37.0000	-18.2515	19.2792
883.0000	95.0000	52.8542	14.8392
883.0000	110.0000	-0.0828	31.8165
884.0000	37.0000	-18.2492	19.2815
884.0000	95.0000	52.8547	14.8150
884.0000	110.0000	-0.0752	31.8111
885.0000	37.0000	-18.2430	19.2916
885.0000	95.0000	52.8584	14.7826
885.0000	110.0000	-0.0615	31.8102
886.0000	37.0000	-18.2433	19.3031
886.0000	95.0000	52.8572	14.7673
886.0000	110.0000	-0.0574	31.8156
887.0000	37.0000	-18.1698	19.3605
887.0000	95.0000	52.9069	14.4539
887.0000	110.0000	0.0816	31.7770
888.0000	37.0000	-18.1627	19.2991
888.0000	95.0000	52.9050	14.2807
888.0000	110.0000	0.1096	31.6842
889.0000	37.0000	-18.2163	19.1923
889.0000	95.0000	52.8611	14.2753
889.0000	110.0000	0.0391	31.5998
890.0000	37.0000	-18.2343	19.1372
890.0000	95.0000	52.8467	14.1900
890.0000	110.0000	0.0231	31.5359
891.0000	37.0000	-18.3355	19.0423
891.0000	95.0000	52.7625	14.3403
891.0000	110.0000	-0.1244	31.5070
892.0000	37.0000	-18.4003	18.9735
892.0000	95.0000	52.7091	14.4490
892.0000	110.0000	-0.2199	31.4841
893.0000	37.0000	-18.4048	18.9613
893.0000	95.0000	52.7041	14.4333
893.0000	110.0000	-0.2216	31.4714
894.0000	37.0000	-18.3799	18.9784
894.0000	95.0000	52.7216	14.3619
894.0000	110.0000	-0.1796	31.4664
895.0000	37.0000	-18.3619	18.9995
895.0000	95.0000	52.7337	14.3074
895.0000	110.0000	-0.1479	31.4690
896.0000	37.0000	-18.3577	19.0074
896.0000	95.0000	52.7332	14.2922
896.0000	110.0000	-0.1394	31.4719
897.0000	37.0000	-18.3506	19.0173
897.0000	95.0000	52.7356	14.2668
897.0000	110.0000	-0.1261	31.4735
898.0000	37.0000	-18.4353	18.9888
898.0000	95.0000	52.6678	14.4389
898.0000	110.0000	-0.2459	31.4946
899.0000	37.0000	-18.4108	19.0271
899.0000	95.0000	52.6844	14.3807
899.0000	110.0000	-0.2043	31.5093
900.0000	37.0000	-18.4054	19.0547
900.0000	95.0000	52.6883	14.3465
900.0000	110.0000	-0.1883	31.5206
901.0000	37.0000	-18.4040	19.0782
901.0000	95.0000	52.6889	14.3172
901.0000	110.0000	-0.1785	31.5290
902.0000	37.0000	-18.3479	19.1398
902.0000	95.0000	52.7311	14.1651
902.0000	110.0000	-0.0856	31.5348
903.0000	37.0000	-18.4132	19.0964
903.0000	95.0000	52.6736	14.3451
903.0000	110.0000	-0.1870	31.5488
904.0000	37.0000	-18.5208	19.0331
904.0000	95.0000	52.5789	14.6160
904.0000	110.0000	-0.3534	31.5731
905.0000	37.0000	-18.6130	18.9900
905.0000	95.0000	52.5048	14.8211
905.0000	110.0000	-0.4909	31.5954
906.0000	37.0000	-18.6547	18.9557
906.0000	95.0000	52.4719	14.9109
906.0000	110.0000	-0.5551	31.5930
907.0000	37.0000	-18.6649	18.9413
907.0000	95.0000	52.4600	14.9225
907.0000	110.0000	-0.5708	31.5864
908.0000	37.0000	-18.6482	18.9363
908.0000	95.0000	52.4743	14.8538
908.0000	110.0000	-0.5439	31.5662
909.0000	37.0000	-18.6028	18.9328
909.0000	95.0000	52.5087	14.7085
909.0000	110.0000	-0.4743	31.5268
910.0000	37.0000	-18.6004	18.8944
910.0000	95.0000	52.5117	14.6424
910.0000	110.0000	-0.4665	31.4815
911.0000	37.0000	-18.6280	18.8339
911.0000	95.0000	52.4881	14.6485
911.0000	110.0000	-0.5051	31.4374
912.0000	37.0000	-18.6095	18.8059
912.0000	95.0000	52.5014	14.5497
912.0000	110.0000	-0.4737	31.3910
913.0000	37.0000	-18.6312	18.7459
913.0000	95.0000	52.4829	14.5383
913.0000	110.0000	-0.5036	31.3430
914.0000	37.0000	-18.6163	18.7154
914.0000	95.0000	52.4942	14.4400
914.0000	110.0000	-0.4769	31.2954
915.0000	37.0000	-18.5888	18.6772
915.0000	95.0000	52.5107	14.3139
915.0000	110.0000	-0.4342	31.2346
916.0000	37.0000	-18.6540	18.6006
916.0000	95.0000	52.4617	14.3900
916.0000	110.0000	-0.5256	31.1967
917.0000	37.0000	-18.6962	18.5483
917.0000	95.0000	52.4248	14.4416
917.0000	110.0000	-0.5862	31.1705
918.0000	37.0000	-18.6550	18.5483
918.0000	95.0000	52.4558	14.3016
918.0000	110.0000	-0.5209	31.1355
919.0000	37.0000	-18.5858	18.5443
919.0000	95.0000	52.5092	14.0718
919.0000	110.0000	-0.4128	31.0746
920.0000	37.0000	-18.5046	18.5242
920.0000	95.0000	52.5693	13.7885
920.0000	110.0000	-0.2869	30.9876
921.0000	37.0000	-18.3907	18.5092
921.0000	95.0000	52.6528	13.4052
921.0000	110.0000	-0.1098	30.8783
922.0000	37.0000	-18.3455	18.4624
922.0000	95.0000	52.6759	13.1540
922.0000	110.0000	-0.0302	30.7788
923.0000	37.0000	-18.4122	18.2999
923.0000	95.0000	52.6199	13.1814
923.0000	110.0000	-0.1310	30.6653
924.0000	37.0000	-18.5062	18.1313
924.0000	95.0000	52.5318	13.2874
924.0000	110.0000	-0.2712	30.5656
925.0000	37.0000	-18.4651	18.0877
925.0000	95.0000	52.5590	13.0915
925.0000	110.0000	-0.1984	30.4791
926.0000	37.0000	-18.4818	18.0444
926.0000	95.0000	52.5593	13.0148
926.0000	110.0000	-0.2064	30.4259
927.0000	37.0000	-18.5675	17.9424
927.0000	95.0000	52.4980	13.1524
927.0000	110.0000	-0.3330	30.3843
928.0000	37.0000	-18.6361	17.8582
928.0000	95.0000	52.4447	13.2668
928.0000	110.0000	-0.4360	30.3508
929.0000	37.0000	-18.6686	17.8074
929.0000	95.0000	52.4182	13.3045
929.0000	110.0000	-0.4840	30.3228
930.0000	37.0000	-18.7124	17.7484
930.0000	95.0000	52.3809	13.3800
930.0000	110.0000	-0.5518	30.2985
931.0000	37.0000	-18.7805	17.6725
931.0000	95.0000	52.3259	13.5113
931.0000	110.0000	-0.6568	30.2756
932.0000	37.0000	-18.8198	17.6210
932.0000	95.0000	52.2939	13.5704
932.0000	110.0000	-0.7160	30.2528
933.0000	37.0000	-18.8193	17.5925
933.0000	95.0000	52.2945	13.5227
933.0000	110.0000	-0.7130	30.2209
934.0000	37.0000	-18.8042	17.5484
934.0000	95.0000	52.3057	13.4229
934.0000	110.0000	-0.6891	30.1636
935.0000	37.0000	-18.6406	17.6062
935.0000	95.0000	52.4379	12.9134
935.0000	110.0000	-0.4274	30.0790
936.0000	37.0000	-18.4790	17.6288
936.0000	95.0000	52.5595	12.3808
936.0000	110.0000	-0.1715	29.9606
937.0000	37.0000	-18.3015	17.6401
937.0000	95.0000	52.6887	11.7737
937.0000	110.0000	0.1108	29.8129
938.0000	37.0000	-18.3354	17.4879
938.0000	95.0000	52.6539	11.7421
938.0000	110.0000	0.0601	29.6886
939.0000	37.0000	-18.1496	17.5214
939.0000	95.0000	52.7926	11.1150
939.0000	110.0000	0.3587	29.5513
940.0000	37.0000	-17.9318	17.5688
940.0000	95.0000	52.9341	10.3896
940.0000	110.0000	0.7059	29.3966
941.0000	37.0000	-17.9298	17.5004
941.0000	95.0000	52.9239	10.2078
941.0000	110.0000	0.7265	29.2982
942.0000	37.0000	-18.1833	17.1929
942.0000	95.0000	52.7515	10.7283
942.0000	110.0000	0.3326	29.2090
943.0000	37.0000	-18.2474	17.0228
943.0000	95.0000	52.7063	10.7649
943.0000	110.0000	0.2314	29.0937
944.0000	37.0000	-18.2490	16.8851
944.0000	95.0000	52.6997	10.6267
944.0000	110.0000	0.2268	28.9563
945.0000	37.0000	-18.2778	16.7026
945.0000	95.0000	52.6762	10.5398
945.0000	110.0000	0.1802	28.7988
946.0000	37.0000	-18.3648	16.4801
946.0000	95.0000	52.6252	10.5967
946.0000	110.0000	0.0477	28.6488
947.0000	37.0000	-18.5172	16.2109
947.0000	95.0000	52.5293	10.7866
947.0000	110.0000	-0.1783	28.4978
948.0000	37.0000	-18.5396	16.0426
948.0000	95.0000	52.5145	10.7304
948.0000	110.0000	-0.2196	28.3587
949.0000	37.0000	-18.8224	15.6774
949.0000	95.0000	52.3023	11.4427
949.0000	110.0000	-0.6922	28.2702
950.0000	37.0000	-19.1222	15.2753
950.0000	95.0000	52.0585	12.2211
950.0000	110.0000	-1.2056	28.1667
951.0000	37.0000	-19.2796	15.0347
951.0000	95.0000	51.8781	12.6136
951.0000	110.0000	-1.4895	28.0852
952.0000	37.0000	-19.4542	14.7565
952.0000	95.0000	51.6452	13.1308
952.0000	110.0000	-1.8257	28.0049
953.0000	37.0000	-19.8186	13.8757
953.0000	95.0000	50.1478	15.2230
953.0000	110.0000	-3.0092	27.8487
954.0000	37.0000	-20.1614	13.1468
954.0000	95.0000	49.0179	16.8440
954.0000	110.0000	-3.9843	27.6764
955.0000	37.0000	-20.5333	12.8640
955.0000	95.0000	49.0100	17.2845
955.0000	110.0000	-4.5005	27.5576
956.0000	37.0000	-21.2917	12.1969
956.0000	95.0000	49.3670	18.8508
956.0000	110.0000	-5.4535	27.3571
957.0000	37.0000	-21.4202	11.8451
957.0000	95.0000	49.4002	19.6561
957.0000	110.0000	-5.6771	27.2516
958.0000	37.0000	-21.4664	11.7864
958.0000	95.0000	49.3172	19.7746
958.0000	110.0000	-5.7835	27.2361
959.0000	37.0000	-21.4029	11.8309
959.0000	95.0000	49.3950	19.6312
959.0000	110.0000	-5.6849	27.2402
960.0000	37.0000	-21.4778	11.7013
960.0000	95.0000	49.2614	19.9517
960.0000	110.0000	-5.8620	27.2196
961.0000	37.0000	-21.5569	11.5560
961.0000	95.0000	49.1253	20.2498
961.0000	110.0000	-6.0422	27.1688
962.0000	37.0000	-21.5797	11.4677
962.0000	95.0000	49.0937	20.3700
962.0000	110.0000	-6.0981	27.1228
963.0000	37.0000	-21.6305	11.3572
963.0000	95.0000	49.0003	20.5369
963.0000	110.0000	-6.2158	27.0766
964.0000	37.0000	-21.6975	11.2076
964.0000	95.0000	48.8790	20.7455
964.0000	110.0000	-6.3672	27.0089
965.0000	37.0000	-21.7474	11.0654
965.0000	95.0000	48.7836	20.8897
965.0000	110.0000	-6.4848	26.9316
966.0000	37.0000	-21.7926	10.9134
966.0000	95.0000	48.6965	21.0211
966.0000	110.0000	-6.5946	26.8424
967.0000	37.0000	-21.8297	10.7714
967.0000	95.0000	48.6229	21.1253
967.0000	110.0000	-6.6879	26.7536
968.0000	37.0000	-21.8136	10.6962
968.0000	95.0000	48.6396	21.0933
968.0000	110.0000	-6.6776	26.6851
969.0000	37.0000	-21.8135	10.6109
969.0000	95.0000	48.6298	21.0852
969.0000	110.0000	-6.6937	26.6173
970.0000	37.0000	-21.8174	10.5155
970.0000	95.0000	48.6118	21.1011
970.0000	110.0000	-6.7211	26.5463
971.0000	37.0000	-21.8842	10.3334
971.0000	95.0000	48.4719	21.3526
971.0000	110.0000	-6.8911	26.4581
972.0000	37.0000	-21.9497	10.1572
972.0000	95.0000	48.3331	21.6144
972.0000	110.0000	-7.0594	26.3751
973.0000	37.0000	-22.0161	9.9878
973.0000	95.0000	48.1920	21.8797
973.0000	110.0000	-7.2279	26.2978
974.0000	37.0000	-22.0834	9.8239
974.0000	95.0000	48.0472	22.1603
974.0000	110.0000	-7.3996	26.2267
975.0000	37.0000	-22.1462	9.6715
975.0000	95.0000	47.9093	22.4343
975.0000	110.0000	-7.5619	26.1619
976.0000	37.0000	-22.1972	9.5488
976.0000	95.0000	47.7938	22.6465
976.0000	110.0000	-7.6939	26.1086
977.0000	37.0000	-22.2506	9.4256
977.0000	95.0000	47.6703	22.8712
977.0000	110.0000	-7.8322	26.0578
978.0000	37.0000	-22.3031	9.3076
978.0000	95.0000	47.5463	23.0974
978.0000	110.0000	-7.9695	26.0104
979.0000	37.0000	-22.3404	9.2152
979.0000	95.0000	47.4524	23.2666
979.0000	110.0000	-8.0718	25.9723
980.0000	37.0000	-22.3716	9.1262
980.0000	95.0000	47.3741	23.4085
980.0000	110.0000	-8.1588	25.9303
981.0000	37.0000	-22.3980	9.0427
981.0000	95.0000	47.3067	23.5272
981.0000	110.0000	-8.2338	25.8875
982.0000	37.0000	-22.4334	8.9395
982.0000	95.0000	47.2157	23.6854
982.0000	110.0000	-8.3330	25.8370
983.0000	37.0000	-22.4686	8.8342
983.0000	95.0000	47.1219	23.8452
983.0000	110.0000	-8.4338	25.7849
984.0000	37.0000	-22.5009	8.7343
984.0000	95.0000	47.0343	23.9944
984.0000	110.0000	-8.5277	25.7350
985.0000	37.0000	-22.5259	8.6504
985.0000	95.0000	46.9645	24.1077
985.0000	110.0000	-8.6017	25.6904
986.0000	37.0000	-22.5558	8.5544
986.0000	95.0000	46.8800	24.2502
986.0000	110.0000	-8.6908	25.6420
987.0000	37.0000	-22.5824	8.4654
987.0000	95.0000	46.8044	24.3752
987.0000	110.0000	-8.7702	25.5957
988.0000	37.0000	-22.5988	8.3970
988.0000	95.0000	46.7519	24.4498
988.0000	110.0000	-8.8237	25.5565
989.0000	37.0000	-22.6280	8.2966
989.0000	95.0000	46.6655	24.5874
989.0000	110.0000	-8.9128	25.5032
990.0000	37.0000	-22.6790	8.1598
990.0000	95.0000	46.5113	24.8473
990.0000	110.0000	-9.0670	25.4452
991.0000	37.0000	-22.7259	8.0272
991.0000	95.0000	46.3798	25.0940
991.0000	110.0000	-9.2054	25.3842
992.0000	37.0000	-22.7874	7.8732
992.0000	95.0000	46.1976	25.4024
992.0000	110.0000	-9.3868	25.3190
993.0000	37.0000	-22.8478	7.7252
993.0000	95.0000	46.0114	25.7063
993.0000	110.0000	-9.5670	25.2583
994.0000	37.0000	-22.9038	7.5821
994.0000	95.0000	45.8384	25.9988
994.0000	110.0000	-9.7356	25.1978
995.0000	37.0000	-22.9301	7.4991
995.0000	95.0000	45.7484	26.1582
995.0000	110.0000	-9.8232	25.1613
996.0000	37.0000	-22.9299	7.4773
996.0000	95.0000	45.7370	26.1885
996.0000	110.0000	-9.8348	25.1503
997.0000	37.0000	-22.9419	7.4240
997.0000	95.0000	45.6852	26.2915
997.0000	110.0000	-9.8852	25.1276
998.0000	37.0000	-22.9593	7.3611
998.0000	95.0000	45.6132	26.4218
998.0000	110.0000	-9.9528	25.1020
999.0000	37.0000	-22.9586	7.3352
999.0000	95.0000	45.5935	26.4689
999.0000	110.0000	-9.9708	25.0906
