11.0000	43.0000	-61.8640	50.1736
12.0000	43.0000	-61.8573	49.1747
13.0000	43.0000	-61.8501	48.1934
14.0000	43.0000	-61.8444	47.2141
15.0000	43.0000	-61.8347	46.2311
16.0000	43.0000	-61.8239	45.2541
17.0000	43.0000	-61.8122	44.2852
18.0000	43.0000	-61.8020	43.3215
19.0000	43.0000	-61.7881	42.3412
20.0000	43.0000	-61.7744	41.3229
21.0000	43.0000	-61.7603	40.3231
22.0000	43.0000	-61.7492	39.4764
23.0000	43.0000	-61.7407	38.6692
24.0000	43.0000	-61.7324	37.9857
25.0000	43.0000	-61.7238	37.2811
26.0000	43.0000	-61.7152	36.5539
27.0000	43.0000	-61.7057	35.7937
28.0000	43.0000	-61.6939	34.9943
29.0000	43.0000	-61.6811	34.1735
30.0000	43.0000	-61.6701	33.3501
31.0000	43.0000	-61.6578	32.5539
32.0000	43.0000	-61.6490	31.8689
33.0000	43.0000	-61.6397	31.1790
34.0000	43.0000	-61.6313	30.5056
35.0000	43.0000	-61.6232	29.8408
36.0000	43.0000	-61.6151	29.1738
37.0000	43.0000	-61.6069	28.5052
38.0000	43.0000	-61.5986	27.8217
39.0000	43.0000	-61.5899	27.1094
40.0000	43.0000	-61.5804	26.3586
41.0000	43.0000	-61.5708	25.5766
42.0000	43.0000	-61.5609	24.7691
43.0000	43.0000	-61.5507	23.9324
44.0000	43.0000	-61.5404	23.0844
45.0000	43.0000	-61.5298	22.2009
46.0000	43.0000	-61.5191	21.2708
47.0000	43.0000	-61.5086	20.3098
48.0000	43.0000	-61.4983	19.3274
49.0000	43.0000	-61.4881	18.3423
50.0000	43.0000	-61.4778	17.3406
51.0000	43.0000	-61.4678	16.3382
52.0000	43.0000	-61.4580	15.3083
53.0000	43.0000	-61.4485	14.2573
54.0000	43.0000	-61.4399	13.2049
55.0000	43.0000	-61.4320	12.1715
56.0000	43.0000	-61.4247	11.1943
57.0000	43.0000	-61.4182	10.3615
58.0000	43.0000	-61.4135	9.7273
59.0000	43.0000	-61.4092	9.0749
60.0000	43.0000	-61.4051	8.3925
61.0000	43.0000	-61.4013	7.6801
62.0000	43.0000	-61.3977	6.9374
63.0000	43.0000	-61.3945	6.2166
64.0000	43.0000	-61.3926	5.6326
65.0000	43.0000	-61.3913	5.0322
66.0000	43.0000	-61.3898	4.4029
67.0000	43.0000	-61.3883	3.7434
68.0000	43.0000	-61.3870	3.1064
69.0000	43.0000	-61.3867	2.6043
70.0000	43.0000	-61.3870	2.0820
71.0000	43.0000	-61.3870	1.5297
72.0000	43.0000	-61.3869	0.9608
73.0000	43.0000	-61.3871	0.3971
74.0000	43.0000	-61.3876	-0.0907
75.0000	43.0000	-61.3885	-0.4033
76.0000	43.0000	-61.3906	-0.7156
77.0000	43.0000	-61.3918	-1.0479
78.0000	43.0000	-61.3930	-1.4171
79.0000	43.0000	-61.3940	-1.7829
80.0000	43.0000	-61.3956	-2.1851
81.0000	43.0000	-61.3978	-2.6458
82.0000	43.0000	-61.4000	-3.1550
83.0000	43.0000	-61.4022	-3.7081
84.0000	43.0000	-61.4045	-4.3029
85.0000	43.0000	-61.4069	-4.9344
86.0000	43.0000	-61.4092	-5.5933
87.0000	43.0000	-61.4115	-6.2772
88.0000	43.0000	-61.4139	-6.9912
89.0000	43.0000	-61.4164	-7.7294
90.0000	43.0000	-61.4191	-8.4407
91.0000	43.0000	-61.4217	-9.1004
92.0000	43.0000	-61.4240	-9.7562
93.0000	43.0000	-61.4262	-10.4312
94.0000	43.0000	-61.4287	-11.1203
95.0000	43.0000	-61.4314	-11.7976
96.0000	43.0000	-61.4343	-12.4778
97.0000	43.0000	-61.4370	-13.1675
98.0000	43.0000	-61.4398	-13.8553
99.0000	43.0000	-61.4426	-14.5300
100.0000	43.0000	-61.4454	-15.2018
101.0000	43.0000	-61.4482	-15.8766
102.0000	43.0000	-61.4510	-16.5438
103.0000	43.0000	-61.4539	-17.2029
103.0000	119.0000	-0.3488	79.8071
104.0000	43.0000	-61.4567	-17.8669
104.0000	119.0000	-0.3467	79.5699
105.0000	43.0000	-61.4593	-18.4766
105.0000	119.0000	-0.3440	79.3282
106.0000	43.0000	-61.4609	-18.9148
106.0000	119.0000	-0.3418	79.0902
107.0000	43.0000	-61.4626	-19.3377
107.0000	119.0000	-0.3389	78.8553
108.0000	43.0000	-61.4641	-19.7631
108.0000	119.0000	-0.3365	78.6173
109.0000	43.0000	-61.4658	-20.1873
109.0000	119.0000	-0.3331	78.3788
110.0000	43.0000	-61.4675	-20.6072
110.0000	119.0000	-0.3298	78.1435
111.0000	43.0000	-61.4693	-21.0338
111.0000	119.0000	-0.3266	77.9075
112.0000	43.0000	-61.4712	-21.4735
112.0000	119.0000	-0.3231	77.6779
113.0000	43.0000	-61.4733	-21.8936
113.0000	119.0000	-0.3208	77.4945
114.0000	43.0000	-61.4753	-22.2732
114.0000	119.0000	-0.3190	77.3837
115.0000	43.0000	-61.4791	-22.5954
115.0000	119.0000	-0.3109	77.3610
116.0000	43.0000	-61.4803	-22.8821
116.0000	119.0000	-0.3105	77.3621
117.0000	43.0000	-61.4807	-23.0514
117.0000	119.0000	-0.3101	77.3627
118.0000	43.0000	-61.4816	-23.2621
118.0000	119.0000	-0.3100	77.3628
119.0000	43.0000	-61.4828	-23.5208
119.0000	119.0000	-0.3102	77.3627
120.0000	43.0000	-61.4843	-23.8268
120.0000	119.0000	-0.3104	77.3627
121.0000	43.0000	-61.4857	-24.1190
121.0000	119.0000	-0.3106	77.3629
122.0000	43.0000	-61.4865	-24.3037
122.0000	119.0000	-0.3101	77.3583
123.0000	43.0000	-61.4773	-24.5809
123.0000	119.0000	-0.3447	77.3356
124.0000	43.0000	-61.4761	-24.9172
124.0000	119.0000	-0.3513	77.2821
125.0000	43.0000	-61.4767	-25.2773
125.0000	119.0000	-0.3515	77.1880
126.0000	43.0000	-61.4775	-25.5502
126.0000	119.0000	-0.3498	77.0700
127.0000	43.0000	-61.4792	-25.8791
127.0000	119.0000	-0.3463	76.9425
128.0000	43.0000	-61.4805	-26.2756
128.0000	119.0000	-0.3433	76.7974
129.0000	43.0000	-61.4818	-26.6297
129.0000	119.0000	-0.3400	76.6351
130.0000	43.0000	-61.4828	-26.7925
130.0000	119.0000	-0.3373	76.4857
131.0000	43.0000	-61.4838	-26.9517
131.0000	119.0000	-0.3338	76.3252
132.0000	43.0000	-61.4846	-27.1235
132.0000	119.0000	-0.3303	76.1518
133.0000	43.0000	-61.4857	-27.2837
133.0000	119.0000	-0.3272	75.9923
134.0000	43.0000	-61.4868	-27.5105
134.0000	119.0000	-0.3232	75.8228
135.0000	43.0000	-61.4881	-27.8210
135.0000	119.0000	-0.3193	75.6409
136.0000	43.0000	-61.4896	-28.1834
136.0000	119.0000	-0.3157	75.4730
137.0000	43.0000	-61.4912	-28.5539
137.0000	119.0000	-0.3113	75.2961
138.0000	43.0000	-61.4926	-28.8400
138.0000	119.0000	-0.3066	75.0994
139.0000	43.0000	-61.4943	-29.1851
139.0000	119.0000	-0.3018	74.8974
140.0000	43.0000	-61.4962	-29.5842
140.0000	119.0000	-0.2971	74.6996
141.0000	43.0000	-61.4980	-29.9836
141.0000	119.0000	-0.2920	74.4944
142.0000	43.0000	-61.4999	-30.2895
142.0000	119.0000	-0.2862	74.2737
143.0000	43.0000	-61.5020	-30.6463
143.0000	119.0000	-0.2804	74.0526
144.0000	43.0000	-61.5039	-30.9866
144.0000	119.0000	-0.2755	73.8391
145.0000	43.0000	-61.5058	-31.2145
145.0000	119.0000	-0.2698	73.6199
146.0000	43.0000	-61.5080	-31.4996
146.0000	119.0000	-0.2635	73.3903
147.0000	43.0000	-61.5104	-31.8296
147.0000	119.0000	-0.2575	73.1763
148.0000	43.0000	-61.5126	-32.1575
148.0000	119.0000	-0.2513	72.9572
149.0000	43.0000	-61.5146	-32.3903
149.0000	119.0000	-0.2458	72.7285
150.0000	43.0000	-61.5168	-32.6376
150.0000	119.0000	-0.2406	72.5351
151.0000	43.0000	-61.5185	-32.8771
151.0000	119.0000	-0.2373	72.4105
152.0000	43.0000	-61.5192	-33.0223
152.0000	119.0000	-0.2361	72.3736
153.0000	43.0000	-61.5189	-33.0330
153.0000	119.0000	-0.2359	72.3728
154.0000	43.0000	-61.5185	-33.0935
154.0000	119.0000	-0.2354	72.3729
155.0000	43.0000	-61.5183	-33.2142
155.0000	119.0000	-0.2353	72.3729
156.0000	43.0000	-61.5184	-33.3261
156.0000	119.0000	-0.2354	72.3729
157.0000	43.0000	-61.5186	-33.3347
157.0000	119.0000	-0.2356	72.3728
158.0000	43.0000	-61.5188	-33.3933
158.0000	119.0000	-0.2357	72.3728
159.0000	43.0000	-61.5189	-33.5125
159.0000	119.0000	-0.2358	72.3729
160.0000	43.0000	-61.5189	-33.6236
160.0000	119.0000	-0.2359	72.3730
161.0000	43.0000	-61.5145	-33.6441
161.0000	119.0000	-0.2463	72.3696
162.0000	43.0000	-61.5396	-33.6771
162.0000	119.0000	-0.1869	72.3468
163.0000	43.0000	-61.5508	-33.8265
163.0000	119.0000	-0.1605	72.2950
164.0000	43.0000	-61.5517	-34.0319
164.0000	119.0000	-0.1583	72.2003
165.0000	43.0000	-61.5527	-34.1733
165.0000	119.0000	-0.1558	72.0654
166.0000	43.0000	-61.5547	-34.3968
166.0000	119.0000	-0.1514	71.8971
167.0000	43.0000	-61.5567	-34.7111
167.0000	119.0000	-0.1468	71.6980
168.0000	43.0000	-61.5591	-35.0463
168.0000	119.0000	-0.1414	71.4693
169.0000	43.0000	-61.5618	-35.2970
169.0000	119.0000	-0.1351	71.2228
170.0000	43.0000	-61.5641	-35.5856
170.0000	119.0000	-0.1302	70.9883
171.0000	43.0000	-61.5666	-35.9308
171.0000	119.0000	-0.1246	70.7570
172.0000	43.0000	-61.5687	-36.2765
172.0000	119.0000	-0.1196	70.5183
173.0000	43.0000	-61.5711	-36.5259
173.0000	119.0000	-0.1138	70.2727
174.0000	43.0000	-61.5733	-36.8321
174.0000	119.0000	-0.1088	70.0213
175.0000	43.0000	-61.5758	-37.1607
175.0000	119.0000	-0.1040	69.8064
176.0000	43.0000	-61.5777	-37.4122
176.0000	119.0000	-0.1009	69.6607
177.0000	43.0000	-61.5751	-37.4886
177.0000	119.0000	-0.1062	69.5948
178.0000	43.0000	-61.5751	-37.5474
178.0000	119.0000	-0.1060	69.5948
179.0000	43.0000	-61.5749	-37.6690
179.0000	119.0000	-0.1052	69.5948
180.0000	43.0000	-61.5748	-37.7813
180.0000	119.0000	-0.1050	69.5960
181.0000	43.0000	-61.5749	-37.7903
181.0000	119.0000	-0.1050	69.5959
182.0000	43.0000	-61.5751	-37.8496
182.0000	119.0000	-0.1052	69.5959
183.0000	43.0000	-61.5752	-37.9687
183.0000	119.0000	-0.1053	69.5958
184.0000	43.0000	-61.5753	-38.1458
184.0000	119.0000	-0.1055	69.5971
185.0000	43.0000	-61.5768	-38.3171
185.0000	119.0000	-0.1026	69.5925
186.0000	43.0000	-61.5510	-38.4304
186.0000	119.0000	-0.1532	69.5683
187.0000	43.0000	-61.5449	-38.5829
187.0000	119.0000	-0.1646	69.5138
188.0000	43.0000	-61.5463	-38.8263
188.0000	119.0000	-0.1612	69.4175
189.0000	43.0000	-61.5482	-39.1652
189.0000	119.0000	-0.1572	69.2817
190.0000	43.0000	-61.5503	-39.4917
190.0000	119.0000	-0.1528	69.1127
191.0000	43.0000	-61.5526	-39.6823
191.0000	119.0000	-0.1485	68.9238
192.0000	43.0000	-61.5549	-39.8563
192.0000	119.0000	-0.1445	68.7466
193.0000	43.0000	-61.5570	-40.0401
193.0000	119.0000	-0.1402	68.5598
194.0000	43.0000	-61.5592	-40.2430
194.0000	119.0000	-0.1353	68.3536
195.0000	43.0000	-61.5616	-40.4738
195.0000	119.0000	-0.1304	68.1410
196.0000	43.0000	-61.5641	-40.7544
196.0000	119.0000	-0.1254	67.9280
197.0000	43.0000	-61.5664	-41.0660
197.0000	119.0000	-0.1210	67.7336
198.0000	43.0000	-61.5686	-41.4346
198.0000	119.0000	-0.1164	67.5331
199.0000	43.0000	-61.5708	-41.8752
199.0000	119.0000	-0.1112	67.3112
200.0000	43.0000	-61.5734	-42.3814
200.0000	119.0000	-0.1057	67.0734
201.0000	43.0000	-61.5764	-42.8590
201.0000	119.0000	-0.1005	66.8495
202.0000	43.0000	-61.5785	-43.2149
202.0000	119.0000	-0.0963	66.6240
203.0000	43.0000	-61.5811	-43.6227
203.0000	119.0000	-0.0910	66.3838
204.0000	43.0000	-61.5833	-44.0900
204.0000	119.0000	-0.0863	66.1285
205.0000	43.0000	-61.5860	-44.5874
205.0000	119.0000	-0.0812	65.8882
206.0000	43.0000	-61.5889	-45.0643
206.0000	119.0000	-0.0761	65.6505
207.0000	43.0000	-61.5911	-45.4232
207.0000	119.0000	-0.0718	65.4050
208.0000	43.0000	-61.5938	-45.8154
208.0000	119.0000	-0.0667	65.1600
209.0000	43.0000	-61.5959	-46.2411
209.0000	119.0000	-0.0628	64.9259
210.0000	43.0000	-61.5982	-46.6914
210.0000	119.0000	-0.0584	64.6918
211.0000	43.0000	-61.6007	-47.1510
211.0000	119.0000	-0.0535	64.4472
212.0000	43.0000	-61.6027	-47.6076
212.0000	119.0000	-0.0498	64.2054
213.0000	43.0000	-61.6050	-48.0513
213.0000	119.0000	-0.0457	63.9754
214.0000	43.0000	-61.6073	-48.4958
214.0000	119.0000	-0.0415	63.7441
215.0000	43.0000	-61.6089	-48.9642
215.0000	119.0000	-0.0379	63.5000
216.0000	43.0000	-61.6111	-49.4604
216.0000	119.0000	-0.0339	63.2594
217.0000	43.0000	-61.6128	-49.9783
217.0000	119.0000	-0.0309	63.0319
218.0000	43.0000	-61.6147	-50.4683
218.0000	119.0000	-0.0274	62.8045
219.0000	43.0000	-61.6168	-50.8277
219.0000	119.0000	-0.0236	62.5676
220.0000	119.0000	-0.0203	62.3471
221.0000	119.0000	-0.0177	62.1223
222.0000	119.0000	-0.0143	61.8817
223.0000	119.0000	-0.0109	61.6621
224.0000	119.0000	-0.0091	61.4790
225.0000	119.0000	-0.0078	61.3698
226.0000	119.0000	-0.0096	61.3450
227.0000	119.0000	-0.0092	61.3456
228.0000	119.0000	-0.0088	61.3460
229.0000	119.0000	-0.0087	61.3471
230.0000	119.0000	-0.0088	61.3502
231.0000	119.0000	-0.0161	61.3478
232.0000	119.0000	-0.0808	61.3228
233.0000	119.0000	-0.0908	61.2679
234.0000	119.0000	-0.0889	61.1730
235.0000	119.0000	-0.0869	61.0383
236.0000	119.0000	-0.0845	60.8798
237.0000	119.0000	-0.0826	60.7319
238.0000	119.0000	-0.0801	60.5722
239.0000	119.0000	-0.0774	60.3880
240.0000	119.0000	-0.0744	60.1762
241.0000	119.0000	-0.0711	59.9362
242.0000	119.0000	-0.0679	59.6680
243.0000	119.0000	-0.0665	59.3720
244.0000	119.0000	-0.0648	59.0577
245.0000	119.0000	-0.0632	58.7738
246.0000	119.0000	-0.0591	58.5438
247.0000	119.0000	-0.0554	58.3211
248.0000	119.0000	-0.0518	58.0799
249.0000	119.0000	-0.0495	57.8138
250.0000	119.0000	-0.0474	57.5226
251.0000	119.0000	-0.0462	57.2036
252.0000	119.0000	-0.0452	56.8579
253.0000	119.0000	-0.0440	56.4855
254.0000	119.0000	-0.0431	56.0869
255.0000	119.0000	-0.0421	55.6625
256.0000	119.0000	-0.0411	55.2207
257.0000	119.0000	-0.0401	54.8077
258.0000	119.0000	-0.0384	54.4506
259.0000	119.0000	-0.0362	54.1117
260.0000	119.0000	-0.0341	53.7632
261.0000	119.0000	-0.0327	53.3951
262.0000	119.0000	-0.0318	53.0141
263.0000	119.0000	-0.0309	52.6594
264.0000	119.0000	-0.0293	52.3402
265.0000	119.0000	-0.0275	52.0273
266.0000	119.0000	-0.0258	51.7108
267.0000	119.0000	-0.0243	51.4137
268.0000	119.0000	-0.0227	51.1275
269.0000	119.0000	-0.0211	50.8676
270.0000	95.0000	-33.3600	72.7123
270.0000	119.0000	-0.0191	50.6085
271.0000	95.0000	-33.4227	72.4470
271.0000	119.0000	-0.0176	50.3419
272.0000	95.0000	-33.4286	72.1987
272.0000	119.0000	-0.0161	50.1088
273.0000	95.0000	-33.5147	71.9585
273.0000	119.0000	-0.0143	49.9150
274.0000	95.0000	-33.5776	71.7423
274.0000	119.0000	-0.0125	49.7855
275.0000	95.0000	-33.5838	71.5232
275.0000	119.0000	-0.0102	49.7021
276.0000	95.0000	-33.6700	71.2845
276.0000	119.0000	-0.0073	49.6497
277.0000	95.0000	-33.7336	71.0303
277.0000	119.0000	-0.0047	49.6333
277.0000	193.0000	0.0013	79.7561
278.0000	95.0000	-33.7400	70.8092
278.0000	119.0000	-0.0015	49.7011
278.0000	193.0000	0.0042	79.5495
279.0000	95.0000	-33.8275	70.6555
279.0000	119.0000	0.0013	49.8874
279.0000	193.0000	0.0060	79.3983
280.0000	95.0000	-33.8846	70.5825
280.0000	119.0000	0.0096	50.2005
280.0000	193.0000	0.0146	79.3213
281.0000	95.0000	-33.8922	70.5809
281.0000	119.0000	0.0131	50.6361
281.0000	193.0000	0.0149	79.3195
282.0000	95.0000	-34.0002	70.5583
282.0000	119.0000	0.0022	51.1059
282.0000	193.0000	-0.0076	79.3067
283.0000	95.0000	-34.0678	70.5522
283.0000	119.0000	0.0038	51.6290
283.0000	193.0000	-0.0109	79.3020
284.0000	95.0000	-34.0758	70.5523
284.0000	119.0000	0.0078	52.1987
284.0000	193.0000	-0.0110	79.3021
285.0000	95.0000	-34.1643	70.5521
285.0000	119.0000	0.0119	52.8077
285.0000	193.0000	-0.0111	79.3021
286.0000	95.0000	-34.2292	70.5522
286.0000	119.0000	0.0157	53.3679
286.0000	193.0000	-0.0112	79.3020
287.0000	95.0000	-34.2372	70.5523
287.0000	119.0000	0.0182	53.7310
287.0000	193.0000	-0.0113	79.3020
288.0000	95.0000	-34.3253	70.5523
288.0000	119.0000	0.0209	54.1310
288.0000	193.0000	-0.0113	79.3021
289.0000	95.0000	-34.3900	70.5523
289.0000	119.0000	0.0234	54.5039
289.0000	193.0000	-0.0113	79.3021
290.0000	95.0000	-34.3979	70.5524
290.0000	119.0000	0.0248	54.7079
290.0000	193.0000	-0.0113	79.3021
291.0000	95.0000	-34.4862	70.5523
291.0000	119.0000	0.0267	54.9826
291.0000	193.0000	-0.0113	79.3021
292.0000	95.0000	-34.5510	70.5524
292.0000	119.0000	0.0284	55.2393
292.0000	193.0000	-0.0113	79.3021
293.0000	95.0000	-34.5590	70.5526
293.0000	119.0000	0.0290	55.3444
293.0000	193.0000	-0.0114	79.3022
294.0000	95.0000	-34.6566	70.5449
294.0000	119.0000	0.0228	55.5351
294.0000	193.0000	-0.0220	79.2992
295.0000	95.0000	-34.6815	70.5413
295.0000	119.0000	0.0557	55.6912
295.0000	193.0000	0.0227	79.2764
296.0000	95.0000	-34.6585	70.5033
296.0000	119.0000	0.0806	55.6680
296.0000	193.0000	0.0573	79.2236
297.0000	95.0000	-34.7570	70.4299
297.0000	119.0000	0.0731	55.7268
297.0000	193.0000	0.0455	79.1553
298.0000	95.0000	-34.8219	70.4288
298.0000	119.0000	0.0744	55.9435
298.0000	193.0000	0.0453	79.1540
299.0000	95.0000	-34.8298	70.4289
299.0000	119.0000	0.0766	56.2357
299.0000	193.0000	0.0454	79.1540
300.0000	95.0000	-34.9178	70.4289
300.0000	119.0000	0.0787	56.4965
300.0000	193.0000	0.0456	79.1541
301.0000	95.0000	-34.9824	70.4290
301.0000	119.0000	0.0790	56.5266
301.0000	193.0000	0.0457	79.1541
302.0000	95.0000	-34.9904	70.4291
302.0000	119.0000	0.0790	56.5296
302.0000	193.0000	0.0457	79.1542
303.0000	95.0000	-35.0871	70.4206
303.0000	119.0000	0.0720	56.5284
303.0000	193.0000	0.0360	79.1500
304.0000	95.0000	-35.2539	70.3454
304.0000	119.0000	-0.0105	56.5045
304.0000	193.0000	-0.0785	79.1245
305.0000	95.0000	-35.2815	70.2795
305.0000	119.0000	-0.0265	56.4489
305.0000	193.0000	-0.1006	79.0681
306.0000	95.0000	-35.3679	70.1802
306.0000	119.0000	-0.0250	56.3494
306.0000	193.0000	-0.0986	78.9682
307.0000	95.0000	-35.4306	70.0430
307.0000	119.0000	-0.0233	56.2114
307.0000	193.0000	-0.0962	78.8301
308.0000	95.0000	-35.4374	69.8838
308.0000	119.0000	-0.0223	56.0811
308.0000	193.0000	-0.0950	78.6702
309.0000	95.0000	-35.5246	69.7574
309.0000	119.0000	-0.0212	56.0319
309.0000	193.0000	-0.0938	78.5435
310.0000	95.0000	-35.5896	69.7078
310.0000	119.0000	-0.0212	56.0235
310.0000	193.0000	-0.0941	78.4938
311.0000	95.0000	-35.6250	69.6719
311.0000	119.0000	-0.0434	56.0076
311.0000	193.0000	-0.1250	78.4715
312.0000	95.0000	-35.7057	69.6130
312.0000	119.0000	-0.0370	56.0126
312.0000	193.0000	-0.1168	78.4097
313.0000	95.0000	-35.7672	69.5041
313.0000	119.0000	-0.0342	55.9442
313.0000	193.0000	-0.1133	78.2996
314.0000	95.0000	-35.7738	69.3568
314.0000	119.0000	-0.0331	55.7957
314.0000	193.0000	-0.1117	78.1516
315.0000	95.0000	-35.8607	69.1771
315.0000	119.0000	-0.0321	55.6164
315.0000	193.0000	-0.1103	77.9716
316.0000	95.0000	-35.9233	68.9680
316.0000	119.0000	-0.0305	55.4069
316.0000	193.0000	-0.1080	77.7615
317.0000	95.0000	-35.9291	68.7397
317.0000	119.0000	-0.0288	55.1778
317.0000	193.0000	-0.1056	77.5321
318.0000	95.0000	-36.0156	68.5233
318.0000	119.0000	-0.0275	54.9611
318.0000	193.0000	-0.1038	77.3151
319.0000	95.0000	-36.0783	68.3047
319.0000	119.0000	-0.0259	54.7418
319.0000	193.0000	-0.1016	77.0957
320.0000	95.0000	-36.0840	68.0734
320.0000	119.0000	-0.0240	54.5094
320.0000	193.0000	-0.0991	76.8633
321.0000	95.0000	-36.1699	67.8474
321.0000	119.0000	-0.0222	54.2825
321.0000	193.0000	-0.0966	76.6364
322.0000	95.0000	-36.2331	67.6494
322.0000	119.0000	-0.0211	54.0852
322.0000	193.0000	-0.0950	76.4378
323.0000	95.0000	-36.2395	67.4610
323.0000	119.0000	-0.0198	53.8960
323.0000	193.0000	-0.0932	76.2487
324.0000	95.0000	-36.3262	67.2950
324.0000	119.0000	-0.0187	53.7296
324.0000	193.0000	-0.0917	76.0821
325.0000	95.0000	-36.3891	67.1226
325.0000	119.0000	-0.0172	53.5565
325.0000	193.0000	-0.0889	75.9211
326.0000	95.0000	-36.3953	66.9312
326.0000	119.0000	-0.0158	53.3642
326.0000	193.0000	-0.0863	75.7293
327.0000	95.0000	-36.4817	66.7327
327.0000	119.0000	-0.0145	53.1652
327.0000	193.0000	-0.0845	75.5303
328.0000	95.0000	-36.5448	66.5371
328.0000	119.0000	-0.0133	52.9690
328.0000	193.0000	-0.0828	75.3342
329.0000	95.0000	-36.5512	66.3341
329.0000	119.0000	-0.0120	52.7651
329.0000	193.0000	-0.0811	75.1304
330.0000	95.0000	-36.6374	66.1123
330.0000	119.0000	-0.0104	52.5579
330.0000	193.0000	-0.0790	74.9080
331.0000	95.0000	-36.7000	65.8763
331.0000	119.0000	-0.0085	52.3666
331.0000	193.0000	-0.0767	74.6711
332.0000	95.0000	-36.7062	65.6547
332.0000	119.0000	-0.0066	52.2322
332.0000	193.0000	-0.0747	74.4485
333.0000	95.0000	-36.7927	65.4303
333.0000	119.0000	-0.0048	52.1442
333.0000	193.0000	-0.0731	74.2237
334.0000	95.0000	-36.9494	65.1924
334.0000	119.0000	-0.0027	51.9909
334.0000	193.0000	-0.0709	73.9854
335.0000	95.0000	-37.1496	64.9564
335.0000	119.0000	-0.0011	51.7530
335.0000	193.0000	-0.0676	73.7653
336.0000	95.0000	-37.3795	64.7326
336.0000	119.0000	-0.0000	51.5320
336.0000	193.0000	-0.0615	73.5894
337.0000	95.0000	-37.6395	64.5074
337.0000	119.0000	0.0016	51.3555
337.0000	193.0000	-0.0505	73.4524
338.0000	95.0000	-37.9318	64.2673
338.0000	119.0000	0.0038	51.2319
338.0000	193.0000	-0.0350	73.3495
339.0000	95.0000	-38.2494	64.0300
339.0000	119.0000	0.0061	51.1736
339.0000	193.0000	-0.0152	73.3000
340.0000	95.0000	-38.5830	63.8068
340.0000	119.0000	0.0087	51.1877
340.0000	193.0000	0.0078	73.3157
341.0000	95.0000	-38.8311	63.5823
341.0000	119.0000	0.0118	51.2559
341.0000	193.0000	0.0339	73.3807
342.0000	95.0000	-38.8490	63.3430
342.0000	119.0000	0.0154	51.3620
342.0000	193.0000	0.0634	73.4806
343.0000	95.0000	-38.8515	63.1067
343.0000	119.0000	0.0155	51.5225
343.0000	193.0000	0.0933	73.6330
344.0000	95.0000	-38.8533	62.8847
344.0000	119.0000	-0.0019	51.7459
344.0000	193.0000	0.1244	73.8478
345.0000	95.0000	-38.8535	62.6610
345.0000	119.0000	-0.0395	52.0127
345.0000	193.0000	0.1558	74.1073
346.0000	95.0000	-38.8530	62.4219
346.0000	119.0000	-0.1157	52.3027
346.0000	193.0000	0.1865	74.3959
347.0000	95.0000	-38.8519	62.1859
347.0000	119.0000	-0.2274	52.6296
347.0000	193.0000	0.2165	74.7291
348.0000	95.0000	-38.8507	61.9640
348.0000	119.0000	-0.3840	52.9980
348.0000	193.0000	0.2453	75.1159
349.0000	95.0000	-38.8497	61.7402
349.0000	119.0000	-0.5796	53.3908
349.0000	193.0000	0.2721	75.5380
350.0000	95.0000	-38.8482	61.5013
350.0000	119.0000	-0.8427	53.7770
350.0000	193.0000	0.2978	75.9795
351.0000	95.0000	-38.8468	61.2653
351.0000	119.0000	-1.1476	54.1830
351.0000	193.0000	0.3211	76.4562
352.0000	95.0000	-38.8459	61.0433
352.0000	119.0000	-1.5306	54.5898
352.0000	193.0000	0.3417	76.9775
353.0000	95.0000	-38.8447	60.8195
353.0000	119.0000	-1.9870	54.9767
353.0000	193.0000	0.3605	77.5253
354.0000	95.0000	-38.8432	60.5771
354.0000	119.0000	-2.5062	55.3223
354.0000	193.0000	0.3776	78.0807
355.0000	95.0000	-38.8422	60.3096
355.0000	119.0000	-3.0696	55.6409
355.0000	193.0000	0.3912	78.5546
356.0000	95.0000	-38.8415	60.0250
356.0000	119.0000	-3.6975	55.9044
356.0000	193.0000	0.3965	78.7974
357.0000	95.0000	-38.8410	59.7566
357.0000	119.0000	-4.3803	56.1543
357.0000	193.0000	0.3901	79.0633
358.0000	95.0000	-38.8399	59.5032
358.0000	119.0000	-5.1136	56.3760
358.0000	193.0000	0.3957	79.3116
359.0000	95.0000	-38.8386	59.2611
359.0000	119.0000	-5.8831	56.5915
359.0000	193.0000	0.3886	79.3873
360.0000	95.0000	-38.8378	59.0636
360.0000	119.0000	-6.6850	56.8098
360.0000	193.0000	0.3710	79.5574
361.0000	95.0000	-38.8373	58.9383
361.0000	119.0000	-7.5037	57.0520
361.0000	193.0000	0.3771	79.7778
362.0000	95.0000	-38.8428	58.8965
362.0000	119.0000	-8.3332	57.3509
362.0000	193.0000	0.3506	79.9210
363.0000	95.0000	-38.8425	58.8972
363.0000	119.0000	-9.1659	57.6473
364.0000	95.0000	-38.8421	58.8977
364.0000	119.0000	-10.0030	57.9086
365.0000	95.0000	-38.8420	58.8977
365.0000	119.0000	-10.8540	58.1409
366.0000	95.0000	-38.8421	58.8971
366.0000	119.0000	-11.7508	58.3528
367.0000	95.0000	-38.8422	58.8970
367.0000	119.0000	-12.6906	58.5455
368.0000	95.0000	-38.8423	58.8970
368.0000	119.0000	-13.6704	58.7206
369.0000	95.0000	-38.8424	58.8971
369.0000	119.0000	-14.6877	58.8783
370.0000	95.0000	-38.8488	58.8888
370.0000	119.0000	-15.7460	59.0127
371.0000	95.0000	-38.8463	58.8646
371.0000	119.0000	-16.8280	59.1121
372.0000	95.0000	-38.8426	58.8044
372.0000	119.0000	-17.8599	59.1552
373.0000	95.0000	-38.8425	58.7069
373.0000	119.0000	-18.6476	59.1282
374.0000	95.0000	-38.8412	58.5909
374.0000	119.0000	-19.3410	59.0362
375.0000	95.0000	-38.8397	58.4562
375.0000	119.0000	-19.9697	58.9316
376.0000	95.0000	-38.8392	58.3004
376.0000	119.0000	-20.3655	58.7835
377.0000	95.0000	-38.8384	58.1322
377.0000	119.0000	-20.7642	58.5762
378.0000	95.0000	-38.8378	57.9549
378.0000	119.0000	-21.1188	58.4125
379.0000	95.0000	-38.8371	57.7661
379.0000	119.0000	-21.2720	58.2174
380.0000	95.0000	-38.8363	57.5685
380.0000	119.0000	-21.4606	57.9939
381.0000	95.0000	-38.8357	57.3768
381.0000	119.0000	-21.5509	57.8083
382.0000	95.0000	-38.8354	57.2327
382.0000	119.0000	-21.5513	57.6629
383.0000	95.0000	-38.8345	57.1720
383.0000	119.0000	-21.5530	57.5998
384.0000	95.0000	-38.8344	57.1721
384.0000	119.0000	-21.5545	57.5986
385.0000	95.0000	-38.8339	57.1727
385.0000	119.0000	-21.5713	57.5953
386.0000	95.0000	-38.8337	57.1728
386.0000	119.0000	-21.6728	57.5827
387.0000	95.0000	-38.8300	57.1699
387.0000	119.0000	-21.7248	57.5789
388.0000	95.0000	-38.8752	57.1128
388.0000	119.0000	-21.7778	57.5345
389.0000	95.0000	-38.8678	57.0585
389.0000	119.0000	-21.8496	57.4668
390.0000	95.0000	-38.8674	56.9644
390.0000	119.0000	-21.9987	57.3564
391.0000	95.0000	-38.8670	56.8469
391.0000	119.0000	-22.2116	57.2299
392.0000	95.0000	-38.8666	56.7115
392.0000	119.0000	-22.4820	57.0668
393.0000	95.0000	-38.8659	56.5562
393.0000	119.0000	-22.8088	56.8963
394.0000	95.0000	-38.8653	56.3860
394.0000	119.0000	-23.1883	56.7038
395.0000	95.0000	-38.8647	56.2291
395.0000	119.0000	-23.6180	56.5168
396.0000	95.0000	-38.8640	56.0618
396.0000	119.0000	-24.0957	56.3187
397.0000	95.0000	-38.8631	55.8742
397.0000	119.0000	-24.6186	56.0986
398.0000	95.0000	-38.8624	55.6796
398.0000	119.0000	-25.1840	55.8688
399.0000	95.0000	-38.8616	55.4871
399.0000	119.0000	-25.7022	55.6447
400.0000	95.0000	-38.8609	55.2949
400.0000	119.0000	-26.0269	55.4318
401.0000	95.0000	-38.8605	55.1421
401.0000	119.0000	-26.3957	55.2555
402.0000	95.0000	-38.8595	55.0635
402.0000	119.0000	-26.7384	55.1563
403.0000	95.0000	-38.8593	55.0616
403.0000	119.0000	-26.9169	55.1427
404.0000	95.0000	-38.8588	55.0622
404.0000	119.0000	-27.1699	55.1274
405.0000	95.0000	-38.8586	55.0623
405.0000	119.0000	-27.4060	55.1134
406.0000	95.0000	-38.8665	55.0504
406.0000	119.0000	-27.5013	55.0975
407.0000	95.0000	-38.8047	55.0634
407.0000	119.0000	-27.6180	55.0875
408.0000	95.0000	-38.7866	55.0155
408.0000	119.0000	-27.8633	55.0206
409.0000	95.0000	-38.7864	54.9186
409.0000	119.0000	-28.1978	54.9055
410.0000	95.0000	-38.7862	54.7970
410.0000	119.0000	-28.4995	54.7683
411.0000	95.0000	-38.7860	54.6588
411.0000	119.0000	-28.6359	54.6212
412.0000	95.0000	-38.7860	54.5578
412.0000	119.0000	-28.8527	54.5095
413.0000	95.0000	-38.7859	54.5492
413.0000	119.0000	-29.0518	54.4910
414.0000	95.0000	-38.7856	54.5495
414.0000	119.0000	-29.1046	54.4883
415.0000	95.0000	-38.7852	54.5497
415.0000	119.0000	-29.2533	54.4816
416.0000	95.0000	-38.7851	54.5496
416.0000	119.0000	-29.4885	54.4710
417.0000	95.0000	-38.7852	54.5494
417.0000	119.0000	-29.7960	54.4577
418.0000	95.0000	-38.7852	54.5494
418.0000	119.0000	-30.0707	54.4460
419.0000	95.0000	-38.7854	54.5495
419.0000	119.0000	-30.1830	54.4415
420.0000	95.0000	-38.7847	54.5454
420.0000	119.0000	-30.3782	54.4301
421.0000	95.0000	-38.7388	54.5533
421.0000	119.0000	-30.5108	54.4251
422.0000	95.0000	-38.7192	54.5122
422.0000	119.0000	-30.5284	54.3795
423.0000	95.0000	-38.7188	54.4219
423.0000	119.0000	-30.6638	54.2855
424.0000	95.0000	-38.7187	54.3074
424.0000	119.0000	-30.7848	54.1674
425.0000	95.0000	-38.7187	54.1733
425.0000	119.0000	-30.7951	54.0324
426.0000	95.0000	-38.7185	54.0210
426.0000	119.0000	-30.9049	53.8777
427.0000	95.0000	-38.7185	53.8660
427.0000	119.0000	-30.9979	53.7203
428.0000	95.0000	-38.7186	53.7552
428.0000	119.0000	-31.0078	53.6086
429.0000	95.0000	-38.7247	53.7235
429.0000	119.0000	-31.1167	53.5760
430.0000	95.0000	-38.7245	53.7238
430.0000	119.0000	-31.3002	53.5720
431.0000	95.0000	-38.7240	53.7240
431.0000	119.0000	-31.4517	53.5683
432.0000	95.0000	-38.7239	53.7240
432.0000	119.0000	-31.4629	53.5672
433.0000	95.0000	-38.7227	53.7195
433.0000	119.0000	-31.5710	53.5611
434.0000	95.0000	-38.7181	53.6949
434.0000	119.0000	-31.6584	53.5338
435.0000	95.0000	-38.6839	53.7041
435.0000	119.0000	-31.6345	53.5381
436.0000	95.0000	-38.6841	53.7042
436.0000	119.0000	-31.7355	53.5371
437.0000	95.0000	-38.6840	53.7042
437.0000	119.0000	-31.8105	53.5354
438.0000	95.0000	-38.6840	53.7041
438.0000	119.0000	-31.8190	53.5350
439.0000	95.0000	-38.6839	53.7040
439.0000	119.0000	-31.9086	53.5341
440.0000	95.0000	-38.6839	53.7040
440.0000	119.0000	-31.9750	53.5328
441.0000	95.0000	-38.6840	53.7040
441.0000	119.0000	-31.9836	53.5323
442.0000	95.0000	-38.6840	53.7040
442.0000	119.0000	-32.0731	53.5317
443.0000	95.0000	-38.6840	53.7041
443.0000	119.0000	-32.1388	53.5307
444.0000	95.0000	-38.6917	53.6956
444.0000	119.0000	-32.1545	53.5226
445.0000	95.0000	-38.6938	53.6933
445.0000	119.0000	-32.2444	53.5201
446.0000	95.0000	-38.6938	53.6934
446.0000	119.0000	-32.3089	53.5188
447.0000	95.0000	-38.6938	53.6934
447.0000	119.0000	-32.3171	53.5186
448.0000	95.0000	-38.6938	53.6934
448.0000	119.0000	-32.4050	53.5181
449.0000	95.0000	-38.6938	53.6933
449.0000	119.0000	-32.4697	53.5172
450.0000	95.0000	-38.6938	53.6933
450.0000	119.0000	-32.4777	53.5169
451.0000	95.0000	-38.6938	53.6933
451.0000	119.0000	-32.5657	53.5162
452.0000	95.0000	-38.6939	53.6934
452.0000	119.0000	-32.6305	53.5157
453.0000	95.0000	-38.7016	53.6849
453.0000	119.0000	-32.6462	53.5076
454.0000	95.0000	-38.7340	53.6388
454.0000	119.0000	-32.7664	53.4648
455.0000	95.0000	-38.7337	53.6347
455.0000	119.0000	-32.9282	53.4591
456.0000	95.0000	-38.7337	53.6348
456.0000	119.0000	-33.0532	53.4582
457.0000	95.0000	-38.7337	53.6348
457.0000	119.0000	-33.0613	53.4575
458.0000	95.0000	-38.7337	53.6347
458.0000	119.0000	-33.1621	53.4574
459.0000	95.0000	-38.7337	53.6347
459.0000	119.0000	-33.2417	53.4568
460.0000	95.0000	-38.7337	53.6347
460.0000	119.0000	-33.2512	53.4564
461.0000	95.0000	-38.7337	53.6347
461.0000	119.0000	-33.3475	53.4566
462.0000	95.0000	-38.7338	53.6347
462.0000	119.0000	-33.4210	53.4559
463.0000	95.0000	-38.7338	53.6343
463.0000	119.0000	-33.4298	53.4553
464.0000	95.0000	-38.7338	53.6343
464.0000	119.0000	-33.5232	53.4555
465.0000	95.0000	-38.7338	53.6344
465.0000	119.0000	-33.5931	53.4550
466.0000	95.0000	-38.7309	53.6323
466.0000	119.0000	-33.5988	53.4524
467.0000	95.0000	-38.7615	53.5865
467.0000	119.0000	-33.7206	53.4097
468.0000	95.0000	-38.7838	53.5142
468.0000	119.0000	-33.8110	53.3389
469.0000	95.0000	-38.7843	53.4132
469.0000	119.0000	-33.8200	53.2378
470.0000	95.0000	-38.7847	53.2744
470.0000	119.0000	-33.9106	53.0993
471.0000	95.0000	-38.7846	53.1033
471.0000	119.0000	-33.9770	52.9277
472.0000	95.0000	-38.7845	52.9123
472.0000	119.0000	-33.9856	52.7365
473.0000	95.0000	-38.7845	52.7330
473.0000	119.0000	-34.0751	52.5575
474.0000	95.0000	-38.7842	52.5443
474.0000	119.0000	-34.1411	52.3684
475.0000	95.0000	-38.7839	52.3362
475.0000	119.0000	-34.1493	52.1602
476.0000	95.0000	-38.7837	52.1250
476.0000	119.0000	-34.2382	51.9495
477.0000	95.0000	-38.7836	51.9217
477.0000	119.0000	-34.3041	51.7458
478.0000	95.0000	-38.7835	51.7131
478.0000	119.0000	-34.3121	51.5371
479.0000	95.0000	-38.7833	51.4874
479.0000	119.0000	-34.4007	51.3118
480.0000	95.0000	-38.7832	51.2619
480.0000	119.0000	-34.4657	51.0860
481.0000	95.0000	-38.7832	51.0481
481.0000	119.0000	-34.4739	50.8721
482.0000	95.0000	-38.7831	50.8318
482.0000	119.0000	-34.5624	50.6562
483.0000	95.0000	-38.7830	50.6064
483.0000	119.0000	-34.6262	50.4308
484.0000	95.0000	-38.7830	50.3970
484.0000	119.0000	-34.6252	50.2212
485.0000	95.0000	-38.7830	50.1933
485.0000	119.0000	-34.6262	50.0175
486.0000	95.0000	-38.7830	50.0117
486.0000	119.0000	-34.6270	49.8360
487.0000	95.0000	-38.7829	49.8364
487.0000	119.0000	-34.6273	49.6607
488.0000	95.0000	-38.7830	49.7045
488.0000	119.0000	-34.6275	49.5288
489.0000	95.0000	-38.7829	49.6616
489.0000	119.0000	-34.6275	49.4859
490.0000	95.0000	-38.7829	49.6617
490.0000	119.0000	-34.6275	49.4860
491.0000	95.0000	-38.7822	49.6613
491.0000	119.0000	-34.6268	49.4856
492.0000	95.0000	-38.7821	49.6611
492.0000	119.0000	-34.6488	49.4856
493.0000	95.0000	-38.7821	49.6610
493.0000	119.0000	-34.6553	49.4853
494.0000	95.0000	-38.7822	49.6609
494.0000	119.0000	-34.6587	49.4854
495.0000	95.0000	-38.7823	49.6609
495.0000	119.0000	-34.7055	49.4857
496.0000	95.0000	-38.7824	49.6609
496.0000	119.0000	-34.7268	49.4854
497.0000	95.0000	-38.7824	49.6609
497.0000	119.0000	-34.7267	49.4854
498.0000	95.0000	-38.7825	49.6611
498.0000	119.0000	-34.7272	49.4856
499.0000	95.0000	-38.7824	49.6606
499.0000	119.0000	-34.7274	49.4852
500.0000	95.0000	-38.7824	49.6606
500.0000	119.0000	-34.7276	49.4852
501.0000	95.0000	-38.7824	49.6606
501.0000	119.0000	-34.7276	49.4852
502.0000	95.0000	-38.7825	49.6606
502.0000	119.0000	-34.7540	49.4854
503.0000	95.0000	-38.7825	49.6606
503.0000	119.0000	-34.8192	49.4856
504.0000	95.0000	-38.7825	49.6606
504.0000	119.0000	-34.8503	49.4856
505.0000	95.0000	-38.7825	49.6606
505.0000	119.0000	-34.8501	49.4855
506.0000	95.0000	-38.7825	49.6606
506.0000	119.0000	-34.8508	49.4855
507.0000	95.0000	-38.7825	49.6606
507.0000	119.0000	-34.8512	49.4856
508.0000	95.0000	-38.7826	49.6607
508.0000	119.0000	-34.8515	49.4857
509.0000	95.0000	-38.7893	49.6527
509.0000	119.0000	-34.8583	49.4782
510.0000	95.0000	-38.8005	49.6210
510.0000	119.0000	-34.8695	49.4474
511.0000	95.0000	-38.7971	49.5716
511.0000	119.0000	-34.8660	49.3977
512.0000	95.0000	-38.7979	49.4780
512.0000	119.0000	-34.8680	49.3042
513.0000	95.0000	-38.7979	49.3444
513.0000	119.0000	-34.8680	49.1706
514.0000	95.0000	-38.7980	49.1881
514.0000	119.0000	-34.8681	49.0143
515.0000	95.0000	-38.7982	49.0424
515.0000	119.0000	-34.8683	48.8686
516.0000	95.0000	-38.7982	48.8847
516.0000	119.0000	-34.8683	48.7108
517.0000	95.0000	-38.7980	48.7056
517.0000	119.0000	-34.8682	48.5318
518.0000	95.0000	-38.7980	48.5180
518.0000	119.0000	-34.8681	48.3442
519.0000	95.0000	-38.7980	48.3300
519.0000	119.0000	-34.8681	48.1562
520.0000	95.0000	-38.7980	48.1322
520.0000	119.0000	-34.8681	47.9584
521.0000	95.0000	-38.7979	47.9211
521.0000	119.0000	-34.8680	47.7473
522.0000	95.0000	-38.7979	47.7086
522.0000	119.0000	-34.8681	47.5348
523.0000	95.0000	-38.7980	47.4972
523.0000	119.0000	-34.8681	47.3234
524.0000	95.0000	-38.7980	47.2785
524.0000	119.0000	-34.8681	47.1047
525.0000	95.0000	-38.7979	47.0494
525.0000	119.0000	-34.8681	46.8756
526.0000	95.0000	-38.7979	46.8110
526.0000	119.0000	-34.8680	46.6372
527.0000	95.0000	-38.7981	46.6081
527.0000	119.0000	-34.8683	46.4343
528.0000	95.0000	-38.7983	46.4741
528.0000	119.0000	-34.8685	46.3003
529.0000	95.0000	-38.7997	46.4216
529.0000	119.0000	-34.8698	46.2479
530.0000	95.0000	-38.7995	46.4218
530.0000	119.0000	-34.8696	46.2481
531.0000	95.0000	-38.7990	46.4222
531.0000	119.0000	-34.8691	46.2484
532.0000	95.0000	-38.7988	46.4220
532.0000	119.0000	-34.8689	46.2482
533.0000	95.0000	-38.7989	46.4218
533.0000	119.0000	-34.8700	46.2480
534.0000	95.0000	-38.7990	46.4217
534.0000	119.0000	-34.8702	46.2479
535.0000	95.0000	-38.7992	46.4218
535.0000	119.0000	-34.8703	46.2481
536.0000	95.0000	-38.7984	46.4179
536.0000	119.0000	-34.8696	46.2441
537.0000	95.0000	-38.7741	46.4142
537.0000	119.0000	-34.8454	46.2384
538.0000	95.0000	-38.7750	46.3595
538.0000	119.0000	-34.8463	46.1838
539.0000	95.0000	-38.7739	46.2667
539.0000	119.0000	-34.8451	46.0909
540.0000	95.0000	-38.7742	46.1516
540.0000	119.0000	-34.8466	45.9758
541.0000	95.0000	-38.7755	46.0225
541.0000	119.0000	-34.8478	45.8468
542.0000	95.0000	-38.7756	45.8728
542.0000	119.0000	-34.8479	45.6971
543.0000	95.0000	-38.7756	45.7123
543.0000	119.0000	-34.8479	45.5366
544.0000	95.0000	-38.7758	45.5914
544.0000	119.0000	-34.8481	45.4157
545.0000	95.0000	-38.7758	45.5592
545.0000	119.0000	-34.8481	45.3835
546.0000	95.0000	-38.7756	45.5594
546.0000	119.0000	-34.8479	45.3837
547.0000	95.0000	-38.7751	45.5595
547.0000	119.0000	-34.8475	45.3838
548.0000	95.0000	-38.7749	45.5593
548.0000	119.0000	-34.8472	45.3836
549.0000	95.0000	-38.7749	45.5591
549.0000	119.0000	-34.8473	45.3834
550.0000	95.0000	-38.7750	45.5591
550.0000	119.0000	-34.8473	45.3834
551.0000	95.0000	-38.7751	45.5591
551.0000	119.0000	-34.8474	45.3834
552.0000	95.0000	-38.7751	45.5591
552.0000	119.0000	-34.8475	45.3834
553.0000	95.0000	-38.7751	45.5591
553.0000	119.0000	-34.8475	45.3834
554.0000	95.0000	-38.7752	45.5591
554.0000	119.0000	-34.8474	45.3834
555.0000	95.0000	-38.7752	45.5591
555.0000	119.0000	-34.8485	45.3834
556.0000	95.0000	-38.7752	45.5592
556.0000	119.0000	-34.8486	45.3835
557.0000	95.0000	-38.7814	45.5512
557.0000	119.0000	-34.8547	45.3760
558.0000	95.0000	-38.7861	45.5241
558.0000	119.0000	-34.8594	45.3493
559.0000	95.0000	-38.7815	45.4745
559.0000	119.0000	-34.8549	45.2994
560.0000	95.0000	-38.7827	45.3834
560.0000	119.0000	-34.8560	45.2083
561.0000	95.0000	-38.7828	45.2675
561.0000	119.0000	-34.8561	45.0925
562.0000	95.0000	-38.7829	45.1349
562.0000	119.0000	-34.8562	44.9598
563.0000	95.0000	-38.7830	44.9957
563.0000	119.0000	-34.8563	44.8206
564.0000	95.0000	-38.7828	44.9067
564.0000	119.0000	-34.8562	44.7316
565.0000	95.0000	-38.7602	44.9233
565.0000	119.0000	-34.8336	44.7463
566.0000	95.0000	-38.7598	44.9235
566.0000	119.0000	-34.8332	44.7465
567.0000	95.0000	-38.7594	44.9235
567.0000	119.0000	-34.8328	44.7464
568.0000	95.0000	-38.7593	44.9233
568.0000	119.0000	-34.8327	44.7462
569.0000	95.0000	-38.7594	44.9232
569.0000	119.0000	-34.8328	44.7461
570.0000	95.0000	-38.7595	44.9231
570.0000	119.0000	-34.8329	44.7461
571.0000	95.0000	-38.7595	44.9232
571.0000	119.0000	-34.8329	44.7461
572.0000	95.0000	-38.7596	44.9232
572.0000	119.0000	-34.8330	44.7461
573.0000	95.0000	-38.7596	44.9232
573.0000	119.0000	-34.8330	44.7462
574.0000	95.0000	-38.7596	44.9232
574.0000	119.0000	-34.8330	44.7461
575.0000	95.0000	-38.7596	44.9232
575.0000	119.0000	-34.8330	44.7462
576.0000	95.0000	-38.7596	44.9232
576.0000	119.0000	-34.8330	44.7462
577.0000	95.0000	-38.7596	44.9232
577.0000	119.0000	-34.8330	44.7462
578.0000	95.0000	-38.7596	44.9232
578.0000	119.0000	-34.8330	44.7462
579.0000	95.0000	-38.7596	44.9232
579.0000	119.0000	-34.8330	44.7462
580.0000	95.0000	-38.7596	44.9232
580.0000	119.0000	-34.8330	44.7462
581.0000	95.0000	-38.7596	44.9232
581.0000	119.0000	-34.8330	44.7462
582.0000	95.0000	-38.7596	44.9232
582.0000	119.0000	-34.8330	44.7462
583.0000	95.0000	-38.7596	44.9232
583.0000	119.0000	-34.8330	44.7462
584.0000	95.0000	-38.7596	44.9233
584.0000	119.0000	-34.8330	44.7463
585.0000	95.0000	-38.7596	44.9229
585.0000	119.0000	-34.8330	44.7458
586.0000	95.0000	-38.7596	44.9229
586.0000	119.0000	-34.8330	44.7458
587.0000	95.0000	-38.7596	44.9229
587.0000	119.0000	-34.8330	44.7458
588.0000	95.0000	-38.7596	44.9229
588.0000	119.0000	-34.8330	44.7458
589.0000	95.0000	-38.7596	44.9229
589.0000	119.0000	-34.8330	44.7458
590.0000	95.0000	-38.7596	44.9229
590.0000	119.0000	-34.8331	44.7458
591.0000	95.0000	-38.7596	44.9229
591.0000	119.0000	-34.8331	44.7458
592.0000	95.0000	-38.7597	44.9229
592.0000	119.0000	-34.8331	44.7458
593.0000	95.0000	-38.7597	44.9229
593.0000	119.0000	-34.8330	44.7458
594.0000	95.0000	-38.7597	44.9229
594.0000	119.0000	-34.8341	44.7458
595.0000	95.0000	-38.7597	44.9229
595.0000	119.0000	-34.8341	44.7458
596.0000	95.0000	-38.7597	44.9229
596.0000	119.0000	-34.8341	44.7458
597.0000	95.0000	-38.7597	44.9229
597.0000	119.0000	-34.8341	44.7458
598.0000	95.0000	-38.7597	44.9229
598.0000	119.0000	-34.8341	44.7458
599.0000	95.0000	-38.7597	44.9229
599.0000	119.0000	-34.8341	44.7458
600.0000	95.0000	-38.7597	44.9229
600.0000	119.0000	-34.8341	44.7458
601.0000	95.0000	-38.7597	44.9229
601.0000	119.0000	-34.8341	44.7458
602.0000	95.0000	-38.7597	44.9229
602.0000	119.0000	-34.8341	44.7458
603.0000	95.0000	-38.7597	44.9229
603.0000	119.0000	-34.8341	44.7458
604.0000	95.0000	-38.7597	44.9229
604.0000	119.0000	-34.8341	44.7458
605.0000	95.0000	-38.7597	44.9229
605.0000	119.0000	-34.8341	44.7458
606.0000	95.0000	-38.7597	44.9229
606.0000	119.0000	-34.8341	44.7458
607.0000	95.0000	-38.7597	44.9229
607.0000	119.0000	-34.8341	44.7458
608.0000	95.0000	-38.7597	44.9229
608.0000	119.0000	-34.8341	44.7458
609.0000	95.0000	-38.7597	44.9229
609.0000	119.0000	-34.8341	44.7458
610.0000	95.0000	-38.7597	44.9229
610.0000	119.0000	-34.8341	44.7458
611.0000	95.0000	-38.7597	44.9229
611.0000	119.0000	-34.8341	44.7458
612.0000	95.0000	-38.7597	44.9229
612.0000	119.0000	-34.8341	44.7458
613.0000	95.0000	-38.7597	44.9229
613.0000	119.0000	-34.8341	44.7458
614.0000	95.0000	-38.7597	44.9229
614.0000	119.0000	-34.8341	44.7458
615.0000	95.0000	-38.7597	44.9229
615.0000	119.0000	-34.8341	44.7458
616.0000	95.0000	-38.7597	44.9229
616.0000	119.0000	-34.8341	44.7458
617.0000	95.0000	-38.7597	44.9229
617.0000	119.0000	-34.8341	44.7458
618.0000	95.0000	-38.7597	44.9229
618.0000	119.0000	-34.8341	44.7458
619.0000	95.0000	-38.7597	44.9229
619.0000	119.0000	-34.8341	44.7458
620.0000	95.0000	-38.7597	44.9229
620.0000	119.0000	-34.8341	44.7458
621.0000	95.0000	-38.7597	44.9229
621.0000	119.0000	-34.8341	44.7458
622.0000	95.0000	-38.7597	44.9229
622.0000	119.0000	-34.8341	44.7458
623.0000	95.0000	-38.7597	44.9229
623.0000	119.0000	-34.8341	44.7458
624.0000	95.0000	-38.7597	44.9229
624.0000	119.0000	-34.8341	44.7458
625.0000	95.0000	-38.7597	44.9229
625.0000	119.0000	-34.8341	44.7458
626.0000	95.0000	-38.7597	44.9229
626.0000	119.0000	-34.8341	44.7458
627.0000	95.0000	-38.7597	44.9229
627.0000	119.0000	-34.8341	44.7458
628.0000	95.0000	-38.7597	44.9229
628.0000	119.0000	-34.8341	44.7458
629.0000	95.0000	-38.7597	44.9229
629.0000	119.0000	-34.8341	44.7458
630.0000	95.0000	-38.7597	44.9229
630.0000	119.0000	-34.8341	44.7458
631.0000	95.0000	-38.7597	44.9229
631.0000	119.0000	-34.8341	44.7458
632.0000	95.0000	-38.7597	44.9229
632.0000	119.0000	-34.8341	44.7458
633.0000	95.0000	-38.7597	44.9229
633.0000	119.0000	-34.8341	44.7458
634.0000	95.0000	-38.7597	44.9229
634.0000	119.0000	-34.8341	44.7458
635.0000	95.0000	-38.7597	44.9229
635.0000	119.0000	-34.8341	44.7458
636.0000	95.0000	-38.7597	44.9229
636.0000	119.0000	-34.8341	44.7458
637.0000	95.0000	-38.7597	44.9229
637.0000	119.0000	-34.8341	44.7458
638.0000	95.0000	-38.7597	44.9229
638.0000	119.0000	-34.8341	44.7458
639.0000	95.0000	-38.7597	44.9229
639.0000	119.0000	-34.8341	44.7458
640.0000	95.0000	-38.7597	44.9229
640.0000	119.0000	-34.8341	44.7458
641.0000	95.0000	-38.7597	44.9229
641.0000	119.0000	-34.8341	44.7458
642.0000	95.0000	-38.7597	44.9229
642.0000	119.0000	-34.8341	44.7458
643.0000	95.0000	-38.7597	44.9229
643.0000	119.0000	-34.8341	44.7458
644.0000	95.0000	-38.7597	44.9229
644.0000	119.0000	-34.8341	44.7458
645.0000	95.0000	-38.7597	44.9229
645.0000	119.0000	-34.8341	44.7458
646.0000	95.0000	-38.7597	44.9229
646.0000	119.0000	-34.8341	44.7458
647.0000	95.0000	-38.7597	44.9229
647.0000	119.0000	-34.8341	44.7458
648.0000	95.0000	-38.7597	44.9230
648.0000	119.0000	-34.8342	44.7459
649.0000	95.0000	-38.7597	44.9225
649.0000	119.0000	-34.8341	44.7455
650.0000	95.0000	-38.7597	44.9225
650.0000	119.0000	-34.8342	44.7455
651.0000	95.0000	-38.7597	44.9225
651.0000	119.0000	-34.8342	44.7455
652.0000	95.0000	-38.7597	44.9225
652.0000	119.0000	-34.8342	44.7455
653.0000	95.0000	-38.7598	44.9225
653.0000	119.0000	-34.8342	44.7455
654.0000	95.0000	-38.7598	44.9225
654.0000	119.0000	-34.8342	44.7455
655.0000	95.0000	-38.7598	44.9225
655.0000	119.0000	-34.8342	44.7455
656.0000	95.0000	-38.7598	44.9225
656.0000	119.0000	-34.8342	44.7455
657.0000	95.0000	-38.7598	44.9227
657.0000	119.0000	-34.8342	44.7456
658.0000	95.0000	-38.7598	44.9222
658.0000	119.0000	-34.8353	44.7452
659.0000	95.0000	-38.7598	44.9222
659.0000	119.0000	-34.8353	44.7452
660.0000	95.0000	-38.7599	44.9222
660.0000	119.0000	-34.8353	44.7452
661.0000	95.0000	-38.7599	44.9222
661.0000	119.0000	-34.8353	44.7452
662.0000	95.0000	-38.7599	44.9222
662.0000	119.0000	-34.8354	44.7452
663.0000	95.0000	-38.7599	44.9222
663.0000	119.0000	-34.8354	44.7452
664.0000	95.0000	-38.7599	44.9222
664.0000	119.0000	-34.8354	44.7452
665.0000	95.0000	-38.7599	44.9222
665.0000	119.0000	-34.8354	44.7452
666.0000	95.0000	-38.7599	44.9222
666.0000	119.0000	-34.8353	44.7452
667.0000	95.0000	-38.7599	44.9222
667.0000	119.0000	-34.8365	44.7452
668.0000	95.0000	-38.7599	44.9222
668.0000	119.0000	-34.8365	44.7452
669.0000	95.0000	-38.7599	44.9222
669.0000	119.0000	-34.8365	44.7452
670.0000	95.0000	-38.7599	44.9222
670.0000	119.0000	-34.8365	44.7452
671.0000	95.0000	-38.7599	44.9222
671.0000	119.0000	-34.8365	44.7452
672.0000	95.0000	-38.7599	44.9222
672.0000	119.0000	-34.8365	44.7452
673.0000	95.0000	-38.7599	44.9222
673.0000	119.0000	-34.8365	44.7452
674.0000	95.0000	-38.7599	44.9222
674.0000	119.0000	-34.8365	44.7452
675.0000	95.0000	-38.7599	44.9222
675.0000	119.0000	-34.8365	44.7452
676.0000	95.0000	-38.7599	44.9222
676.0000	119.0000	-34.8365	44.7452
677.0000	95.0000	-38.7599	44.9222
677.0000	119.0000	-34.8365	44.7452
678.0000	95.0000	-38.7599	44.9222
678.0000	119.0000	-34.8365	44.7452
679.0000	95.0000	-38.7599	44.9222
679.0000	119.0000	-34.8365	44.7452
680.0000	95.0000	-38.7599	44.9222
680.0000	119.0000	-34.8365	44.7452
681.0000	95.0000	-38.7599	44.9222
681.0000	119.0000	-34.8365	44.7452
682.0000	95.0000	-38.7599	44.9222
682.0000	119.0000	-34.8365	44.7452
683.0000	95.0000	-38.7599	44.9222
683.0000	119.0000	-34.8365	44.7452
684.0000	95.0000	-38.7599	44.9222
684.0000	119.0000	-34.8365	44.7452
685.0000	95.0000	-38.7599	44.9222
685.0000	119.0000	-34.8365	44.7452
686.0000	95.0000	-38.7599	44.9222
686.0000	119.0000	-34.8365	44.7452
687.0000	95.0000	-38.7599	44.9222
687.0000	119.0000	-34.8365	44.7452
688.0000	95.0000	-38.7599	44.9222
688.0000	119.0000	-34.8365	44.7452
689.0000	95.0000	-38.7599	44.9222
689.0000	119.0000	-34.8365	44.7452
690.0000	95.0000	-38.7599	44.9222
690.0000	119.0000	-34.8365	44.7452
691.0000	95.0000	-38.7599	44.9222
691.0000	119.0000	-34.8365	44.7452
692.0000	95.0000	-38.7599	44.9222
692.0000	119.0000	-34.8365	44.7452
693.0000	95.0000	-38.7599	44.9222
693.0000	119.0000	-34.8365	44.7452
694.0000	95.0000	-38.7599	44.9222
694.0000	119.0000	-34.8365	44.7452
695.0000	95.0000	-38.7599	44.9222
695.0000	119.0000	-34.8365	44.7452
696.0000	95.0000	-38.7599	44.9222
696.0000	119.0000	-34.8365	44.7452
697.0000	95.0000	-38.7599	44.9222
697.0000	119.0000	-34.8365	44.7452
698.0000	95.0000	-38.7599	44.9222
698.0000	119.0000	-34.8365	44.7452
699.0000	95.0000	-38.7599	44.9222
699.0000	119.0000	-34.8365	44.7452
700.0000	95.0000	-38.7599	44.9222
700.0000	119.0000	-34.8365	44.7452
701.0000	95.0000	-38.7599	44.9222
701.0000	119.0000	-34.8365	44.7452
702.0000	95.0000	-38.7599	44.9222
702.0000	119.0000	-34.8365	44.7452
703.0000	95.0000	-38.7599	44.9222
703.0000	119.0000	-34.8365	44.7452
704.0000	95.0000	-38.7599	44.9222
704.0000	119.0000	-34.8365	44.7452
705.0000	95.0000	-38.7599	44.9222
705.0000	119.0000	-34.8364	44.7452
706.0000	95.0000	-38.7599	44.9222
706.0000	119.0000	-34.8375	44.7452
707.0000	95.0000	-38.7599	44.9222
707.0000	119.0000	-34.8375	44.7452
708.0000	95.0000	-38.7599	44.9222
708.0000	119.0000	-34.8375	44.7452
709.0000	95.0000	-38.7599	44.9222
709.0000	119.0000	-34.8375	44.7452
710.0000	95.0000	-38.7599	44.9222
710.0000	119.0000	-34.8375	44.7452
711.0000	95.0000	-38.7599	44.9222
711.0000	119.0000	-34.8375	44.7452
712.0000	95.0000	-38.7599	44.9222
712.0000	119.0000	-34.8375	44.7452
713.0000	95.0000	-38.7599	44.9222
713.0000	119.0000	-34.8375	44.7452
714.0000	95.0000	-38.7600	44.9223
714.0000	119.0000	-34.8375	44.7453
715.0000	95.0000	-38.7660	44.9143
715.0000	119.0000	-34.8436	44.7378
716.0000	0.0000	-3.6864	79.8440
716.0000	95.0000	-38.7650	44.9145
716.0000	119.0000	-34.8425	44.7379
717.0000	0.0000	-3.7117	79.5985
717.0000	95.0000	-38.7650	44.9145
717.0000	119.0000	-34.8425	44.7379
718.0000	0.0000	-3.7366	79.3512
718.0000	95.0000	-38.7650	44.9145
718.0000	119.0000	-34.8425	44.7379
719.0000	0.0000	-3.7599	79.1022
719.0000	95.0000	-38.7650	44.9145
719.0000	119.0000	-34.8425	44.7379
720.0000	0.0000	-3.7821	78.8521
720.0000	95.0000	-38.7650	44.9146
720.0000	119.0000	-34.8426	44.7380
721.0000	0.0000	-3.7993	78.6009
721.0000	95.0000	-38.7629	44.9159
721.0000	119.0000	-34.8404	44.7391
722.0000	0.0000	-3.8191	78.3508
722.0000	95.0000	-38.7629	44.9159
722.0000	119.0000	-34.8404	44.7391
723.0000	0.0000	-3.8373	78.1016
723.0000	95.0000	-38.7629	44.9159
723.0000	119.0000	-34.8404	44.7391
724.0000	0.0000	-3.8542	77.8531
724.0000	95.0000	-38.7629	44.9159
724.0000	119.0000	-34.8404	44.7391
725.0000	0.0000	-3.8699	77.6057
725.0000	95.0000	-38.7630	44.9160
725.0000	119.0000	-34.8526	44.7394
726.0000	0.0000	-3.8840	77.3612
726.0000	95.0000	-38.7629	44.9155
726.0000	119.0000	-34.8535	44.7388
727.0000	0.0000	-3.8966	77.1279
727.0000	95.0000	-38.7629	44.9155
727.0000	119.0000	-34.8535	44.7388
728.0000	0.0000	-3.9078	76.8970
728.0000	95.0000	-38.7630	44.9155
728.0000	119.0000	-34.8536	44.7388
729.0000	0.0000	-3.9183	76.6606
729.0000	95.0000	-38.7630	44.9155
729.0000	119.0000	-34.8536	44.7388
730.0000	0.0000	-3.9283	76.4185
730.0000	95.0000	-38.7630	44.9155
730.0000	119.0000	-34.8536	44.7388
731.0000	0.0000	-3.9371	76.1749
731.0000	95.0000	-38.7630	44.9155
731.0000	119.0000	-34.8548	44.7388
732.0000	0.0000	-3.9450	75.9321
732.0000	95.0000	-38.7631	44.9156
732.0000	119.0000	-34.8548	44.7389
733.0000	0.0000	-3.9523	75.6889
733.0000	95.0000	-38.7630	44.9152
733.0000	119.0000	-34.8548	44.7385
734.0000	0.0000	-3.9583	75.4451
734.0000	95.0000	-38.7630	44.9152
734.0000	119.0000	-34.8548	44.7385
735.0000	0.0000	-3.9642	75.2004
735.0000	95.0000	-38.7631	44.9152
735.0000	119.0000	-34.8548	44.7385
736.0000	0.0000	-3.9687	74.9551
736.0000	95.0000	-38.7631	44.9152
736.0000	119.0000	-34.8560	44.7385
737.0000	0.0000	-3.9732	74.7097
737.0000	95.0000	-38.7631	44.9152
737.0000	119.0000	-34.8560	44.7385
738.0000	0.0000	-3.9764	74.4641
738.0000	95.0000	-38.7631	44.9152
738.0000	119.0000	-34.8560	44.7385
739.0000	0.0000	-3.9796	74.2183
739.0000	95.0000	-38.7631	44.9152
739.0000	119.0000	-34.8560	44.7385
740.0000	0.0000	-3.9817	73.9722
740.0000	95.0000	-38.7631	44.9152
740.0000	119.0000	-34.8560	44.7385
741.0000	0.0000	-3.9833	73.7261
741.0000	95.0000	-38.7631	44.9152
741.0000	119.0000	-34.8560	44.7385
742.0000	0.0000	-3.9849	73.4808
742.0000	95.0000	-38.7631	44.9152
742.0000	119.0000	-34.8560	44.7385
743.0000	0.0000	-3.9854	73.2364
743.0000	95.0000	-38.7631	44.9152
743.0000	119.0000	-34.8571	44.7385
744.0000	0.0000	-3.9861	72.9930
744.0000	95.0000	-38.7632	44.9153
744.0000	119.0000	-34.8572	44.7386
745.0000	0.0000	-3.9864	72.7499
745.0000	95.0000	-38.7632	44.9148
745.0000	119.0000	-34.8572	44.7381
746.0000	0.0000	-3.9859	72.5094
746.0000	95.0000	-38.7632	44.9148
746.0000	119.0000	-34.8572	44.7381
747.0000	0.0000	-3.9856	72.2775
747.0000	95.0000	-38.7632	44.9148
747.0000	119.0000	-34.8572	44.7381
748.0000	0.0000	-3.9843	72.0475
748.0000	95.0000	-38.7633	44.9148
748.0000	119.0000	-34.8572	44.7381
749.0000	0.0000	-3.9839	71.8116
749.0000	95.0000	-38.7633	44.9149
749.0000	119.0000	-34.8573	44.7382
750.0000	0.0000	-3.9819	71.5702
750.0000	95.0000	-38.7633	44.9145
750.0000	119.0000	-34.8572	44.7378
751.0000	0.0000	-3.9801	71.3295
751.0000	95.0000	-38.7633	44.9145
751.0000	119.0000	-34.8573	44.7378
752.0000	0.0000	-3.9785	71.0906
752.0000	95.0000	-38.7633	44.9145
752.0000	119.0000	-34.8573	44.7378
753.0000	0.0000	-3.9763	70.8514
753.0000	95.0000	-38.7633	44.9145
753.0000	119.0000	-34.8573	44.7378
754.0000	0.0000	-3.9742	70.6105
754.0000	95.0000	-38.7633	44.9145
754.0000	119.0000	-34.8572	44.7378
755.0000	0.0000	-3.9717	70.3687
755.0000	95.0000	-38.7633	44.9145
755.0000	119.0000	-34.8584	44.7378
756.0000	0.0000	-3.9691	70.1270
756.0000	95.0000	-38.7634	44.9145
756.0000	119.0000	-34.8584	44.7378
757.0000	0.0000	-3.9665	69.8854
757.0000	95.0000	-38.7634	44.9145
757.0000	119.0000	-34.8584	44.7378
758.0000	0.0000	-3.9636	69.6435
758.0000	95.0000	-38.7634	44.9145
758.0000	119.0000	-34.8584	44.7378
759.0000	0.0000	-3.9608	69.4012
759.0000	95.0000	-38.7634	44.9145
759.0000	119.0000	-34.8584	44.7378
760.0000	0.0000	-3.9577	69.1587
760.0000	95.0000	-38.7634	44.9145
760.0000	119.0000	-34.8595	44.7378
761.0000	0.0000	-3.9556	68.9791
761.0000	95.0000	-38.7634	44.9145
761.0000	119.0000	-34.8595	44.7378
762.0000	0.0000	-3.9556	68.9703
762.0000	95.0000	-38.7634	44.9145
762.0000	119.0000	-34.8595	44.7378
763.0000	0.0000	-3.9556	68.9691
763.0000	95.0000	-38.7634	44.9145
763.0000	119.0000	-34.8595	44.7378
764.0000	0.0000	-3.9555	68.9683
764.0000	95.0000	-38.7634	44.9145
764.0000	119.0000	-34.8595	44.7378
765.0000	0.0000	-3.9555	68.9678
765.0000	95.0000	-38.7634	44.9145
765.0000	119.0000	-34.8595	44.7378
766.0000	0.0000	-3.9555	68.9675
766.0000	95.0000	-38.7634	44.9145
766.0000	119.0000	-34.8595	44.7378
767.0000	0.0000	-3.9555	68.9673
767.0000	95.0000	-38.7634	44.9145
767.0000	119.0000	-34.8595	44.7378
768.0000	0.0000	-3.9555	68.9672
768.0000	95.0000	-38.7634	44.9145
768.0000	119.0000	-34.8595	44.7378
769.0000	0.0000	-3.9555	68.9671
769.0000	95.0000	-38.7634	44.9145
769.0000	119.0000	-34.8595	44.7378
770.0000	0.0000	-3.9555	68.9671
770.0000	95.0000	-38.7634	44.9145
770.0000	119.0000	-34.8595	44.7378
771.0000	0.0000	-3.9555	68.9671
771.0000	95.0000	-38.7634	44.9145
771.0000	119.0000	-34.8595	44.7378
772.0000	0.0000	-3.9555	68.9671
772.0000	95.0000	-38.7634	44.9145
772.0000	119.0000	-34.8595	44.7378
773.0000	0.0000	-3.9555	68.9671
773.0000	95.0000	-38.7634	44.9145
773.0000	119.0000	-34.8595	44.7378
774.0000	0.0000	-3.9555	68.9672
774.0000	95.0000	-38.7634	44.9146
774.0000	119.0000	-34.8595	44.7379
775.0000	0.0000	-3.9647	68.9637
775.0000	95.0000	-38.7695	44.9066
775.0000	119.0000	-34.8656	44.7304
776.0000	0.0000	-3.9693	68.9406
776.0000	95.0000	-38.7725	44.8813
776.0000	119.0000	-34.8686	44.7053
777.0000	0.0000	-3.9706	68.9361
777.0000	95.0000	-38.7735	44.8761
777.0000	119.0000	-34.8695	44.7003
778.0000	0.0000	-3.9707	68.9361
778.0000	95.0000	-38.7735	44.8762
778.0000	119.0000	-34.8696	44.7004
779.0000	0.0000	-3.9706	68.9361
779.0000	95.0000	-38.7735	44.8762
779.0000	119.0000	-34.8695	44.7003
780.0000	0.0000	-3.9706	68.9360
780.0000	95.0000	-38.7735	44.8761
780.0000	119.0000	-34.8695	44.7002
781.0000	0.0000	-3.9706	68.9360
781.0000	95.0000	-38.7735	44.8760
781.0000	119.0000	-34.8695	44.7002
782.0000	0.0000	-3.9707	68.9361
782.0000	95.0000	-38.7735	44.8761
782.0000	119.0000	-34.8696	44.7003
783.0000	0.0000	-3.9676	68.9357
783.0000	95.0000	-38.7715	44.8773
783.0000	119.0000	-34.8675	44.7013
784.0000	0.0000	-3.9676	68.9357
784.0000	95.0000	-38.7715	44.8773
784.0000	119.0000	-34.8675	44.7013
785.0000	0.0000	-3.9676	68.9357
785.0000	95.0000	-38.7715	44.8773
785.0000	119.0000	-34.8676	44.7013
786.0000	0.0000	-3.9677	68.9359
786.0000	95.0000	-38.7715	44.8774
786.0000	119.0000	-34.8676	44.7014
787.0000	0.0000	-3.9685	68.9313
787.0000	95.0000	-38.7721	44.8724
787.0000	119.0000	-34.8682	44.6964
788.0000	0.0000	-3.9766	68.9081
788.0000	95.0000	-38.7774	44.8452
788.0000	119.0000	-34.8735	44.6697
789.0000	0.0000	-3.9663	68.8547
789.0000	95.0000	-38.7706	44.7968
789.0000	119.0000	-34.8667	44.6207
790.0000	0.0000	-3.9263	68.7841
790.0000	95.0000	-38.7442	44.7458
790.0000	119.0000	-34.8403	44.5675
791.0000	0.0000	-3.9412	68.7724
791.0000	95.0000	-38.7542	44.7273
791.0000	119.0000	-34.8513	44.5498
792.0000	0.0000	-3.9426	68.7371
792.0000	95.0000	-38.7551	44.6911
792.0000	119.0000	-34.8523	44.5137
793.0000	0.0000	-3.9489	68.6612
793.0000	95.0000	-38.7592	44.6119
793.0000	119.0000	-34.8563	44.4349
794.0000	0.0000	-3.9490	68.5586
794.0000	95.0000	-38.7592	44.5092
794.0000	119.0000	-34.8563	44.3321
795.0000	0.0000	-3.9494	68.5209
795.0000	95.0000	-38.7596	44.4717
795.0000	119.0000	-34.8567	44.2947
796.0000	0.0000	-3.9404	68.4622
796.0000	95.0000	-38.7537	44.4173
796.0000	119.0000	-34.8674	44.2399
797.0000	0.0000	-3.9383	68.3631
797.0000	95.0000	-38.7522	44.3190
797.0000	119.0000	-34.8685	44.1414
798.0000	0.0000	-3.9388	68.2484
798.0000	95.0000	-38.7526	44.2041
798.0000	119.0000	-34.8688	44.0265
799.0000	0.0000	-3.9407	68.1203
799.0000	95.0000	-38.7539	44.0751
799.0000	119.0000	-34.8702	43.8976
800.0000	0.0000	-3.9409	67.9696
800.0000	95.0000	-38.7540	43.9243
800.0000	119.0000	-34.8715	43.7468
801.0000	0.0000	-3.9410	67.8020
801.0000	95.0000	-38.7541	43.7568
801.0000	119.0000	-34.8716	43.5793
802.0000	0.0000	-3.9412	67.6278
802.0000	95.0000	-38.7542	43.5825
802.0000	119.0000	-34.8718	43.4050
803.0000	0.0000	-3.9412	67.4420
803.0000	95.0000	-38.7542	43.3967
803.0000	119.0000	-34.8718	43.2192
804.0000	0.0000	-3.9413	67.2451
804.0000	95.0000	-38.7543	43.1997
804.0000	119.0000	-34.8719	43.0223
805.0000	0.0000	-3.9416	67.0838
805.0000	95.0000	-38.7546	43.0385
805.0000	119.0000	-34.8722	42.8610
806.0000	0.0000	-3.9419	66.9911
806.0000	95.0000	-38.7548	42.9462
806.0000	119.0000	-34.8724	42.7688
807.0000	0.0000	-3.9438	66.9824
807.0000	95.0000	-38.7561	42.9369
807.0000	119.0000	-34.8737	42.7596
808.0000	0.0000	-3.9434	66.9829
808.0000	95.0000	-38.7556	42.9372
808.0000	119.0000	-34.8733	42.7598
809.0000	0.0000	-3.9430	66.9830
809.0000	95.0000	-38.7553	42.9370
809.0000	119.0000	-34.8729	42.7597
810.0000	0.0000	-3.9429	66.9829
810.0000	95.0000	-38.7552	42.9368
810.0000	119.0000	-34.8728	42.7594
811.0000	0.0000	-3.9430	66.9828
811.0000	95.0000	-38.7553	42.9366
811.0000	119.0000	-34.8740	42.7593
812.0000	0.0000	-3.9431	66.9828
812.0000	95.0000	-38.7555	42.9366
812.0000	119.0000	-34.8741	42.7593
813.0000	0.0000	-3.9432	66.9829
813.0000	95.0000	-38.7555	42.9366
813.0000	119.0000	-34.8742	42.7593
814.0000	0.0000	-3.9432	66.9829
814.0000	95.0000	-38.7555	42.9367
814.0000	119.0000	-34.8742	42.7593
815.0000	0.0000	-3.9432	66.9829
815.0000	95.0000	-38.7555	42.9367
815.0000	119.0000	-34.8742	42.7594
816.0000	0.0000	-3.9432	66.9829
816.0000	95.0000	-38.7555	42.9367
816.0000	119.0000	-34.8742	42.7593
817.0000	0.0000	-3.9432	66.9829
817.0000	95.0000	-38.7555	42.9367
817.0000	119.0000	-34.8742	42.7594
818.0000	0.0000	-3.9432	66.9829
818.0000	95.0000	-38.7555	42.9367
818.0000	119.0000	-34.8742	42.7593
819.0000	0.0000	-3.9432	66.9829
819.0000	95.0000	-38.7555	42.9367
819.0000	119.0000	-34.8742	42.7593
820.0000	0.0000	-3.9432	66.9829
820.0000	95.0000	-38.7555	42.9367
820.0000	119.0000	-34.8742	42.7593
821.0000	0.0000	-3.9432	66.9829
821.0000	95.0000	-38.7555	42.9367
821.0000	119.0000	-34.8742	42.7593
822.0000	0.0000	-3.9432	66.9829
822.0000	95.0000	-38.7555	42.9367
822.0000	119.0000	-34.8742	42.7593
823.0000	0.0000	-3.9432	66.9829
823.0000	95.0000	-38.7555	42.9367
823.0000	119.0000	-34.8742	42.7593
824.0000	0.0000	-3.9432	66.9829
824.0000	95.0000	-38.7555	42.9367
824.0000	119.0000	-34.8742	42.7593
825.0000	0.0000	-3.9432	66.9829
825.0000	95.0000	-38.7555	42.9367
825.0000	119.0000	-34.8741	42.7593
826.0000	0.0000	-3.9432	66.9829
826.0000	95.0000	-38.7555	42.9367
826.0000	119.0000	-34.8752	42.7594
827.0000	0.0000	-3.9432	66.9829
827.0000	95.0000	-38.7555	42.9367
827.0000	119.0000	-34.8752	42.7594
828.0000	0.0000	-3.9432	66.9829
828.0000	95.0000	-38.7555	42.9367
828.0000	119.0000	-34.8752	42.7594
829.0000	0.0000	-3.9432	66.9829
829.0000	95.0000	-38.7555	42.9367
829.0000	119.0000	-34.8763	42.7594
830.0000	0.0000	-3.9432	66.9829
830.0000	95.0000	-38.7555	42.9367
830.0000	119.0000	-34.8763	42.7594
831.0000	0.0000	-3.9432	66.9829
831.0000	95.0000	-38.7555	42.9367
831.0000	119.0000	-34.8763	42.7594
832.0000	0.0000	-3.9432	66.9829
832.0000	95.0000	-38.7555	42.9367
832.0000	119.0000	-34.8763	42.7594
833.0000	0.0000	-3.9432	66.9829
833.0000	95.0000	-38.7555	42.9367
833.0000	119.0000	-34.8763	42.7594
834.0000	0.0000	-3.9432	66.9829
834.0000	95.0000	-38.7555	42.9367
834.0000	119.0000	-34.8763	42.7594
835.0000	0.0000	-3.9433	66.9830
835.0000	95.0000	-38.7556	42.9368
835.0000	119.0000	-34.8764	42.7595
836.0000	0.0000	-3.9521	66.9795
836.0000	95.0000	-38.7614	42.9288
836.0000	119.0000	-34.8821	42.7520
837.0000	0.0000	-3.9819	66.9540
837.0000	95.0000	-38.7807	42.8882
837.0000	119.0000	-34.9014	42.7131
838.0000	0.0000	-4.0052	66.9000
838.0000	95.0000	-38.7959	42.8223
838.0000	119.0000	-34.9176	42.6485
839.0000	0.0000	-4.0353	66.8364
839.0000	95.0000	-38.8154	42.7437
839.0000	119.0000	-34.9371	42.5715
840.0000	0.0000	-4.0196	66.8252
840.0000	95.0000	-38.8054	42.7406
840.0000	119.0000	-34.9271	42.5676
841.0000	0.0000	-3.9518	66.7873
841.0000	95.0000	-38.7612	42.7368
841.0000	119.0000	-34.8831	42.5600
842.0000	0.0000	-3.9537	66.7040
842.0000	95.0000	-38.7623	42.6524
842.0000	119.0000	-34.8842	42.4757
843.0000	0.0000	-3.9537	66.5873
843.0000	95.0000	-38.7623	42.5356
843.0000	119.0000	-34.8842	42.3589
844.0000	0.0000	-3.9534	66.4593
844.0000	95.0000	-38.7622	42.4079
844.0000	119.0000	-34.8841	42.2311
845.0000	0.0000	-3.9567	66.3277
845.0000	95.0000	-38.7644	42.2747
845.0000	119.0000	-34.8862	42.0982
846.0000	0.0000	-3.9551	66.2140
846.0000	95.0000	-38.7635	42.1620
846.0000	119.0000	-34.8853	41.9853
847.0000	0.0000	-3.9532	66.0887
847.0000	95.0000	-38.7622	42.0376
847.0000	119.0000	-34.8840	41.8608
848.0000	0.0000	-3.9532	65.9384
848.0000	95.0000	-38.7621	41.8872
848.0000	119.0000	-34.8839	41.7104
849.0000	0.0000	-3.9533	65.7733
849.0000	95.0000	-38.7622	41.7220
849.0000	119.0000	-34.8851	41.5452
850.0000	0.0000	-3.9537	65.6020
850.0000	95.0000	-38.7624	41.5506
850.0000	119.0000	-34.8853	41.3739
851.0000	0.0000	-3.9540	65.4186
851.0000	95.0000	-38.7626	41.3670
851.0000	119.0000	-34.8855	41.1903
852.0000	0.0000	-3.9543	65.2218
852.0000	95.0000	-38.7629	41.1701
852.0000	119.0000	-34.8857	40.9934
853.0000	0.0000	-3.9547	65.0206
853.0000	95.0000	-38.7631	40.9687
853.0000	119.0000	-34.8860	40.7920
854.0000	0.0000	-3.9551	64.8158
854.0000	95.0000	-38.7634	40.7638
854.0000	119.0000	-34.8874	40.5871
855.0000	0.0000	-3.9555	64.6031
855.0000	95.0000	-38.7637	40.5508
855.0000	119.0000	-34.8902	40.3742
856.0000	0.0000	-3.9560	64.3856
856.0000	95.0000	-38.7640	40.3331
856.0000	119.0000	-34.8918	40.1565
857.0000	0.0000	-3.9565	64.1664
857.0000	95.0000	-38.7643	40.1137
857.0000	119.0000	-34.8921	39.9371
858.0000	0.0000	-3.9571	63.9441
858.0000	95.0000	-38.7647	39.8911
858.0000	119.0000	-34.8925	39.7145
859.0000	0.0000	-3.9577	63.7397
859.0000	95.0000	-38.7652	39.6864
859.0000	119.0000	-34.8930	39.5099
860.0000	0.0000	-3.9583	63.5294
860.0000	95.0000	-38.7655	39.4758
860.0000	119.0000	-34.8934	39.2993
861.0000	0.0000	-3.9588	63.3017
861.0000	95.0000	-38.7658	39.2477
861.0000	119.0000	-34.8937	39.0712
862.0000	0.0000	-3.9597	63.0748
862.0000	95.0000	-38.7664	39.0204
862.0000	119.0000	-34.8942	38.8441
863.0000	0.0000	-3.9605	62.8602
863.0000	95.0000	-38.7670	38.8055
863.0000	119.0000	-34.8948	38.6292
864.0000	0.0000	-3.9613	62.6431
864.0000	95.0000	-38.7675	38.5880
864.0000	119.0000	-34.8953	38.4117
865.0000	0.0000	-3.9620	62.4068
865.0000	95.0000	-38.7679	38.3512
865.0000	119.0000	-34.8957	38.1749
866.0000	0.0000	-3.9630	62.1453
866.0000	95.0000	-38.7685	38.0891
866.0000	119.0000	-34.8963	37.9129
867.0000	0.0000	-3.9637	61.8668
867.0000	95.0000	-38.7690	37.8102
867.0000	119.0000	-34.8968	37.6341
868.0000	0.0000	-3.9649	61.6041
868.0000	95.0000	-38.7698	37.5470
868.0000	119.0000	-34.8976	37.3710
869.0000	0.0000	-3.9664	61.3545
869.0000	95.0000	-38.7708	37.2969
869.0000	119.0000	-34.8997	37.1209
870.0000	0.0000	-3.9676	61.1062
870.0000	95.0000	-38.7715	37.0479
870.0000	119.0000	-34.9004	36.8720
871.0000	0.0000	-3.9687	60.8503
871.0000	95.0000	-38.7722	36.7913
871.0000	119.0000	-34.9010	36.6155
872.0000	0.0000	-3.9699	60.6000
872.0000	95.0000	-38.7729	36.5404
872.0000	119.0000	-34.9018	36.3646
873.0000	0.0000	-3.9712	60.3613
873.0000	95.0000	-38.7738	36.3010
873.0000	119.0000	-34.9027	36.1253
874.0000	0.0000	-3.9726	60.1216
874.0000	95.0000	-38.7747	36.0605
874.0000	119.0000	-34.9035	35.8849
875.0000	0.0000	-3.9740	59.8731
875.0000	95.0000	-38.7755	35.8111
875.0000	119.0000	-34.9044	35.6356
876.0000	0.0000	-3.9755	59.6291
876.0000	95.0000	-38.7764	35.5665
876.0000	119.0000	-34.9052	35.3910
877.0000	0.0000	-3.9770	59.4051
877.0000	95.0000	-38.7775	35.3418
877.0000	119.0000	-34.9207	35.1665
878.0000	0.0000	-3.9784	59.2344
878.0000	95.0000	-38.7784	35.1707
878.0000	119.0000	-34.9226	34.9954
879.0000	0.0000	-3.9816	59.1386
879.0000	95.0000	-38.7804	35.0735
879.0000	119.0000	-34.9246	34.8985
880.0000	0.0000	-3.9770	59.1285
880.0000	95.0000	-38.7776	35.0663
880.0000	119.0000	-34.9219	34.8910
881.0000	0.0000	-3.9766	59.1287
881.0000	95.0000	-38.7772	35.0661
881.0000	119.0000	-34.9216	34.8908
882.0000	0.0000	-3.9922	59.1185
882.0000	95.0000	-38.7865	35.0464
882.0000	119.0000	-34.9309	34.8721
883.0000	0.0000	-4.0464	59.0727
883.0000	95.0000	-38.8194	34.9776
883.0000	119.0000	-34.9637	34.8067
884.0000	0.0000	-4.0453	58.9742
884.0000	95.0000	-38.8190	34.9095
884.0000	119.0000	-34.9633	34.7385
885.0000	0.0000	-4.0444	58.8079
885.0000	95.0000	-38.8190	34.8044
885.0000	119.0000	-34.9633	34.6334
886.0000	0.0000	-4.0446	58.6410
886.0000	95.0000	-38.8196	34.6797
886.0000	119.0000	-34.9639	34.5087
887.0000	0.0000	-4.0453	58.4964
887.0000	95.0000	-38.8201	34.5427
887.0000	119.0000	-34.9644	34.3718
888.0000	0.0000	-4.0453	58.2851
888.0000	95.0000	-38.8206	34.3861
888.0000	119.0000	-34.9649	34.2152
889.0000	0.0000	-4.0446	58.0059
889.0000	95.0000	-38.8211	34.2121
889.0000	119.0000	-34.9653	34.0413
890.0000	0.0000	-4.0443	57.7346
890.0000	95.0000	-38.8217	34.0308
890.0000	119.0000	-34.9659	33.8601
891.0000	0.0000	-4.0451	57.5378
891.0000	95.0000	-38.8222	33.8419
891.0000	119.0000	-34.9665	33.6712
892.0000	0.0000	-4.0450	57.2756
892.0000	95.0000	-38.8228	33.6501
892.0000	119.0000	-34.9670	33.4795
893.0000	0.0000	-4.0440	56.9956
893.0000	95.0000	-38.8234	33.5007
893.0000	119.0000	-34.9687	33.3301
894.0000	0.0000	-4.0418	56.7434
894.0000	95.0000	-38.8237	33.4299
894.0000	119.0000	-34.9689	33.2593
895.0000	0.0000	-4.0393	56.5767
895.0000	95.0000	-38.8235	33.4300
895.0000	119.0000	-34.9688	33.2594
896.0000	0.0000	-4.0379	56.5141
896.0000	95.0000	-38.8231	33.4300
896.0000	119.0000	-34.9684	33.2594
897.0000	0.0000	-4.0359	56.3941
897.0000	95.0000	-38.8228	33.4296
897.0000	119.0000	-34.9681	33.2590
898.0000	0.0000	-4.0333	56.2137
898.0000	95.0000	-38.8228	33.4294
898.0000	119.0000	-34.9681	33.2588
899.0000	0.0000	-4.0303	55.9857
899.0000	95.0000	-38.8229	33.4292
899.0000	119.0000	-34.9682	33.2586
900.0000	0.0000	-4.0280	55.8140
900.0000	95.0000	-38.8230	33.4292
900.0000	119.0000	-34.9683	33.2586
901.0000	0.0000	-4.0281	55.8064
901.0000	95.0000	-38.8231	33.4293
901.0000	119.0000	-34.9684	33.2587
902.0000	0.0000	-4.0280	55.8050
902.0000	95.0000	-38.8231	33.4289
902.0000	119.0000	-34.9684	33.2583
903.0000	0.0000	-4.0280	55.8043
903.0000	95.0000	-38.8232	33.4289
903.0000	119.0000	-34.9685	33.2583
904.0000	0.0000	-4.0280	55.8026
904.0000	95.0000	-38.8232	33.4289
904.0000	119.0000	-34.9685	33.2583
905.0000	0.0000	-4.0270	55.7338
905.0000	95.0000	-38.8232	33.4289
905.0000	119.0000	-34.9685	33.2583
906.0000	0.0000	-4.0249	55.5821
906.0000	95.0000	-38.8232	33.4289
906.0000	119.0000	-34.9685	33.2583
907.0000	0.0000	-4.0226	55.4221
907.0000	95.0000	-38.8232	33.4289
907.0000	119.0000	-34.9685	33.2583
908.0000	0.0000	-4.0218	55.3620
908.0000	95.0000	-38.8232	33.4289
908.0000	119.0000	-34.9685	33.2583
909.0000	0.0000	-4.0202	55.2432
909.0000	95.0000	-38.8233	33.4290
909.0000	119.0000	-34.9686	33.2584
910.0000	0.0000	-4.0175	55.0564
910.0000	95.0000	-38.8232	33.4286
910.0000	119.0000	-34.9685	33.2580
911.0000	0.0000	-4.0149	54.8720
911.0000	95.0000	-38.8233	33.4286
911.0000	119.0000	-34.9685	33.2580
912.0000	0.0000	-4.0137	54.7818
912.0000	95.0000	-38.8233	33.4286
912.0000	119.0000	-34.9696	33.2580
913.0000	0.0000	-4.0116	54.6321
913.0000	95.0000	-38.8233	33.4287
913.0000	119.0000	-34.9696	33.2581
914.0000	0.0000	-4.0070	54.4852
914.0000	95.0000	-38.8218	33.4299
914.0000	119.0000	-34.9681	33.2591
915.0000	0.0000	-4.0065	54.4475
915.0000	95.0000	-38.8218	33.4299
915.0000	119.0000	-34.9681	33.2591
916.0000	0.0000	-4.0052	54.3524
916.0000	95.0000	-38.8218	33.4299
916.0000	119.0000	-34.9681	33.2591
917.0000	0.0000	-4.0038	54.2554
917.0000	95.0000	-38.8218	33.4299
917.0000	119.0000	-34.9681	33.2591
918.0000	0.0000	-4.0038	54.2470
918.0000	95.0000	-38.8218	33.4300
918.0000	119.0000	-34.9681	33.2592
919.0000	0.0000	-4.0004	54.1704
919.0000	95.0000	-38.8203	33.4269
919.0000	119.0000	-34.9667	33.2560
920.0000	0.0000	-4.0212	54.0698
920.0000	95.0000	-38.8341	33.3873
920.0000	119.0000	-34.9804	33.2178
921.0000	0.0000	-4.0073	54.0107
921.0000	95.0000	-38.8254	33.3436
921.0000	119.0000	-34.9728	33.1732
922.0000	0.0000	-4.0061	53.8526
922.0000	95.0000	-38.8253	33.2533
922.0000	119.0000	-34.9726	33.0829
923.0000	0.0000	-4.0057	53.6678
923.0000	95.0000	-38.8257	33.1356
923.0000	119.0000	-34.9730	32.9652
924.0000	0.0000	-4.0064	53.5281
924.0000	95.0000	-38.8262	33.0015
924.0000	119.0000	-34.9735	32.8312
925.0000	0.0000	-4.0062	53.3130
925.0000	95.0000	-38.8267	32.8504
925.0000	119.0000	-34.9740	32.6802
926.0000	0.0000	-4.0060	53.0837
926.0000	95.0000	-38.8271	32.6825
926.0000	119.0000	-34.9756	32.5123
927.0000	0.0000	-4.0066	52.9059
927.0000	95.0000	-38.8275	32.5041
927.0000	119.0000	-34.9760	32.3339
928.0000	0.0000	-4.0075	52.7188
928.0000	95.0000	-38.8281	32.3168
928.0000	119.0000	-34.9766	32.1466
929.0000	0.0000	-4.0083	52.5317
929.0000	95.0000	-38.8286	32.1296
929.0000	119.0000	-34.9771	31.9595
930.0000	0.0000	-4.0090	52.3890
930.0000	95.0000	-38.8292	31.9867
930.0000	119.0000	-34.9776	31.8167
931.0000	0.0000	-4.0053	52.3289
931.0000	95.0000	-38.8269	31.9297
931.0000	119.0000	-34.9754	31.7595
932.0000	0.0000	-4.0052	52.3265
932.0000	95.0000	-38.8269	31.9298
932.0000	119.0000	-34.9753	31.7595
933.0000	0.0000	-4.0040	52.2735
933.0000	95.0000	-38.8264	31.9296
933.0000	119.0000	-34.9749	31.7593
934.0000	0.0000	-4.0022	52.1611
934.0000	95.0000	-38.8262	31.9293
934.0000	119.0000	-34.9746	31.7590
935.0000	0.0000	-3.9999	51.9986
935.0000	95.0000	-38.8262	31.9290
935.0000	119.0000	-34.9746	31.7587
936.0000	0.0000	-3.9980	51.8512
936.0000	95.0000	-38.8263	31.9290
936.0000	119.0000	-34.9748	31.7587
937.0000	0.0000	-3.9960	51.8057
937.0000	95.0000	-38.8255	31.9255
937.0000	119.0000	-34.9739	31.7550
938.0000	0.0000	-3.9928	51.7038
938.0000	95.0000	-38.8244	31.9257
938.0000	119.0000	-34.9729	31.7552
939.0000	0.0000	-3.9906	51.5408
939.0000	95.0000	-38.8244	31.9258
939.0000	119.0000	-34.9729	31.7552
940.0000	0.0000	-3.9876	51.3262
940.0000	95.0000	-38.8244	31.9258
940.0000	119.0000	-34.9729	31.7552
941.0000	0.0000	-3.9848	51.1247
941.0000	95.0000	-38.8244	31.9257
941.0000	119.0000	-34.9729	31.7552
942.0000	0.0000	-3.9833	51.0155
942.0000	95.0000	-38.8245	31.9257
942.0000	119.0000	-34.9729	31.7552
943.0000	0.0000	-3.9810	50.8477
943.0000	95.0000	-38.8245	31.9257
943.0000	119.0000	-34.9729	31.7552
944.0000	0.0000	-3.9788	50.6862
944.0000	95.0000	-38.8245	31.9257
944.0000	119.0000	-34.9730	31.7552
945.0000	0.0000	-3.9786	50.6727
945.0000	95.0000	-38.8245	31.9257
945.0000	119.0000	-34.9730	31.7552
946.0000	0.0000	-3.9786	50.6720
946.0000	95.0000	-38.8245	31.9259
946.0000	119.0000	-34.9730	31.7553
947.0000	0.0000	-3.9858	50.6677
947.0000	95.0000	-38.8291	31.9175
947.0000	119.0000	-34.9776	31.7474
948.0000	0.0000	-3.9876	50.6663
948.0000	95.0000	-38.8303	31.9153
948.0000	119.0000	-34.9788	31.7454
949.0000	0.0000	-3.9876	50.6661
949.0000	95.0000	-38.8303	31.9153
949.0000	119.0000	-34.9787	31.7454
950.0000	0.0000	-3.9876	50.6659
950.0000	95.0000	-38.8303	31.9153
950.0000	119.0000	-34.9798	31.7454
951.0000	0.0000	-3.9876	50.6659
951.0000	95.0000	-38.8304	31.9153
951.0000	119.0000	-34.9798	31.7454
952.0000	0.0000	-3.9876	50.6658
952.0000	95.0000	-38.8304	31.9153
952.0000	119.0000	-34.9798	31.7454
953.0000	0.0000	-3.9876	50.6658
953.0000	95.0000	-38.8304	31.9153
953.0000	119.0000	-34.9798	31.7454
954.0000	0.0000	-3.9876	50.6657
954.0000	95.0000	-38.8304	31.9153
954.0000	119.0000	-34.9799	31.7454
955.0000	0.0000	-3.9876	50.6657
955.0000	95.0000	-38.8304	31.9153
955.0000	119.0000	-34.9799	31.7454
956.0000	0.0000	-3.9877	50.6657
956.0000	95.0000	-38.8304	31.9153
956.0000	119.0000	-34.9799	31.7454
957.0000	0.0000	-3.9877	50.6657
957.0000	95.0000	-38.8304	31.9153
957.0000	119.0000	-34.9799	31.7454
958.0000	0.0000	-3.9877	50.6657
958.0000	95.0000	-38.8304	31.9153
958.0000	119.0000	-34.9798	31.7454
959.0000	0.0000	-3.9877	50.6657
959.0000	95.0000	-38.8304	31.9153
959.0000	119.0000	-34.9810	31.7454
960.0000	0.0000	-3.9877	50.6657
960.0000	95.0000	-38.8304	31.9153
960.0000	119.0000	-34.9809	31.7454
961.0000	0.0000	-3.9877	50.6659
961.0000	95.0000	-38.8305	31.9154
961.0000	119.0000	-34.9810	31.7455
962.0000	0.0000	-3.9945	50.6624
962.0000	95.0000	-38.8348	31.9074
962.0000	119.0000	-34.9853	31.7380
963.0000	0.0000	-3.9933	50.6617
963.0000	95.0000	-38.8341	31.9076
963.0000	119.0000	-34.9846	31.7381
964.0000	0.0000	-3.9933	50.6618
964.0000	95.0000	-38.8341	31.9076
964.0000	119.0000	-34.9846	31.7381
965.0000	0.0000	-3.9933	50.6618
965.0000	95.0000	-38.8341	31.9076
965.0000	119.0000	-34.9846	31.7381
966.0000	0.0000	-3.9934	50.6619
966.0000	95.0000	-38.8341	31.9077
966.0000	119.0000	-34.9846	31.7382
967.0000	0.0000	-3.9930	50.6565
967.0000	95.0000	-38.8339	31.9026
967.0000	119.0000	-34.9844	31.7331
968.0000	0.0000	-3.9926	50.6553
968.0000	95.0000	-38.8336	31.9017
968.0000	119.0000	-34.9841	31.7322
969.0000	0.0000	-3.9926	50.6553
969.0000	95.0000	-38.8336	31.9017
969.0000	119.0000	-34.9841	31.7322
970.0000	0.0000	-3.9926	50.6553
970.0000	95.0000	-38.8336	31.9017
970.0000	119.0000	-34.9841	31.7322
971.0000	0.0000	-3.9926	50.6554
971.0000	95.0000	-38.8337	31.9018
971.0000	119.0000	-34.9842	31.7322
972.0000	0.0000	-3.9939	50.6497
972.0000	95.0000	-38.8345	31.8952
972.0000	119.0000	-34.9849	31.7257
973.0000	0.0000	-3.9924	50.6489
973.0000	95.0000	-38.8335	31.8955
973.0000	119.0000	-34.9851	31.7259
974.0000	0.0000	-3.9924	50.6490
974.0000	95.0000	-38.8336	31.8955
974.0000	119.0000	-34.9851	31.7259
975.0000	0.0000	-3.9925	50.6489
975.0000	95.0000	-38.8336	31.8954
975.0000	119.0000	-34.9851	31.7259
976.0000	0.0000	-3.9925	50.6490
976.0000	95.0000	-38.8336	31.8955
976.0000	119.0000	-34.9852	31.7259
976.0000	189.0000	-4.0356	79.3831
977.0000	0.0000	-3.9922	50.6434
977.0000	95.0000	-38.8334	31.8901
977.0000	119.0000	-34.9849	31.7205
977.0000	189.0000	-4.0355	78.6580
978.0000	0.0000	-3.9878	50.6422
978.0000	95.0000	-38.8306	31.8918
978.0000	119.0000	-34.9821	31.7219
978.0000	189.0000	-4.0292	77.9371
979.0000	0.0000	-3.9878	50.6422
979.0000	95.0000	-38.8306	31.8919
979.0000	119.0000	-34.9822	31.7220
979.0000	189.0000	-4.0295	77.2174
980.0000	0.0000	-3.9878	50.6422
980.0000	95.0000	-38.8306	31.8919
980.0000	119.0000	-34.9822	31.7220
980.0000	189.0000	-4.0298	76.4976
981.0000	0.0000	-3.9879	50.6423
981.0000	95.0000	-38.8306	31.8919
981.0000	119.0000	-34.9822	31.7220
981.0000	189.0000	-4.0300	75.7778
982.0000	0.0000	-3.9917	50.6366
982.0000	95.0000	-38.8331	31.8836
982.0000	119.0000	-34.9847	31.7140
982.0000	189.0000	-4.0358	75.0521
983.0000	0.0000	-3.9905	50.6355
983.0000	95.0000	-38.8324	31.8834
983.0000	119.0000	-34.9839	31.7137
983.0000	189.0000	-4.0341	74.3310
984.0000	0.0000	-3.9906	50.6356
984.0000	95.0000	-38.8324	31.8834
984.0000	119.0000	-34.9840	31.7137
984.0000	189.0000	-4.0341	73.6936
985.0000	0.0000	-3.9906	50.6355
985.0000	95.0000	-38.8324	31.8834
985.0000	119.0000	-34.9840	31.7137
985.0000	189.0000	-4.0339	73.2814
986.0000	0.0000	-3.9906	50.6356
986.0000	95.0000	-38.8324	31.8835
986.0000	119.0000	-34.9840	31.7138
986.0000	189.0000	-4.0331	72.8581
987.0000	0.0000	-3.9905	50.6300
987.0000	95.0000	-38.8324	31.8779
987.0000	119.0000	-34.9839	31.7082
987.0000	189.0000	-4.0329	72.4689
988.0000	0.0000	-3.9846	50.6289
988.0000	95.0000	-38.8286	31.8808
988.0000	119.0000	-34.9802	31.7106
988.0000	189.0000	-4.0237	72.2617
989.0000	0.0000	-3.9846	50.6276
989.0000	95.0000	-38.8286	31.8794
989.0000	119.0000	-34.9801	31.7093
989.0000	189.0000	-4.0226	71.9886
990.0000	0.0000	-3.9846	50.6272
990.0000	95.0000	-38.8286	31.8790
990.0000	119.0000	-34.9812	31.7089
990.0000	189.0000	-4.0227	71.7376
991.0000	0.0000	-3.9846	50.6271
991.0000	95.0000	-38.8286	31.8790
991.0000	119.0000	-34.9812	31.7089
991.0000	189.0000	-4.0220	71.6400
992.0000	0.0000	-3.9846	50.6271
992.0000	95.0000	-38.8286	31.8790
992.0000	119.0000	-34.9812	31.7088
992.0000	189.0000	-4.0213	71.4538
993.0000	0.0000	-3.9847	50.6273
993.0000	95.0000	-38.8287	31.8791
993.0000	119.0000	-34.9812	31.7089
993.0000	189.0000	-4.0208	71.2832
994.0000	0.0000	-3.9821	50.6268
994.0000	95.0000	-38.8270	31.8804
994.0000	119.0000	-34.9807	31.7101
994.0000	189.0000	-4.0172	71.2576
995.0000	0.0000	-3.9821	50.6268
995.0000	95.0000	-38.8270	31.8804
995.0000	119.0000	-34.9807	31.7101
995.0000	189.0000	-4.0166	71.1324
996.0000	0.0000	-3.9822	50.6270
996.0000	95.0000	-38.8271	31.8805
996.0000	119.0000	-34.9807	31.7102
996.0000	189.0000	-4.0162	71.0196
997.0000	0.0000	-3.9796	50.6266
997.0000	95.0000	-38.8254	31.8818
997.0000	119.0000	-34.9802	31.7113
997.0000	189.0000	-4.0126	71.0085
998.0000	0.0000	-3.9796	50.6266
998.0000	95.0000	-38.8254	31.8818
998.0000	119.0000	-34.9802	31.7113
998.0000	189.0000	-4.0120	70.8989
999.0000	0.0000	-3.9796	50.6266
999.0000	95.0000	-38.8254	31.8818
999.0000	119.0000	-34.9802	31.7113
999.0000	189.0000	-4.0116	70.8066
