0.0000	173.0000	-0.0001	-65.2842
1.0000	173.0000	-0.0004	-64.9676
2.0000	173.0000	-0.0003	-64.6009
3.0000	173.0000	-0.0002	-64.1949
4.0000	173.0000	-0.0001	-63.7604
5.0000	173.0000	0.0000	-63.3061
6.0000	173.0000	0.0001	-62.8386
7.0000	173.0000	0.0003	-62.3627
8.0000	173.0000	0.0004	-61.8817
9.0000	173.0000	0.0006	-61.3983
10.0000	173.0000	0.0008	-60.9142
11.0000	173.0000	0.0010	-60.4306
12.0000	173.0000	0.0012	-59.9499
13.0000	173.0000	0.0014	-59.4766
14.0000	173.0000	0.0017	-59.0096
15.0000	173.0000	0.0020	-58.5492
16.0000	173.0000	0.0023	-58.0954
17.0000	173.0000	0.0024	-57.6461
18.0000	173.0000	0.0025	-57.1911
19.0000	173.0000	0.0027	-56.7280
20.0000	173.0000	0.0029	-56.2558
21.0000	173.0000	0.0031	-55.7740
22.0000	173.0000	0.0033	-55.2825
23.0000	173.0000	0.0035	-54.8601
24.0000	173.0000	0.0036	-54.6877
25.0000	173.0000	0.0026	-54.5402
26.0000	173.0000	-0.0030	-54.3711
27.0000	173.0000	0.0019	-54.2692
28.0000	100.0000	-12.0924	78.7071
28.0000	173.0000	0.0004	-54.4101
29.0000	100.0000	-11.9907	77.5860
29.0000	173.0000	0.0064	-54.5526
30.0000	100.0000	-11.8870	76.4293
30.0000	173.0000	0.0076	-54.6589
31.0000	100.0000	-11.7793	75.2290
31.0000	173.0000	0.0078	-54.7317
32.0000	100.0000	-11.6670	73.9818
32.0000	173.0000	0.0088	-54.8587
33.0000	100.0000	-11.5514	72.6958
33.0000	173.0000	0.0097	-55.2036
34.0000	100.0000	-11.4323	71.3726
34.0000	173.0000	0.0106	-55.5312
35.0000	100.0000	-11.3113	70.0122
35.0000	173.0000	0.0116	-55.7945
36.0000	100.0000	-11.1907	68.6158
36.0000	173.0000	0.0128	-55.9996
37.0000	100.0000	-11.0717	67.1831
37.0000	173.0000	0.0138	-56.2407
38.0000	100.0000	-10.9550	65.6973
38.0000	173.0000	0.0143	-56.7378
39.0000	100.0000	-10.8428	64.1592
39.0000	173.0000	0.0146	-57.2954
40.0000	100.0000	-10.7372	62.5744
40.0000	173.0000	0.0150	-57.8710
41.0000	100.0000	-10.6378	60.9468
41.0000	173.0000	0.0153	-58.4648
42.0000	100.0000	-10.5524	59.3608
42.0000	173.0000	0.0156	-59.0747
43.0000	100.0000	-10.4944	57.9728
43.0000	173.0000	0.0160	-59.6802
44.0000	100.0000	-10.4484	56.5603
44.0000	173.0000	0.0164	-60.2365
45.0000	100.0000	-10.4018	55.0794
45.0000	173.0000	0.0169	-60.7489
46.0000	100.0000	-10.3557	53.5398
46.0000	173.0000	0.0173	-61.3157
47.0000	100.0000	-10.3127	51.9461
47.0000	173.0000	0.0174	-62.0704
48.0000	100.0000	-10.2731	50.3026
48.0000	173.0000	0.0177	-62.7661
49.0000	100.0000	-10.2357	48.6132
49.0000	173.0000	0.0178	-63.4944
50.0000	100.0000	-10.2019	46.8810
50.0000	173.0000	0.0177	-64.4448
51.0000	100.0000	-10.1740	45.1907
51.0000	173.0000	0.0176	-65.4217
52.0000	100.0000	-10.1600	43.6994
52.0000	173.0000	0.0175	-66.4102
53.0000	100.0000	-10.1609	42.1930
53.0000	173.0000	0.0175	-67.4026
54.0000	100.0000	-10.1442	40.6313
54.0000	173.0000	0.0175	-68.3942
55.0000	100.0000	-10.1362	39.0239
55.0000	173.0000	0.0175	-69.3846
56.0000	100.0000	-10.1339	37.3756
56.0000	173.0000	0.0175	-70.3734
57.0000	100.0000	-10.1300	35.6908
57.0000	173.0000	0.0175	-71.3608
58.0000	100.0000	-10.1273	33.9627
58.0000	173.0000	0.0174	-72.3572
59.0000	100.0000	-10.1263	32.2741
59.0000	173.0000	0.0173	-73.3655
60.0000	100.0000	-10.1296	30.7821
60.0000	173.0000	0.0172	-74.3839
61.0000	44.0000	-37.9681	69.6499
61.0000	100.0000	-10.1429	29.2635
61.0000	173.0000	0.0170	-75.4115
62.0000	44.0000	-37.9590	68.6141
62.0000	100.0000	-10.1433	27.6771
62.0000	173.0000	0.0169	-76.4477
63.0000	44.0000	-37.8611	67.5709
63.0000	100.0000	-10.1490	26.0341
63.0000	173.0000	0.0169	-77.4920
64.0000	44.0000	-37.7851	66.5197
64.0000	100.0000	-10.1600	24.3396
64.0000	173.0000	0.0167	-78.5443
65.0000	44.0000	-37.7758	65.4598
65.0000	100.0000	-10.1699	22.5979
65.0000	173.0000	0.0166	-79.6045
66.0000	44.0000	-37.6810	64.3927
66.0000	100.0000	-10.1802	20.8128
67.0000	44.0000	-37.6093	63.3177
67.0000	100.0000	-10.1901	19.0709
68.0000	44.0000	-37.6001	62.2342
68.0000	100.0000	-10.1988	17.5268
69.0000	44.0000	-37.5072	61.1436
69.0000	100.0000	-10.2128	15.9549
70.0000	44.0000	-37.4375	60.0451
70.0000	100.0000	-10.2210	14.3145
71.0000	44.0000	-37.4290	58.9383
71.0000	100.0000	-10.2318	12.6175
72.0000	44.0000	-37.3385	57.8243
72.0000	100.0000	-10.2458	10.8685
73.0000	44.0000	-37.2714	56.7076
73.0000	50.0000	-23.7356	76.1712
73.0000	100.0000	-10.2599	9.0770
74.0000	44.0000	-37.2630	55.5979
74.0000	50.0000	-23.9433	74.7897
74.0000	100.0000	-10.2743	7.2570
75.0000	44.0000	-37.1739	54.5265
75.0000	50.0000	-24.1062	73.4457
75.0000	100.0000	-10.2878	5.5264
76.0000	44.0000	-37.1082	53.5163
76.0000	50.0000	-24.1916	72.3307
76.0000	100.0000	-10.2977	4.0642
77.0000	44.0000	-37.1000	52.5659
77.0000	50.0000	-24.3058	71.2136
77.0000	100.0000	-10.3095	2.6412
78.0000	44.0000	-37.0109	51.6613
78.0000	50.0000	-24.4607	70.0731
78.0000	100.0000	-10.3202	1.1994
79.0000	44.0000	-36.9452	50.7989
79.0000	50.0000	-24.6346	68.8997
79.0000	100.0000	-10.3326	-0.2506
80.0000	44.0000	-36.9373	49.9926
80.0000	50.0000	-24.8246	67.7116
80.0000	100.0000	-10.3466	-1.6869
81.0000	44.0000	-36.8490	49.2508
81.0000	50.0000	-25.0430	66.5270
81.0000	100.0000	-10.3612	-3.0984
82.0000	44.0000	-36.7841	48.5750
82.0000	50.0000	-25.2771	65.3451
82.0000	100.0000	-10.3747	-4.3955
83.0000	44.0000	-36.7763	47.9656
83.0000	50.0000	-25.4721	64.2491
83.0000	100.0000	-10.3838	-5.4264
84.0000	44.0000	-36.6882	47.4139
84.0000	50.0000	-25.6085	63.4421
84.0000	100.0000	-10.3937	-6.4294
85.0000	44.0000	-36.6245	46.8771
85.0000	50.0000	-25.7285	62.6874
85.0000	100.0000	-10.4048	-7.4840
86.0000	44.0000	-36.6158	46.3348
86.0000	50.0000	-25.8015	61.9085
86.0000	100.0000	-10.4171	-8.5932
87.0000	44.0000	-36.5274	45.7840
87.0000	50.0000	-25.8912	61.1310
87.0000	100.0000	-10.4302	-9.7550
88.0000	44.0000	-36.4636	45.2249
88.0000	50.0000	-25.9794	60.3471
88.0000	100.0000	-10.4441	-10.9661
89.0000	44.0000	-36.4549	44.6647
89.0000	50.0000	-26.0664	59.5423
89.0000	100.0000	-10.4568	-12.1309
90.0000	44.0000	-36.3665	44.1387
90.0000	50.0000	-26.1576	58.7039
90.0000	100.0000	-10.4653	-13.0638
91.0000	44.0000	-36.3029	43.6605
91.0000	50.0000	-26.2560	57.8546
91.0000	100.0000	-10.4743	-13.9775
92.0000	44.0000	-36.2944	43.2042
92.0000	50.0000	-26.3520	57.0696
92.0000	100.0000	-10.4843	-14.9339
93.0000	44.0000	-36.2060	42.7776
93.0000	50.0000	-26.4198	56.4871
93.0000	100.0000	-10.4951	-15.9138
94.0000	44.0000	-36.1424	42.3783
94.0000	50.0000	-26.4669	55.8506
94.0000	100.0000	-10.5066	-16.9140
95.0000	44.0000	-36.1338	41.9888
95.0000	50.0000	-26.5134	55.2452
95.0000	100.0000	-10.5186	-17.9467
96.0000	44.0000	-36.0452	41.6209
96.0000	50.0000	-26.5382	54.8094
96.0000	100.0000	-10.5308	-18.9957
97.0000	44.0000	-35.9814	41.2610
97.0000	50.0000	-26.5721	54.2882
97.0000	100.0000	-10.5419	-19.9872
98.0000	44.0000	-35.9730	40.9023
98.0000	50.0000	-26.6200	53.6844
98.0000	100.0000	-10.5490	-20.7754
99.0000	44.0000	-35.8851	40.5510
99.0000	50.0000	-26.6761	53.0172
99.0000	100.0000	-10.5552	-21.5821
100.0000	44.0000	-35.7231	40.2205
100.0000	50.0000	-26.7197	52.4025
100.0000	100.0000	-10.5631	-22.4305
101.0000	44.0000	-35.5986	39.8936
101.0000	50.0000	-26.7579	51.9569
101.0000	100.0000	-10.5712	-23.3263
102.0000	44.0000	-35.5906	39.5743
102.0000	50.0000	-26.7810	51.4330
102.0000	100.0000	-10.5791	-24.2598
103.0000	44.0000	-35.4899	39.2658
103.0000	50.0000	-26.8081	50.9387
103.0000	100.0000	-10.5874	-25.2237
104.0000	44.0000	-35.3092	38.9614
104.0000	50.0000	-26.8180	50.5920
104.0000	100.0000	-10.5947	-26.1364
105.0000	44.0000	-35.0600	38.6612
105.0000	50.0000	-26.8327	50.1513
105.0000	100.0000	-10.5987	-26.8464
106.0000	44.0000	-34.8480	38.3651
106.0000	50.0000	-26.8495	49.7295
106.0000	100.0000	-10.6012	-27.5824
107.0000	44.0000	-34.7950	38.0727
107.0000	50.0000	-26.8535	49.4267
107.0000	100.0000	-10.6062	-28.3779
108.0000	44.0000	-34.6513	37.7823
108.0000	50.0000	-26.8622	49.0249
108.0000	100.0000	-10.6108	-29.2235
109.0000	44.0000	-34.4246	37.4938
109.0000	50.0000	-26.8741	48.6419
109.0000	100.0000	-10.6146	-30.1137
110.0000	44.0000	-34.1279	37.2030
110.0000	50.0000	-26.8773	48.3418
110.0000	100.0000	-10.6188	-31.0483
111.0000	44.0000	-33.8660	36.9062
111.0000	50.0000	-26.8844	47.9407
111.0000	100.0000	-10.6230	-32.0276
112.0000	44.0000	-33.8359	36.6013
112.0000	50.0000	-26.9016	47.4512
112.0000	100.0000	-10.6266	-32.9651
113.0000	44.0000	-33.8327	36.2908
113.0000	50.0000	-26.9172	46.9880
113.0000	100.0000	-10.6281	-33.7061
114.0000	44.0000	-33.8297	35.9803
114.0000	50.0000	-26.9224	46.6646
114.0000	100.0000	-10.6273	-34.4730
115.0000	44.0000	-33.8280	35.6702
115.0000	50.0000	-26.9276	46.2422
115.0000	100.0000	-10.6296	-35.3017
116.0000	44.0000	-33.8272	35.3605
116.0000	50.0000	-26.9358	45.8388
116.0000	100.0000	-10.6309	-36.1807
117.0000	44.0000	-33.8269	35.0513
117.0000	50.0000	-26.9385	45.5205
117.0000	100.0000	-10.6312	-37.1049
118.0000	44.0000	-33.8268	34.7429
118.0000	50.0000	-26.9418	45.1102
118.0000	100.0000	-10.6317	-38.0694
119.0000	44.0000	-33.8268	34.4323
119.0000	50.0000	-26.9489	44.7211
119.0000	100.0000	-10.6322	-39.0733
120.0000	44.0000	-33.8269	34.1129
120.0000	50.0000	-26.9511	44.3928
120.0000	100.0000	-10.6323	-40.0360
121.0000	44.0000	-33.8275	33.7836
121.0000	50.0000	-26.9542	43.9694
121.0000	100.0000	-10.6312	-40.8052
122.0000	44.0000	-33.8287	33.4519
122.0000	50.0000	-26.9613	43.5676
122.0000	100.0000	-10.6275	-41.6006
123.0000	44.0000	-33.8304	33.1228
123.0000	50.0000	-26.9654	43.2305
123.0000	100.0000	-10.6255	-42.4548
124.0000	44.0000	-33.8332	32.7910
124.0000	50.0000	-26.9704	42.8080
124.0000	100.0000	-10.6214	-43.3609
125.0000	44.0000	-33.8375	32.4495
125.0000	50.0000	-26.9807	42.3983
125.0000	100.0000	-10.6145	-44.3209
126.0000	44.0000	-33.8453	32.0923
126.0000	50.0000	-26.9926	42.0346
126.0000	100.0000	-10.6033	-45.3347
127.0000	44.0000	-33.8566	31.7181
127.0000	50.0000	-27.0072	41.5725
127.0000	100.0000	-10.5873	-46.4001
128.0000	44.0000	-33.8752	31.3225
128.0000	50.0000	-27.0354	41.1139
128.0000	100.0000	-10.5616	-47.4316
129.0000	44.0000	-33.9003	30.9057
129.0000	50.0000	-27.0691	40.6937
129.0000	100.0000	-10.5267	-48.2765
130.0000	44.0000	-33.9336	30.4661
130.0000	50.0000	-27.1116	40.1712
130.0000	100.0000	-10.4784	-49.1615
131.0000	44.0000	-33.9763	30.0020
131.0000	50.0000	-27.1698	39.6498
131.0000	100.0000	-10.4159	-50.1254
132.0000	44.0000	-34.0318	29.5098
132.0000	50.0000	-27.2431	39.1608
132.0000	100.0000	-10.3317	-51.1574
133.0000	44.0000	-34.0998	28.9902
133.0000	50.0000	-27.3292	38.5664
133.0000	100.0000	-10.2238	-52.2518
134.0000	44.0000	-34.1774	28.4466
134.0000	50.0000	-27.4328	37.9731
134.0000	100.0000	-10.0953	-53.4025
135.0000	44.0000	-34.2684	27.8754
135.0000	50.0000	-27.5524	37.4130
135.0000	100.0000	-9.9381	-54.6054
136.0000	44.0000	-34.3687	27.2810
136.0000	50.0000	-27.6809	36.7518
136.0000	100.0000	-9.7579	-55.7716
137.0000	44.0000	-34.4814	26.6585
137.0000	50.0000	-27.8297	36.0886
137.0000	100.0000	-9.5516	-56.7497
138.0000	44.0000	-34.6075	26.0052
138.0000	50.0000	-27.9970	35.4550
138.0000	100.0000	-9.3098	-57.7665
139.0000	44.0000	-34.7382	25.3393
139.0000	50.0000	-28.1652	34.7306
139.0000	100.0000	-9.0467	-58.8493
140.0000	44.0000	-34.8645	24.6912
140.0000	50.0000	-28.3336	34.0470
140.0000	100.0000	-8.7777	-59.9633
141.0000	44.0000	-34.9931	24.0387
141.0000	50.0000	-28.5061	33.4162
141.0000	100.0000	-8.4883	-61.1194
142.0000	44.0000	-35.1257	23.3775
142.0000	50.0000	-28.6783	32.6987
142.0000	100.0000	-8.1735	-62.3157
143.0000	44.0000	-35.2597	22.7104
143.0000	50.0000	-28.8577	32.0000
143.0000	100.0000	-7.8419	-63.4629
144.0000	44.0000	-35.3925	22.0417
144.0000	50.0000	-29.0389	31.3556
144.0000	100.0000	-7.5080	-64.4078
145.0000	44.0000	-35.5224	21.3825
145.0000	50.0000	-29.2086	30.6416
145.0000	100.0000	-7.1636	-65.3680
146.0000	44.0000	-35.6445	20.7574
146.0000	50.0000	-29.3736	29.9838
146.0000	100.0000	-6.8203	-66.3595
147.0000	44.0000	-35.7624	20.1490
147.0000	50.0000	-29.5374	29.3977
147.0000	100.0000	-6.4689	-67.3848
148.0000	44.0000	-35.8772	19.5501
148.0000	50.0000	-29.6874	28.7420
148.0000	100.0000	-6.1065	-68.4450
149.0000	44.0000	-35.9823	18.9944
149.0000	50.0000	-29.8304	28.1506
149.0000	100.0000	-5.7598	-69.4238
150.0000	44.0000	-36.0796	18.5014
150.0000	50.0000	-29.9677	27.6756
150.0000	100.0000	-5.4401	-70.1497
151.0000	44.0000	-36.1687	18.0787
151.0000	50.0000	-30.0821	27.1901
151.0000	100.0000	-5.1313	-70.8488
152.0000	44.0000	-36.2589	17.7137
152.0000	50.0000	-30.2047	26.7863
152.0000	100.0000	-4.8037	-71.5512
153.0000	44.0000	-36.3051	17.4860
153.0000	50.0000	-30.2704	26.5628
153.0000	100.0000	-4.6073	-72.2368
154.0000	44.0000	-36.3327	17.3516
154.0000	50.0000	-30.2962	26.3491
154.0000	100.0000	-4.4706	-72.8175
155.0000	44.0000	-36.3355	17.3378
155.0000	50.0000	-30.2938	26.2721
155.0000	100.0000	-4.4400	-73.1256
156.0000	44.0000	-36.3352	17.3415
156.0000	50.0000	-30.2934	26.2682
156.0000	100.0000	-4.4060	-73.4820
157.0000	44.0000	-36.3349	17.3453
157.0000	50.0000	-30.2790	26.1858
157.0000	100.0000	-4.3627	-73.9070
158.0000	44.0000	-36.3346	17.3479
158.0000	50.0000	-30.2717	26.1247
158.0000	100.0000	-4.3195	-74.2939
159.0000	44.0000	-36.3346	17.3490
159.0000	50.0000	-30.2715	26.1174
159.0000	100.0000	-4.3061	-74.5140
160.0000	44.0000	-36.3345	17.3493
160.0000	50.0000	-30.2568	26.0309
160.0000	100.0000	-4.2806	-74.8003
161.0000	44.0000	-36.3346	17.3490
161.0000	50.0000	-30.2495	25.9669
161.0000	100.0000	-4.2428	-75.1625
162.0000	44.0000	-36.3346	17.3487
162.0000	50.0000	-30.2493	25.9582
162.0000	100.0000	-4.2072	-75.4959
163.0000	44.0000	-36.3346	17.3484
163.0000	50.0000	-30.2336	25.8713
163.0000	100.0000	-4.1870	-75.6642
164.0000	44.0000	-36.3346	17.3483
164.0000	50.0000	-30.2261	25.8075
164.0000	100.0000	-4.1695	-75.9073
165.0000	44.0000	-36.3346	17.3483
165.0000	50.0000	-30.2257	25.7990
165.0000	100.0000	-4.1407	-76.1344
166.0000	44.0000	-36.3346	17.3483
166.0000	50.0000	-30.2097	25.7123
166.0000	100.0000	-4.1316	-76.2121
167.0000	44.0000	-36.3347	17.3483
167.0000	50.0000	-30.2012	25.6490
167.0000	100.0000	-4.1158	-76.3822
168.0000	44.0000	-36.3231	17.3494
168.0000	50.0000	-30.2010	25.6406
168.0000	100.0000	-4.0903	-76.6374
169.0000	44.0000	-36.2823	17.3532
169.0000	50.0000	-30.1845	25.5543
169.0000	100.0000	-4.0686	-76.8659
170.0000	44.0000	-36.2027	17.3604
170.0000	50.0000	-30.1755	25.4908
170.0000	100.0000	-4.0612	-76.9412
171.0000	44.0000	-36.0748	17.3722
171.0000	50.0000	-30.1751	25.4824
171.0000	100.0000	-4.0446	-77.1074
172.0000	44.0000	-35.8968	17.3885
172.0000	50.0000	-30.1580	25.3961
172.0000	100.0000	-4.0298	-77.2577
173.0000	44.0000	-35.6679	17.4092
173.0000	50.0000	-30.1485	25.3327
173.0000	100.0000	-4.0284	-77.2716
174.0000	44.0000	-35.3882	17.4340
174.0000	50.0000	-30.1481	25.3242
174.0000	100.0000	-4.0112	-77.3849
175.0000	44.0000	-35.0579	17.4588
175.0000	50.0000	-30.1304	25.2379
175.0000	100.0000	-3.9901	-77.5878
176.0000	44.0000	-34.6777	17.4802
176.0000	50.0000	-30.1204	25.1744
176.0000	100.0000	-3.9734	-77.7646
177.0000	44.0000	-34.2489	17.4897
177.0000	50.0000	-30.1222	25.1753
177.0000	100.0000	-3.9714	-77.7887
178.0000	44.0000	-33.7738	17.4888
178.0000	50.0000	-30.1213	25.1743
178.0000	100.0000	-3.9593	-77.9107
179.0000	44.0000	-33.2553	17.4655
179.0000	50.0000	-30.1207	25.1737
179.0000	100.0000	-3.9486	-78.0184
180.0000	44.0000	-32.6976	17.4135
180.0000	50.0000	-30.1204	25.1734
180.0000	100.0000	-3.9475	-78.0293
181.0000	44.0000	-32.1892	17.3536
181.0000	50.0000	-30.1203	25.1732
181.0000	100.0000	-3.9368	-78.1364
182.0000	44.0000	-31.9519	17.3367
182.0000	50.0000	-30.1139	25.1434
182.0000	100.0000	-3.9280	-78.2253
183.0000	44.0000	-31.9342	17.3488
183.0000	50.0000	-30.0998	25.0691
183.0000	100.0000	-3.9270	-78.2348
184.0000	44.0000	-31.8257	17.3361
184.0000	50.0000	-30.0799	24.9628
184.0000	100.0000	-3.9170	-78.3353
185.0000	44.0000	-31.6077	17.3075
185.0000	50.0000	-30.0564	24.8365
185.0000	100.0000	-3.9091	-78.4145
186.0000	44.0000	-31.3051	17.2697
186.0000	50.0000	-30.0282	24.6914
186.0000	100.0000	-3.9082	-78.4234
187.0000	44.0000	-30.9357	17.1921
187.0000	50.0000	-29.9952	24.5270
187.0000	100.0000	-3.8987	-78.5190
188.0000	44.0000	-30.5125	17.0735
188.0000	50.0000	-29.9571	24.3474
188.0000	100.0000	-3.8914	-78.5920
189.0000	44.0000	-30.0375	16.9396
189.0000	50.0000	-29.9350	24.2364
189.0000	100.0000	-3.8905	-78.6008
190.0000	44.0000	-29.5283	16.7547
190.0000	50.0000	-29.9276	24.1968
190.0000	100.0000	-3.8813	-78.6938
191.0000	44.0000	-28.9836	16.5372
191.0000	50.0000	-29.9022	24.0935
191.0000	100.0000	-3.8744	-78.7633
192.0000	44.0000	-28.4105	16.2813
192.0000	50.0000	-29.8650	23.9390
192.0000	100.0000	-3.8735	-78.7719
193.0000	44.0000	-27.8138	15.9862
193.0000	50.0000	-29.8215	23.7544
193.0000	100.0000	-3.8644	-78.8632
194.0000	44.0000	-27.1923	15.6631
194.0000	50.0000	-29.7693	23.5453
194.0000	100.0000	-3.8478	-79.0297
195.0000	44.0000	-26.5552	15.3073
195.0000	50.0000	-29.7072	23.3030
195.0000	100.0000	-3.8348	-79.1602
196.0000	44.0000	-25.9063	14.9243
196.0000	50.0000	-29.6309	23.0231
196.0000	100.0000	-3.8340	-79.1689
197.0000	44.0000	-25.2460	14.5231
197.0000	50.0000	-29.5362	22.7076
197.0000	100.0000	-3.8238	-79.2718
198.0000	44.0000	-24.5735	14.1114
198.0000	50.0000	-29.4299	22.3620
198.0000	100.0000	-3.8156	-79.3540
199.0000	44.0000	-23.8958	13.6837
199.0000	50.0000	-29.3102	21.9933
199.0000	100.0000	-3.8146	-79.3634
200.0000	44.0000	-23.2106	13.2480
200.0000	50.0000	-29.2093	21.6964
200.0000	100.0000	-3.8050	-79.4606
201.0000	44.0000	-22.5174	12.8085
201.0000	50.0000	-29.1998	21.6443
201.0000	100.0000	-3.7975	-79.5354
202.0000	44.0000	-21.8180	12.3654
202.0000	50.0000	-29.2000	21.6400
202.0000	100.0000	-3.7966	-79.5445
203.0000	44.0000	-21.1126	11.9207
203.0000	50.0000	-29.1968	21.6363
203.0000	100.0000	-3.7873	-79.6385
204.0000	44.0000	-20.4026	11.4744
204.0000	50.0000	-29.1749	21.5844
204.0000	100.0000	-3.7803	-79.7092
205.0000	44.0000	-19.6889	11.0263
205.0000	50.0000	-29.1299	21.4635
205.0000	100.0000	-3.7794	-79.7180
206.0000	44.0000	-18.9709	10.5789
206.0000	50.0000	-29.1003	21.3776
206.0000	100.0000	-3.7703	-79.8093
207.0000	44.0000	-18.2447	10.1400
207.0000	50.0000	-29.0992	21.3694
207.0000	100.0000	-3.7635	-79.8778
208.0000	44.0000	-17.5079	9.7146
208.0000	50.0000	-29.0935	21.3553
208.0000	100.0000	-3.7627	-79.8862
209.0000	44.0000	-16.7596	9.3072
209.0000	50.0000	-29.0930	21.3547
210.0000	44.0000	-16.0012	8.9160
210.0000	50.0000	-29.0923	21.3542
211.0000	44.0000	-15.2312	8.5460
211.0000	50.0000	-29.0758	21.3154
212.0000	44.0000	-14.4486	8.2015
212.0000	50.0000	-29.0371	21.2157
213.0000	44.0000	-13.6539	7.8839
213.0000	50.0000	-28.9851	21.0776
214.0000	44.0000	-12.8491	7.5908
214.0000	50.0000	-28.9184	20.9049
215.0000	44.0000	-12.0321	7.3333
215.0000	50.0000	-28.8337	20.6928
216.0000	44.0000	-11.2057	7.1058
216.0000	50.0000	-28.7303	20.4385
217.0000	44.0000	-10.3707	6.9109
217.0000	50.0000	-28.6425	20.2342
218.0000	44.0000	-9.5281	6.7501
218.0000	50.0000	-28.6272	20.1838
219.0000	44.0000	-8.6790	6.6287
219.0000	50.0000	-28.5691	20.0584
220.0000	44.0000	-7.8254	6.5373
220.0000	50.0000	-28.5224	19.9517
221.0000	44.0000	-6.9687	6.4878
221.0000	50.0000	-28.5173	19.9362
222.0000	44.0000	-6.1098	6.4643
222.0000	50.0000	-28.4674	19.8332
223.0000	44.0000	-5.2517	6.4867
223.0000	50.0000	-28.3856	19.6571
224.0000	44.0000	-4.3946	6.5442
224.0000	50.0000	-28.2740	19.4193
225.0000	44.0000	-3.5409	6.6379
225.0000	50.0000	-28.1281	19.1290
226.0000	44.0000	-2.6904	6.7633
226.0000	50.0000	-27.9535	18.7894
227.0000	44.0000	-1.8475	6.9303
227.0000	50.0000	-27.7459	18.4072
228.0000	44.0000	-1.0103	7.1268
228.0000	50.0000	-27.5063	17.9862
229.0000	44.0000	-0.2561	7.3304
229.0000	50.0000	-27.2820	17.6082
230.0000	44.0000	0.2302	7.4549
230.0000	50.0000	-27.1691	17.3809
231.0000	44.0000	0.4276	7.5016
231.0000	50.0000	-27.0061	17.1158
232.0000	44.0000	0.4373	7.4976
232.0000	50.0000	-26.7863	16.8044
233.0000	44.0000	0.4450	7.4964
233.0000	50.0000	-26.5534	16.4491
234.0000	44.0000	0.4500	7.4967
234.0000	50.0000	-26.2969	16.0799
235.0000	44.0000	0.4528	7.4972
235.0000	50.0000	-26.0218	15.7032
236.0000	44.0000	0.4541	7.4975
236.0000	50.0000	-25.7274	15.3223
237.0000	44.0000	0.4548	7.4977
237.0000	50.0000	-25.4171	14.9300
238.0000	44.0000	0.4881	7.5079
238.0000	50.0000	-25.0894	14.5325
239.0000	44.0000	0.5718	7.5339
239.0000	50.0000	-24.7489	14.1345
240.0000	44.0000	0.7081	7.5776
240.0000	50.0000	-24.3976	13.7357
241.0000	44.0000	0.8965	7.6373
241.0000	50.0000	-24.0293	13.3296
242.0000	44.0000	1.1355	7.7145
242.0000	50.0000	-23.6405	12.9094
243.0000	44.0000	1.3293	7.7768
243.0000	50.0000	-23.2908	12.5341
244.0000	44.0000	1.3659	7.7878
244.0000	50.0000	-23.0660	12.3188
245.0000	44.0000	1.4875	7.8268
245.0000	50.0000	-22.8084	12.0772
246.0000	44.0000	1.5891	7.8598
246.0000	50.0000	-22.5207	11.7718
247.0000	44.0000	1.5989	7.8628
247.0000	50.0000	-22.2480	11.5042
248.0000	44.0000	1.6964	7.8943
248.0000	50.0000	-22.0827	11.3783
249.0000	44.0000	1.7648	7.9167
249.0000	50.0000	-21.8779	11.1944
250.0000	44.0000	1.7639	7.9161
250.0000	50.0000	-21.6395	10.9443
251.0000	44.0000	1.7651	7.9165
251.0000	50.0000	-21.3587	10.6911
252.0000	44.0000	1.7659	7.9168
252.0000	50.0000	-21.0688	10.4264
253.0000	44.0000	1.7663	7.9170
253.0000	50.0000	-20.7681	10.1458
254.0000	44.0000	1.7665	7.9171
254.0000	50.0000	-20.4482	9.8439
255.0000	44.0000	1.7666	7.9171
255.0000	50.0000	-20.1031	9.5194
256.0000	44.0000	1.7928	7.9258
256.0000	50.0000	-19.7315	9.1693
257.0000	44.0000	1.8575	7.9469
257.0000	50.0000	-19.4022	8.8506
258.0000	44.0000	1.9691	7.9845
258.0000	50.0000	-19.2062	8.6714
259.0000	44.0000	2.1301	8.0388
259.0000	50.0000	-18.9726	8.4552
260.0000	44.0000	2.2426	8.0765
260.0000	50.0000	-18.7181	8.2049
261.0000	44.0000	2.2411	8.0746
261.0000	50.0000	-18.4500	7.9444
262.0000	44.0000	2.2430	8.0755
262.0000	50.0000	-18.1708	7.6582
263.0000	44.0000	2.2444	8.0763
263.0000	50.0000	-17.8811	7.3554
264.0000	44.0000	2.2830	8.0904
264.0000	50.0000	-17.5828	7.0369
265.0000	44.0000	2.3849	8.1260
265.0000	50.0000	-17.2823	6.6983
266.0000	44.0000	2.4492	8.1482
266.0000	50.0000	-16.9782	6.3436
267.0000	44.0000	2.4563	8.1499
267.0000	50.0000	-16.6716	5.9745
268.0000	44.0000	2.5336	8.1787
268.0000	50.0000	-16.3673	5.5895
269.0000	44.0000	2.6779	8.2306
269.0000	50.0000	-16.0654	5.1906
270.0000	44.0000	2.7839	8.2713
270.0000	50.0000	-15.7690	4.7768
271.0000	44.0000	2.7830	8.2670
271.0000	50.0000	-15.4741	4.3522
272.0000	44.0000	2.7845	8.2682
272.0000	50.0000	-15.1892	3.9127
273.0000	44.0000	2.7856	8.2692
273.0000	50.0000	-14.9072	3.4644
274.0000	44.0000	2.7861	8.2698
274.0000	50.0000	-14.6345	3.0043
275.0000	44.0000	2.7864	8.2700
275.0000	50.0000	-14.3674	2.5350
276.0000	44.0000	2.8175	8.2826
276.0000	50.0000	-14.1071	2.0563
277.0000	44.0000	2.8937	8.3116
277.0000	50.0000	-13.8947	1.6476
278.0000	44.0000	3.0202	8.3619
278.0000	50.0000	-13.8101	1.4964
279.0000	44.0000	3.1971	8.4313
279.0000	50.0000	-13.8025	1.4960
280.0000	44.0000	3.4216	8.5254
280.0000	50.0000	-13.8002	1.4907
281.0000	44.0000	3.6924	8.6439
281.0000	50.0000	-13.7994	1.4868
282.0000	44.0000	4.0009	8.8012
282.0000	50.0000	-13.7990	1.4848
283.0000	44.0000	4.2704	8.9307
283.0000	50.0000	-13.7987	1.4837
284.0000	44.0000	4.3196	8.9403
284.0000	50.0000	-13.7855	1.4521
285.0000	44.0000	4.3232	8.9407
285.0000	50.0000	-13.7592	1.3956
286.0000	44.0000	4.3252	8.9449
286.0000	50.0000	-13.7223	1.3187
287.0000	44.0000	4.3264	8.9474
287.0000	50.0000	-13.6719	1.2103
288.0000	44.0000	4.3271	8.9484
288.0000	50.0000	-13.6121	1.0820
289.0000	44.0000	4.3274	8.9489
289.0000	50.0000	-13.5476	0.9413
290.0000	44.0000	4.3276	8.9490
290.0000	50.0000	-13.4770	0.7846
291.0000	44.0000	4.3277	8.9491
291.0000	50.0000	-13.3962	0.6011
292.0000	44.0000	4.3277	8.9491
292.0000	50.0000	-13.3018	0.3829
293.0000	44.0000	4.3485	8.9606
293.0000	50.0000	-13.1924	0.1253
294.0000	44.0000	4.4038	8.9890
294.0000	50.0000	-13.0679	-0.1745
295.0000	44.0000	4.5014	9.0389
295.0000	50.0000	-12.9290	-0.5182
296.0000	44.0000	4.6439	9.1138
296.0000	50.0000	-12.7765	-0.9062
297.0000	44.0000	4.8307	9.2129
297.0000	50.0000	-12.6121	-1.3408
298.0000	44.0000	5.0621	9.3337
298.0000	50.0000	-12.4366	-1.8227
299.0000	44.0000	5.3192	9.4769
299.0000	50.0000	-12.2531	-2.3780
300.0000	44.0000	5.6165	9.6268
300.0000	50.0000	-12.0628	-2.9955
301.0000	44.0000	5.9468	9.7694
301.0000	50.0000	-11.8666	-3.6956
302.0000	44.0000	6.3049	9.9147
302.0000	50.0000	-11.6654	-4.4716
303.0000	44.0000	6.6099	10.0199
303.0000	50.0000	-11.4617	-5.3144
304.0000	44.0000	6.7761	9.9715
304.0000	50.0000	-11.2536	-6.2191
305.0000	44.0000	6.9714	9.9633
305.0000	50.0000	-11.0440	-7.1783
306.0000	44.0000	7.1348	9.9384
306.0000	50.0000	-10.8334	-8.1876
307.0000	44.0000	7.1306	9.7490
307.0000	50.0000	-10.6217	-9.2263
308.0000	44.0000	7.0917	9.5509
308.0000	50.0000	-10.4077	-10.2922
309.0000	44.0000	7.0511	9.3561
309.0000	50.0000	-10.1934	-11.3798
310.0000	44.0000	7.0091	9.1608
310.0000	50.0000	-9.9778	-12.4890
311.0000	44.0000	6.9631	8.9627
311.0000	50.0000	-9.7577	-13.6254
312.0000	44.0000	6.9094	8.7429
312.0000	50.0000	-9.5281	-14.8117
313.0000	44.0000	6.8461	8.5038
313.0000	50.0000	-9.2868	-16.0329
314.0000	44.0000	6.7673	8.2517
314.0000	50.0000	-9.0245	-17.2821
315.0000	44.0000	6.6700	7.9965
315.0000	50.0000	-8.7310	-18.5533
316.0000	44.0000	6.5820	7.7466
316.0000	50.0000	-8.4400	-19.7992
317.0000	44.0000	6.4982	7.5064
317.0000	50.0000	-8.1444	-21.0220
318.0000	44.0000	6.4180	7.2686
318.0000	50.0000	-7.8543	-22.1706
319.0000	44.0000	6.3265	7.0432
319.0000	50.0000	-7.5769	-23.1041
320.0000	44.0000	6.2567	6.8289
320.0000	50.0000	-7.3227	-24.0281
321.0000	44.0000	6.2001	6.6508
321.0000	50.0000	-7.0014	-25.0021
322.0000	44.0000	6.1825	6.4993
322.0000	50.0000	-6.6823	-26.0128
323.0000	44.0000	6.1874	6.3947
323.0000	50.0000	-6.3153	-27.0743
324.0000	44.0000	6.1616	6.2526
324.0000	50.0000	-5.9500	-28.0857
325.0000	44.0000	6.0775	6.0555
325.0000	50.0000	-5.6161	-28.8793
325.0000	63.0000	74.3496	29.4197
326.0000	44.0000	6.0420	5.9219
326.0000	50.0000	-5.2777	-29.6815
326.0000	63.0000	74.0176	29.9288
327.0000	44.0000	6.0530	5.8424
327.0000	50.0000	-4.9102	-30.4431
327.0000	63.0000	73.6809	30.4233
328.0000	44.0000	6.0980	5.8171
328.0000	50.0000	-4.5734	-31.0108
328.0000	63.0000	73.3202	30.9451
329.0000	44.0000	6.1801	5.8391
329.0000	50.0000	-4.2503	-31.6208
329.0000	63.0000	72.9484	31.4970
330.0000	44.0000	6.2818	5.9171
330.0000	50.0000	-3.8750	-32.1899
330.0000	63.0000	72.5686	32.0393
331.0000	44.0000	6.4053	6.0470
331.0000	50.0000	-3.5417	-32.5829
331.0000	63.0000	72.1713	32.5912
332.0000	44.0000	6.5631	6.2406
332.0000	50.0000	-3.2298	-33.0078
332.0000	63.0000	71.8249	33.0509
333.0000	44.0000	6.7385	6.4984
333.0000	50.0000	-2.9383	-33.3483
333.0000	63.0000	71.4924	33.4900
334.0000	44.0000	6.9308	6.8292
334.0000	50.0000	-2.7100	-33.5453
334.0000	63.0000	71.1822	33.9242
335.0000	44.0000	7.1552	7.2347
335.0000	50.0000	-2.5483	-33.6905
335.0000	63.0000	70.9316	34.3006
336.0000	44.0000	7.4076	7.7354
336.0000	50.0000	-2.4694	-33.7562
336.0000	63.0000	70.7635	34.6016
337.0000	44.0000	7.6938	8.3154
337.0000	50.0000	-2.4699	-33.7570
337.0000	63.0000	70.7140	34.7300
338.0000	44.0000	7.9743	8.9347
338.0000	50.0000	-2.4595	-33.8071
338.0000	63.0000	70.7110	34.7413
339.0000	44.0000	8.2499	9.5711
339.0000	50.0000	-2.4179	-33.9855
339.0000	63.0000	70.6718	34.8268
340.0000	44.0000	8.4826	10.2336
340.0000	50.0000	-2.2901	-34.2770
340.0000	63.0000	70.5634	35.0039
341.0000	44.0000	8.6677	10.9029
341.0000	50.0000	-2.0671	-34.6797
341.0000	63.0000	70.3990	35.2200
342.0000	44.0000	8.7924	11.4951
342.0000	50.0000	-1.7854	-35.1827
342.0000	63.0000	70.1468	35.5823
343.0000	44.0000	8.8518	11.8623
343.0000	50.0000	-1.4598	-35.7635
343.0000	63.0000	69.8708	35.9526
344.0000	44.0000	8.8804	12.2331
344.0000	50.0000	-1.1136	-36.3219
344.0000	63.0000	69.5853	36.2965
345.0000	44.0000	8.8478	12.6610
345.0000	50.0000	-0.7699	-36.7263
345.0000	63.0000	69.2109	36.7902
346.0000	44.0000	8.8132	13.1171
346.0000	50.0000	-0.3918	-37.2072
346.0000	63.0000	68.7895	37.3528
347.0000	44.0000	8.7484	13.6171
347.0000	50.0000	0.0211	-37.6711
347.0000	63.0000	68.3401	37.9280
348.0000	44.0000	8.6587	14.1622
348.0000	50.0000	0.3732	-37.9777
348.0000	63.0000	67.9504	38.3658
349.0000	44.0000	8.5429	14.7472
349.0000	50.0000	0.7500	-38.3542
349.0000	63.0000	67.5262	38.8813
350.0000	44.0000	8.4043	15.2724
350.0000	50.0000	1.1166	-38.7140
350.0000	63.0000	67.0758	39.4429
351.0000	44.0000	8.2512	15.5880
351.0000	50.0000	1.4749	-38.9432
351.0000	63.0000	66.5918	40.0221
352.0000	44.0000	8.0716	15.9187
352.0000	50.0000	1.8777	-39.2664
352.0000	63.0000	66.1519	40.4806
353.0000	44.0000	7.8288	16.3043
353.0000	50.0000	2.2821	-39.5737
353.0000	63.0000	65.6599	41.0263
354.0000	44.0000	7.5815	16.7339
354.0000	50.0000	2.6475	-39.7599
354.0000	63.0000	65.1663	41.5507
355.0000	44.0000	7.2980	17.1999
355.0000	50.0000	3.0245	-39.9504
355.0000	63.0000	64.6910	42.0145
356.0000	44.0000	6.9679	17.6968
356.0000	50.0000	3.4072	-40.1383
356.0000	63.0000	64.1623	42.5587
357.0000	44.0000	6.6245	18.1389
357.0000	50.0000	3.7937	-40.3224
357.0000	63.0000	63.6375	43.0754
358.0000	44.0000	6.3325	18.3113
358.0000	50.0000	4.1857	-40.5035
358.0000	63.0000	63.1336	43.5348
359.0000	44.0000	6.0934	18.2113
359.0000	50.0000	4.5828	-40.6815
359.0000	63.0000	62.5763	44.0687
360.0000	44.0000	5.8319	18.1594
360.0000	50.0000	4.9969	-40.8834
360.0000	63.0000	61.9715	44.6629
361.0000	44.0000	5.5332	18.2218
361.0000	50.0000	5.4368	-41.1252
361.0000	63.0000	61.3775	45.2173
361.0000	71.0000	63.8351	47.9506
362.0000	44.0000	5.1984	18.3646
362.0000	50.0000	5.9059	-41.4093
362.0000	63.0000	60.8403	45.6605
362.0000	71.0000	63.2721	48.4139
363.0000	44.0000	4.8548	18.4806
363.0000	50.0000	6.3576	-41.6446
363.0000	63.0000	60.2425	46.1835
363.0000	71.0000	62.7024	48.8725
364.0000	44.0000	4.5804	18.4507
364.0000	50.0000	6.7777	-41.8084
364.0000	63.0000	59.5938	46.7659
364.0000	71.0000	62.1265	49.3257
365.0000	44.0000	4.2544	18.4878
365.0000	50.0000	7.2374	-42.0342
365.0000	63.0000	58.9596	47.3058
365.0000	71.0000	61.5444	49.7735
366.0000	44.0000	3.9317	18.5072
366.0000	50.0000	7.7365	-42.3170
366.0000	63.0000	58.3939	47.7271
366.0000	71.0000	60.9565	50.2157
367.0000	44.0000	3.6783	18.3369
367.0000	50.0000	8.2928	-42.6441
367.0000	63.0000	57.7394	48.2529
367.0000	71.0000	60.3355	50.6827
368.0000	44.0000	3.4378	18.1483
368.0000	50.0000	8.8635	-43.0195
368.0000	63.0000	57.1223	48.7184
368.0000	71.0000	59.7393	51.1090
369.0000	44.0000	3.1960	17.9565
369.0000	50.0000	9.4769	-43.4326
369.0000	63.0000	56.5353	49.1245
369.0000	71.0000	59.1312	51.5364
370.0000	44.0000	2.9578	17.7610
370.0000	50.0000	10.1258	-43.8818
370.0000	63.0000	55.9397	49.5293
370.0000	71.0000	58.5202	51.9552
371.0000	44.0000	2.7015	17.6050
371.0000	50.0000	10.8113	-44.3635
371.0000	63.0000	55.3451	49.9203
371.0000	71.0000	57.9046	52.3669
372.0000	44.0000	2.4162	17.5097
372.0000	50.0000	11.5338	-44.8741
372.0000	63.0000	54.7457	50.3052
372.0000	71.0000	57.2846	52.7717
373.0000	44.0000	2.1030	17.4663
373.0000	50.0000	12.2928	-45.4101
373.0000	63.0000	54.1488	50.6750
373.0000	71.0000	56.6604	53.1691
374.0000	44.0000	1.8095	17.3800
374.0000	50.0000	13.0880	-45.9680
374.0000	63.0000	53.5478	51.0381
374.0000	71.0000	56.0320	53.5595
375.0000	44.0000	1.5775	17.1758
375.0000	50.0000	13.9191	-46.5445
375.0000	63.0000	52.9431	51.3941
375.0000	71.0000	55.3995	53.9426
376.0000	44.0000	1.2924	17.0477
376.0000	50.0000	14.7982	-47.1321
376.0000	63.0000	52.3188	51.7584
376.0000	71.0000	54.7463	54.3344
377.0000	44.0000	0.9839	16.9838
377.0000	50.0000	15.6773	-47.7440
377.0000	63.0000	51.7341	52.0746
377.0000	71.0000	54.1343	54.6760
378.0000	44.0000	0.6428	16.9742
378.0000	50.0000	16.5840	-48.3688
378.0000	63.0000	51.1540	52.3773
378.0000	71.0000	53.5272	55.0035
379.0000	44.0000	0.2653	17.0068
379.0000	50.0000	17.5088	-49.0072
379.0000	63.0000	50.5891	52.6577
379.0000	71.0000	52.9357	55.3076
380.0000	44.0000	-0.0883	16.9990
380.0000	50.0000	18.4515	-49.6574
380.0000	63.0000	50.0387	52.9170
380.0000	71.0000	52.3593	55.5896
381.0000	44.0000	-0.3303	16.8571
381.0000	50.0000	19.4079	-50.3193
381.0000	63.0000	49.5063	53.1529
381.0000	71.0000	51.8017	55.8473
382.0000	44.0000	-0.5627	16.6902
382.0000	50.0000	20.3690	-50.9950
382.0000	63.0000	49.0014	53.3583
382.0000	71.0000	51.2729	56.0729
383.0000	44.0000	-0.7305	16.4539
383.0000	50.0000	21.3325	-51.6842
383.0000	63.0000	48.5254	53.5331
383.0000	71.0000	50.7741	56.2666
384.0000	44.0000	-0.8558	16.2180
384.0000	50.0000	22.2146	-52.4244
384.0000	63.0000	48.1620	53.6093
384.0000	71.0000	50.4058	56.3447
385.0000	44.0000	-0.9945	15.9802
385.0000	50.0000	23.1626	-53.1491
385.0000	63.0000	47.7285	53.7457
385.0000	71.0000	49.9875	56.4628
386.0000	44.0000	-1.1145	15.7420
386.0000	50.0000	24.0914	-53.8954
386.0000	63.0000	47.3128	53.8671
386.0000	71.0000	49.6188	56.5362
387.0000	44.0000	-1.2010	15.5047
387.0000	50.0000	24.9520	-54.6812
387.0000	63.0000	47.0247	53.8753
387.0000	71.0000	49.3502	56.5244
388.0000	44.0000	-1.2939	15.2664
388.0000	50.0000	25.8396	-55.4433
388.0000	63.0000	46.7386	53.8776
388.0000	71.0000	49.0558	56.5333
389.0000	44.0000	-1.3510	15.0301
389.0000	50.0000	26.6313	-56.2423
389.0000	63.0000	46.5140	53.8339
389.0000	71.0000	48.8740	56.4486
390.0000	44.0000	-1.4319	14.8138
390.0000	50.0000	27.3841	-56.9594
390.0000	63.0000	46.2203	53.8519
390.0000	71.0000	48.6694	56.3827
391.0000	44.0000	-1.5284	14.6295
391.0000	50.0000	27.9175	-57.4871
391.0000	63.0000	45.9881	53.8144
391.0000	71.0000	48.4929	56.2934
392.0000	44.0000	-1.6326	14.4851
392.0000	50.0000	28.3481	-57.9972
392.0000	63.0000	45.8974	53.6540
392.0000	71.0000	48.3962	56.1390
393.0000	44.0000	-1.7796	14.3796
393.0000	50.0000	28.8777	-58.5708
393.0000	63.0000	45.7703	53.5240
393.0000	71.0000	48.2655	56.0127
394.0000	44.0000	-1.9432	14.3146
394.0000	50.0000	29.3502	-59.1698
394.0000	63.0000	45.7013	53.3468
394.0000	71.0000	48.1948	55.8374
395.0000	44.0000	-2.1482	14.2865
395.0000	50.0000	29.7199	-59.6248
395.0000	63.0000	45.6140	53.1847
395.0000	71.0000	48.1043	55.6784
396.0000	44.0000	-2.3786	14.2904
396.0000	50.0000	30.0714	-60.1354
396.0000	63.0000	45.5830	52.9770
396.0000	71.0000	48.0723	55.4718
397.0000	44.0000	-2.6475	14.3289
397.0000	50.0000	30.4152	-60.6357
397.0000	63.0000	45.5406	52.7788
397.0000	71.0000	48.0281	55.2754
398.0000	44.0000	-2.9436	14.3973
398.0000	50.0000	30.5860	-61.0249
398.0000	63.0000	45.5426	52.5446
398.0000	71.0000	48.0302	55.0410
399.0000	44.0000	-3.2826	14.4917
399.0000	50.0000	30.8137	-61.4455
399.0000	63.0000	45.5346	52.3186
399.0000	71.0000	48.0220	54.8153
400.0000	44.0000	-3.6539	14.6096
400.0000	50.0000	30.9865	-61.8777
400.0000	63.0000	45.5533	52.0708
400.0000	71.0000	48.0415	54.5667
401.0000	44.0000	-4.0689	14.7452
401.0000	50.0000	31.0490	-62.1744
401.0000	63.0000	45.5622	51.8311
401.0000	71.0000	48.0508	54.3265
402.0000	44.0000	-4.4563	14.8392
402.0000	50.0000	31.1630	-62.5242
402.0000	63.0000	45.5727	51.5899
402.0000	71.0000	48.0618	54.0849
403.0000	44.0000	-4.6818	14.8273
403.0000	50.0000	31.3452	-62.9278
403.0000	63.0000	45.5752	51.3554
403.0000	71.0000	48.0644	53.8503
404.0000	44.0000	-4.8719	14.7689
404.0000	50.0000	31.4741	-63.3307
404.0000	63.0000	45.6083	51.0952
404.0000	71.0000	48.0990	53.5886
405.0000	44.0000	-4.9344	14.6132
405.0000	50.0000	31.4166	-63.6440
405.0000	63.0000	45.6931	50.7912
405.0000	71.0000	48.1877	53.2807
406.0000	44.0000	-5.0542	14.5149
406.0000	50.0000	31.3862	-64.0265
406.0000	63.0000	45.8051	50.4640
406.0000	71.0000	48.3049	52.9483
407.0000	44.0000	-5.2124	14.4744
407.0000	50.0000	31.2384	-64.4370
407.0000	63.0000	45.9988	50.0659
407.0000	71.0000	48.5075	52.5412
408.0000	44.0000	-5.4243	14.4710
408.0000	50.0000	30.9929	-64.7937
408.0000	63.0000	46.2126	49.6489
408.0000	71.0000	48.7312	52.1142
409.0000	44.0000	-5.6550	14.5124
409.0000	50.0000	30.6363	-65.2066
409.0000	63.0000	46.5207	49.1465
409.0000	71.0000	49.0537	51.5971
410.0000	44.0000	-5.9311	14.5834
410.0000	50.0000	30.2693	-65.6211
410.0000	63.0000	46.8335	48.6362
410.0000	71.0000	49.3810	51.0715
411.0000	44.0000	-6.1395	14.6408
411.0000	50.0000	29.7780	-66.0907
411.0000	63.0000	47.2430	48.0326
411.0000	71.0000	49.8096	50.4478
412.0000	44.0000	-6.1878	14.6122
412.0000	50.0000	29.3018	-66.5581
412.0000	63.0000	47.6396	47.4342
412.0000	71.0000	50.2248	49.8295
413.0000	44.0000	-6.2655	14.6111
413.0000	50.0000	28.7691	-67.1472
413.0000	63.0000	48.1288	46.7395
413.0000	71.0000	50.7370	49.1097
414.0000	44.0000	-6.4211	14.6360
414.0000	50.0000	28.2524	-67.7114
414.0000	63.0000	48.5891	46.0626
414.0000	71.0000	51.2190	48.4087
415.0000	44.0000	-6.5070	14.6694
415.0000	50.0000	27.5367	-68.2507
415.0000	63.0000	49.1344	45.2896
415.0000	71.0000	51.7901	47.6065
416.0000	44.0000	-6.3606	14.5673
416.0000	50.0000	26.7919	-68.7956
416.0000	63.0000	49.6915	44.4900
416.0000	71.0000	52.3737	46.7762
417.0000	44.0000	-6.1631	14.4076
417.0000	50.0000	26.1196	-69.3638
417.0000	63.0000	50.2144	43.7109
417.0000	71.0000	52.9215	45.9676
418.0000	44.0000	-5.9420	14.2529
418.0000	50.0000	25.3836	-70.0264
418.0000	63.0000	50.8049	42.8425
418.0000	71.0000	53.5402	45.0649
419.0000	44.0000	-5.7371	14.0894
419.0000	50.0000	24.7470	-70.7090
419.0000	63.0000	51.3424	42.0149
419.0000	71.0000	54.1034	44.2052
420.0000	44.0000	-5.5056	13.9324
420.0000	50.0000	24.0334	-71.4712
420.0000	63.0000	51.9397	41.0996
420.0000	71.0000	54.7294	43.2533
421.0000	44.0000	-5.2926	13.7667
421.0000	50.0000	23.4139	-72.2476
421.0000	63.0000	52.4810	40.2299
421.0000	71.0000	55.2968	42.3493
422.0000	44.0000	-5.0571	13.6058
422.0000	50.0000	22.7163	-73.0931
422.0000	63.0000	53.0726	39.2776
422.0000	71.0000	55.9171	41.3583
423.0000	44.0000	-4.8411	13.4364
423.0000	50.0000	22.1102	-73.9491
423.0000	63.0000	53.6076	38.3739
423.0000	71.0000	56.4781	40.4186
424.0000	44.0000	-4.6055	13.2704
424.0000	50.0000	21.4239	-74.8675
424.0000	63.0000	54.1842	37.3925
424.0000	71.0000	57.0829	39.3971
425.0000	44.0000	-4.3752	13.1004
425.0000	50.0000	20.7604	-75.8129
425.0000	63.0000	54.7399	36.4138
425.0000	71.0000	57.6658	38.3785
426.0000	44.0000	-4.1583	12.9240
426.0000	50.0000	20.1532	-76.7743
426.0000	63.0000	55.2557	35.4653
426.0000	71.0000	58.2069	37.3917
427.0000	44.0000	-3.9272	12.7493
427.0000	63.0000	55.7980	34.4522
427.0000	71.0000	58.7761	36.3369
428.0000	44.0000	-3.7149	12.5672
428.0000	63.0000	56.2882	33.4900
428.0000	71.0000	59.2905	35.3357
429.0000	44.0000	-3.4888	12.3862
429.0000	63.0000	56.8027	32.4623
429.0000	71.0000	59.8308	34.2656
430.0000	44.0000	-3.2809	12.1985
430.0000	63.0000	57.2676	31.4858
430.0000	71.0000	60.3190	33.2494
431.0000	44.0000	-3.0610	12.0111
431.0000	63.0000	57.7517	30.4482
431.0000	71.0000	60.8275	32.1689
432.0000	44.0000	-2.8584	11.8178
432.0000	63.0000	58.1895	29.4608
432.0000	71.0000	61.2874	31.1413
433.0000	44.0000	-2.6453	11.6243
433.0000	63.0000	58.6422	28.4159
433.0000	71.0000	61.7631	30.0531
434.0000	44.0000	-2.4487	11.4254
434.0000	63.0000	59.0456	27.4311
434.0000	71.0000	62.1937	29.0167
435.0000	44.0000	-2.2427	11.2259
435.0000	63.0000	59.4462	26.4186
435.0000	71.0000	62.6361	27.9234
436.0000	44.0000	-2.0524	11.0216
436.0000	63.0000	59.7903	25.4879
436.0000	71.0000	63.0367	26.8803
437.0000	44.0000	-1.8539	10.8165
437.0000	63.0000	60.1224	24.5498
437.0000	71.0000	63.4459	25.7835
438.0000	44.0000	-1.6701	10.6070
438.0000	63.0000	60.3981	23.7048
438.0000	71.0000	63.8163	24.7356
439.0000	44.0000	-1.4791	10.3964
439.0000	63.0000	60.6605	22.8588
439.0000	71.0000	64.1926	23.6365
440.0000	44.0000	-1.2942	10.1829
440.0000	63.0000	60.8854	22.0705
440.0000	71.0000	64.5479	22.5480
441.0000	44.0000	-1.1195	9.9662
441.0000	63.0000	61.0966	21.2594
441.0000	71.0000	64.8750	21.4909
442.0000	44.0000	-0.9396	9.7480
442.0000	63.0000	61.4097	20.2699
442.0000	71.0000	65.2029	20.3893
443.0000	44.0000	-0.7727	9.5267
443.0000	63.0000	61.6377	19.3992
443.0000	71.0000	65.4987	19.3345
444.0000	44.0000	-0.6003	9.3037
444.0000	63.0000	61.8814	18.4612
444.0000	71.0000	65.7951	18.2325
445.0000	44.0000	-0.4402	9.0781
445.0000	63.0000	62.1509	17.4654
445.0000	71.0000	66.0616	17.1769
446.0000	44.0000	-0.2753	8.8507
446.0000	63.0000	62.3741	16.5175
446.0000	71.0000	66.3271	16.0754
447.0000	44.0000	-0.1221	8.6210
447.0000	63.0000	62.5825	15.5914
447.0000	71.0000	66.5648	15.0195
448.0000	44.0000	0.0355	8.3895
448.0000	63.0000	62.8244	14.5517
448.0000	71.0000	66.8001	13.9187
449.0000	44.0000	0.1820	8.1559
449.0000	63.0000	63.0016	13.6379
449.0000	71.0000	67.0097	12.8626
450.0000	44.0000	0.3324	7.9204
450.0000	63.0000	63.1927	12.6538
450.0000	71.0000	67.2153	11.7627
451.0000	44.0000	0.4723	7.6833
451.0000	63.0000	63.3850	11.6550
451.0000	71.0000	67.3972	10.7067
452.0000	44.0000	0.6119	7.4442
452.0000	63.0000	63.5642	10.6421
452.0000	71.0000	67.5693	9.6308
453.0000	44.0000	0.7397	7.2135
453.0000	63.0000	63.7319	9.6316
453.0000	71.0000	67.7250	8.5705
454.0000	44.0000	0.8756	6.9720
454.0000	63.0000	63.8924	8.5891
454.0000	71.0000	67.8725	7.4769
455.0000	44.0000	1.0025	6.7283
455.0000	63.0000	64.0339	7.5821
455.0000	71.0000	68.0007	6.4214
456.0000	44.0000	1.1317	6.4826
456.0000	63.0000	64.1687	6.5375
456.0000	71.0000	68.1206	5.3265
457.0000	44.0000	1.2565	6.2354
457.0000	63.0000	64.2890	5.5016
457.0000	71.0000	68.2258	4.2400
458.0000	44.0000	1.3716	5.9928
458.0000	63.0000	64.3912	4.5144
458.0000	71.0000	68.3128	3.2064
459.0000	44.0000	1.4680	5.7973
459.0000	63.0000	64.4768	3.6002
459.0000	71.0000	68.3837	2.2489
460.0000	44.0000	1.5163	5.6853
460.0000	63.0000	64.5312	2.9559
460.0000	71.0000	68.4275	1.5751
461.0000	44.0000	1.5563	5.6013
461.0000	63.0000	64.5652	2.5251
461.0000	71.0000	68.4544	1.1246
462.0000	44.0000	1.5641	5.5841
462.0000	63.0000	64.5706	2.4691
462.0000	71.0000	68.4588	1.0665
463.0000	44.0000	1.5631	5.5861
463.0000	63.0000	64.5702	2.4700
463.0000	71.0000	68.4585	1.0672
464.0000	44.0000	1.5617	5.5895
464.0000	63.0000	64.5692	2.4721
464.0000	71.0000	68.4575	1.0688
464.0000	173.0000	-4.9571	-79.3818
465.0000	44.0000	1.5608	5.5921
465.0000	63.0000	64.5683	2.4747
465.0000	71.0000	68.4566	1.0710
465.0000	173.0000	-5.1630	-78.0485
466.0000	44.0000	1.5604	5.5936
466.0000	63.0000	64.5678	2.4765
466.0000	71.0000	68.4561	1.0727
466.0000	173.0000	-5.3705	-76.6998
467.0000	44.0000	1.5603	5.5941
467.0000	63.0000	64.5677	2.4772
467.0000	71.0000	68.4560	1.0733
467.0000	173.0000	-5.5792	-75.3399
468.0000	44.0000	1.5603	5.5940
468.0000	63.0000	64.5677	2.4770
468.0000	71.0000	68.4561	1.0732
468.0000	173.0000	-5.7892	-73.9709
469.0000	44.0000	1.5599	5.5947
469.0000	63.0000	64.5678	2.4765
469.0000	71.0000	68.4561	1.0727
469.0000	173.0000	-6.0005	-72.5932
470.0000	44.0000	1.5600	5.5944
470.0000	63.0000	64.5678	2.4761
470.0000	71.0000	68.4562	1.0722
470.0000	173.0000	-6.2134	-71.2048
471.0000	44.0000	1.5600	5.5942
471.0000	63.0000	64.5679	2.4757
471.0000	71.0000	68.4562	1.0719
471.0000	173.0000	-6.4282	-69.8036
472.0000	44.0000	1.5600	5.5942
472.0000	63.0000	64.5679	2.4757
472.0000	71.0000	68.4562	1.0719
472.0000	173.0000	-6.6451	-68.3882
473.0000	44.0000	1.5600	5.5942
473.0000	63.0000	64.5679	2.4757
473.0000	71.0000	68.4562	1.0719
473.0000	173.0000	-6.8642	-66.9577
474.0000	44.0000	1.5600	5.5942
474.0000	63.0000	64.5679	2.4758
474.0000	71.0000	68.4562	1.0720
474.0000	173.0000	-7.0857	-65.5117
475.0000	44.0000	1.5599	5.5943
475.0000	63.0000	64.5678	2.4764
475.0000	71.0000	68.4562	1.0727
475.0000	173.0000	-7.3092	-64.0496
476.0000	44.0000	1.5543	5.6062
476.0000	63.0000	64.5683	2.4690
476.0000	71.0000	68.4565	1.0649
476.0000	173.0000	-7.5411	-62.5724
477.0000	44.0000	1.5379	5.6430
477.0000	63.0000	64.5706	2.4380
477.0000	71.0000	68.4582	1.0323
477.0000	173.0000	-7.7925	-61.0809
478.0000	44.0000	1.5178	5.6965
478.0000	63.0000	64.5811	2.2884
478.0000	71.0000	68.4661	0.8751
478.0000	173.0000	-8.1302	-59.5934
479.0000	44.0000	1.4903	5.7639
479.0000	63.0000	64.5990	2.0248
479.0000	71.0000	68.4793	0.5988
479.0000	173.0000	-8.5320	-58.1355
480.0000	44.0000	1.4570	5.8391
480.0000	63.0000	64.6244	1.6269
480.0000	71.0000	68.4979	0.1823
480.0000	173.0000	-9.0023	-56.7107
481.0000	44.0000	1.4571	5.8445
481.0000	63.0000	64.6540	1.1317
481.0000	71.0000	68.5188	-0.3359
481.0000	173.0000	-9.5159	-55.3074
482.0000	44.0000	1.5216	5.7147
482.0000	63.0000	64.6849	0.5560
482.0000	71.0000	68.5395	-0.9381
482.0000	173.0000	-10.0592	-53.9198
483.0000	44.0000	1.5494	5.6441
483.0000	63.0000	64.7143	-0.0806
483.0000	71.0000	68.5575	-1.6038
483.0000	173.0000	-10.6130	-52.5417
484.0000	44.0000	1.5566	5.6282
484.0000	63.0000	64.7415	-0.7995
484.0000	71.0000	68.5715	-2.3557
484.0000	173.0000	-11.1950	-51.1454
485.0000	44.0000	1.5431	5.6636
485.0000	63.0000	64.7636	-1.5559
485.0000	71.0000	68.5794	-3.1465
485.0000	173.0000	-11.7701	-49.7308
486.0000	44.0000	1.5071	5.7435
486.0000	63.0000	64.7794	-2.3539
486.0000	71.0000	68.5800	-3.9807
486.0000	173.0000	-12.3321	-48.3696
487.0000	44.0000	1.4487	5.8640
487.0000	63.0000	64.7878	-3.1892
487.0000	71.0000	68.5720	-4.8538
487.0000	173.0000	-12.8654	-47.2845
488.0000	44.0000	1.3685	6.0251
488.0000	63.0000	64.7878	-4.0485
488.0000	71.0000	68.5547	-5.7516
488.0000	173.0000	-13.3687	-46.4971
489.0000	44.0000	1.2716	6.2272
489.0000	63.0000	64.7786	-4.9280
489.0000	71.0000	68.5275	-6.6704
489.0000	173.0000	-13.8479	-46.0079
490.0000	44.0000	1.1466	6.4610
490.0000	63.0000	64.7597	-5.8278
490.0000	71.0000	68.4898	-7.6102
490.0000	173.0000	-14.3158	-45.6640
491.0000	44.0000	1.0089	6.7296
491.0000	63.0000	64.7290	-6.7720
491.0000	71.0000	68.4387	-8.5965
491.0000	173.0000	-14.8033	-45.2629
492.0000	44.0000	0.8394	7.0257
492.0000	63.0000	64.6894	-7.6976
492.0000	71.0000	68.3788	-9.5627
492.0000	173.0000	-15.2671	-44.8220
493.0000	44.0000	0.6554	7.3477
493.0000	63.0000	64.6371	-8.6591
493.0000	71.0000	68.3049	-10.5663
493.0000	173.0000	-15.7373	-44.3282
494.0000	44.0000	0.5014	7.6109
494.0000	63.0000	64.5672	-9.6966
494.0000	71.0000	68.2110	-11.6494
494.0000	173.0000	-16.2338	-43.7737
495.0000	44.0000	0.4654	7.7157
495.0000	63.0000	64.4890	-10.6992
495.0000	71.0000	68.1093	-12.6951
495.0000	173.0000	-16.6890	-43.1723
496.0000	44.0000	0.4064	7.8412
496.0000	63.0000	64.3939	-11.7378
496.0000	71.0000	67.9891	-13.7787
496.0000	173.0000	-17.1467	-42.5030
497.0000	44.0000	0.2808	8.0025
497.0000	63.0000	64.2922	-12.7344
497.0000	71.0000	67.8629	-14.8177
497.0000	173.0000	-17.5559	-41.7870
498.0000	44.0000	0.1665	8.2060
498.0000	63.0000	64.1720	-13.7682
498.0000	71.0000	67.7165	-15.8957
498.0000	173.0000	-17.9620	-41.0039
499.0000	44.0000	0.0303	8.4225
499.0000	63.0000	64.0447	-14.7712
499.0000	71.0000	67.5636	-16.9409
499.0000	173.0000	-18.3193	-40.1776
500.0000	44.0000	-0.0971	8.6348
500.0000	63.0000	63.8820	-15.9101
500.0000	71.0000	67.3707	-18.1282
500.0000	173.0000	-18.7202	-39.3752
501.0000	44.0000	-0.2113	8.8367
501.0000	63.0000	63.6761	-17.1940
501.0000	71.0000	67.1294	-19.4669
501.0000	173.0000	-19.2101	-38.8242
502.0000	44.0000	-0.3131	9.0234
502.0000	63.0000	63.4469	-18.5008
502.0000	71.0000	66.8633	-20.8288
502.0000	173.0000	-19.7398	-38.5640
503.0000	44.0000	-0.4079	9.1851
503.0000	63.0000	63.2168	-19.7341
503.0000	71.0000	66.5982	-22.1126
503.0000	173.0000	-20.2356	-38.4428
504.0000	44.0000	-0.4753	9.3175
504.0000	63.0000	62.9439	-21.0540
504.0000	71.0000	66.2863	-23.4870
504.0000	173.0000	-20.7784	-38.2911
505.0000	44.0000	-0.5363	9.4215
505.0000	63.0000	62.6577	-22.3552
505.0000	71.0000	65.9612	-24.8407
505.0000	173.0000	-21.3013	-38.1569
506.0000	44.0000	-0.4862	9.4164
506.0000	63.0000	62.2795	-23.8813
506.0000	71.0000	65.5346	-26.4299
506.0000	173.0000	-21.9375	-37.9498
507.0000	44.0000	-0.3436	9.2647
507.0000	63.0000	61.8835	-25.3891
507.0000	71.0000	65.0902	-27.9984
507.0000	173.0000	-22.5312	-37.6926
508.0000	44.0000	-0.2134	9.1123
508.0000	63.0000	61.4057	-27.0454
508.0000	71.0000	64.5568	-29.7216
508.0000	173.0000	-23.1707	-37.3187
509.0000	44.0000	-0.0859	8.9760
509.0000	63.0000	60.8755	-28.7542
509.0000	71.0000	63.9677	-31.4981
509.0000	173.0000	-23.7986	-36.8644
510.0000	44.0000	0.0299	8.8536
510.0000	63.0000	60.2837	-30.5247
510.0000	71.0000	63.3130	-33.3380
510.0000	173.0000	-24.4131	-36.3284
511.0000	44.0000	0.1830	8.6643
511.0000	63.0000	59.6264	-32.3527
511.0000	71.0000	62.5887	-35.2365
511.0000	173.0000	-25.0079	-35.7142
512.0000	44.0000	0.4491	8.3041
512.0000	63.0000	58.8607	-34.3069
512.0000	71.0000	61.7482	-37.2655
512.0000	173.0000	-25.6128	-34.9952
513.0000	44.0000	0.6650	7.9912
513.0000	63.0000	58.0403	-36.2643
513.0000	71.0000	60.8505	-39.2965
513.0000	173.0000	-26.1984	-34.3051
514.0000	44.0000	0.8659	7.6656
514.0000	63.0000	57.2458	-38.0704
514.0000	71.0000	59.9839	-41.1672
514.0000	173.0000	-26.8166	-33.9004
515.0000	44.0000	1.0907	7.2068
515.0000	63.0000	56.5386	-39.6548
515.0000	71.0000	59.2139	-42.8059
515.0000	173.0000	-27.4209	-33.7794
516.0000	44.0000	1.3346	6.7396
516.0000	63.0000	55.6672	-41.4142
516.0000	71.0000	58.2677	-44.6273
516.0000	173.0000	-28.1274	-33.5617
517.0000	44.0000	1.5614	6.2680
517.0000	63.0000	54.7819	-43.1153
517.0000	71.0000	57.3084	-46.3869
517.0000	173.0000	-28.8088	-33.3478
518.0000	44.0000	1.7722	5.8000
518.0000	63.0000	53.8870	-44.7509
518.0000	71.0000	56.3404	-48.0776
518.0000	173.0000	-29.4656	-33.1321
519.0000	44.0000	1.9307	5.3580
519.0000	63.0000	53.1676	-46.0848
519.0000	71.0000	55.5632	-49.4532
519.0000	173.0000	-29.9732	-33.0288
520.0000	44.0000	2.0986	4.9114
520.0000	63.0000	52.3284	-47.5152
520.0000	71.0000	54.6583	-50.9295
520.0000	173.0000	-30.5430	-32.8494
521.0000	44.0000	2.2602	4.4809
521.0000	63.0000	51.3832	-49.0215
521.0000	71.0000	53.6405	-52.4842
521.0000	173.0000	-31.1596	-32.6114
522.0000	44.0000	2.4136	4.0588
522.0000	63.0000	50.4594	-50.4279
522.0000	71.0000	52.6471	-53.9350
522.0000	173.0000	-31.7388	-32.3691
523.0000	44.0000	2.5024	3.6814
523.0000	63.0000	49.9199	-51.3538
523.0000	71.0000	52.0670	-54.8857
523.0000	173.0000	-32.0675	-32.3510
524.0000	44.0000	2.6086	3.3079
524.0000	63.0000	49.1886	-52.4383
524.0000	71.0000	51.2821	-56.0022
524.0000	173.0000	-32.5016	-32.1975
525.0000	44.0000	2.6941	2.9756
525.0000	63.0000	48.5633	-53.3572
525.0000	71.0000	50.6113	-56.9472
525.0000	173.0000	-32.8639	-32.0811
526.0000	44.0000	2.7488	2.7013
526.0000	63.0000	48.1516	-54.0072
526.0000	71.0000	50.1699	-57.6139
526.0000	173.0000	-33.0976	-32.0604
527.0000	44.0000	2.8035	2.4557
527.0000	63.0000	47.6305	-54.7433
527.0000	71.0000	49.6117	-58.3707
527.0000	173.0000	-33.3792	-31.9526
528.0000	44.0000	2.8559	2.2362
528.0000	63.0000	47.0154	-55.5596
528.0000	71.0000	48.9533	-59.2106
528.0000	173.0000	-33.6853	-31.7706
529.0000	44.0000	2.9067	2.0468
529.0000	63.0000	46.2814	-56.4750
529.0000	71.0000	48.1682	-60.1529
529.0000	173.0000	-34.0210	-31.4987
530.0000	44.0000	2.9529	1.8893
530.0000	63.0000	45.4591	-57.4585
530.0000	71.0000	47.2891	-61.1650
530.0000	173.0000	-34.3579	-31.1528
531.0000	44.0000	3.0033	1.6711
531.0000	63.0000	44.7086	-58.3762
531.0000	71.0000	46.4871	-62.1077
531.0000	173.0000	-34.6085	-30.8343
532.0000	44.0000	3.0679	1.3397
532.0000	63.0000	44.0273	-59.2280
532.0000	71.0000	45.7595	-62.9812
532.0000	173.0000	-34.7742	-30.5341
533.0000	44.0000	3.1150	1.0499
533.0000	63.0000	43.4429	-59.9612
533.0000	71.0000	45.1357	-63.7321
533.0000	173.0000	-34.8426	-30.2319
534.0000	44.0000	3.1588	0.8037
534.0000	63.0000	42.8938	-60.5965
534.0000	71.0000	44.5499	-64.3833
534.0000	173.0000	-34.8415	-29.8628
535.0000	44.0000	3.1836	0.6315
535.0000	63.0000	42.5788	-60.9847
535.0000	71.0000	44.2139	-64.7800
535.0000	173.0000	-34.6786	-29.5452
536.0000	44.0000	3.1969	0.5399
536.0000	63.0000	42.4048	-61.1913
536.0000	71.0000	44.0282	-64.9910
536.0000	173.0000	-34.4772	-29.2745
537.0000	44.0000	3.1996	0.5337
537.0000	63.0000	42.3588	-61.2257
537.0000	71.0000	43.9792	-65.0264
537.0000	173.0000	-34.3761	-29.1267
538.0000	44.0000	3.1917	0.5695
538.0000	63.0000	42.3577	-61.2303
538.0000	71.0000	43.9781	-65.0317
538.0000	173.0000	-34.2039	-28.9771
539.0000	44.0000	3.1758	0.6526
539.0000	63.0000	42.3561	-61.2319
539.0000	71.0000	43.9766	-65.0341
539.0000	173.0000	-34.0554	-28.8451
540.0000	44.0000	3.1508	0.7883
540.0000	63.0000	42.3550	-61.2300
540.0000	71.0000	43.9755	-65.0326
540.0000	173.0000	-34.0087	-28.7996
541.0000	44.0000	3.1152	0.9758
541.0000	63.0000	42.3546	-61.2279
541.0000	71.0000	43.9751	-65.0306
541.0000	173.0000	-33.8987	-28.7045
542.0000	44.0000	3.0704	1.2094
542.0000	63.0000	42.3406	-61.2416
542.0000	71.0000	43.9601	-65.0446
542.0000	173.0000	-33.7769	-28.5912
543.0000	44.0000	3.0169	1.4751
543.0000	63.0000	42.2417	-61.3303
543.0000	71.0000	43.8549	-65.1361
543.0000	173.0000	-33.6939	-28.4452
544.0000	44.0000	2.9535	1.7698
544.0000	63.0000	42.0795	-61.4812
544.0000	71.0000	43.6821	-65.2914
544.0000	173.0000	-33.6376	-28.2815
545.0000	44.0000	2.8720	2.0902
545.0000	63.0000	41.9544	-61.6288
545.0000	71.0000	43.5488	-65.4426
545.0000	173.0000	-33.5642	-28.1625
546.0000	44.0000	2.7824	2.4256
546.0000	63.0000	41.7692	-61.8471
546.0000	71.0000	43.3515	-65.6659
546.0000	173.0000	-33.5145	-28.0396
547.0000	44.0000	2.6747	2.7749
547.0000	63.0000	41.5543	-62.1128
547.0000	71.0000	43.1225	-65.9374
547.0000	173.0000	-33.4472	-27.9057
548.0000	44.0000	2.5455	3.1389
548.0000	63.0000	41.3412	-62.4014
548.0000	71.0000	42.8955	-66.2317
548.0000	173.0000	-33.3310	-27.7663
549.0000	44.0000	2.4045	3.5155
549.0000	63.0000	41.0668	-62.7535
549.0000	71.0000	42.6033	-66.5910
549.0000	173.0000	-33.2139	-27.6050
550.0000	44.0000	2.2337	3.9044
550.0000	63.0000	40.8288	-63.1006
550.0000	71.0000	42.3498	-66.9442
550.0000	173.0000	-33.0760	-27.4833
551.0000	44.0000	2.0346	4.3086
551.0000	63.0000	40.5937	-63.4578
551.0000	71.0000	42.0995	-67.3074
551.0000	173.0000	-32.9228	-27.3797
552.0000	44.0000	1.8073	4.7491
552.0000	63.0000	40.3950	-63.7820
552.0000	71.0000	41.8880	-67.6364
552.0000	173.0000	-32.7342	-27.2814
553.0000	44.0000	1.5466	5.2047
553.0000	63.0000	40.2176	-64.0956
553.0000	71.0000	41.6993	-67.9544
553.0000	173.0000	-32.5179	-27.1990
554.0000	44.0000	1.2522	5.6599
554.0000	63.0000	40.0521	-64.4141
554.0000	71.0000	41.5232	-68.2769
554.0000	173.0000	-32.2815	-27.1359
555.0000	44.0000	0.9308	6.1086
555.0000	63.0000	39.8982	-64.7416
555.0000	173.0000	-32.0272	-27.0965
556.0000	44.0000	0.5785	6.5422
556.0000	63.0000	39.7580	-65.0786
556.0000	173.0000	-31.7597	-27.0902
557.0000	44.0000	0.1940	6.9552
557.0000	63.0000	39.6341	-65.4248
557.0000	173.0000	-31.4821	-27.1190
558.0000	44.0000	-0.2378	7.3489
558.0000	63.0000	39.6612	-65.6952
558.0000	173.0000	-31.1350	-27.2465
559.0000	44.0000	-0.7178	7.7087
559.0000	63.0000	39.7531	-65.9442
559.0000	173.0000	-30.7480	-27.4259
560.0000	44.0000	-1.2220	8.0461
560.0000	63.0000	39.8372	-66.2126
560.0000	173.0000	-30.3582	-27.6227
561.0000	44.0000	-1.7500	8.3672
561.0000	63.0000	39.8799	-66.5079
561.0000	173.0000	-29.9878	-27.8050
562.0000	44.0000	-2.2959	8.6722
562.0000	63.0000	39.8915	-66.8271
562.0000	173.0000	-29.6242	-27.9796
563.0000	44.0000	-2.8773	8.9451
563.0000	63.0000	39.9530	-67.1266
563.0000	173.0000	-29.2247	-28.1994
564.0000	44.0000	-3.5091	9.1738
564.0000	63.0000	40.1312	-67.3688
564.0000	173.0000	-28.7768	-28.4846
565.0000	44.0000	-4.2048	9.3515
565.0000	63.0000	40.5142	-67.4990
565.0000	173.0000	-28.2466	-28.8864
566.0000	44.0000	-4.9644	9.4797
566.0000	63.0000	41.0749	-67.5192
566.0000	173.0000	-27.6400	-29.3714
567.0000	44.0000	-5.7481	9.5744
567.0000	63.0000	41.6151	-67.5467
567.0000	173.0000	-27.0324	-29.8456
568.0000	44.0000	-6.5938	9.6101
568.0000	63.0000	42.3196	-67.4602
568.0000	173.0000	-26.3492	-30.3852
569.0000	44.0000	-7.4617	9.6097
569.0000	63.0000	43.0306	-67.3597
569.0000	173.0000	-25.6561	-30.9232
570.0000	44.0000	-8.3841	9.5427
570.0000	173.0000	-24.8866	-31.5162
571.0000	44.0000	-9.3270	9.4124
571.0000	173.0000	-24.1073	-32.1129
572.0000	44.0000	-10.3598	9.1525
572.0000	173.0000	-23.1458	-32.8518
573.0000	44.0000	-11.4267	8.7928
573.0000	173.0000	-22.1272	-33.6301
574.0000	44.0000	-12.4710	8.3806
574.0000	173.0000	-21.1888	-34.3447
575.0000	44.0000	-13.5885	7.8060
575.0000	173.0000	-20.0379	-35.1813
576.0000	44.0000	-14.6777	7.1717
576.0000	173.0000	-19.0213	-35.9791
577.0000	44.0000	-15.7812	6.4133
577.0000	173.0000	-18.0977	-36.8630
578.0000	44.0000	-16.8612	5.5798
578.0000	173.0000	-17.1198	-37.7117
579.0000	44.0000	-17.9291	4.6406
579.0000	173.0000	-16.0255	-38.5332
580.0000	44.0000	-18.9675	3.6180
580.0000	173.0000	-14.9643	-39.3440
581.0000	44.0000	-19.8809	2.5800
581.0000	173.0000	-14.1387	-40.1587
582.0000	44.0000	-20.5433	1.5468
582.0000	173.0000	-13.2125	-40.9378
583.0000	44.0000	-21.1636	0.5011
583.0000	173.0000	-12.2669	-41.6507
584.0000	44.0000	-21.7907	-0.6241
584.0000	173.0000	-11.3670	-42.3550
585.0000	44.0000	-22.4290	-1.7894
585.0000	173.0000	-10.5537	-43.0876
586.0000	44.0000	-23.0759	-2.9923
586.0000	173.0000	-9.6766	-43.7751
587.0000	44.0000	-23.6430	-4.2181
587.0000	173.0000	-8.8242	-44.4548
588.0000	44.0000	-24.0116	-5.3488
588.0000	173.0000	-8.0112	-45.1205
589.0000	44.0000	-24.3817	-6.4931
589.0000	173.0000	-7.1843	-45.7368
590.0000	44.0000	-24.7715	-7.6954
590.0000	173.0000	-6.3575	-46.3171
591.0000	44.0000	-25.1906	-8.9176
591.0000	173.0000	-5.5274	-46.8657
592.0000	44.0000	-25.5544	-10.1187
592.0000	173.0000	-4.7084	-47.3923
593.0000	44.0000	-25.7538	-11.2076
593.0000	173.0000	-3.8926	-47.8986
594.0000	44.0000	-25.9656	-12.3572
594.0000	173.0000	-3.1372	-48.4440
595.0000	44.0000	-26.1920	-13.5880
595.0000	173.0000	-2.5451	-49.0942
596.0000	44.0000	-26.4401	-14.8267
596.0000	173.0000	-1.9040	-49.7017
597.0000	44.0000	-26.6708	-16.0909
597.0000	173.0000	-1.2075	-50.2731
598.0000	44.0000	-26.8851	-17.3778
598.0000	173.0000	-0.4858	-50.8226
599.0000	44.0000	-27.0687	-18.6903
599.0000	173.0000	0.2464	-51.3642
600.0000	44.0000	-27.2275	-20.0048
600.0000	173.0000	0.9882	-51.8974
601.0000	44.0000	-27.3439	-21.3158
601.0000	173.0000	1.7395	-52.4131
602.0000	44.0000	-27.4278	-22.6041
602.0000	173.0000	2.4930	-52.9124
603.0000	44.0000	-27.4899	-23.8792
603.0000	173.0000	3.1507	-53.4645
604.0000	44.0000	-27.5480	-25.1563
604.0000	173.0000	3.6282	-54.1388
605.0000	44.0000	-27.6083	-26.4503
605.0000	173.0000	4.1349	-54.7756
606.0000	44.0000	-27.6790	-27.7670
606.0000	173.0000	4.5908	-55.4386
607.0000	44.0000	-27.7635	-29.1116
607.0000	173.0000	4.9683	-56.1532
608.0000	44.0000	-27.8644	-30.4850
608.0000	173.0000	5.3749	-56.8258
609.0000	44.0000	-27.9687	-31.8991
609.0000	173.0000	5.7441	-57.5223
610.0000	44.0000	-28.0870	-33.3453
610.0000	173.0000	6.0399	-58.2666
611.0000	44.0000	-28.2111	-34.8273
611.0000	173.0000	6.3701	-58.9690
612.0000	44.0000	-28.2999	-36.2718
612.0000	173.0000	6.6715	-59.6950
613.0000	44.0000	-28.3383	-37.5152
613.0000	173.0000	6.9019	-60.4638
614.0000	44.0000	-28.3713	-38.7764
614.0000	173.0000	7.1818	-61.1627
615.0000	44.0000	-28.3666	-40.0148
615.0000	173.0000	7.4317	-61.8759
616.0000	44.0000	-28.3494	-41.0713
616.0000	173.0000	7.6124	-62.6342
617.0000	44.0000	-28.3429	-42.1972
617.0000	173.0000	7.8342	-63.3454
618.0000	44.0000	-28.3314	-43.3038
618.0000	173.0000	8.0156	-64.0803
619.0000	44.0000	-28.2921	-44.2604
619.0000	173.0000	8.1472	-64.8585
620.0000	44.0000	-28.2767	-45.3023
620.0000	173.0000	8.3203	-65.5892
621.0000	44.0000	-28.2640	-46.3290
621.0000	173.0000	8.4675	-66.3417
622.0000	44.0000	-28.2183	-47.2178
622.0000	173.0000	8.5595	-67.1378
623.0000	44.0000	-28.2008	-48.2039
623.0000	173.0000	8.7025	-67.8842
624.0000	44.0000	-28.1856	-49.1765
624.0000	173.0000	8.8219	-68.6512
625.0000	44.0000	-28.1493	-50.0357
625.0000	160.0000	14.8116	77.9870
625.0000	173.0000	8.8869	-69.4623
626.0000	44.0000	-28.1412	-50.9928
626.0000	160.0000	14.7521	77.1700
626.0000	173.0000	8.9991	-70.2230
627.0000	44.0000	-28.1342	-51.9350
627.0000	160.0000	14.6971	76.3489
627.0000	173.0000	9.0921	-71.0035
628.0000	44.0000	-28.1111	-52.7937
628.0000	160.0000	14.6527	75.5231
628.0000	173.0000	9.1364	-71.8271
629.0000	44.0000	-28.1121	-53.7400
629.0000	160.0000	14.6178	74.6948
629.0000	173.0000	9.2301	-72.5962
630.0000	44.0000	-28.1114	-54.6484
630.0000	160.0000	14.5864	73.8732
630.0000	173.0000	9.3416	-73.3384
631.0000	44.0000	-28.0929	-55.4763
631.0000	160.0000	14.5542	73.0704
631.0000	173.0000	9.4710	-74.0450
632.0000	44.0000	-28.0910	-56.3615
632.0000	160.0000	14.5244	72.2848
632.0000	173.0000	9.6283	-74.7009
633.0000	44.0000	-28.0912	-57.2009
633.0000	160.0000	14.5016	71.5169
633.0000	173.0000	9.8008	-75.3162
634.0000	44.0000	-28.0799	-57.9682
634.0000	160.0000	14.4821	70.7686
634.0000	173.0000	9.9851	-75.8939
635.0000	44.0000	-28.0842	-58.7920
635.0000	160.0000	14.4632	70.0404
635.0000	173.0000	10.1794	-76.4331
636.0000	44.0000	-28.0876	-59.5589
636.0000	160.0000	14.4466	69.3425
636.0000	173.0000	10.3850	-76.9195
637.0000	44.0000	-28.0798	-60.2507
637.0000	160.0000	14.4328	68.6666
637.0000	173.0000	10.5973	-77.3610
638.0000	44.0000	-28.0859	-61.0009
638.0000	160.0000	14.4182	68.0109
638.0000	173.0000	10.8149	-77.7749
639.0000	44.0000	-28.0942	-61.7085
639.0000	160.0000	14.4087	67.3710
639.0000	173.0000	11.0272	-78.1726
640.0000	44.0000	-28.0918	-62.3549
640.0000	160.0000	14.4002	66.7472
640.0000	173.0000	11.2327	-78.5363
641.0000	44.0000	-28.1063	-63.0665
641.0000	160.0000	14.3934	66.1377
641.0000	173.0000	11.3912	-78.9449
642.0000	44.0000	-28.1187	-63.7331
642.0000	160.0000	14.3884	65.5408
643.0000	44.0000	-28.1180	-64.3288
643.0000	160.0000	14.3844	64.9552
644.0000	44.0000	-28.1313	-64.9903
644.0000	160.0000	14.3812	64.3801
645.0000	44.0000	-28.1429	-65.6170
645.0000	160.0000	14.3780	63.8150
646.0000	44.0000	-28.1430	-66.1829
646.0000	160.0000	14.3753	63.2592
647.0000	44.0000	-28.1562	-66.8170
647.0000	160.0000	14.3726	62.7119
648.0000	44.0000	-28.1673	-67.4188
648.0000	160.0000	14.3695	62.1727
649.0000	44.0000	-28.1673	-67.9606
649.0000	160.0000	14.3667	61.6406
650.0000	44.0000	-28.1803	-68.5735
650.0000	160.0000	14.3639	61.1146
651.0000	44.0000	-28.1938	-69.1592
651.0000	160.0000	14.3632	60.5902
652.0000	44.0000	-28.1972	-69.6907
652.0000	160.0000	14.3641	60.0662
653.0000	44.0000	-28.2151	-70.2981
653.0000	160.0000	14.3673	59.5423
654.0000	44.0000	-28.2339	-70.8803
654.0000	160.0000	14.3721	59.0187
655.0000	44.0000	-28.2440	-71.4056
655.0000	160.0000	14.3789	58.4967
656.0000	44.0000	-28.2667	-71.9826
656.0000	160.0000	14.3871	58.0000
657.0000	44.0000	-28.2910	-72.5133
657.0000	160.0000	14.3965	57.5253
658.0000	44.0000	-28.3090	-72.9958
658.0000	160.0000	14.4080	57.0587
659.0000	44.0000	-28.3424	-73.5567
659.0000	160.0000	14.4208	56.5931
660.0000	44.0000	-28.3901	-74.1757
660.0000	160.0000	14.4366	56.1286
661.0000	160.0000	14.4541	55.6723
662.0000	160.0000	14.4725	55.2462
663.0000	160.0000	14.4926	54.8521
664.0000	160.0000	14.5159	54.4743
665.0000	160.0000	14.5386	54.1150
666.0000	160.0000	14.5626	53.7728
667.0000	160.0000	14.5879	53.4417
668.0000	160.0000	14.6142	53.1212
669.0000	160.0000	14.6439	52.8103
670.0000	160.0000	14.6704	52.5083
671.0000	160.0000	14.6994	52.2082
672.0000	160.0000	14.7265	51.9112
673.0000	160.0000	14.7566	51.6160
674.0000	160.0000	14.7842	51.3226
675.0000	160.0000	14.8111	51.0310
676.0000	160.0000	14.8351	50.7663
677.0000	160.0000	14.8743	50.5277
678.0000	160.0000	14.8931	50.3050
679.0000	160.0000	14.9172	50.0749
680.0000	160.0000	14.9429	49.8386
681.0000	160.0000	14.9683	49.6037
682.0000	160.0000	14.9889	49.3707
683.0000	160.0000	15.0124	49.1340
684.0000	160.0000	15.0363	48.8956
685.0000	160.0000	15.0600	48.6578
686.0000	160.0000	15.0835	48.4198
687.0000	160.0000	15.1064	48.1859
688.0000	160.0000	15.1268	47.9803
689.0000	160.0000	15.1383	47.8222
690.0000	160.0000	15.1433	47.7163
691.0000	160.0000	15.1448	47.6908
692.0000	160.0000	15.1449	47.6940
693.0000	160.0000	15.1450	47.7004
694.0000	160.0000	15.1450	47.7045
695.0000	160.0000	15.1450	47.7062
696.0000	160.0000	15.1450	47.7066
697.0000	160.0000	15.1450	47.7066
698.0000	160.0000	15.1442	47.7063
699.0000	160.0000	15.1442	47.7060
700.0000	160.0000	15.1442	47.7058
701.0000	160.0000	15.1442	47.7058
702.0000	160.0000	15.1442	47.7058
703.0000	160.0000	15.1442	47.7058
704.0000	160.0000	15.1442	47.7058
705.0000	160.0000	15.1442	47.7058
706.0000	160.0000	15.1442	47.7058
706.0000	173.0000	12.3072	-78.9477
707.0000	160.0000	15.1442	47.7058
707.0000	173.0000	12.1629	-78.5991
708.0000	160.0000	15.1442	47.7058
708.0000	173.0000	12.0079	-78.2562
709.0000	160.0000	15.1442	47.7058
709.0000	173.0000	11.8436	-77.9045
710.0000	160.0000	15.1442	47.7058
710.0000	173.0000	11.6574	-77.5428
711.0000	160.0000	15.1442	47.7058
711.0000	173.0000	11.4694	-77.1801
712.0000	160.0000	15.1442	47.7058
712.0000	173.0000	11.2838	-76.8329
713.0000	160.0000	15.1442	47.7058
713.0000	173.0000	11.0876	-76.4994
714.0000	160.0000	15.1442	47.7058
714.0000	173.0000	10.8840	-76.1595
715.0000	160.0000	15.1442	47.7058
715.0000	173.0000	10.6669	-75.8199
716.0000	160.0000	15.1442	47.7058
716.0000	173.0000	10.4462	-75.4866
717.0000	160.0000	15.1351	47.7056
717.0000	173.0000	10.2206	-75.1537
718.0000	160.0000	15.1337	47.7056
718.0000	173.0000	9.9782	-74.8190
719.0000	160.0000	15.1337	47.7056
719.0000	173.0000	9.7274	-74.4810
720.0000	160.0000	15.1337	47.7056
720.0000	173.0000	9.4587	-74.1366
721.0000	160.0000	15.1337	47.7056
721.0000	173.0000	9.1670	-73.7768
722.0000	160.0000	15.1337	47.7056
722.0000	173.0000	8.8429	-73.4023
723.0000	160.0000	15.1328	47.7056
723.0000	173.0000	8.4904	-73.0062
724.0000	160.0000	15.1328	47.7056
724.0000	173.0000	8.0986	-72.5978
725.0000	160.0000	15.1328	47.7056
725.0000	173.0000	7.6718	-72.1739
726.0000	160.0000	15.1328	47.7056
726.0000	173.0000	7.2046	-71.7424
727.0000	160.0000	15.1328	47.7056
727.0000	173.0000	6.6992	-71.3036
728.0000	160.0000	15.1319	47.7056
728.0000	173.0000	6.1537	-70.8636
729.0000	160.0000	15.1319	47.7056
729.0000	173.0000	5.5686	-70.4258
730.0000	160.0000	15.1319	47.7056
730.0000	173.0000	4.9441	-69.9949
731.0000	160.0000	15.1319	47.7056
731.0000	173.0000	4.2810	-69.5746
732.0000	160.0000	15.1319	47.7056
732.0000	173.0000	3.5802	-69.1691
733.0000	160.0000	15.1319	47.7056
733.0000	173.0000	2.8413	-68.7856
734.0000	160.0000	15.1320	47.7056
734.0000	173.0000	2.0667	-68.4265
735.0000	160.0000	15.1311	47.7056
735.0000	173.0000	1.2606	-68.0885
736.0000	160.0000	15.1311	47.7056
736.0000	173.0000	0.4211	-67.7868
737.0000	160.0000	15.1311	47.7056
737.0000	173.0000	-0.4467	-67.5142
738.0000	160.0000	15.1311	47.7056
738.0000	173.0000	-1.3262	-67.2860
739.0000	160.0000	15.1311	47.7056
739.0000	173.0000	-2.2073	-67.0933
740.0000	160.0000	15.1311	47.7056
740.0000	173.0000	-3.0887	-66.9404
741.0000	160.0000	15.1311	47.7056
741.0000	173.0000	-3.9692	-66.8285
742.0000	160.0000	15.1311	47.7056
742.0000	173.0000	-4.8463	-66.7560
743.0000	160.0000	15.1311	47.7056
743.0000	173.0000	-5.7475	-66.7217
744.0000	160.0000	15.1311	47.7056
744.0000	173.0000	-6.6851	-66.7494
745.0000	160.0000	15.1311	47.7056
745.0000	173.0000	-7.6567	-66.8208
746.0000	160.0000	15.1311	47.7056
746.0000	173.0000	-8.6545	-66.9502
747.0000	160.0000	15.1303	47.7056
747.0000	173.0000	-9.5971	-67.1206
748.0000	160.0000	15.1303	47.7056
748.0000	173.0000	-10.3224	-67.2289
749.0000	160.0000	15.1303	47.7056
749.0000	173.0000	-11.0462	-67.3570
750.0000	160.0000	15.1303	47.7056
750.0000	173.0000	-11.7111	-67.5343
751.0000	160.0000	15.1303	47.7056
751.0000	173.0000	-12.1681	-67.6397
752.0000	160.0000	15.1294	47.7056
752.0000	173.0000	-12.5424	-67.7108
753.0000	160.0000	15.1294	47.7056
753.0000	173.0000	-12.7231	-67.7515
754.0000	160.0000	15.1294	47.7056
754.0000	173.0000	-12.9524	-67.8177
755.0000	160.0000	15.1294	47.7056
755.0000	173.0000	-13.2505	-67.9081
756.0000	160.0000	15.1294	47.7056
756.0000	173.0000	-13.6046	-68.0456
757.0000	160.0000	15.1294	47.7056
757.0000	173.0000	-14.0212	-68.2047
758.0000	160.0000	15.1294	47.7056
758.0000	173.0000	-14.4892	-68.4065
759.0000	160.0000	15.1294	47.7056
759.0000	173.0000	-15.0069	-68.6468
760.0000	160.0000	15.1294	47.7056
760.0000	173.0000	-15.5612	-68.9420
761.0000	160.0000	15.1294	47.7056
761.0000	173.0000	-16.1564	-69.2766
762.0000	160.0000	15.1294	47.7056
762.0000	173.0000	-16.7795	-69.6641
763.0000	160.0000	15.1294	47.7056
763.0000	173.0000	-17.4247	-70.1066
764.0000	160.0000	15.1294	47.7056
764.0000	173.0000	-18.0832	-70.6076
765.0000	160.0000	15.1294	47.7056
765.0000	173.0000	-18.7550	-71.1612
766.0000	160.0000	15.1294	47.7056
766.0000	173.0000	-19.4307	-71.7718
767.0000	160.0000	15.1294	47.7056
767.0000	173.0000	-20.0975	-72.4460
768.0000	160.0000	15.1294	47.7056
768.0000	173.0000	-20.7544	-73.1784
769.0000	160.0000	15.1294	47.7056
769.0000	173.0000	-21.3490	-73.9014
770.0000	160.0000	15.1294	47.7056
770.0000	173.0000	-21.7756	-74.4080
771.0000	160.0000	15.1294	47.7056
771.0000	173.0000	-22.0135	-74.6854
772.0000	160.0000	15.1294	47.7056
772.0000	173.0000	-22.0668	-74.7428
773.0000	160.0000	15.1294	47.7056
773.0000	173.0000	-22.0777	-74.7437
774.0000	160.0000	15.1294	47.7056
774.0000	173.0000	-22.0862	-74.7454
775.0000	160.0000	15.1294	47.7056
775.0000	173.0000	-22.0906	-74.7471
776.0000	160.0000	15.1294	47.7056
776.0000	173.0000	-22.1087	-74.7704
777.0000	160.0000	15.1294	47.7056
777.0000	173.0000	-22.2007	-74.8988
778.0000	160.0000	15.1294	47.7056
778.0000	173.0000	-22.3503	-75.1116
779.0000	160.0000	15.1294	47.7056
779.0000	173.0000	-22.5424	-75.3958
780.0000	160.0000	15.1294	47.7056
780.0000	173.0000	-22.8079	-75.6929
781.0000	160.0000	15.1294	47.7056
781.0000	173.0000	-23.0624	-76.0896
782.0000	160.0000	15.1295	47.7056
783.0000	160.0000	15.1286	47.7055
784.0000	160.0000	15.1286	47.7055
785.0000	160.0000	15.1286	47.7055
786.0000	160.0000	15.1286	47.7055
787.0000	160.0000	15.1286	47.7055
788.0000	160.0000	15.1170	47.7053
789.0000	160.0000	15.1156	47.7053
789.0000	242.0000	71.2377	35.9171
790.0000	160.0000	15.1155	47.7053
790.0000	242.0000	71.2183	35.2656
791.0000	160.0000	15.1155	47.7053
791.0000	242.0000	71.2064	34.8200
792.0000	160.0000	15.1146	47.7053
792.0000	242.0000	71.1977	34.3527
793.0000	160.0000	15.1146	47.7053
793.0000	242.0000	71.1850	33.8250
794.0000	160.0000	15.1146	47.7053
794.0000	242.0000	71.1729	33.2477
795.0000	160.0000	15.1146	47.7053
795.0000	242.0000	71.1618	32.6259
796.0000	160.0000	15.1146	47.7053
796.0000	242.0000	71.1505	31.9630
797.0000	160.0000	15.1146	47.7053
797.0000	242.0000	71.1393	31.2636
798.0000	160.0000	15.1146	47.7053
798.0000	242.0000	71.1286	30.5314
799.0000	160.0000	15.1146	47.7053
799.0000	242.0000	71.1185	29.7692
800.0000	160.0000	15.1146	47.7053
800.0000	242.0000	71.1087	28.9793
801.0000	160.0000	15.1146	47.7053
801.0000	242.0000	71.0996	28.1640
802.0000	160.0000	15.1146	47.7053
802.0000	242.0000	71.0916	27.3251
803.0000	160.0000	15.1137	47.7053
803.0000	242.0000	71.0842	26.4642
804.0000	160.0000	15.1137	47.7053
804.0000	242.0000	71.0773	25.5834
805.0000	160.0000	15.1137	47.7053
805.0000	242.0000	71.0710	24.6840
806.0000	160.0000	15.1137	47.7053
806.0000	242.0000	71.0654	23.7703
807.0000	160.0000	15.1137	47.7053
807.0000	242.0000	71.0605	22.8618
808.0000	160.0000	15.1137	47.7053
808.0000	242.0000	71.0567	21.9607
809.0000	160.0000	15.1137	47.7053
809.0000	242.0000	71.0532	21.0677
810.0000	160.0000	15.1137	47.7053
810.0000	242.0000	71.0505	20.1831
811.0000	160.0000	15.1137	47.7053
811.0000	242.0000	71.0486	19.3015
812.0000	160.0000	15.1137	47.7053
812.0000	242.0000	71.0476	18.3884
813.0000	160.0000	15.1137	47.7053
813.0000	242.0000	71.0469	17.4383
814.0000	160.0000	15.1137	47.7053
814.0000	242.0000	71.0465	16.4524
815.0000	160.0000	15.1137	47.7053
815.0000	242.0000	71.0466	15.4332
816.0000	160.0000	15.1137	47.7053
816.0000	242.0000	71.0471	14.3824
817.0000	160.0000	15.1138	47.7053
817.0000	242.0000	71.0480	13.3019
818.0000	160.0000	15.1129	47.7053
818.0000	242.0000	71.0492	12.1933
819.0000	160.0000	15.1129	47.7053
819.0000	242.0000	71.0507	11.0584
820.0000	160.0000	15.1129	47.7053
820.0000	242.0000	71.0525	9.8998
821.0000	160.0000	15.1121	47.7052
821.0000	242.0000	71.0546	8.7209
822.0000	160.0000	15.1121	47.7052
822.0000	242.0000	71.0570	7.5246
823.0000	160.0000	15.1121	47.7052
823.0000	242.0000	71.0596	6.3142
824.0000	160.0000	15.1121	47.7052
824.0000	242.0000	71.0624	5.0920
825.0000	160.0000	15.1121	47.7052
825.0000	242.0000	71.0654	3.8603
826.0000	160.0000	15.1121	47.7052
826.0000	242.0000	71.0686	2.6208
827.0000	160.0000	15.1121	47.7052
827.0000	242.0000	71.0719	1.3750
828.0000	160.0000	15.1121	47.7052
828.0000	242.0000	71.0754	0.1241
829.0000	160.0000	15.1121	47.7052
829.0000	242.0000	71.0790	-1.1310
830.0000	160.0000	15.1112	47.7052
830.0000	242.0000	71.0827	-2.3894
831.0000	160.0000	15.1112	47.7052
831.0000	242.0000	71.0866	-3.6507
832.0000	160.0000	15.1112	47.7052
832.0000	242.0000	71.0905	-4.9142
833.0000	160.0000	15.1112	47.7052
833.0000	242.0000	71.0945	-6.1796
834.0000	160.0000	15.1112	47.7052
834.0000	242.0000	71.0985	-7.4466
835.0000	160.0000	15.1112	47.7052
835.0000	242.0000	71.1026	-8.7164
836.0000	160.0000	15.1112	47.7052
836.0000	242.0000	71.1068	-9.9864
837.0000	160.0000	15.1112	47.7052
837.0000	242.0000	71.1110	-11.2570
838.0000	160.0000	15.1112	47.7052
838.0000	242.0000	71.1152	-12.5316
839.0000	160.0000	15.1112	47.7052
839.0000	242.0000	71.1194	-13.8050
840.0000	160.0000	15.1113	47.7052
840.0000	242.0000	71.1237	-15.0783
841.0000	160.0000	15.1104	47.7052
841.0000	242.0000	71.1280	-16.3554
842.0000	160.0000	15.1104	47.7052
842.0000	242.0000	71.1323	-17.6309
843.0000	160.0000	15.1104	47.7052
843.0000	242.0000	71.1366	-18.9064
844.0000	160.0000	15.1104	47.7052
844.0000	242.0000	71.1409	-20.1854
845.0000	160.0000	15.1104	47.7052
845.0000	242.0000	71.1452	-21.4625
846.0000	160.0000	15.1095	47.7052
846.0000	242.0000	71.1494	-22.7398
847.0000	160.0000	15.1078	47.7052
847.0000	242.0000	71.1537	-24.0203
848.0000	160.0000	15.1067	47.7052
848.0000	242.0000	71.1580	-25.2987
849.0000	160.0000	15.1067	47.7052
849.0000	242.0000	71.1624	-26.5775
850.0000	160.0000	15.1067	47.7052
850.0000	242.0000	71.1667	-27.8592
851.0000	160.0000	15.1067	47.7052
851.0000	242.0000	71.1711	-29.1387
852.0000	160.0000	15.1067	47.7052
852.0000	242.0000	71.1754	-30.4189
853.0000	160.0000	15.1067	47.7052
853.0000	242.0000	71.1796	-31.7017
854.0000	160.0000	15.1067	47.7052
854.0000	242.0000	71.1839	-32.9822
855.0000	160.0000	15.1067	47.7052
855.0000	242.0000	71.1882	-34.2637
856.0000	160.0000	15.1067	47.7052
856.0000	242.0000	71.1924	-35.5474
857.0000	160.0000	15.1067	47.7052
858.0000	160.0000	15.1067	47.7052
859.0000	160.0000	15.1067	47.7052
860.0000	160.0000	15.1068	47.7052
861.0000	160.0000	15.1059	47.7051
862.0000	160.0000	15.1059	47.7051
863.0000	160.0000	15.1059	47.7051
864.0000	160.0000	15.1059	47.7051
865.0000	160.0000	15.1059	47.7051
866.0000	160.0000	15.1059	47.7051
867.0000	160.0000	15.1059	47.7051
868.0000	160.0000	15.1059	47.7051
869.0000	160.0000	15.0960	47.7050
870.0000	160.0000	15.0944	47.7050
871.0000	160.0000	15.0944	47.7050
872.0000	160.0000	15.0943	47.7050
873.0000	160.0000	15.0943	47.7050
874.0000	160.0000	15.0943	47.7050
875.0000	160.0000	15.0943	47.7050
876.0000	160.0000	15.0792	47.7047
877.0000	160.0000	15.0368	47.7039
878.0000	160.0000	14.9586	47.7024
879.0000	160.0000	14.8406	47.7002
880.0000	160.0000	14.6831	47.6972
881.0000	160.0000	14.4867	47.6935
882.0000	160.0000	14.2525	47.6891
883.0000	160.0000	13.9913	47.6843
884.0000	160.0000	13.7298	47.6794
885.0000	160.0000	13.4692	47.6745
886.0000	160.0000	13.2093	47.6696
887.0000	160.0000	12.9504	47.6647
888.0000	160.0000	12.6858	47.6597
889.0000	160.0000	12.3902	47.6543
890.0000	160.0000	12.1192	47.6515
891.0000	160.0000	12.0603	47.6503
892.0000	160.0000	12.0590	47.6500
893.0000	160.0000	12.0578	47.6500
894.0000	160.0000	12.0571	47.6500
895.0000	160.0000	12.0567	47.6500
896.0000	160.0000	12.0565	47.6500
897.0000	160.0000	12.0563	47.6500
898.0000	160.0000	12.0563	47.6500
899.0000	160.0000	12.0562	47.6500
900.0000	160.0000	12.0553	47.6500
901.0000	160.0000	12.0553	47.6500
902.0000	160.0000	12.0553	47.6500
903.0000	160.0000	12.0553	47.6500
904.0000	160.0000	12.0553	47.6500
905.0000	160.0000	12.0553	47.6500
906.0000	160.0000	12.0553	47.6500
907.0000	160.0000	12.0553	47.6500
908.0000	160.0000	12.0553	47.6500
909.0000	160.0000	12.0553	47.6500
910.0000	160.0000	12.0553	47.6500
911.0000	160.0000	12.0553	47.6500
912.0000	160.0000	12.0553	47.6500
913.0000	160.0000	12.0553	47.6500
914.0000	160.0000	12.0553	47.6500
915.0000	160.0000	12.0553	47.6500
916.0000	160.0000	12.0553	47.6500
917.0000	160.0000	12.0553	47.6501
918.0000	160.0000	12.0555	47.6483
919.0000	160.0000	12.0550	47.6424
920.0000	160.0000	12.0188	47.6265
921.0000	160.0000	12.0264	47.5726
922.0000	160.0000	12.0190	47.4828
923.0000	160.0000	11.9914	47.3627
924.0000	160.0000	11.9267	47.2293
925.0000	160.0000	11.8284	47.0797
926.0000	160.0000	11.6868	46.9187
927.0000	160.0000	11.5042	46.7773
928.0000	160.0000	11.3380	46.6898
929.0000	160.0000	11.2745	46.6808
930.0000	160.0000	11.1558	46.6843
931.0000	160.0000	10.9781	46.6941
932.0000	160.0000	10.7521	46.7055
933.0000	160.0000	10.5794	46.7154
934.0000	160.0000	10.5713	46.7135
935.0000	160.0000	10.5703	46.7129
936.0000	160.0000	10.5696	46.7129
937.0000	160.0000	10.5692	46.7130
938.0000	160.0000	10.5103	46.7178
939.0000	160.0000	10.3669	46.7267
940.0000	160.0000	10.2152	46.7430
941.0000	160.0000	10.2052	46.7413
942.0000	160.0000	10.2036	46.7404
943.0000	160.0000	10.2016	46.7409
944.0000	160.0000	10.2013	46.7412
945.0000	160.0000	10.2011	46.7415
946.0000	160.0000	10.2010	46.7417
947.0000	160.0000	10.2009	46.7418
948.0000	160.0000	10.2009	46.7418
949.0000	160.0000	10.2009	46.7418
950.0000	160.0000	10.2009	46.7418
951.0000	160.0000	10.2009	46.7418
952.0000	160.0000	10.2008	46.7418
953.0000	160.0000	10.2008	46.7418
954.0000	160.0000	10.2008	46.7418
955.0000	160.0000	10.2008	46.7418
956.0000	160.0000	10.2008	46.7418
957.0000	160.0000	10.2008	46.7418
958.0000	160.0000	10.2008	46.7418
959.0000	160.0000	10.2008	46.7418
960.0000	160.0000	10.2008	46.7418
961.0000	160.0000	10.2008	46.7418
962.0000	160.0000	10.2008	46.7418
963.0000	160.0000	10.2008	46.7418
964.0000	160.0000	10.2008	46.7418
965.0000	160.0000	10.2008	46.7418
966.0000	160.0000	10.2008	46.7418
967.0000	160.0000	10.2008	46.7418
968.0000	160.0000	10.2008	46.7418
969.0000	160.0000	10.2008	46.7418
970.0000	160.0000	10.2009	46.7418
971.0000	160.0000	10.2000	46.7419
972.0000	160.0000	10.2000	46.7419
973.0000	160.0000	10.2000	46.7419
974.0000	160.0000	10.2000	46.7419
975.0000	160.0000	10.2001	46.7419
976.0000	160.0000	10.1882	46.7436
977.0000	160.0000	10.1518	46.7475
978.0000	160.0000	10.0844	46.7543
979.0000	160.0000	9.9782	46.7674
980.0000	160.0000	9.8328	46.7889
981.0000	160.0000	9.6490	46.8176
982.0000	160.0000	9.4283	46.8563
983.0000	160.0000	9.1785	46.9113
984.0000	160.0000	8.9285	46.9776
985.0000	160.0000	8.6817	47.0516
985.0000	173.0000	11.7735	-79.0197
986.0000	160.0000	8.4368	47.1284
986.0000	173.0000	11.5515	-78.5606
987.0000	160.0000	8.1998	47.2240
987.0000	173.0000	11.3169	-78.1162
988.0000	160.0000	7.9604	47.3188
988.0000	173.0000	11.0823	-77.6803
989.0000	160.0000	7.7072	47.4481
989.0000	173.0000	10.8354	-77.2582
990.0000	160.0000	7.4473	47.6311
990.0000	173.0000	10.5803	-76.8472
991.0000	160.0000	7.1596	47.8336
991.0000	173.0000	10.3271	-76.4493
992.0000	160.0000	6.8626	48.0815
992.0000	173.0000	10.0762	-76.0739
993.0000	160.0000	6.5448	48.3616
993.0000	173.0000	9.8810	-75.7906
994.0000	160.0000	6.2270	48.6908
994.0000	173.0000	9.8183	-75.6797
995.0000	160.0000	5.9117	49.0688
995.0000	173.0000	9.7095	-75.5447
996.0000	160.0000	5.6093	49.4958
996.0000	173.0000	9.5703	-75.3569
997.0000	160.0000	5.3076	49.9625
997.0000	173.0000	9.3919	-75.1290
998.0000	160.0000	5.0285	50.4746
998.0000	173.0000	9.1791	-74.8601
999.0000	160.0000	4.7720	51.0308
999.0000	173.0000	8.9268	-74.5567
