0.0000	87.0000	0.1639	65.6230
1.0000	87.0000	0.1605	65.5549
2.0000	87.0000	0.1570	65.3951
3.0000	87.0000	0.1531	65.2982
4.0000	87.0000	0.1484	65.1508
5.0000	87.0000	0.1429	64.9116
6.0000	87.0000	0.1388	64.7424
7.0000	87.0000	0.1345	64.5607
8.0000	87.0000	0.1292	64.3156
9.0000	87.0000	0.1244	64.1415
10.0000	87.0000	0.1210	63.9208
11.0000	87.0000	0.1178	63.6176
12.0000	87.0000	0.1141	63.3985
13.0000	87.0000	0.1098	63.1547
14.0000	87.0000	0.1055	62.8500
15.0000	87.0000	0.1012	62.6320
16.0000	87.0000	0.0974	62.3841
17.0000	87.0000	0.0940	62.0444
18.0000	87.0000	0.0914	61.8127
19.0000	87.0000	0.0864	61.6239
20.0000	87.0000	0.0797	61.4400
21.0000	87.0000	0.0757	61.3448
22.0000	87.0000	0.0715	61.1962
23.0000	87.0000	0.0665	60.9584
24.0000	87.0000	0.0619	60.6929
25.0000	87.0000	0.0591	60.4567
26.0000	87.0000	0.0561	60.2165
27.0000	87.0000	0.0515	59.9470
28.0000	87.0000	0.0472	59.7272
29.0000	87.0000	0.0443	59.4542
30.0000	87.0000	0.0426	59.1132
31.0000	87.0000	0.0406	58.8190
32.0000	87.0000	0.0389	58.4791
33.0000	87.0000	0.0372	58.1290
34.0000	87.0000	0.0332	57.9560
35.0000	87.0000	0.0283	57.8410
36.0000	87.0000	0.0257	57.6796
37.0000	87.0000	0.0227	57.5192
38.0000	87.0000	0.0206	57.3686
39.0000	87.0000	0.0190	57.2501
40.0000	87.0000	0.0191	57.2320
41.0000	87.0000	0.0191	57.2320
42.0000	87.0000	0.0191	57.2320
43.0000	87.0000	0.0191	57.2320
44.0000	87.0000	0.0191	57.2320
45.0000	87.0000	0.0191	57.2320
46.0000	87.0000	0.0191	57.2321
47.0000	87.0000	0.0190	57.2281
48.0000	87.0000	0.0149	57.2149
49.0000	87.0000	0.0140	57.1682
50.0000	87.0000	0.0158	57.0797
51.0000	87.0000	0.0139	56.9477
52.0000	87.0000	0.0118	56.7812
53.0000	87.0000	0.0086	56.5853
54.0000	87.0000	0.0055	56.3617
55.0000	87.0000	0.0026	56.1115
56.0000	87.0000	0.0003	55.8353
57.0000	87.0000	-0.0014	55.5335
58.0000	87.0000	-0.0024	55.2199
59.0000	87.0000	-0.0042	54.9196
60.0000	87.0000	-0.0071	54.6547
61.0000	87.0000	-0.0098	54.4057
62.0000	87.0000	-0.0120	54.2245
63.0000	87.0000	-0.0135	54.0790
64.0000	87.0000	-0.0152	53.9262
65.0000	87.0000	-0.0166	53.7661
66.0000	87.0000	-0.0175	53.6460
67.0000	87.0000	-0.0174	53.6170
68.0000	87.0000	-0.0174	53.6170
69.0000	87.0000	-0.0174	53.6170
70.0000	87.0000	-0.0174	53.6170
71.0000	87.0000	-0.0174	53.6169
72.0000	87.0000	-0.0174	53.6171
73.0000	87.0000	-0.0231	53.6114
74.0000	87.0000	-0.0769	53.5850
75.0000	87.0000	-0.0965	53.5306
76.0000	87.0000	-0.0973	53.4351
77.0000	87.0000	-0.0983	53.2978
78.0000	87.0000	-0.0993	53.1495
79.0000	87.0000	-0.0994	53.0752
80.0000	87.0000	-0.0991	53.0751
81.0000	87.0000	-0.0991	53.0751
82.0000	87.0000	-0.0992	53.0751
83.0000	87.0000	-0.0993	53.0601
84.0000	87.0000	-0.0950	52.9985
85.0000	87.0000	-0.0965	52.8927
86.0000	87.0000	-0.0974	52.7463
87.0000	87.0000	-0.0983	52.5684
88.0000	87.0000	-0.0993	52.3706
89.0000	87.0000	-0.1004	52.1832
90.0000	87.0000	-0.1012	52.0026
91.0000	87.0000	-0.1016	51.8600
92.0000	87.0000	-0.1016	51.7793
93.0000	87.0000	-0.1012	51.7025
94.0000	87.0000	-0.0925	51.6034
95.0000	87.0000	-0.0891	51.5870
96.0000	87.0000	-0.0891	51.5865
97.0000	87.0000	-0.1003	51.5702
98.0000	87.0000	-0.1302	51.5187
99.0000	87.0000	-0.1303	51.4131
100.0000	87.0000	-0.1308	51.2709
101.0000	87.0000	-0.1314	51.0986
102.0000	87.0000	-0.1320	50.8983
103.0000	87.0000	-0.1325	50.6708
104.0000	87.0000	-0.1331	50.4167
105.0000	87.0000	-0.1332	50.1368
106.0000	87.0000	-0.1330	49.8317
107.0000	87.0000	-0.1329	49.5171
108.0000	87.0000	-0.1328	49.2029
109.0000	87.0000	-0.1328	48.8892
110.0000	87.0000	-0.1327	48.5760
111.0000	87.0000	-0.1326	48.2632
112.0000	87.0000	-0.1327	47.9237
113.0000	87.0000	-0.1327	47.5507
114.0000	87.0000	-0.1325	47.2033
115.0000	87.0000	-0.1322	46.9256
116.0000	87.0000	-0.1320	46.7298
117.0000	87.0000	-0.1318	46.6183
118.0000	87.0000	-0.1364	46.5975
119.0000	87.0000	-0.1060	46.5803
120.0000	87.0000	-0.0739	46.5340
121.0000	87.0000	-0.0905	46.4812
122.0000	87.0000	-0.0905	46.4772
123.0000	87.0000	-0.0630	46.4474
124.0000	87.0000	-0.0610	46.3819
125.0000	87.0000	-0.0668	46.2970
126.0000	87.0000	-0.0666	46.2882
127.0000	87.0000	-0.0666	46.2882
128.0000	87.0000	-0.0666	46.2882
129.0000	87.0000	-0.0666	46.2882
130.0000	87.0000	-0.0666	46.2882
131.0000	87.0000	-0.0666	46.2882
132.0000	87.0000	-0.0664	46.2862
133.0000	87.0000	-0.0651	46.2744
134.0000	87.0000	-0.0933	46.2316
135.0000	87.0000	-0.0915	46.1422
136.0000	87.0000	-0.0916	46.0081
137.0000	87.0000	-0.0916	45.8420
138.0000	87.0000	-0.0917	45.6470
139.0000	87.0000	-0.0918	45.4247
140.0000	87.0000	-0.0917	45.1757
141.0000	87.0000	-0.0918	44.9007
142.0000	87.0000	-0.0918	44.6003
143.0000	87.0000	-0.0918	44.2750
144.0000	87.0000	-0.0917	43.9254
145.0000	87.0000	-0.0917	43.5526
146.0000	87.0000	-0.0915	43.1578
147.0000	87.0000	-0.0913	42.7576
148.0000	87.0000	-0.0908	42.4230
149.0000	87.0000	-0.0902	42.1925
150.0000	87.0000	-0.0900	42.0465
151.0000	87.0000	-0.0899	41.9280
152.0000	87.0000	-0.0896	41.9067
153.0000	87.0000	-0.0896	41.9058
154.0000	87.0000	-0.0895	41.9047
155.0000	87.0000	-0.0895	41.9047
156.0000	87.0000	-0.0895	41.9048
157.0000	87.0000	-0.0732	41.8920
158.0000	87.0000	-0.0774	41.8881
159.0000	87.0000	-0.0774	41.8881
160.0000	87.0000	-0.0774	41.8882
161.0000	87.0000	-0.0732	41.8790
162.0000	87.0000	-0.0619	41.8464
163.0000	87.0000	-0.0447	41.8326
164.0000	87.0000	-0.0447	41.8327
165.0000	87.0000	-0.0447	41.8327
166.0000	87.0000	-0.0413	41.8218
167.0000	87.0000	-0.0397	41.8201
168.0000	87.0000	-0.0397	41.8201
169.0000	87.0000	-0.0397	41.8201
170.0000	87.0000	-0.0397	41.8201
171.0000	87.0000	-0.0397	41.8201
172.0000	87.0000	-0.0397	41.8188
173.0000	87.0000	-0.0383	41.8214
174.0000	87.0000	-0.0747	41.7855
175.0000	87.0000	-0.0743	41.7035
176.0000	87.0000	-0.0722	41.5879
177.0000	87.0000	-0.0732	41.4810
178.0000	87.0000	-0.0744	41.3608
179.0000	87.0000	-0.0744	41.2114
180.0000	87.0000	-0.0743	41.0333
181.0000	87.0000	-0.0741	40.8274
182.0000	87.0000	-0.0737	40.6029
183.0000	87.0000	-0.0734	40.4039
184.0000	87.0000	-0.0730	40.2608
185.0000	87.0000	-0.0759	40.1822
186.0000	87.0000	-0.0757	40.1802
187.0000	87.0000	-0.0758	40.1799
188.0000	87.0000	-0.0758	40.1795
189.0000	87.0000	-0.0758	40.1795
190.0000	87.0000	-0.0758	40.1795
191.0000	87.0000	-0.0758	40.1796
192.0000	87.0000	-0.0746	40.1790
193.0000	87.0000	-0.0720	40.1783
194.0000	87.0000	-0.0748	40.1734
195.0000	87.0000	-0.0713	40.1462
196.0000	87.0000	-0.0603	40.0875
197.0000	87.0000	-0.0602	39.9771
198.0000	87.0000	-0.0600	39.8297
199.0000	87.0000	-0.0598	39.6520
200.0000	87.0000	-0.0597	39.4463
201.0000	87.0000	-0.0593	39.2218
202.0000	87.0000	-0.0589	39.0228
203.0000	87.0000	-0.0585	38.8796
204.0000	87.0000	-0.0633	38.8158
205.0000	87.0000	-0.0632	38.8599
206.0000	87.0000	-0.0634	38.9476
207.0000	87.0000	-0.0635	39.0017
208.0000	87.0000	-0.0636	39.0316
209.0000	87.0000	-0.0637	39.0698
210.0000	87.0000	-0.0552	39.0956
211.0000	87.0000	-0.0324	39.0910
212.0000	87.0000	-0.0446	39.0757
213.0000	87.0000	-0.0407	39.1612
214.0000	87.0000	-0.0353	39.2352
215.0000	87.0000	-0.0261	39.3029
216.0000	87.0000	-0.0259	39.3606
217.0000	87.0000	-0.0259	39.3605
218.0000	87.0000	-0.0259	39.3611
219.0000	87.0000	-0.0259	39.3616
220.0000	87.0000	-0.0259	39.3618
221.0000	87.0000	-0.0259	39.3886
222.0000	87.0000	-0.0260	39.4594
223.0000	87.0000	-0.0261	39.5647
224.0000	87.0000	-0.0262	39.6884
225.0000	87.0000	-0.0264	39.8259
226.0000	87.0000	-0.0282	39.8821
227.0000	87.0000	-0.0390	39.8394
228.0000	87.0000	-0.0379	39.7516
229.0000	87.0000	-0.0383	39.6198
230.0000	87.0000	-0.0381	39.4546
231.0000	87.0000	-0.0378	39.2690
232.0000	87.0000	-0.0374	39.1090
233.0000	87.0000	-0.0373	39.0034
234.0000	87.0000	-0.0370	38.9871
235.0000	87.0000	-0.0064	38.9635
236.0000	87.0000	0.0033	38.9017
237.0000	87.0000	0.0036	38.7964
238.0000	87.0000	0.0037	38.6501
239.0000	87.0000	0.0038	38.4721
240.0000	87.0000	0.0041	38.2741
241.0000	87.0000	0.0043	38.0865
242.0000	87.0000	0.0046	37.9058
243.0000	87.0000	0.0048	37.7630
244.0000	87.0000	0.0049	37.6917
245.0000	87.0000	0.0051	37.6912
246.0000	87.0000	0.0018	37.6745
247.0000	87.0000	-0.0069	37.6237
248.0000	87.0000	-0.0066	37.5255
249.0000	87.0000	-0.0064	37.3859
250.0000	87.0000	-0.0061	37.2144
251.0000	87.0000	-0.0059	37.0228
252.0000	87.0000	-0.0056	36.8415
253.0000	87.0000	-0.0054	36.6551
254.0000	87.0000	-0.0051	36.4523
255.0000	87.0000	-0.0048	36.2536
256.0000	87.0000	-0.0045	36.0961
257.0000	87.0000	-0.0043	35.9858
258.0000	87.0000	-0.0041	35.8755
259.0000	87.0000	-0.0040	35.7385
260.0000	87.0000	-0.0038	35.5797
261.0000	87.0000	-0.0035	35.4176
262.0000	87.0000	-0.0034	35.2479
263.0000	87.0000	-0.0031	35.0670
264.0000	87.0000	-0.0028	34.9144
265.0000	87.0000	-0.0026	34.8201
266.0000	87.0000	-0.0025	34.8152
267.0000	87.0000	-0.0025	34.8149
268.0000	87.0000	-0.0024	34.8146
269.0000	87.0000	-0.0026	34.8135
270.0000	87.0000	-0.0024	34.8067
271.0000	87.0000	0.0026	34.7739
272.0000	87.0000	0.0082	34.7022
273.0000	87.0000	0.0073	34.5988
274.0000	87.0000	0.0089	34.4738
275.0000	87.0000	0.0080	34.3585
276.0000	87.0000	0.0071	34.2312
277.0000	87.0000	0.0072	34.0798
278.0000	87.0000	0.0074	33.9167
279.0000	87.0000	0.0076	33.7482
280.0000	87.0000	0.0077	33.5664
281.0000	87.0000	0.0079	33.3787
282.0000	87.0000	0.0081	33.2247
283.0000	87.0000	0.0082	33.1311
284.0000	87.0000	0.0084	33.1257
285.0000	87.0000	0.0083	33.1259
286.0000	87.0000	0.0083	33.1260
287.0000	87.0000	0.0083	33.1261
288.0000	87.0000	0.0083	33.1261
289.0000	87.0000	0.0083	33.1261
290.0000	87.0000	0.0083	33.1261
291.0000	87.0000	0.0083	33.1261
292.0000	87.0000	0.0083	33.1261
293.0000	87.0000	0.0083	33.1262
294.0000	87.0000	0.0084	33.1255
295.0000	87.0000	0.0084	33.1255
296.0000	87.0000	0.0084	33.1255
297.0000	87.0000	0.0084	33.1255
298.0000	87.0000	0.0084	33.1255
299.0000	87.0000	0.0084	33.1255
300.0000	87.0000	0.0084	33.1255
301.0000	87.0000	0.0084	33.1255
302.0000	87.0000	0.0084	33.1255
303.0000	87.0000	0.0084	33.1255
304.0000	87.0000	0.0084	33.1255
305.0000	87.0000	0.0084	33.1255
306.0000	87.0000	0.0084	33.1255
307.0000	87.0000	0.0084	33.1255
308.0000	87.0000	0.0084	33.1255
309.0000	87.0000	0.0084	33.1255
310.0000	87.0000	0.0084	33.1255
311.0000	87.0000	0.0084	33.1255
312.0000	87.0000	0.0084	33.1255
313.0000	87.0000	0.0084	33.1255
314.0000	87.0000	0.0084	33.1255
315.0000	87.0000	0.0084	33.1255
316.0000	87.0000	0.0084	33.1255
317.0000	87.0000	0.0084	33.1255
318.0000	87.0000	0.0084	33.1255
319.0000	87.0000	0.0084	33.1255
320.0000	87.0000	0.0084	33.1255
321.0000	87.0000	0.0084	33.1255
322.0000	87.0000	0.0084	33.1255
323.0000	87.0000	0.0084	33.1255
324.0000	87.0000	0.0084	33.1255
325.0000	87.0000	0.0084	33.1255
326.0000	87.0000	0.0084	33.1255
327.0000	87.0000	0.0084	33.1255
328.0000	87.0000	0.0084	33.1255
329.0000	87.0000	0.0084	33.1255
330.0000	87.0000	0.0084	33.1255
331.0000	87.0000	0.0084	33.1255
332.0000	87.0000	0.0084	33.1255
333.0000	87.0000	0.0084	33.1255
334.0000	87.0000	0.0084	33.1255
335.0000	87.0000	0.0084	33.1255
336.0000	87.0000	0.0084	33.1255
337.0000	87.0000	0.0084	33.1255
338.0000	87.0000	0.0084	33.1255
339.0000	87.0000	0.0084	33.1256
340.0000	87.0000	0.0084	33.1249
341.0000	87.0000	0.0084	33.1239
342.0000	87.0000	0.0085	33.1236
343.0000	87.0000	0.0085	33.1236
344.0000	87.0000	0.0085	33.1236
345.0000	87.0000	0.0084	33.1236
346.0000	87.0000	0.0085	33.1229
347.0000	87.0000	0.0085	33.1229
348.0000	87.0000	0.0085	33.1229
349.0000	87.0000	0.0085	33.1229
350.0000	87.0000	0.0085	33.1229
351.0000	87.0000	0.0085	33.1229
352.0000	87.0000	0.0085	33.1229
353.0000	87.0000	0.0085	33.1229
354.0000	87.0000	0.0085	33.1229
355.0000	87.0000	0.0085	33.1229
356.0000	87.0000	0.0085	33.1367
357.0000	87.0000	0.0085	33.1828
358.0000	87.0000	0.0085	33.2705
359.0000	87.0000	0.0085	33.3395
360.0000	87.0000	0.0085	33.3849
361.0000	87.0000	0.0085	33.4073
362.0000	87.0000	0.0085	33.4203
363.0000	87.0000	0.0084	33.4910
364.0000	87.0000	0.0084	33.5309
365.0000	87.0000	0.0084	33.5384
366.0000	87.0000	0.0084	33.6129
367.0000	87.0000	0.0084	33.6600
368.0000	87.0000	0.0084	33.6689
369.0000	87.0000	0.0085	33.7501
370.0000	87.0000	0.0085	33.8051
371.0000	87.0000	0.0085	33.8142
372.0000	87.0000	0.0084	33.9011
373.0000	87.0000	0.0085	33.9608
374.0000	87.0000	0.0085	33.9703
375.0000	87.0000	0.0085	34.0588
376.0000	87.0000	0.0085	34.1187
377.0000	87.0000	0.0085	34.1278
378.0000	87.0000	0.0084	34.2135
379.0000	87.0000	0.0084	34.2709
380.0000	87.0000	0.0084	34.2800
381.0000	87.0000	0.0084	34.3655
382.0000	87.0000	0.0084	34.4232
383.0000	87.0000	0.0084	34.4229
384.0000	87.0000	0.0084	34.4242
385.0000	87.0000	0.0084	34.4260
386.0000	87.0000	0.0084	34.4318
387.0000	87.0000	0.0084	34.4375
388.0000	87.0000	0.0084	34.4375
389.0000	87.0000	0.0084	34.4375
390.0000	87.0000	0.0084	34.4692
391.0000	87.0000	0.0084	34.4882
392.0000	87.0000	0.0084	34.4881
393.0000	87.0000	0.0084	34.4882
394.0000	87.0000	0.0084	34.4883
395.0000	87.0000	0.0084	34.4883
396.0000	87.0000	0.0084	34.4884
397.0000	87.0000	0.0084	34.4884
398.0000	87.0000	0.0084	34.4884
399.0000	87.0000	0.0084	34.4884
400.0000	87.0000	0.0084	34.4885
401.0000	87.0000	0.0084	34.4848
402.0000	87.0000	0.0084	34.4843
403.0000	87.0000	0.0084	34.4843
404.0000	87.0000	0.0084	34.4843
405.0000	87.0000	0.0084	34.4844
406.0000	87.0000	0.0084	34.4841
407.0000	87.0000	0.0084	34.4841
408.0000	87.0000	0.0084	34.4841
409.0000	87.0000	0.0084	34.4841
410.0000	87.0000	0.0084	34.4842
411.0000	87.0000	0.0085	34.4835
412.0000	87.0000	0.0085	34.4835
413.0000	87.0000	0.0085	34.4835
414.0000	87.0000	0.0085	34.4835
415.0000	87.0000	0.0085	34.4835
416.0000	87.0000	0.0085	34.4835
417.0000	87.0000	0.0085	34.4835
418.0000	87.0000	0.0085	34.4834
419.0000	87.0000	0.0085	34.4969
420.0000	87.0000	0.0085	34.5430
421.0000	87.0000	0.0085	34.6305
422.0000	87.0000	0.0085	34.6726
423.0000	87.0000	0.0085	34.6724
424.0000	87.0000	0.0085	34.6727
425.0000	87.0000	0.0085	34.6730
426.0000	87.0000	0.0085	34.6731
427.0000	87.0000	0.0085	34.6732
428.0000	87.0000	0.0085	34.6732
429.0000	87.0000	0.0085	34.6942
430.0000	87.0000	0.0085	34.7606
431.0000	87.0000	0.0085	34.8660
432.0000	87.0000	0.0085	34.9957
433.0000	87.0000	0.0085	35.1448
434.0000	87.0000	0.0087	35.3094
435.0000	87.0000	0.0088	35.4880
436.0000	87.0000	0.0090	35.6786
437.0000	87.0000	0.0090	35.7744
438.0000	87.0000	0.0090	35.7741
439.0000	87.0000	0.0090	35.7750
440.0000	87.0000	0.0090	35.8110
441.0000	87.0000	0.0090	35.8344
442.0000	87.0000	0.0090	35.8565
443.0000	87.0000	0.0090	35.9374
444.0000	87.0000	0.0090	35.9900
445.0000	87.0000	0.0090	36.0064
446.0000	87.0000	0.0049	36.0695
447.0000	87.0000	0.0335	36.0838
448.0000	87.0000	0.0280	36.0498
449.0000	87.0000	0.0282	36.1245
450.0000	87.0000	0.0283	36.2348
451.0000	87.0000	0.0284	36.3635
452.0000	87.0000	0.0285	36.5107
453.0000	87.0000	0.0288	36.6808
454.0000	87.0000	0.0290	36.8643
455.0000	87.0000	0.0291	36.9489
456.0000	87.0000	0.0291	36.9488
457.0000	87.0000	0.0292	36.9489
458.0000	87.0000	0.0292	36.9495
459.0000	87.0000	0.0292	36.9498
460.0000	87.0000	0.0292	36.9501
461.0000	87.0000	0.0292	36.9744
462.0000	87.0000	0.0293	37.0384
463.0000	87.0000	0.0293	37.0640
464.0000	87.0000	0.0293	37.0689
465.0000	87.0000	0.0293	37.1202
466.0000	87.0000	0.0054	37.1355
467.0000	87.0000	-0.0146	37.1070
468.0000	87.0000	-0.0139	37.0971
469.0000	87.0000	-0.0140	37.0264
470.0000	87.0000	-0.0149	36.9182
471.0000	87.0000	-0.0147	36.8411
472.0000	87.0000	-0.0144	36.7221
473.0000	87.0000	-0.0141	36.6196
474.0000	87.0000	-0.0139	36.6590
475.0000	87.0000	-0.0139	36.6968
476.0000	87.0000	-0.0140	36.7101
477.0000	87.0000	-0.0140	36.7810
478.0000	87.0000	-0.0141	36.8208
479.0000	87.0000	-0.0141	36.8206
480.0000	87.0000	-0.0141	36.8209
481.0000	87.0000	-0.0141	36.8212
482.0000	87.0000	-0.0141	36.8213
483.0000	87.0000	-0.0141	36.8213
484.0000	87.0000	-0.0141	36.8214
485.0000	87.0000	-0.0141	36.8214
486.0000	87.0000	-0.0141	36.8214
487.0000	87.0000	-0.0141	36.8214
488.0000	87.0000	-0.0141	36.8215
489.0000	87.0000	-0.0140	36.8208
490.0000	87.0000	-0.0140	36.8208
491.0000	87.0000	-0.0140	36.8208
492.0000	87.0000	-0.0140	36.8208
493.0000	87.0000	-0.0140	36.8208
494.0000	87.0000	-0.0140	36.8208
495.0000	87.0000	-0.0140	36.8208
496.0000	87.0000	-0.0140	36.8208
497.0000	87.0000	-0.0140	36.8208
498.0000	87.0000	-0.0140	36.8208
499.0000	87.0000	-0.0140	36.8208
500.0000	87.0000	-0.0140	36.8210
501.0000	87.0000	-0.0139	36.8202
502.0000	87.0000	-0.0139	36.8202
503.0000	87.0000	-0.0139	36.8202
504.0000	87.0000	-0.0139	36.8202
505.0000	87.0000	-0.0139	36.8203
506.0000	87.0000	-0.0139	36.8196
507.0000	87.0000	-0.0139	36.8196
508.0000	87.0000	-0.0139	36.8196
509.0000	87.0000	-0.0139	36.8196
510.0000	87.0000	-0.0139	36.8196
511.0000	87.0000	-0.0139	36.8196
512.0000	87.0000	-0.0139	36.8196
513.0000	87.0000	-0.0139	36.8198
514.0000	87.0000	-0.0139	36.8160
515.0000	87.0000	-0.0138	36.8155
516.0000	87.0000	-0.0138	36.8155
517.0000	87.0000	-0.0138	36.8155
518.0000	87.0000	-0.0138	36.8155
519.0000	87.0000	-0.0138	36.8155
520.0000	87.0000	-0.0138	36.8155
521.0000	87.0000	-0.0138	36.8155
522.0000	87.0000	-0.0138	36.8155
523.0000	87.0000	-0.0138	36.8155
524.0000	87.0000	-0.0138	36.8155
525.0000	87.0000	-0.0138	36.8155
526.0000	87.0000	-0.0138	36.8155
527.0000	87.0000	-0.0138	36.8155
528.0000	87.0000	-0.0138	36.8155
529.0000	87.0000	-0.0138	36.8156
530.0000	87.0000	-0.0138	36.8149
531.0000	87.0000	-0.0138	36.8149
532.0000	87.0000	-0.0138	36.8149
533.0000	87.0000	-0.0138	36.8149
534.0000	87.0000	-0.0138	36.8149
535.0000	87.0000	-0.0138	36.8149
536.0000	87.0000	-0.0138	36.8149
537.0000	87.0000	-0.0138	36.8149
538.0000	87.0000	-0.0138	36.8149
539.0000	87.0000	-0.0138	36.8149
540.0000	87.0000	-0.0138	36.8149
541.0000	87.0000	-0.0138	36.8149
542.0000	87.0000	-0.0138	36.8149
543.0000	87.0000	-0.0138	36.8149
544.0000	87.0000	-0.0138	36.8149
545.0000	87.0000	-0.0138	36.8149
546.0000	87.0000	-0.0138	36.8149
547.0000	87.0000	-0.0138	36.8149
548.0000	87.0000	-0.0138	36.8149
549.0000	87.0000	-0.0138	36.8149
550.0000	87.0000	-0.0138	36.8149
551.0000	87.0000	-0.0138	36.8149
552.0000	87.0000	-0.0138	36.8149
553.0000	87.0000	-0.0138	36.8149
554.0000	87.0000	-0.0138	36.8149
555.0000	87.0000	-0.0138	36.8149
556.0000	87.0000	-0.0138	36.8149
557.0000	87.0000	-0.0138	36.8149
558.0000	87.0000	-0.0138	36.8149
559.0000	87.0000	-0.0138	36.8149
560.0000	87.0000	-0.0138	36.8149
561.0000	87.0000	-0.0138	36.8149
562.0000	87.0000	-0.0138	36.8149
563.0000	87.0000	-0.0138	36.8149
564.0000	87.0000	-0.0138	36.8149
565.0000	87.0000	-0.0138	36.8149
566.0000	87.0000	-0.0138	36.8149
567.0000	87.0000	-0.0138	36.8149
568.0000	87.0000	-0.0138	36.8149
569.0000	87.0000	-0.0138	36.8149
570.0000	87.0000	-0.0138	36.8149
571.0000	87.0000	-0.0138	36.8149
572.0000	87.0000	-0.0138	36.8149
573.0000	87.0000	-0.0138	36.8149
574.0000	87.0000	-0.0138	36.8149
575.0000	87.0000	-0.0138	36.8149
576.0000	87.0000	-0.0138	36.8149
577.0000	87.0000	-0.0138	36.8149
578.0000	87.0000	-0.0138	36.8149
579.0000	87.0000	-0.0138	36.8149
580.0000	87.0000	-0.0138	36.8149
581.0000	87.0000	-0.0138	36.8149
582.0000	87.0000	-0.0138	36.8149
583.0000	87.0000	-0.0138	36.8149
584.0000	87.0000	-0.0138	36.8149
585.0000	87.0000	-0.0138	36.8149
586.0000	87.0000	-0.0138	36.8149
587.0000	87.0000	-0.0138	36.8149
588.0000	87.0000	-0.0138	36.8149
589.0000	87.0000	-0.0138	36.8149
590.0000	87.0000	-0.0138	36.8149
591.0000	87.0000	-0.0138	36.8149
592.0000	87.0000	-0.0138	36.8149
593.0000	87.0000	-0.0138	36.8149
594.0000	87.0000	-0.0138	36.8149
595.0000	87.0000	-0.0138	36.8149
596.0000	87.0000	-0.0138	36.8149
597.0000	87.0000	-0.0138	36.8149
598.0000	87.0000	-0.0138	36.8149
599.0000	87.0000	-0.0138	36.8149
600.0000	87.0000	-0.0138	36.8149
601.0000	87.0000	-0.0138	36.8149
602.0000	87.0000	-0.0138	36.8149
603.0000	87.0000	-0.0138	36.8149
604.0000	87.0000	-0.0138	36.8149
605.0000	87.0000	-0.0138	36.8149
606.0000	87.0000	-0.0138	36.8149
607.0000	87.0000	-0.0138	36.8149
608.0000	87.0000	-0.0138	36.8149
609.0000	87.0000	-0.0138	36.8149
610.0000	87.0000	-0.0138	36.8149
611.0000	87.0000	-0.0138	36.8149
612.0000	87.0000	-0.0138	36.8149
613.0000	87.0000	-0.0138	36.8149
614.0000	87.0000	-0.0138	36.8149
615.0000	87.0000	-0.0138	36.8149
616.0000	87.0000	-0.0138	36.8149
617.0000	87.0000	-0.0138	36.8149
618.0000	87.0000	-0.0138	36.8149
619.0000	87.0000	-0.0138	36.8149
620.0000	87.0000	-0.0138	36.8149
621.0000	87.0000	-0.0138	36.8149
622.0000	87.0000	-0.0138	36.8149
623.0000	87.0000	-0.0138	36.8149
624.0000	87.0000	-0.0138	36.8149
625.0000	87.0000	-0.0138	36.8149
626.0000	87.0000	-0.0138	36.8149
627.0000	87.0000	-0.0138	36.8150
628.0000	87.0000	-0.0138	36.8113
629.0000	87.0000	-0.0221	36.8022
630.0000	87.0000	-0.0347	36.7620
631.0000	87.0000	-0.0224	36.7031
632.0000	87.0000	-0.0244	36.6975
633.0000	87.0000	0.0115	36.6614
634.0000	87.0000	0.0129	36.5810
635.0000	87.0000	0.0129	36.4537
636.0000	87.0000	0.0130	36.3018
637.0000	87.0000	0.0131	36.1582
638.0000	87.0000	0.0132	36.0053
639.0000	87.0000	0.0133	35.8331
640.0000	87.0000	0.0134	35.6524
641.0000	87.0000	0.0136	35.4699
642.0000	87.0000	0.0137	35.2768
643.0000	87.0000	0.0139	35.0727
644.0000	87.0000	0.0140	34.8684
645.0000	87.0000	0.0141	34.6539
646.0000	87.0000	0.0144	34.4395
647.0000	87.0000	0.0145	34.2714
648.0000	87.0000	0.0146	34.1523
649.0000	87.0000	0.0149	34.0433
650.0000	87.0000	0.0151	33.9653
651.0000	87.0000	0.0157	33.9762
652.0000	87.0000	0.0159	34.0071
653.0000	87.0000	0.0158	34.0892
654.0000	87.0000	0.0158	34.2014
655.0000	87.0000	0.0158	34.3287
656.0000	87.0000	0.0159	34.4755
657.0000	87.0000	0.0161	34.6492
658.0000	87.0000	0.0163	34.8322
659.0000	87.0000	0.0165	35.0117
660.0000	87.0000	0.0167	35.1987
661.0000	87.0000	0.0169	35.4079
662.0000	87.0000	0.0170	35.5569
663.0000	87.0000	0.0170	35.6595
664.0000	87.0000	0.0170	35.7979
665.0000	87.0000	0.0171	35.9569
666.0000	87.0000	0.0171	36.1227
667.0000	87.0000	0.0171	36.1976
668.0000	87.0000	0.0171	36.1977
669.0000	87.0000	0.0171	36.1978
670.0000	87.0000	0.0171	36.2313
671.0000	87.0000	0.0172	36.2524
672.0000	87.0000	0.0172	36.2757
673.0000	87.0000	0.0172	36.3540
674.0000	87.0000	0.0172	36.4019
675.0000	87.0000	0.0172	36.4252
676.0000	87.0000	0.0172	36.4989
677.0000	87.0000	0.0172	36.5365
678.0000	87.0000	0.0172	36.5438
679.0000	87.0000	0.0172	36.6132
680.0000	87.0000	0.0172	36.6561
681.0000	87.0000	0.0172	36.6647
682.0000	87.0000	0.0172	36.7443
683.0000	87.0000	0.0172	36.7959
684.0000	87.0000	0.0172	36.8047
685.0000	87.0000	0.0172	36.8897
686.0000	87.0000	0.0172	36.9485
687.0000	87.0000	0.0172	36.9579
688.0000	87.0000	0.0172	37.0470
689.0000	87.0000	0.0172	37.2133
690.0000	87.0000	0.0172	37.3360
691.0000	87.0000	0.0172	37.3463
692.0000	87.0000	0.0172	37.4503
693.0000	87.0000	0.0172	37.6400
694.0000	87.0000	0.0173	37.7921
695.0000	87.0000	0.0173	37.8032
696.0000	87.0000	0.0173	37.9149
697.0000	87.0000	0.0173	38.1181
698.0000	87.0000	0.0173	38.2878
699.0000	87.0000	0.0173	38.3012
700.0000	87.0000	0.0173	38.4169
701.0000	87.0000	0.0173	38.6280
702.0000	87.0000	0.0173	38.8082
703.0000	87.0000	0.0173	38.8285
704.0000	87.0000	0.0173	38.9524
705.0000	87.0000	0.0173	39.1719
706.0000	87.0000	0.0174	39.4689
707.0000	87.0000	0.0174	39.7273
708.0000	87.0000	0.0174	39.8083
709.0000	87.0000	0.0174	39.9806
710.0000	87.0000	0.0174	40.2458
711.0000	87.0000	0.0174	40.5865
712.0000	87.0000	0.0175	40.8888
713.0000	87.0000	0.0175	41.0095
714.0000	87.0000	0.0175	41.2152
715.0000	87.0000	0.0175	41.5121
716.0000	87.0000	0.0175	41.8833
717.0000	87.0000	0.0175	42.2159
718.0000	87.0000	0.0175	42.2824
719.0000	87.0000	0.0175	42.2833
720.0000	87.0000	0.0175	42.2848
721.0000	87.0000	0.0175	42.2857
722.0000	87.0000	0.0175	42.2862
723.0000	87.0000	0.0175	42.2865
724.0000	87.0000	0.0175	42.2867
725.0000	87.0000	0.0175	42.2869
726.0000	87.0000	0.0176	42.2863
727.0000	87.0000	0.0176	42.2863
728.0000	87.0000	0.0176	42.2863
729.0000	87.0000	0.0176	42.2863
730.0000	87.0000	0.0176	42.2863
731.0000	87.0000	0.0176	42.2863
732.0000	87.0000	0.0176	42.2863
733.0000	87.0000	0.0176	42.2863
734.0000	87.0000	0.0176	42.2863
735.0000	87.0000	0.0176	42.2863
736.0000	87.0000	0.0176	42.2864
737.0000	87.0000	0.0176	42.2827
738.0000	87.0000	0.0287	42.2732
739.0000	87.0000	0.0636	42.2318
740.0000	87.0000	0.0623	42.1469
741.0000	87.0000	0.0624	42.0319
742.0000	87.0000	0.0626	41.9242
743.0000	87.0000	0.0626	41.8017
744.0000	87.0000	0.0627	41.6597
745.0000	87.0000	0.0628	41.5270
746.0000	87.0000	0.0629	41.3846
747.0000	87.0000	0.0629	41.2217
748.0000	87.0000	0.0629	41.0482
749.0000	87.0000	0.0630	40.8707
750.0000	87.0000	0.0630	40.6869
751.0000	87.0000	0.0632	40.5329
752.0000	87.0000	0.0634	40.4381
753.0000	87.0000	0.0636	40.4331
754.0000	87.0000	0.0636	40.4333
755.0000	87.0000	0.0636	40.4334
756.0000	87.0000	0.0636	40.4334
757.0000	87.0000	0.0636	40.4334
758.0000	87.0000	0.0636	40.4334
759.0000	87.0000	0.0636	40.4334
760.0000	87.0000	0.0636	40.4334
761.0000	87.0000	0.0636	40.4335
762.0000	87.0000	0.0636	40.4297
763.0000	87.0000	0.0636	40.4292
764.0000	87.0000	0.0636	40.4277
765.0000	87.0000	0.0637	40.4272
766.0000	87.0000	0.0637	40.4272
767.0000	87.0000	0.0637	40.4272
768.0000	87.0000	0.0637	40.4272
769.0000	87.0000	0.0637	40.4272
770.0000	87.0000	0.0637	40.4272
771.0000	87.0000	0.0637	40.4272
772.0000	87.0000	0.0637	40.4272
773.0000	87.0000	0.0637	40.4274
774.0000	87.0000	0.0638	40.4266
775.0000	87.0000	0.0638	40.4266
776.0000	87.0000	0.0638	40.4266
777.0000	87.0000	0.0638	40.4266
778.0000	87.0000	0.0638	40.4266
779.0000	87.0000	0.0638	40.4266
780.0000	87.0000	0.0638	40.4266
781.0000	87.0000	0.0638	40.4266
782.0000	87.0000	0.0638	40.4266
783.0000	87.0000	0.0638	40.4266
784.0000	87.0000	0.0638	40.4267
785.0000	87.0000	0.0639	40.4261
786.0000	87.0000	0.0639	40.4261
787.0000	87.0000	0.0639	40.4261
788.0000	87.0000	0.0639	40.4261
789.0000	87.0000	0.0639	40.4222
790.0000	87.0000	0.0488	40.4087
791.0000	87.0000	0.0314	40.3636
792.0000	87.0000	0.0201	40.2931
793.0000	87.0000	0.0173	40.2846
794.0000	87.0000	0.0445	40.2447
795.0000	87.0000	0.0415	40.1645
796.0000	87.0000	0.0367	40.0593
797.0000	87.0000	0.0226	40.0294
798.0000	87.0000	0.0226	40.0289
799.0000	87.0000	0.0146	40.0101
800.0000	87.0000	0.0242	39.9465
801.0000	87.0000	0.0242	39.8515
802.0000	87.0000	0.0244	39.7485
803.0000	87.0000	0.0258	39.6317
804.0000	87.0000	0.0259	39.4882
805.0000	87.0000	0.0259	39.3309
806.0000	87.0000	0.0259	39.1797
807.0000	87.0000	0.0260	39.0691
808.0000	87.0000	0.0263	39.0467
809.0000	87.0000	0.0264	39.0462
810.0000	87.0000	0.0264	39.0463
811.0000	87.0000	0.0264	39.0463
812.0000	87.0000	0.0263	39.0463
813.0000	87.0000	0.0264	39.0462
814.0000	87.0000	0.0262	39.0456
815.0000	87.0000	0.0263	39.0453
816.0000	87.0000	0.0263	39.0453
817.0000	87.0000	0.0263	39.0453
818.0000	87.0000	0.0263	39.0454
819.0000	87.0000	0.0263	39.0447
820.0000	87.0000	0.0263	39.0447
821.0000	87.0000	0.0263	39.0447
822.0000	87.0000	0.0263	39.0447
823.0000	87.0000	0.0263	39.0447
824.0000	87.0000	0.0263	39.0447
825.0000	87.0000	0.0263	39.0448
826.0000	87.0000	0.0264	39.0410
827.0000	87.0000	0.0264	39.0405
828.0000	87.0000	0.0264	39.0390
829.0000	87.0000	0.0314	39.0301
830.0000	87.0000	0.0011	39.0273
831.0000	87.0000	0.0011	39.0273
832.0000	87.0000	0.0011	39.0273
833.0000	87.0000	0.0011	39.0273
834.0000	87.0000	0.0011	39.0273
835.0000	87.0000	0.0011	39.0273
836.0000	87.0000	0.0011	39.0273
837.0000	87.0000	0.0011	39.0273
838.0000	87.0000	0.0011	39.0273
839.0000	87.0000	0.0011	39.0273
840.0000	87.0000	0.0011	39.0273
841.0000	87.0000	0.0011	39.0273
842.0000	87.0000	0.0011	39.0273
843.0000	87.0000	0.0011	39.0273
844.0000	87.0000	0.0011	39.0273
845.0000	87.0000	0.0011	39.0273
846.0000	87.0000	0.0011	39.0273
847.0000	87.0000	0.0011	39.0273
848.0000	87.0000	0.0011	39.0273
849.0000	87.0000	0.0011	39.0273
850.0000	87.0000	0.0011	39.0273
851.0000	87.0000	0.0011	39.0275
852.0000	87.0000	0.0011	39.0237
853.0000	87.0000	-0.0047	39.0145
854.0000	87.0000	0.0031	38.9723
855.0000	87.0000	-0.0161	38.9102
856.0000	87.0000	-0.0172	38.9046
857.0000	87.0000	-0.0453	38.8648
858.0000	87.0000	-0.0567	38.8002
859.0000	87.0000	-0.0615	38.7932
860.0000	87.0000	-0.0433	38.7561
861.0000	87.0000	-0.0402	38.6728
862.0000	87.0000	-0.0386	38.5582
863.0000	87.0000	-0.0181	38.5135
864.0000	87.0000	-0.0181	38.5129
865.0000	87.0000	0.0114	38.4922
866.0000	87.0000	0.0300	38.4354
867.0000	87.0000	0.0300	38.3344
868.0000	87.0000	0.0300	38.2006
869.0000	87.0000	0.0300	38.0722
870.0000	87.0000	0.0300	37.9454
871.0000	87.0000	0.0285	37.8908
872.0000	87.0000	0.0285	37.8903
873.0000	87.0000	0.0344	37.8715
874.0000	87.0000	0.0290	37.8142
875.0000	87.0000	0.0267	37.7156
876.0000	87.0000	0.0267	37.5748
877.0000	87.0000	0.0267	37.4014
878.0000	87.0000	0.0266	37.1992
879.0000	87.0000	0.0266	36.9696
880.0000	87.0000	0.0267	36.7215
881.0000	87.0000	0.0267	36.4861
882.0000	87.0000	0.0267	36.2617
883.0000	87.0000	0.0267	36.0340
884.0000	87.0000	0.0268	35.7962
885.0000	87.0000	0.0268	35.5640
886.0000	87.0000	0.0268	35.3402
887.0000	87.0000	0.0269	35.1386
888.0000	87.0000	0.0269	34.9365
889.0000	87.0000	0.0269	34.7198
890.0000	87.0000	0.0269	34.5030
891.0000	87.0000	0.0269	34.2964
892.0000	87.0000	0.0269	34.0856
893.0000	87.0000	0.0269	33.8640
894.0000	87.0000	0.0270	33.6704
895.0000	87.0000	0.0271	33.5216
896.0000	87.0000	0.0270	33.3721
897.0000	87.0000	0.0270	33.2032
898.0000	87.0000	0.0270	33.0244
899.0000	87.0000	0.0271	32.8534
900.0000	87.0000	0.0271	32.7237
901.0000	87.0000	0.0273	32.6753
902.0000	87.0000	0.0273	32.6754
903.0000	87.0000	0.0273	32.6756
904.0000	87.0000	0.0273	32.6757
905.0000	87.0000	0.0273	32.6757
906.0000	87.0000	0.0273	32.6757
907.0000	87.0000	0.0273	32.6757
908.0000	87.0000	0.0273	32.6757
909.0000	87.0000	0.0273	32.6757
910.0000	87.0000	0.0273	32.6757
911.0000	87.0000	0.0273	32.6758
912.0000	87.0000	0.0274	32.6751
913.0000	87.0000	0.0274	32.6751
914.0000	87.0000	0.0274	32.6751
915.0000	87.0000	0.0274	32.6751
916.0000	87.0000	0.0274	32.6751
917.0000	87.0000	0.0274	32.6751
918.0000	87.0000	0.0274	32.6751
919.0000	87.0000	0.0274	32.6751
920.0000	87.0000	0.0274	32.6751
921.0000	87.0000	0.0274	32.6751
922.0000	87.0000	0.0274	32.6751
923.0000	87.0000	0.0274	32.6751
924.0000	87.0000	0.0274	32.6751
925.0000	87.0000	0.0274	32.6751
926.0000	87.0000	0.0274	32.6751
927.0000	87.0000	0.0274	32.6751
928.0000	87.0000	0.0274	32.6751
929.0000	87.0000	0.0274	32.6751
930.0000	87.0000	0.0274	32.6751
931.0000	87.0000	0.0274	32.6751
932.0000	87.0000	0.0274	32.6751
933.0000	87.0000	0.0274	32.6751
934.0000	87.0000	0.0274	32.6751
935.0000	87.0000	0.0274	32.6751
936.0000	87.0000	0.0274	32.6751
937.0000	87.0000	0.0274	32.6753
938.0000	87.0000	0.0275	32.6745
939.0000	87.0000	0.0275	32.6745
940.0000	87.0000	0.0275	32.6745
941.0000	87.0000	0.0275	32.6745
942.0000	87.0000	0.0275	32.6745
943.0000	87.0000	0.0275	32.6745
944.0000	87.0000	0.0275	32.6745
945.0000	87.0000	0.0275	32.6745
946.0000	87.0000	0.0275	32.6747
947.0000	87.0000	0.0275	32.6740
948.0000	87.0000	0.0275	32.6740
949.0000	87.0000	0.0275	32.6740
950.0000	87.0000	0.0275	32.6740
951.0000	87.0000	0.0275	32.6740
952.0000	87.0000	0.0275	32.6740
953.0000	87.0000	0.0275	32.6740
954.0000	87.0000	0.0275	32.6740
955.0000	87.0000	0.0275	32.6740
956.0000	87.0000	0.0275	32.6741
957.0000	87.0000	0.0276	32.6734
958.0000	87.0000	0.0276	32.6734
959.0000	87.0000	0.0276	32.6734
960.0000	87.0000	0.0276	32.6734
961.0000	87.0000	0.0276	32.6734
962.0000	87.0000	0.0276	32.6734
963.0000	87.0000	0.0276	32.6735
964.0000	87.0000	0.0277	32.6728
965.0000	87.0000	0.0277	32.6728
966.0000	87.0000	0.0277	32.6728
967.0000	87.0000	0.0277	32.6729
968.0000	87.0000	0.0277	32.6722
969.0000	87.0000	0.0277	32.6722
970.0000	87.0000	0.0277	32.6722
971.0000	87.0000	0.0277	32.6722
972.0000	87.0000	0.0277	32.6722
973.0000	87.0000	0.0277	32.6722
974.0000	87.0000	0.0277	32.6722
975.0000	87.0000	0.0277	32.6722
976.0000	87.0000	0.0277	32.6723
977.0000	87.0000	0.0278	32.6716
978.0000	87.0000	0.0278	32.6716
979.0000	87.0000	0.0278	32.6716
980.0000	87.0000	0.0278	32.6716
981.0000	87.0000	0.0278	32.6716
982.0000	87.0000	0.0278	32.6716
983.0000	87.0000	0.0278	32.6716
984.0000	87.0000	0.0278	32.6716
985.0000	87.0000	0.0278	32.6716
986.0000	87.0000	0.0278	32.6716
987.0000	87.0000	0.0278	32.6716
988.0000	87.0000	0.0278	32.6716
989.0000	87.0000	0.0278	32.6715
990.0000	87.0000	0.0277	32.6839
991.0000	87.0000	0.0278	32.7291
992.0000	87.0000	0.0278	32.8181
993.0000	87.0000	0.0278	32.9577
994.0000	87.0000	0.0279	33.1499
995.0000	87.0000	0.0280	33.3951
996.0000	87.0000	0.0281	33.6928
997.0000	87.0000	0.0282	34.0422
998.0000	87.0000	0.0283	34.4422
999.0000	87.0000	0.0285	34.8915
