100.0000	43.0000	-66.5340	43.7876
101.0000	43.0000	-66.1027	43.7772
102.0000	43.0000	-65.6768	43.7669
103.0000	43.0000	-65.2521	43.7563
104.0000	43.0000	-64.8240	43.7457
105.0000	43.0000	-64.4542	43.7355
106.0000	43.0000	-64.2526	43.7272
107.0000	43.0000	-64.0682	43.7067
108.0000	43.0000	-63.9378	43.5825
109.0000	43.0000	-63.7514	43.4950
110.0000	43.0000	-63.5694	43.3569
111.0000	43.0000	-63.3831	43.1842
112.0000	43.0000	-63.1781	42.9818
113.0000	43.0000	-62.9485	42.7497
114.0000	43.0000	-62.6876	42.4909
115.0000	43.0000	-62.3936	42.2035
116.0000	43.0000	-62.1207	41.8955
117.0000	43.0000	-61.9679	41.5636
118.0000	43.0000	-61.7741	41.2078
119.0000	43.0000	-61.5317	40.8308
120.0000	43.0000	-61.2426	40.4407
121.0000	43.0000	-60.9679	40.0816
122.0000	43.0000	-60.8074	39.7396
123.0000	43.0000	-60.6043	39.4336
124.0000	43.0000	-60.3483	39.1478
125.0000	43.0000	-60.1006	38.9396
126.0000	43.0000	-59.9586	38.7422
127.0000	43.0000	-59.7656	38.5760
128.0000	43.0000	-59.5261	38.4792
129.0000	43.0000	-59.3316	38.4767
130.0000	43.0000	-59.3156	38.4773
131.0000	43.0000	-59.3144	38.4778
132.0000	43.0000	-59.3134	38.4781
133.0000	43.0000	-59.3099	38.4781
134.0000	43.0000	-59.2498	38.4775
135.0000	43.0000	-59.1184	38.4760
136.0000	43.0000	-58.9259	38.4596
137.0000	43.0000	-58.7678	38.3763
138.0000	43.0000	-58.6805	38.3094
139.0000	43.0000	-58.5429	38.1965
140.0000	43.0000	-58.3483	38.0401
141.0000	43.0000	-58.1627	37.8675
142.0000	43.0000	-58.0840	37.6986
143.0000	43.0000	-57.9537	37.5302
144.0000	43.0000	-57.8345	37.3599
145.0000	43.0000	-57.8315	37.1934
146.0000	43.0000	-57.7819	37.0351
147.0000	43.0000	-57.6702	36.8712
148.0000	43.0000	-57.5694	36.6808
149.0000	43.0000	-57.5739	36.4665
150.0000	43.0000	-57.5290	36.2247
151.0000	43.0000	-57.4252	35.9552
152.0000	43.0000	-57.3281	35.6633
153.0000	43.0000	-57.3303	35.3558
154.0000	43.0000	-57.2799	35.0291
155.0000	43.0000	-57.1701	34.6779
156.0000	43.0000	-57.0683	34.3060
157.0000	43.0000	-57.0681	33.9174
158.0000	43.0000	-57.0173	33.5109
159.0000	43.0000	-56.9059	33.0874
160.0000	43.0000	-56.8030	32.6469
161.0000	43.0000	-56.8017	32.1993
162.0000	43.0000	-56.7511	31.7504
163.0000	43.0000	-56.6393	31.3033
164.0000	43.0000	-56.5360	30.8565
165.0000	43.0000	-56.5343	30.4122
166.0000	43.0000	-56.4826	29.9491
167.0000	43.0000	-56.3683	29.4438
168.0000	43.0000	-56.2606	28.9123
169.0000	43.0000	-56.2556	28.4057
170.0000	43.0000	-56.2026	27.9677
171.0000	43.0000	-56.0927	27.6011
172.0000	43.0000	-55.9934	27.2689
173.0000	43.0000	-55.9949	26.9767
174.0000	43.0000	-55.9467	26.7002
175.0000	43.0000	-55.8356	26.4797
176.0000	43.0000	-55.7274	26.3513
177.0000	43.0000	-55.7150	26.3267
178.0000	43.0000	-55.6563	26.3276
179.0000	43.0000	-55.5374	26.3287
180.0000	43.0000	-55.4267	26.3293
181.0000	43.0000	-55.4183	26.3295
182.0000	43.0000	-55.3594	26.3297
183.0000	43.0000	-55.2403	26.3300
184.0000	43.0000	-55.0631	26.3304
185.0000	43.0000	-54.8940	26.3307
186.0000	43.0000	-54.8487	26.3310
187.0000	43.0000	-54.7609	26.3299
188.0000	43.0000	-54.6135	26.3206
189.0000	43.0000	-54.4152	26.2596
190.0000	43.0000	-54.2588	26.1662
191.0000	43.0000	-54.2568	26.0344
192.0000	43.0000	-54.2608	25.8661
193.0000	43.0000	-54.2646	25.6707
194.0000	43.0000	-54.2693	25.4483
195.0000	43.0000	-54.2521	25.2088
196.0000	43.0000	-54.1847	24.9973
197.0000	43.0000	-54.0651	24.8474
198.0000	43.0000	-53.8931	24.7701
199.0000	43.0000	-53.6706	24.7693
200.0000	43.0000	-53.3976	24.7714
201.0000	43.0000	-53.1388	24.7729
202.0000	43.0000	-53.0046	24.7739
203.0000	43.0000	-52.8338	24.7749
204.0000	43.0000	-52.6178	24.7761
205.0000	43.0000	-52.3558	24.7776
205.0000	129.0000	57.7511	-55.2505
206.0000	43.0000	-52.1118	24.7789
206.0000	129.0000	57.7521	-54.6521
207.0000	43.0000	-51.9948	24.7796
207.0000	129.0000	57.7532	-54.0482
208.0000	43.0000	-51.8431	24.7806
208.0000	129.0000	57.7541	-53.4431
209.0000	43.0000	-51.6477	24.7779
209.0000	129.0000	57.7552	-52.8469
210.0000	43.0000	-51.4282	24.7714
210.0000	129.0000	57.7568	-52.3567
211.0000	43.0000	-51.2054	24.7423
211.0000	129.0000	57.7500	-52.1393
212.0000	43.0000	-50.9889	24.6460
212.0000	129.0000	57.7530	-51.9461
213.0000	43.0000	-50.7741	24.5124
213.0000	129.0000	57.7579	-51.8330
214.0000	43.0000	-50.5597	24.3510
214.0000	129.0000	57.7620	-51.9159
215.0000	43.0000	-50.3361	24.1611
215.0000	129.0000	57.7682	-51.9394
216.0000	43.0000	-50.0812	23.9446
216.0000	129.0000	57.7758	-52.0080
217.0000	43.0000	-49.7904	23.7065
217.0000	129.0000	57.7809	-52.2252
218.0000	43.0000	-49.5297	23.4422
218.0000	129.0000	57.7876	-52.3661
219.0000	43.0000	-49.4061	23.1646
219.0000	129.0000	57.7910	-52.5442
220.0000	43.0000	-49.2572	22.8880
220.0000	129.0000	57.7938	-52.8062
221.0000	43.0000	-49.0740	22.6114
221.0000	129.0000	57.7971	-52.9752
222.0000	43.0000	-48.8543	22.3362
222.0000	129.0000	57.8002	-53.1676
223.0000	43.0000	-48.5968	22.0609
223.0000	129.0000	57.8042	-53.4275
224.0000	43.0000	-48.2994	21.7826
224.0000	129.0000	57.8070	-53.6083
225.0000	43.0000	-48.0257	21.5060
225.0000	129.0000	57.8085	-53.8139
226.0000	43.0000	-47.8883	21.2445
226.0000	129.0000	57.8119	-54.0606
227.0000	43.0000	-47.7237	20.9935
227.0000	129.0000	57.8151	-54.2143
228.0000	43.0000	-47.5213	20.7939
228.0000	129.0000	57.8171	-54.3432
229.0000	43.0000	-47.2801	20.6775
229.0000	129.0000	57.8181	-54.4509
230.0000	43.0000	-47.0016	20.6472
230.0000	129.0000	57.8242	-54.3800
231.0000	43.0000	-46.7447	20.6503
231.0000	129.0000	57.8240	-54.3132
232.0000	43.0000	-46.6228	20.6522
232.0000	129.0000	57.8240	-54.3041
233.0000	43.0000	-46.4728	20.6540
233.0000	129.0000	57.8236	-54.2142
234.0000	43.0000	-46.2857	20.6560
234.0000	129.0000	57.8234	-54.1477
235.0000	43.0000	-46.0599	20.6582
235.0000	129.0000	57.8234	-54.1391
236.0000	43.0000	-45.7941	20.6607
236.0000	129.0000	57.8229	-54.0496
237.0000	43.0000	-45.4872	20.6635
237.0000	129.0000	57.8226	-53.9835
238.0000	43.0000	-45.2031	20.6662
238.0000	129.0000	57.8226	-53.9753
239.0000	43.0000	-45.0535	20.6676
239.0000	129.0000	57.8221	-53.8870
240.0000	43.0000	-44.8760	20.6693
240.0000	129.0000	57.8219	-53.8229
241.0000	43.0000	-44.6609	20.6713
241.0000	129.0000	57.8219	-53.8142
242.0000	43.0000	-44.4739	20.6730
242.0000	129.0000	57.8214	-53.7259
243.0000	43.0000	-44.4347	20.6734
243.0000	129.0000	57.8210	-53.6618
244.0000	43.0000	-44.3770	20.6737
244.0000	129.0000	57.8210	-53.6535
245.0000	43.0000	-44.2813	20.6729
245.0000	129.0000	57.8205	-53.5668
246.0000	43.0000	-44.1463	20.6683
246.0000	129.0000	57.8204	-53.5083
247.0000	43.0000	-43.9825	20.6151
247.0000	129.0000	57.8478	-53.5005
248.0000	43.0000	-43.8323	20.5445
248.0000	129.0000	57.8472	-53.4840
249.0000	43.0000	-43.8228	20.4220
249.0000	129.0000	57.8484	-53.5396
250.0000	43.0000	-43.7866	20.2666
250.0000	129.0000	57.8493	-53.6850
251.0000	43.0000	-43.7111	20.0832
251.0000	129.0000	57.8503	-53.7779
252.0000	43.0000	-43.5943	19.8748
252.0000	129.0000	57.8513	-53.9202
253.0000	43.0000	-43.4355	19.6419
253.0000	129.0000	57.8526	-54.1441
254.0000	43.0000	-43.3015	19.3844
254.0000	129.0000	57.8535	-54.3119
255.0000	43.0000	-43.2952	19.1033
255.0000	129.0000	57.8524	-54.4309
255.0000	171.0000	1.2085	79.7233
256.0000	43.0000	-43.2603	18.8073
256.0000	129.0000	57.8503	-54.5009
256.0000	171.0000	1.1307	79.3862
257.0000	43.0000	-43.1831	18.5374
257.0000	129.0000	57.8487	-54.4841
257.0000	171.0000	1.0775	79.0874
258.0000	43.0000	-43.0654	18.3254
258.0000	129.0000	57.8479	-54.3513
258.0000	171.0000	1.0674	78.8710
259.0000	43.0000	-42.9741	18.1797
259.0000	129.0000	57.8465	-54.1964
259.0000	171.0000	0.9893	78.6826
260.0000	43.0000	-42.9720	18.1087
260.0000	129.0000	57.8453	-54.1380
260.0000	171.0000	0.9354	78.5833
261.0000	43.0000	-42.9401	18.0532
261.0000	129.0000	57.8463	-53.9834
261.0000	171.0000	0.9232	78.5253
262.0000	43.0000	-42.8662	17.9529
262.0000	129.0000	57.8434	-53.8014
262.0000	171.0000	0.8470	78.3804
263.0000	43.0000	-42.7528	17.8227
263.0000	129.0000	57.8422	-53.5793
263.0000	171.0000	0.7942	78.2203
264.0000	43.0000	-42.6776	17.7272
264.0000	129.0000	57.8685	-53.3032
264.0000	171.0000	0.7412	78.1445
265.0000	43.0000	-42.6750	17.7260
265.0000	129.0000	57.8670	-53.1564
265.0000	171.0000	0.6672	78.1007
266.0000	43.0000	-42.6490	17.6774
266.0000	129.0000	57.8903	-52.9309
266.0000	171.0000	0.4893	77.9910
267.0000	43.0000	-42.5811	17.6031
267.0000	129.0000	57.8981	-52.6803
267.0000	171.0000	0.2772	77.8092
268.0000	43.0000	-42.4765	17.5012
268.0000	129.0000	57.9116	-52.3786
268.0000	171.0000	0.0999	77.6243
269.0000	43.0000	-42.3931	17.4904
269.0000	129.0000	57.9087	-51.9568
269.0000	171.0000	0.0864	77.6065
270.0000	43.0000	-42.3902	17.4906
270.0000	129.0000	57.9052	-51.5640
270.0000	171.0000	-0.0077	77.5451
271.0000	43.0000	-42.3543	17.4913
271.0000	129.0000	57.9043	-51.4428
271.0000	171.0000	-0.1772	77.4304
272.0000	43.0000	-42.2834	17.4924
272.0000	129.0000	57.9042	-51.4388
272.0000	171.0000	-0.4085	77.2724
273.0000	43.0000	-42.1733	17.4938
273.0000	129.0000	57.9042	-51.4308
273.0000	171.0000	-0.5958	77.1248
274.0000	43.0000	-42.0912	17.4949
274.0000	129.0000	57.9041	-51.4282
274.0000	171.0000	-0.6465	77.0894
275.0000	43.0000	-42.0895	17.4949
275.0000	129.0000	57.9041	-51.4270
275.0000	171.0000	-0.7726	76.9983
276.0000	43.0000	-42.0555	17.4953
276.0000	129.0000	57.9042	-51.4263
276.0000	171.0000	-0.9639	76.8386
277.0000	43.0000	-41.9848	17.4960
277.0000	129.0000	57.9038	-51.3798
277.0000	171.0000	-1.1218	76.6885
278.0000	43.0000	-41.9379	17.4968
278.0000	129.0000	57.9027	-51.2665
278.0000	171.0000	-1.1595	76.6585
279.0000	43.0000	-41.9351	17.4968
279.0000	129.0000	57.9010	-51.0916
279.0000	171.0000	-1.2692	76.5606
280.0000	43.0000	-41.9020	17.4973
280.0000	129.0000	57.8987	-50.8584
280.0000	171.0000	-1.4460	76.3938
281.0000	43.0000	-41.8355	17.4943
281.0000	129.0000	57.8961	-50.5736
281.0000	171.0000	-1.6643	76.1558
282.0000	43.0000	-41.7942	17.4864
282.0000	129.0000	57.8958	-50.3348
282.0000	171.0000	-1.8944	75.8395
283.0000	43.0000	-41.7881	17.4609
283.0000	129.0000	57.8867	-50.3013
283.0000	171.0000	-2.0714	75.5253
284.0000	43.0000	-41.7582	17.3831
284.0000	129.0000	57.8808	-50.2277
284.0000	171.0000	-2.1682	75.3306
285.0000	43.0000	-41.6940	17.2569
285.0000	129.0000	57.8787	-50.1136
285.0000	171.0000	-2.3252	75.0336
286.0000	43.0000	-41.6552	17.0999
286.0000	129.0000	57.8760	-49.9621
286.0000	171.0000	-2.5076	74.6133
287.0000	43.0000	-41.6525	16.9157
287.0000	129.0000	57.8726	-49.7760
287.0000	171.0000	-2.6461	74.1771
288.0000	43.0000	-41.6228	16.7062
288.0000	129.0000	57.8686	-49.5593
288.0000	171.0000	-2.7005	73.8708
289.0000	43.0000	-41.5599	16.4722
289.0000	129.0000	57.8641	-49.3157
289.0000	171.0000	-2.8149	73.4715
290.0000	43.0000	-41.5221	16.2218
290.0000	129.0000	57.8592	-49.0410
290.0000	171.0000	-2.9681	72.9698
291.0000	43.0000	-41.5193	15.9973
291.0000	129.0000	57.8537	-48.6962
291.0000	171.0000	-3.1285	72.4137
292.0000	43.0000	-41.4897	15.8304
292.0000	129.0000	57.8476	-48.2533
292.0000	171.0000	-3.2683	71.8384
293.0000	43.0000	-41.4273	15.7269
293.0000	129.0000	57.8405	-47.7109
293.0000	171.0000	-3.4349	71.2757
294.0000	43.0000	-41.3327	15.6992
294.0000	129.0000	57.8422	-47.0382
294.0000	171.0000	-3.6225	70.7451
295.0000	43.0000	-41.2651	15.7003
295.0000	129.0000	57.8353	-46.3222
295.0000	171.0000	-3.7966	70.1873
296.0000	43.0000	-41.2624	15.7004
296.0000	129.0000	57.8282	-45.5759
296.0000	171.0000	-3.9582	69.5823
297.0000	43.0000	-41.2312	15.7012
297.0000	129.0000	57.8209	-44.8009
297.0000	171.0000	-4.0949	69.0256
298.0000	43.0000	-41.1650	15.7023
298.0000	129.0000	57.8134	-43.9997
298.0000	171.0000	-4.1830	68.6752
299.0000	43.0000	-41.0619	15.7038
299.0000	129.0000	57.8054	-43.1741
299.0000	171.0000	-4.2726	68.2879
300.0000	43.0000	-40.9884	15.7048
300.0000	129.0000	57.7972	-42.3259
300.0000	171.0000	-4.3353	67.9217
301.0000	43.0000	-40.9851	15.7048
301.0000	129.0000	57.7887	-41.4566
301.0000	171.0000	-4.3718	67.7349
302.0000	43.0000	-40.9511	15.7053
302.0000	129.0000	57.7801	-40.5676
302.0000	171.0000	-4.4131	67.4708
303.0000	43.0000	-40.8832	15.7063
303.0000	129.0000	57.7714	-39.6602
303.0000	171.0000	-4.4417	67.2188
304.0000	43.0000	-40.8380	15.7031
304.0000	129.0000	57.7632	-38.8181
304.0000	171.0000	-4.4467	67.1872
305.0000	43.0000	-40.8352	15.6963
305.0000	129.0000	57.7572	-38.1975
305.0000	171.0000	-4.4491	67.1796
306.0000	43.0000	-40.8252	15.6155
306.0000	129.0000	57.7941	-37.5223
306.0000	171.0000	-4.5346	67.1417
307.0000	43.0000	-40.7634	15.5347
307.0000	129.0000	57.7945	-36.9909
307.0000	171.0000	-4.5482	67.0662
308.0000	43.0000	-40.7238	15.4160
308.0000	129.0000	57.7896	-36.6729
308.0000	171.0000	-4.5476	66.9462
309.0000	43.0000	-40.7209	15.2605
309.0000	129.0000	57.7838	-36.3442
309.0000	171.0000	-4.5465	66.7900
310.0000	43.0000	-40.6910	15.0859
310.0000	129.0000	57.7777	-35.9945
310.0000	171.0000	-4.5451	66.6142
311.0000	43.0000	-40.6274	14.9380
311.0000	129.0000	57.7714	-35.6086
311.0000	171.0000	-4.5437	66.4649
312.0000	43.0000	-40.5886	14.8514
312.0000	129.0000	57.7652	-35.1649
312.0000	171.0000	-4.5428	66.3771
313.0000	43.0000	-40.5846	14.8483
313.0000	129.0000	57.7594	-34.6371
313.0000	171.0000	-4.5425	66.3738
314.0000	43.0000	-40.5421	14.8499
314.0000	129.0000	57.7374	-34.1448
314.0000	171.0000	-4.5077	66.3567
315.0000	43.0000	-40.4788	14.8412
315.0000	129.0000	57.7356	-33.5888
315.0000	171.0000	-4.5161	66.3514
316.0000	43.0000	-40.4392	14.8420
316.0000	129.0000	57.7298	-33.0274
316.0000	171.0000	-4.5160	66.3516
317.0000	43.0000	-40.4365	14.8422
317.0000	129.0000	57.7240	-32.4608
317.0000	171.0000	-4.5161	66.3518
318.0000	43.0000	-40.4064	14.8426
318.0000	129.0000	57.7179	-31.8887
318.0000	171.0000	-4.5161	66.3519
319.0000	43.0000	-40.3439	14.8435
319.0000	129.0000	57.7116	-31.3121
319.0000	171.0000	-4.5161	66.3519
320.0000	43.0000	-40.3072	14.8441
320.0000	129.0000	57.7053	-30.7349
320.0000	171.0000	-4.5161	66.3519
321.0000	43.0000	-40.3030	14.8441
321.0000	129.0000	57.6991	-30.1622
321.0000	171.0000	-4.5161	66.3519
322.0000	43.0000	-40.2709	14.8446
322.0000	129.0000	57.6933	-29.6018
322.0000	171.0000	-4.5161	66.3519
323.0000	43.0000	-40.2073	14.8455
323.0000	129.0000	57.6878	-29.0658
323.0000	171.0000	-4.5161	66.3520
324.0000	43.0000	-40.1112	14.8429
324.0000	129.0000	57.6825	-28.5584
324.0000	171.0000	-4.5160	66.3482
325.0000	43.0000	-39.9841	14.8355
325.0000	129.0000	57.6775	-28.0636
325.0000	171.0000	-4.5164	66.3393
326.0000	43.0000	-39.8315	14.7947
326.0000	129.0000	57.6746	-27.5862
326.0000	171.0000	-4.5227	66.2997
327.0000	43.0000	-39.6562	14.7175
327.0000	129.0000	57.6676	-27.1510
327.0000	171.0000	-4.5185	66.2179
328.0000	43.0000	-39.4785	14.6013
328.0000	129.0000	57.6609	-26.7519
328.0000	171.0000	-4.5149	66.0974
329.0000	43.0000	-39.3691	14.4470
329.0000	129.0000	57.6550	-26.3862
329.0000	171.0000	-4.5136	65.9410
330.0000	43.0000	-39.3689	14.2632
330.0000	129.0000	57.6490	-26.0465
330.0000	171.0000	-4.5116	65.7562
331.0000	43.0000	-39.3675	14.0537
331.0000	129.0000	57.6428	-25.7309
331.0000	171.0000	-4.5092	65.5455
332.0000	43.0000	-39.3660	13.8198
332.0000	129.0000	57.6364	-25.4408
332.0000	171.0000	-4.5058	65.3100
333.0000	43.0000	-39.3647	13.5622
333.0000	129.0000	57.6297	-25.1818
333.0000	171.0000	-4.5017	65.0503
334.0000	43.0000	-39.3634	13.2890
334.0000	129.0000	57.6238	-25.0413
334.0000	171.0000	-4.4973	64.7749
335.0000	43.0000	-39.3620	13.0165
335.0000	129.0000	57.6191	-25.0279
335.0000	171.0000	-4.4918	64.4996
336.0000	43.0000	-39.3607	12.7448
336.0000	129.0000	57.6140	-24.9877
336.0000	171.0000	-4.4859	64.2248
337.0000	43.0000	-39.3592	12.4739
337.0000	129.0000	57.6083	-24.9204
337.0000	171.0000	-4.4796	63.9506
338.0000	43.0000	-39.3574	12.2038
338.0000	129.0000	57.6023	-24.8321
338.0000	171.0000	-4.4724	63.6768
339.0000	43.0000	-39.3556	11.9209
339.0000	129.0000	57.5960	-24.7577
339.0000	171.0000	-4.4643	63.3896
340.0000	43.0000	-39.3538	11.5932
340.0000	129.0000	57.5898	-24.7355
340.0000	171.0000	-4.4567	63.0578
341.0000	43.0000	-39.3522	11.2285
341.0000	129.0000	57.5841	-24.7454
341.0000	171.0000	-4.4497	62.6895
342.0000	43.0000	-39.3503	10.8337
342.0000	129.0000	57.5774	-24.7724
342.0000	171.0000	-4.4410	62.2900
343.0000	43.0000	-39.3483	10.4105
343.0000	129.0000	57.5706	-24.8231
343.0000	171.0000	-4.4316	61.8619
344.0000	43.0000	-39.3461	9.9602
344.0000	129.0000	57.5640	-24.9087
344.0000	171.0000	-4.4218	61.4064
345.0000	43.0000	-39.3440	9.4845
345.0000	129.0000	57.5566	-25.0210
345.0000	171.0000	-4.4110	60.9248
346.0000	43.0000	-39.3419	8.9838
346.0000	129.0000	57.5491	-25.1450
346.0000	171.0000	-4.3999	60.4180
347.0000	43.0000	-39.3394	8.4599
347.0000	129.0000	57.5412	-25.2924
347.0000	171.0000	-4.3871	59.8871
348.0000	43.0000	-39.3276	7.9454
348.0000	129.0000	57.5151	-25.5223
348.0000	171.0000	-4.3222	59.3366
349.0000	43.0000	-39.2760	7.5522
349.0000	129.0000	57.4077	-25.9865
349.0000	171.0000	-4.0305	58.7789
350.0000	43.0000	-39.1446	7.4321
350.0000	129.0000	57.1265	-26.8894
350.0000	171.0000	-3.2772	58.2254
351.0000	43.0000	-38.9016	7.6880
351.0000	129.0000	56.5895	-28.3846
351.0000	171.0000	-1.9064	57.6659
352.0000	43.0000	-38.5343	8.3098
352.0000	129.0000	55.7596	-30.4608
352.0000	171.0000	0.0641	57.0602
353.0000	43.0000	-38.0431	9.2144
353.0000	129.0000	54.6363	-32.9775
353.0000	171.0000	2.5055	56.3552
354.0000	43.0000	-37.3640	10.4967
354.0000	129.0000	53.0756	-36.0291
354.0000	171.0000	5.5602	55.4695
355.0000	43.0000	-36.7160	11.5046
355.0000	129.0000	51.6157	-38.6422
355.0000	171.0000	8.1818	54.4495
356.0000	43.0000	-36.0333	12.4633
356.0000	129.0000	50.0860	-41.1285
356.0000	171.0000	10.7039	53.2807
357.0000	43.0000	-35.3483	13.3077
357.0000	129.0000	48.5730	-43.3976
357.0000	171.0000	13.0161	51.9876
358.0000	43.0000	-34.4850	14.4060
358.0000	129.0000	46.6246	-46.0320
358.0000	171.0000	15.6807	50.4312
359.0000	43.0000	-33.7856	15.0612
359.0000	129.0000	45.0242	-48.2293
359.0000	171.0000	17.6713	49.0046
360.0000	43.0000	-32.8054	16.1139
360.0000	129.0000	42.7306	-50.9140
360.0000	171.0000	20.3405	47.3256
361.0000	43.0000	-31.5045	17.5477
361.0000	129.0000	39.7252	-53.8870
361.0000	171.0000	23.4903	45.1783
362.0000	43.0000	-31.0126	17.6930
362.0000	129.0000	38.7644	-54.9895
362.0000	171.0000	24.5028	43.8937
363.0000	43.0000	-30.9363	17.2566
363.0000	129.0000	38.7751	-55.3336
363.0000	171.0000	24.5293	43.0462
364.0000	43.0000	-30.3810	17.5427
364.0000	129.0000	37.4662	-56.7096
364.0000	171.0000	25.5715	41.5732
365.0000	43.0000	-29.4319	18.3684
365.0000	129.0000	35.2091	-58.5878
365.0000	171.0000	27.2995	39.5951
366.0000	43.0000	-28.9502	18.5169
366.0000	129.0000	34.2086	-59.5329
366.0000	171.0000	28.0238	38.2508
367.0000	43.0000	-28.5127	18.6592
367.0000	129.0000	33.3336	-60.2887
367.0000	171.0000	28.7588	37.1477
368.0000	43.0000	-28.4287	18.4284
368.0000	129.0000	33.3647	-60.4282
368.0000	171.0000	28.7727	36.5439
369.0000	43.0000	-28.6789	17.8719
369.0000	129.0000	34.1481	-60.0909
369.0000	171.0000	28.1204	36.4098
370.0000	43.0000	-28.7180	17.7026
370.0000	129.0000	34.4100	-59.9226
370.0000	171.0000	27.8124	36.0462
371.0000	43.0000	-28.7139	17.6895
371.0000	129.0000	34.6076	-59.6585
371.0000	171.0000	27.5475	35.6770
372.0000	43.0000	-28.7138	17.6907
372.0000	129.0000	34.8544	-59.3163
372.0000	171.0000	27.2425	35.2885
373.0000	43.0000	-28.7137	17.6916
373.0000	129.0000	35.0800	-59.0034
373.0000	171.0000	26.9082	34.8589
374.0000	43.0000	-28.7136	17.6921
374.0000	129.0000	35.2034	-58.8325
374.0000	171.0000	26.5474	34.3922
375.0000	43.0000	-28.7136	17.6924
375.0000	129.0000	35.3666	-58.6066
375.0000	171.0000	26.1633	33.8910
376.0000	43.0000	-28.7136	17.6925
376.0000	129.0000	35.5746	-58.3183
376.0000	171.0000	25.7575	33.3584
377.0000	43.0000	-28.7136	17.6926
377.0000	129.0000	35.7651	-58.0548
377.0000	171.0000	25.3870	32.8693
378.0000	43.0000	-28.7136	17.6926
378.0000	129.0000	35.8586	-57.9255
378.0000	171.0000	25.1506	32.5499
379.0000	43.0000	-28.7136	17.6928
379.0000	129.0000	35.9976	-57.7330
379.0000	171.0000	24.9055	32.2021
380.0000	43.0000	-28.7134	17.6905
380.0000	129.0000	36.1830	-57.4785
380.0000	171.0000	24.6110	31.7971
381.0000	43.0000	-28.7100	17.6775
381.0000	129.0000	36.3436	-57.2678
381.0000	171.0000	24.2867	31.3257
382.0000	43.0000	-28.7032	17.6395
382.0000	129.0000	36.4034	-57.2212
382.0000	171.0000	23.9948	30.8562
383.0000	43.0000	-28.7153	17.5625
383.0000	129.0000	36.5625	-57.0858
383.0000	171.0000	23.7964	30.5585
384.0000	43.0000	-28.7199	17.5398
384.0000	129.0000	36.7481	-56.8546
384.0000	171.0000	23.5884	30.2503
385.0000	43.0000	-28.7180	17.5404
385.0000	129.0000	36.8982	-56.6454
385.0000	171.0000	23.3363	29.8876
386.0000	43.0000	-28.7168	17.5405
386.0000	129.0000	36.9575	-56.5627
386.0000	171.0000	23.1027	29.5548
387.0000	43.0000	-28.7193	17.5192
387.0000	129.0000	37.0783	-56.4184
387.0000	171.0000	22.9789	29.3608
388.0000	43.0000	-28.7134	17.4821
388.0000	129.0000	37.1683	-56.3297
388.0000	171.0000	22.8305	29.0708
389.0000	43.0000	-28.7212	17.4194
389.0000	129.0000	37.2095	-56.3404
389.0000	171.0000	22.6029	28.7241
390.0000	43.0000	-28.7187	17.4190
390.0000	129.0000	37.2771	-56.2464
390.0000	171.0000	22.4103	28.4358
391.0000	43.0000	-28.6980	17.4159
391.0000	129.0000	37.3496	-56.1417
391.0000	171.0000	22.3539	28.2448
392.0000	43.0000	-28.6712	17.3853
392.0000	129.0000	37.3942	-56.1029
392.0000	171.0000	22.2603	27.9465
393.0000	43.0000	-28.6073	17.3831
393.0000	129.0000	37.2590	-56.2718
393.0000	171.0000	22.2259	27.6018
394.0000	43.0000	-28.6028	17.3784
394.0000	129.0000	37.3301	-56.1782
394.0000	171.0000	22.1957	27.5317
395.0000	43.0000	-28.6029	17.3786
395.0000	129.0000	37.4026	-56.0792
395.0000	171.0000	22.1027	27.3940
395.0000	179.0000	22.4071	-76.5937
396.0000	43.0000	-28.6028	17.3788
396.0000	129.0000	37.4089	-56.0705
396.0000	171.0000	21.9553	27.1746
396.0000	179.0000	22.6984	-76.1957
397.0000	43.0000	-28.6028	17.3789
397.0000	129.0000	37.4738	-55.9815
397.0000	171.0000	21.8207	26.9792
397.0000	179.0000	22.9984	-75.7856
398.0000	43.0000	-28.6028	17.3790
398.0000	129.0000	37.5893	-55.8241
398.0000	171.0000	21.7829	26.9222
398.0000	179.0000	23.2725	-75.4111
399.0000	43.0000	-28.6029	17.3790
399.0000	129.0000	37.6876	-55.6899
399.0000	171.0000	21.6908	26.7854
399.0000	179.0000	23.4544	-75.1627
400.0000	43.0000	-28.6003	17.3778
400.0000	129.0000	37.6925	-55.6838
400.0000	171.0000	21.6091	26.6519
400.0000	179.0000	23.5942	-74.9676
401.0000	43.0000	-28.6117	17.3351
401.0000	129.0000	37.7969	-55.5889
401.0000	171.0000	21.5843	26.6293
401.0000	179.0000	23.6829	-74.9193
402.0000	43.0000	-28.5643	17.3412
402.0000	129.0000	37.8025	-55.5662
402.0000	171.0000	21.5857	26.4241
402.0000	179.0000	23.5542	-74.9887
403.0000	43.0000	-28.5186	17.3173
403.0000	129.0000	37.7969	-55.5902
403.0000	171.0000	21.5897	26.2032
403.0000	179.0000	23.4320	-75.0835
404.0000	43.0000	-28.5145	17.3110
404.0000	129.0000	37.8022	-55.5889
404.0000	171.0000	21.5890	26.1791
404.0000	179.0000	23.4494	-75.0589
405.0000	43.0000	-28.5146	17.3111
405.0000	129.0000	37.8201	-55.5645
405.0000	171.0000	21.5259	26.0860
405.0000	179.0000	23.4785	-75.0194
406.0000	43.0000	-28.5147	17.3106
406.0000	129.0000	37.8212	-55.5636
406.0000	171.0000	21.4106	25.9170
406.0000	179.0000	23.5196	-74.9645
407.0000	43.0000	-28.5059	17.3167
407.0000	129.0000	37.7993	-55.5852
407.0000	171.0000	21.3266	25.7601
407.0000	179.0000	23.5529	-74.8937
408.0000	43.0000	-28.4564	17.3565
408.0000	129.0000	37.6720	-55.7057
408.0000	171.0000	21.3888	25.6677
408.0000	179.0000	23.4684	-74.8591
409.0000	43.0000	-28.3964	17.3731
409.0000	129.0000	37.5215	-55.8790
409.0000	171.0000	21.4068	25.4449
409.0000	179.0000	23.3798	-74.8352
410.0000	43.0000	-28.2538	17.4593
410.0000	129.0000	37.1644	-56.2392
410.0000	171.0000	21.5444	25.1082
410.0000	179.0000	23.0399	-74.9065
411.0000	43.0000	-28.0762	17.5773
411.0000	129.0000	36.7204	-56.6683
411.0000	171.0000	21.7781	24.7983
411.0000	179.0000	22.6159	-74.9880
412.0000	43.0000	-27.8744	17.7184
412.0000	129.0000	36.2144	-57.1392
412.0000	171.0000	21.9815	24.3765
412.0000	179.0000	22.1441	-75.0602
413.0000	43.0000	-27.6209	17.9028
413.0000	129.0000	35.5767	-57.7086
413.0000	171.0000	22.2561	23.8970
413.0000	179.0000	21.5355	-75.1635
414.0000	43.0000	-27.3173	18.1233
414.0000	129.0000	34.8115	-58.3688
414.0000	171.0000	22.6323	23.4072
414.0000	179.0000	20.8010	-75.2936
415.0000	43.0000	-26.9011	18.4708
415.0000	129.0000	33.7601	-59.1903
415.0000	171.0000	23.0744	22.7203
415.0000	179.0000	19.7022	-75.5297
416.0000	43.0000	-26.5503	18.7190
416.0000	129.0000	32.8788	-59.8889
416.0000	171.0000	23.4327	22.1154
416.0000	179.0000	18.7624	-75.7829
417.0000	43.0000	-26.0502	19.1200
417.0000	129.0000	31.6143	-60.7913
417.0000	171.0000	23.9889	21.3947
417.0000	179.0000	17.3746	-76.1233
418.0000	43.0000	-25.4926	19.5544
418.0000	129.0000	30.2125	-61.7350
418.0000	171.0000	24.5185	20.5363
418.0000	179.0000	15.8689	-76.4454
419.0000	43.0000	-25.0504	19.8380
419.0000	129.0000	29.1046	-62.4922
419.0000	171.0000	24.9159	19.8142
419.0000	179.0000	14.7441	-76.6729
420.0000	43.0000	-24.4862	20.2400
420.0000	129.0000	27.6847	-63.3616
420.0000	171.0000	25.4577	19.0138
420.0000	179.0000	13.1673	-77.0278
421.0000	43.0000	-24.0075	20.5696
421.0000	129.0000	26.4894	-64.0536
421.0000	171.0000	25.8305	18.2799
421.0000	179.0000	11.9120	-77.2396
422.0000	43.0000	-23.7851	20.7000
422.0000	129.0000	25.9498	-64.3697
422.0000	171.0000	25.9748	17.9045
422.0000	179.0000	11.4632	-77.2364
423.0000	43.0000	-23.7781	20.7035
423.0000	129.0000	25.9662	-64.3504
423.0000	171.0000	25.9732	17.8866
423.0000	179.0000	11.6619	-77.0487
424.0000	43.0000	-23.6914	20.7664
424.0000	129.0000	25.8094	-64.4112
424.0000	171.0000	25.9778	17.7023
424.0000	179.0000	11.6157	-76.9207
425.0000	43.0000	-23.5161	20.8737
425.0000	129.0000	25.4722	-64.5706
425.0000	171.0000	26.0756	17.4023
425.0000	179.0000	11.3087	-76.8742
426.0000	43.0000	-23.1907	21.0871
426.0000	129.0000	24.8008	-64.8812
426.0000	171.0000	26.3428	16.9517
426.0000	179.0000	10.5570	-76.9269
427.0000	43.0000	-22.9031	21.2635
427.0000	129.0000	24.2700	-65.1064
427.0000	171.0000	26.5061	16.4896
427.0000	179.0000	9.9457	-76.9385
428.0000	43.0000	-22.8930	21.2660
428.0000	129.0000	24.4676	-64.9403
428.0000	171.0000	26.4599	16.4253
428.0000	179.0000	10.1834	-76.7304
429.0000	43.0000	-22.8930	21.2662
429.0000	129.0000	24.6499	-64.7900
429.0000	171.0000	26.4519	16.4183
429.0000	179.0000	10.4754	-76.4900
430.0000	43.0000	-22.8930	21.2665
430.0000	129.0000	24.7022	-64.7468
430.0000	171.0000	26.3793	16.3538
430.0000	179.0000	10.7483	-76.2653
431.0000	43.0000	-22.8931	21.2667
431.0000	129.0000	24.8198	-64.6500
431.0000	171.0000	26.3255	16.3060
431.0000	179.0000	10.9166	-76.1266
432.0000	43.0000	-22.8930	21.2668
432.0000	129.0000	24.9992	-64.5024
432.0000	171.0000	26.3176	16.2990
432.0000	179.0000	11.1056	-75.9711
433.0000	43.0000	-22.8930	21.2669
433.0000	129.0000	25.2311	-64.3117
433.0000	171.0000	26.3053	16.2880
433.0000	179.0000	11.3236	-75.7916
434.0000	43.0000	-22.8930	21.2669
434.0000	129.0000	25.4353	-64.1438
434.0000	171.0000	26.3051	16.2878
434.0000	179.0000	11.5721	-75.5871
435.0000	43.0000	-22.8930	21.2670
435.0000	129.0000	25.5133	-64.0798
435.0000	171.0000	26.3050	16.2877
435.0000	179.0000	11.8523	-75.3565
436.0000	43.0000	-22.8930	21.2670
436.0000	129.0000	25.6565	-63.9622
436.0000	171.0000	26.3049	16.2876
436.0000	179.0000	12.1167	-75.1391
437.0000	43.0000	-22.8930	21.2670
437.0000	129.0000	25.8625	-63.7930
437.0000	171.0000	26.3049	16.2876
437.0000	179.0000	12.2794	-75.0054
438.0000	43.0000	-22.8930	21.2670
438.0000	129.0000	26.0458	-63.6423
438.0000	171.0000	26.3048	16.2875
438.0000	179.0000	12.4649	-74.8528
439.0000	43.0000	-22.8940	21.2662
439.0000	129.0000	26.1110	-63.5897
439.0000	171.0000	26.3041	16.2887
439.0000	179.0000	12.6841	-74.6742
440.0000	43.0000	-22.8850	21.2719
440.0000	129.0000	26.2210	-63.4936
440.0000	171.0000	26.2921	16.2595
440.0000	179.0000	12.9066	-74.4770
441.0000	43.0000	-22.8290	21.3139
441.0000	129.0000	26.2788	-63.4035
441.0000	171.0000	26.2829	16.1409
441.0000	179.0000	12.9752	-74.3264
442.0000	43.0000	-22.6771	21.4179
442.0000	129.0000	26.0838	-63.4585
442.0000	171.0000	26.3087	15.8607
442.0000	179.0000	12.6694	-74.3345
443.0000	43.0000	-22.4557	21.5407
443.0000	129.0000	25.6097	-63.7184
443.0000	171.0000	26.3441	15.4352
443.0000	179.0000	12.2010	-74.3951
444.0000	43.0000	-22.0744	21.7636
444.0000	129.0000	24.8264	-64.1129
444.0000	171.0000	26.5341	14.8437
444.0000	179.0000	11.3187	-74.5389
445.0000	43.0000	-21.7177	21.9559
445.0000	129.0000	24.1756	-64.4206
445.0000	171.0000	26.7901	14.3575
445.0000	179.0000	10.5238	-74.6562
446.0000	43.0000	-21.3260	22.1618
446.0000	129.0000	23.4215	-64.7766
446.0000	171.0000	27.0588	13.8230
446.0000	179.0000	9.6372	-74.7865
447.0000	43.0000	-20.8672	22.3911
447.0000	129.0000	22.3854	-65.2897
447.0000	171.0000	27.3154	13.1602
447.0000	179.0000	8.5736	-74.9506
448.0000	43.0000	-20.3821	22.6144
448.0000	129.0000	21.3651	-65.7674
448.0000	171.0000	27.5094	12.4090
448.0000	179.0000	7.4486	-75.1213
449.0000	43.0000	-19.8387	22.8758
449.0000	129.0000	20.1962	-66.2718
449.0000	171.0000	27.6631	11.5675
449.0000	179.0000	6.1764	-75.2811
450.0000	43.0000	-19.5455	22.9884
450.0000	129.0000	19.5189	-66.5865
450.0000	171.0000	27.6984	11.0707
450.0000	179.0000	5.5595	-75.3426
451.0000	43.0000	-19.5342	22.9908
451.0000	129.0000	19.5902	-66.5394
451.0000	171.0000	27.7050	11.0541
451.0000	179.0000	5.5664	-75.3275
452.0000	43.0000	-19.5343	22.9913
452.0000	129.0000	19.6737	-66.4872
452.0000	171.0000	27.7033	11.0532
452.0000	179.0000	5.6098	-75.3000
453.0000	43.0000	-19.5343	22.9918
453.0000	129.0000	19.6816	-66.4819
453.0000	171.0000	27.6478	11.0159
453.0000	179.0000	5.6794	-75.2560
454.0000	43.0000	-19.5344	22.9920
454.0000	129.0000	19.7704	-66.4265
454.0000	171.0000	27.5218	10.9307
454.0000	179.0000	5.7788	-75.1938
455.0000	43.0000	-19.5344	22.9921
455.0000	129.0000	19.8431	-66.3811
455.0000	171.0000	27.3366	10.8055
455.0000	179.0000	5.9096	-75.1122
456.0000	43.0000	-19.5344	22.9922
456.0000	129.0000	19.8513	-66.3759
456.0000	171.0000	27.0983	10.6446
456.0000	179.0000	6.0730	-75.0103
457.0000	43.0000	-19.5344	22.9922
457.0000	129.0000	19.9357	-66.3234
457.0000	171.0000	26.8994	10.5109
457.0000	179.0000	6.2701	-74.8872
458.0000	43.0000	-19.5345	22.9922
458.0000	129.0000	20.0014	-66.2825
458.0000	171.0000	26.8498	10.4775
458.0000	179.0000	6.5019	-74.7425
459.0000	43.0000	-19.5345	22.9922
459.0000	129.0000	20.0092	-66.2776
459.0000	171.0000	26.7241	10.3930
459.0000	179.0000	6.7136	-74.6103
460.0000	43.0000	-19.5345	22.9922
460.0000	129.0000	20.0896	-66.2276
460.0000	171.0000	26.5221	10.2573
460.0000	179.0000	6.8117	-74.5491
461.0000	43.0000	-19.5345	22.9922
461.0000	129.0000	20.1510	-66.1894
461.0000	171.0000	26.2575	10.0801
461.0000	179.0000	6.9339	-74.4730
462.0000	43.0000	-19.5345	22.9922
462.0000	129.0000	20.1585	-66.1847
462.0000	171.0000	25.9386	9.8670
462.0000	179.0000	7.0883	-74.3769
463.0000	43.0000	-19.5345	22.9922
463.0000	129.0000	20.2371	-66.1359
463.0000	171.0000	25.6564	9.6788
463.0000	179.0000	7.2758	-74.2599
464.0000	43.0000	-19.5345	22.9922
464.0000	129.0000	20.3804	-66.0466
464.0000	171.0000	25.5304	9.5955
464.0000	179.0000	7.4411	-74.1568
465.0000	43.0000	-19.5345	22.9922
465.0000	129.0000	20.4936	-65.9760
465.0000	171.0000	25.3393	9.4690
465.0000	179.0000	7.4852	-74.1291
466.0000	43.0000	-19.5345	22.9922
466.0000	129.0000	20.5011	-65.9713
466.0000	171.0000	25.0741	9.2937
466.0000	179.0000	7.5455	-74.0913
467.0000	43.0000	-19.5345	22.9922
467.0000	129.0000	20.5893	-65.9164
467.0000	171.0000	24.8350	9.1357
467.0000	179.0000	7.6385	-74.0333
468.0000	43.0000	-19.5345	22.9922
468.0000	129.0000	20.7465	-65.8186
468.0000	171.0000	24.7426	9.0755
468.0000	179.0000	7.7654	-73.9543
469.0000	43.0000	-19.5345	22.9922
469.0000	129.0000	20.8767	-65.7376
469.0000	171.0000	24.5758	8.9665
469.0000	179.0000	7.9273	-73.8533
470.0000	43.0000	-19.5345	22.9922
470.0000	129.0000	20.8866	-65.7313
470.0000	171.0000	24.3312	8.8067
470.0000	179.0000	8.0678	-73.7656
471.0000	43.0000	-19.5345	22.9922
471.0000	129.0000	20.9798	-65.6733
471.0000	171.0000	24.1111	8.6627
471.0000	179.0000	8.0828	-73.7563
472.0000	43.0000	-19.5345	22.9922
472.0000	129.0000	21.1450	-65.5706
472.0000	171.0000	24.0354	8.6139
472.0000	179.0000	8.1154	-73.7357
473.0000	43.0000	-19.5345	22.9922
473.0000	129.0000	21.2854	-65.4833
473.0000	171.0000	23.8820	8.5146
473.0000	179.0000	8.1810	-73.6946
474.0000	43.0000	-19.5345	22.9922
474.0000	129.0000	21.3012	-65.4734
474.0000	171.0000	23.7397	8.4227
474.0000	179.0000	8.2819	-73.6314
475.0000	43.0000	-19.5345	22.9922
475.0000	129.0000	21.4015	-65.4110
475.0000	171.0000	23.7271	8.4146
475.0000	179.0000	8.4188	-73.5456
476.0000	43.0000	-19.5345	22.9922
476.0000	129.0000	21.5744	-65.3035
476.0000	171.0000	23.6250	8.3490
476.0000	179.0000	8.5349	-73.4729
477.0000	43.0000	-19.5345	22.9922
477.0000	129.0000	21.7230	-65.2111
477.0000	171.0000	23.4379	8.2287
477.0000	179.0000	8.5408	-73.4692
478.0000	43.0000	-19.5345	22.9922
478.0000	129.0000	21.7425	-65.1988
478.0000	171.0000	23.2733	8.1229
478.0000	179.0000	8.5705	-73.4507
479.0000	43.0000	-19.5345	22.9922
479.0000	129.0000	21.8453	-65.1349
479.0000	171.0000	23.2521	8.1095
479.0000	179.0000	8.6363	-73.4094
480.0000	43.0000	-19.5345	22.9922
480.0000	129.0000	22.0217	-65.0252
480.0000	171.0000	23.1445	8.0407
480.0000	179.0000	8.7370	-73.3463
481.0000	43.0000	-19.5345	22.9922
481.0000	129.0000	22.2595	-64.8772
481.0000	171.0000	23.0456	7.9775
481.0000	179.0000	8.8738	-73.2606
482.0000	43.0000	-19.5345	22.9922
482.0000	129.0000	22.4689	-64.7468
482.0000	171.0000	23.0363	7.9716
482.0000	179.0000	9.0474	-73.1519
483.0000	43.0000	-19.5345	22.9922
483.0000	129.0000	22.5425	-64.7012
483.0000	171.0000	22.9394	7.9100
483.0000	179.0000	9.2016	-73.0554
484.0000	43.0000	-19.5345	22.9922
484.0000	129.0000	22.6900	-64.6094
484.0000	171.0000	22.8560	7.8568
484.0000	179.0000	9.2328	-73.0358
485.0000	43.0000	-19.5345	22.9922
485.0000	129.0000	22.9075	-64.4741
485.0000	171.0000	22.8466	7.8508
485.0000	179.0000	9.2802	-73.0061
486.0000	43.0000	-19.5345	22.9922
486.0000	129.0000	23.1005	-64.3540
486.0000	171.0000	22.7548	7.7926
486.0000	179.0000	9.3625	-72.9546
487.0000	43.0000	-19.5345	22.9922
487.0000	129.0000	23.1620	-64.3158
487.0000	171.0000	22.6803	7.7453
487.0000	179.0000	9.4802	-72.8808
488.0000	43.0000	-19.5345	22.9922
488.0000	129.0000	23.3004	-64.2297
488.0000	171.0000	22.6710	7.7394
488.0000	179.0000	9.6343	-72.7843
489.0000	43.0000	-19.5345	22.9922
489.0000	129.0000	23.5102	-64.0992
489.0000	171.0000	22.5827	7.6835
489.0000	179.0000	9.8254	-72.6646
490.0000	43.0000	-19.5345	22.9922
490.0000	129.0000	23.6962	-63.9834
490.0000	171.0000	22.5134	7.6395
490.0000	179.0000	9.9978	-72.5566
491.0000	43.0000	-19.5345	22.9922
491.0000	129.0000	23.7518	-63.9488
491.0000	171.0000	22.5042	7.6338
491.0000	179.0000	10.0589	-72.5183
492.0000	43.0000	-19.5345	22.9922
492.0000	129.0000	23.8855	-63.8657
492.0000	171.0000	22.4184	7.5796
492.0000	179.0000	10.1459	-72.4638
493.0000	43.0000	-19.5345	22.9922
493.0000	129.0000	24.0910	-63.7379
493.0000	171.0000	22.3520	7.5377
493.0000	179.0000	10.2665	-72.3883
494.0000	43.0000	-19.5345	22.9922
494.0000	129.0000	24.2728	-63.6248
494.0000	171.0000	22.3429	7.5319
494.0000	179.0000	10.4218	-72.2910
495.0000	43.0000	-19.5345	22.9922
495.0000	129.0000	24.3247	-63.5925
495.0000	171.0000	22.2586	7.4787
495.0000	179.0000	10.6127	-72.1715
496.0000	43.0000	-19.5345	22.9922
496.0000	129.0000	24.4553	-63.5113
496.0000	171.0000	22.1042	7.3812
496.0000	179.0000	10.8398	-72.0292
497.0000	43.0000	-19.5345	22.9922
497.0000	129.0000	24.6578	-63.3853
497.0000	171.0000	21.9831	7.3051
497.0000	179.0000	11.0481	-71.8987
498.0000	43.0000	-19.5345	22.9922
498.0000	129.0000	24.8367	-63.2740
498.0000	171.0000	21.9736	7.2991
498.0000	179.0000	11.1441	-71.8386
499.0000	43.0000	-19.5345	22.9922
499.0000	129.0000	24.8860	-63.2434
499.0000	171.0000	21.8809	7.2410
499.0000	179.0000	11.2651	-71.7628
500.0000	43.0000	-19.5345	22.9922
500.0000	129.0000	25.0142	-63.1635
500.0000	171.0000	21.8051	7.1934
500.0000	179.0000	11.4189	-71.6664
501.0000	43.0000	-19.5345	22.9922
501.0000	129.0000	25.2146	-63.0389
501.0000	171.0000	21.8056	7.1937
501.0000	179.0000	11.6066	-71.5489
502.0000	43.0000	-19.5345	22.9922
502.0000	129.0000	25.3914	-62.9290
502.0000	171.0000	21.8052	7.1934
502.0000	179.0000	11.7727	-71.4448
503.0000	43.0000	-19.5345	22.9922
503.0000	129.0000	25.4389	-62.8995
503.0000	171.0000	21.8041	7.1927
503.0000	179.0000	11.8175	-71.4168
504.0000	43.0000	-19.5345	22.9922
504.0000	129.0000	25.5655	-62.8207
504.0000	171.0000	21.7615	7.1660
504.0000	179.0000	11.8795	-71.3779
505.0000	43.0000	-19.5345	22.9922
505.0000	129.0000	25.7643	-62.6970
505.0000	171.0000	21.6567	7.1005
505.0000	179.0000	11.9745	-71.3184
506.0000	43.0000	-19.5345	22.9922
506.0000	129.0000	25.9396	-62.5881
506.0000	171.0000	21.5878	7.0573
506.0000	179.0000	12.1035	-71.2376
507.0000	43.0000	-19.5345	22.9922
507.0000	129.0000	25.9856	-62.5594
507.0000	171.0000	21.5799	7.0522
507.0000	179.0000	12.2678	-71.1347
508.0000	43.0000	-19.5345	22.9922
508.0000	129.0000	26.1111	-62.4813
508.0000	171.0000	21.5017	7.0033
508.0000	179.0000	12.4110	-71.0450
509.0000	43.0000	-19.5345	22.9922
509.0000	129.0000	26.3088	-62.3584
509.0000	171.0000	21.4456	6.9682
509.0000	179.0000	12.4271	-71.0349
510.0000	43.0000	-19.5345	22.9922
510.0000	129.0000	26.4829	-62.2501
510.0000	171.0000	21.4371	6.9627
510.0000	179.0000	12.4584	-71.0152
511.0000	43.0000	-19.5345	22.9922
511.0000	129.0000	26.5279	-62.2221
511.0000	171.0000	21.3576	6.9131
511.0000	179.0000	12.5244	-70.9736
512.0000	43.0000	-19.5345	22.9922
512.0000	129.0000	26.6526	-62.1446
512.0000	171.0000	21.3005	6.8774
512.0000	179.0000	12.6256	-70.9097
513.0000	43.0000	-19.5345	22.9922
513.0000	129.0000	26.8494	-62.0221
513.0000	171.0000	21.2919	6.8719
513.0000	179.0000	12.7630	-70.8232
514.0000	43.0000	-19.5345	22.9922
514.0000	129.0000	27.0227	-61.9144
514.0000	152.0000	-1.7992	-79.9264
514.0000	171.0000	21.2117	6.8219
514.0000	179.0000	12.9372	-70.7136
515.0000	43.0000	-19.5345	22.9922
515.0000	129.0000	27.0670	-61.8868
515.0000	152.0000	-1.6370	-79.8244
515.0000	171.0000	21.0638	6.7298
515.0000	179.0000	13.0922	-70.6161
516.0000	43.0000	-19.5345	22.9922
516.0000	129.0000	27.1909	-61.8097
516.0000	152.0000	-1.4411	-79.7012
516.0000	171.0000	20.9514	6.6597
516.0000	179.0000	13.1289	-70.5931
517.0000	43.0000	-19.5345	22.9922
517.0000	129.0000	27.3872	-61.6876
517.0000	152.0000	-1.2668	-79.5916
517.0000	171.0000	20.9419	6.6537
517.0000	179.0000	13.1843	-70.5584
518.0000	43.0000	-19.5345	22.9922
518.0000	129.0000	27.5598	-61.5803
518.0000	152.0000	-1.2056	-79.5532
518.0000	171.0000	20.8514	6.5975
518.0000	179.0000	13.2736	-70.5022
519.0000	43.0000	-19.5345	22.9922
519.0000	129.0000	27.6036	-61.5530
519.0000	152.0000	-1.1206	-79.4997
519.0000	171.0000	20.6865	6.4950
519.0000	179.0000	13.3981	-70.4237
520.0000	43.0000	-19.5345	22.9922
520.0000	129.0000	27.7271	-61.4762
520.0000	152.0000	-1.0035	-79.4259
520.0000	171.0000	20.5524	6.4117
520.0000	179.0000	13.5588	-70.3226
521.0000	43.0000	-19.5345	22.9922
521.0000	129.0000	27.9229	-61.3544
521.0000	152.0000	-0.8530	-79.3311
521.0000	171.0000	20.5417	6.4050
521.0000	179.0000	13.7565	-70.1983
522.0000	43.0000	-19.5345	22.9922
522.0000	129.0000	28.0951	-61.2473
522.0000	152.0000	-0.6680	-79.2148
522.0000	171.0000	20.4458	6.3454
522.0000	179.0000	13.9353	-70.0858
523.0000	43.0000	-19.5345	22.9922
523.0000	129.0000	28.1385	-61.2203
523.0000	152.0000	-0.5040	-79.1117
523.0000	171.0000	20.2710	6.2372
523.0000	179.0000	14.0029	-70.0434
524.0000	43.0000	-19.5345	22.9922
524.0000	129.0000	28.2616	-61.1437
524.0000	152.0000	-0.4528	-79.0796
524.0000	171.0000	20.1240	6.1461
524.0000	179.0000	14.0961	-69.9848
525.0000	43.0000	-19.5345	22.9922
525.0000	129.0000	28.4571	-61.0221
525.0000	152.0000	-0.3769	-79.0318
525.0000	171.0000	20.1121	6.1387
525.0000	179.0000	14.2227	-69.9050
526.0000	43.0000	-19.5355	22.9916
526.0000	129.0000	28.6312	-60.9140
526.0000	152.0000	-0.2655	-78.9632
526.0000	171.0000	20.0127	6.0783
526.0000	179.0000	14.3863	-69.8030
527.0000	43.0000	-19.5257	22.9960
527.0000	129.0000	28.6531	-60.9006
527.0000	152.0000	-0.1510	-78.8764
527.0000	171.0000	19.8355	5.9563
527.0000	179.0000	14.5585	-69.6877
528.0000	43.0000	-19.4921	23.0089
528.0000	129.0000	28.7035	-60.8722
528.0000	152.0000	-0.0689	-78.7767
528.0000	171.0000	19.6923	5.8240
528.0000	179.0000	14.6514	-69.6070
529.0000	43.0000	-19.3572	23.0653
529.0000	129.0000	28.6090	-60.9388
529.0000	152.0000	-0.2929	-78.7201
529.0000	171.0000	19.7218	5.6711
529.0000	179.0000	14.3814	-69.6823
530.0000	43.0000	-19.1253	23.1567
530.0000	129.0000	28.2830	-61.1566
530.0000	152.0000	-0.9110	-78.7694
530.0000	171.0000	19.6944	5.3602
530.0000	179.0000	13.8970	-69.8257
531.0000	43.0000	-18.7719	23.3032
531.0000	129.0000	27.5652	-61.6017
531.0000	152.0000	-1.8499	-78.8236
531.0000	171.0000	19.6192	4.8865
531.0000	179.0000	13.1471	-70.0327
532.0000	43.0000	-18.4019	23.4431
532.0000	129.0000	26.8936	-62.0177
532.0000	152.0000	-2.8471	-78.8870
532.0000	171.0000	19.5671	4.4089
532.0000	179.0000	12.3955	-70.2299
533.0000	43.0000	-18.3027	23.4770
533.0000	129.0000	26.8825	-62.0351
533.0000	152.0000	-3.1193	-78.9085
533.0000	171.0000	19.5772	4.2944
533.0000	179.0000	12.3508	-70.1957
534.0000	43.0000	-18.3028	23.4770
534.0000	129.0000	27.0586	-61.9365
534.0000	152.0000	-3.1190	-78.9083
534.0000	171.0000	19.4670	4.2333
534.0000	179.0000	12.5839	-70.0637
535.0000	43.0000	-18.3029	23.4774
535.0000	129.0000	27.1022	-61.9117
535.0000	152.0000	-3.1190	-78.9079
535.0000	171.0000	19.2716	4.1252
535.0000	179.0000	12.7973	-69.9425
536.0000	43.0000	-18.3028	23.4776
536.0000	129.0000	27.2280	-61.8411
536.0000	152.0000	-3.1190	-78.9077
536.0000	171.0000	19.1016	4.0308
536.0000	179.0000	12.8951	-69.8872
537.0000	43.0000	-18.3029	23.4777
537.0000	129.0000	27.4282	-61.7289
537.0000	152.0000	-3.1190	-78.9076
537.0000	171.0000	19.0952	4.0273
537.0000	179.0000	13.0184	-69.8174
538.0000	43.0000	-18.3029	23.4778
538.0000	129.0000	27.6042	-61.6303
538.0000	152.0000	-3.1191	-78.9075
538.0000	171.0000	19.0945	4.0270
538.0000	179.0000	13.1752	-69.7286
539.0000	43.0000	-18.3029	23.4778
539.0000	129.0000	27.6479	-61.6057
539.0000	152.0000	-3.1190	-78.9075
539.0000	171.0000	19.0939	4.0266
539.0000	179.0000	13.3666	-69.6202
540.0000	43.0000	-18.3029	23.4778
540.0000	129.0000	27.7737	-61.5352
540.0000	152.0000	-3.1190	-78.9074
540.0000	171.0000	19.0934	4.0264
540.0000	179.0000	13.5937	-69.4915
541.0000	43.0000	-18.3029	23.4779
541.0000	129.0000	27.8858	-61.4724
541.0000	152.0000	-3.1190	-78.9074
541.0000	171.0000	19.0932	4.0263
541.0000	179.0000	13.8572	-69.3424
542.0000	43.0000	-18.3029	23.4779
542.0000	129.0000	27.8954	-61.4670
542.0000	152.0000	-3.1190	-78.9074
542.0000	171.0000	19.0931	4.0262
542.0000	179.0000	14.1013	-69.2042
543.0000	43.0000	-18.3029	23.4779
543.0000	129.0000	27.9922	-61.4127
543.0000	152.0000	-3.1190	-78.9074
543.0000	171.0000	19.0930	4.0262
543.0000	179.0000	14.2291	-69.1321
544.0000	43.0000	-18.3029	23.4779
544.0000	129.0000	28.1638	-61.3167
544.0000	152.0000	-3.1190	-78.9074
544.0000	171.0000	19.0929	4.0262
544.0000	179.0000	14.3816	-69.0460
545.0000	43.0000	-18.3029	23.4779
545.0000	129.0000	28.3105	-61.2345
545.0000	152.0000	-3.1190	-78.9074
545.0000	171.0000	19.0929	4.0261
545.0000	179.0000	14.5671	-68.9414
546.0000	43.0000	-18.3038	23.4773
546.0000	129.0000	28.3300	-61.2236
546.0000	152.0000	-3.1163	-78.9074
546.0000	171.0000	19.0927	4.0269
546.0000	179.0000	14.7891	-68.8169
547.0000	43.0000	-18.3027	23.4774
547.0000	129.0000	28.4322	-61.1668
547.0000	152.0000	-3.1194	-78.9079
547.0000	171.0000	19.0930	4.0256
547.0000	179.0000	14.9838	-68.7067
548.0000	43.0000	-18.3027	23.4774
548.0000	129.0000	28.5225	-61.1162
548.0000	152.0000	-3.1194	-78.9079
548.0000	171.0000	19.0920	4.0250
548.0000	179.0000	15.0641	-68.6614
549.0000	43.0000	-18.3027	23.4774
549.0000	129.0000	28.5309	-61.1115
549.0000	152.0000	-3.1194	-78.9079
549.0000	171.0000	19.0920	4.0250
549.0000	179.0000	15.1686	-68.6024
550.0000	43.0000	-18.3027	23.4774
550.0000	129.0000	28.6227	-61.0600
550.0000	152.0000	-3.1194	-78.9079
550.0000	171.0000	19.0920	4.0250
550.0000	179.0000	15.3059	-68.5249
551.0000	43.0000	-18.3027	23.4774
551.0000	129.0000	28.6982	-61.0178
551.0000	152.0000	-3.1194	-78.9079
551.0000	171.0000	19.0920	4.0250
551.0000	179.0000	15.4770	-68.4284
552.0000	43.0000	-18.3027	23.4774
552.0000	129.0000	28.7066	-61.0130
552.0000	152.0000	-3.1194	-78.9079
552.0000	171.0000	19.0920	4.0250
552.0000	179.0000	15.6247	-68.3451
553.0000	43.0000	-18.3037	23.4769
553.0000	129.0000	28.7957	-60.9631
553.0000	152.0000	-3.1167	-78.9079
553.0000	171.0000	19.0918	4.0258
553.0000	179.0000	15.6434	-68.3351
554.0000	43.0000	-18.2947	23.4803
554.0000	129.0000	28.8445	-60.9375
554.0000	152.0000	-3.1418	-78.9096
554.0000	171.0000	19.0934	4.0162
554.0000	179.0000	15.6553	-68.3242
555.0000	43.0000	-18.2546	23.4939
555.0000	129.0000	28.7683	-60.9886
555.0000	152.0000	-3.2523	-78.9182
555.0000	171.0000	19.1023	3.9735
555.0000	179.0000	15.6262	-68.3233
556.0000	43.0000	-18.1416	23.5297
556.0000	129.0000	28.6149	-61.1005
556.0000	152.0000	-3.5585	-78.9413
556.0000	171.0000	19.1338	3.8547
556.0000	179.0000	15.4609	-68.3703
557.0000	43.0000	-17.8554	23.6427
557.0000	129.0000	28.0703	-61.4412
557.0000	152.0000	-4.3396	-78.9688
557.0000	171.0000	19.2105	3.5759
557.0000	179.0000	14.9153	-68.5310
558.0000	43.0000	-17.5693	23.7285
558.0000	129.0000	27.4705	-61.8277
558.0000	152.0000	-5.0984	-79.0028
558.0000	171.0000	19.2844	3.2745
558.0000	179.0000	14.4115	-68.6896
559.0000	43.0000	-17.4328	23.7825
559.0000	129.0000	27.2568	-61.9573
559.0000	152.0000	-5.4751	-79.0075
559.0000	171.0000	19.3170	3.1428
559.0000	179.0000	14.2377	-68.7140
560.0000	43.0000	-17.4204	23.7832
560.0000	129.0000	27.2934	-61.9440
560.0000	152.0000	-5.5074	-79.0119
560.0000	171.0000	19.3204	3.1275
560.0000	179.0000	14.2315	-68.7157
561.0000	43.0000	-17.4204	23.7834
561.0000	129.0000	27.3008	-61.9400
561.0000	152.0000	-5.5075	-79.0117
561.0000	171.0000	19.3204	3.1276
561.0000	179.0000	14.2669	-68.6970
562.0000	43.0000	-17.4204	23.7836
562.0000	129.0000	27.3811	-61.8983
562.0000	152.0000	-5.5076	-79.0115
562.0000	171.0000	19.3204	3.1277
562.0000	179.0000	14.3388	-68.6593
563.0000	43.0000	-17.4204	23.7837
563.0000	129.0000	27.4410	-61.8672
563.0000	152.0000	-5.5077	-79.0114
563.0000	171.0000	19.3204	3.1277
563.0000	179.0000	14.4481	-68.6020
564.0000	43.0000	-17.4212	23.7831
564.0000	129.0000	27.4502	-61.8626
564.0000	152.0000	-5.5055	-79.0116
564.0000	171.0000	19.3202	3.1282
564.0000	179.0000	14.5976	-68.5246
565.0000	43.0000	-17.4046	23.7891
565.0000	129.0000	27.4948	-61.8425
565.0000	152.0000	-5.5513	-79.0129
565.0000	171.0000	19.3242	3.1119
565.0000	179.0000	14.6847	-68.4720
566.0000	43.0000	-17.3297	23.8118
566.0000	129.0000	27.3966	-61.9108
566.0000	152.0000	-5.7548	-79.0219
566.0000	171.0000	19.3430	3.0352
566.0000	179.0000	14.5180	-68.5316
567.0000	43.0000	-17.1395	23.8724
567.0000	129.0000	26.9992	-62.1542
567.0000	152.0000	-6.2757	-79.0379
567.0000	171.0000	19.3883	2.8421
567.0000	179.0000	14.1005	-68.6725
568.0000	43.0000	-16.8619	23.9506
568.0000	129.0000	26.4868	-62.4774
568.0000	152.0000	-7.0180	-79.0548
568.0000	171.0000	19.4519	2.5528
568.0000	179.0000	13.5129	-68.8699
569.0000	43.0000	-16.4239	24.0828
569.0000	129.0000	25.6070	-62.9942
569.0000	152.0000	-8.1720	-79.0447
569.0000	171.0000	19.5457	2.1112
569.0000	179.0000	12.5819	-69.1565
570.0000	43.0000	-15.9443	24.1983
570.0000	129.0000	24.5832	-63.5885
570.0000	152.0000	-9.4006	-79.0220
570.0000	171.0000	19.6402	1.6085
570.0000	179.0000	11.5941	-69.4607
571.0000	43.0000	-15.3316	24.3520
571.0000	129.0000	23.3363	-64.2704
571.0000	152.0000	-10.9475	-78.9388
571.0000	171.0000	19.7463	0.9844
571.0000	179.0000	10.2669	-69.8355
572.0000	43.0000	-14.7777	24.4331
572.0000	129.0000	22.2817	-64.8757
572.0000	152.0000	-12.3451	-78.8870
572.0000	171.0000	19.8313	0.3763
572.0000	179.0000	8.9603	-70.2394
573.0000	43.0000	-14.0823	24.5506
573.0000	129.0000	20.8694	-65.6055
573.0000	171.0000	19.9196	-0.3569
573.0000	179.0000	7.3337	-70.6690
574.0000	43.0000	-13.4227	24.6155
574.0000	129.0000	19.4172	-66.3312
574.0000	171.0000	19.9869	-1.0810
574.0000	179.0000	5.8326	-71.0534
575.0000	43.0000	-12.8493	24.6508
575.0000	129.0000	18.2337	-66.9127
575.0000	171.0000	20.0317	-1.7187
575.0000	179.0000	4.5732	-71.3522
576.0000	43.0000	-12.4207	24.6676
576.0000	129.0000	17.4458	-67.3024
576.0000	171.0000	20.0572	-2.1966
576.0000	179.0000	3.7010	-71.5397
577.0000	43.0000	-12.1407	24.6772
577.0000	129.0000	16.9581	-67.5406
577.0000	171.0000	20.0702	-2.5064
577.0000	179.0000	3.1612	-71.6447
578.0000	43.0000	-12.1038	24.6759
578.0000	129.0000	16.8869	-67.5755
578.0000	171.0000	20.0721	-2.5487
578.0000	179.0000	3.0814	-71.6630
579.0000	43.0000	-12.1035	24.6764
579.0000	129.0000	16.9892	-67.5454
579.0000	171.0000	20.0720	-2.5491
579.0000	179.0000	3.1134	-71.6533
580.0000	43.0000	-12.0497	24.6809
580.0000	129.0000	17.0514	-67.5426
580.0000	171.0000	20.0737	-2.6062
580.0000	179.0000	3.0578	-71.6559
581.0000	43.0000	-11.9392	24.6818
581.0000	129.0000	17.0554	-67.5810
581.0000	171.0000	20.0777	-2.7303
581.0000	179.0000	2.9073	-71.6796
582.0000	43.0000	-11.6953	24.6934
582.0000	129.0000	16.8161	-67.7281
582.0000	171.0000	20.0838	-2.9942
582.0000	179.0000	2.4740	-71.7483
583.0000	43.0000	-11.3985	24.6841
583.0000	129.0000	16.4204	-67.9564
583.0000	171.0000	20.0752	-3.3389
583.0000	179.0000	1.8906	-71.8648
584.0000	43.0000	-11.0334	24.6695
584.0000	129.0000	15.7034	-68.2927
584.0000	171.0000	20.0741	-3.7581
584.0000	179.0000	1.0141	-72.0412
585.0000	43.0000	-10.6202	24.6420
585.0000	129.0000	14.9497	-68.6544
585.0000	171.0000	20.0641	-4.2386
585.0000	179.0000	0.0454	-72.2264
586.0000	43.0000	-10.1969	24.5867
586.0000	129.0000	14.2444	-69.0213
586.0000	171.0000	20.0079	-4.7604
586.0000	179.0000	-0.9106	-72.4136
587.0000	43.0000	-9.7291	24.5165
587.0000	129.0000	13.4934	-69.4146
587.0000	171.0000	19.9636	-5.3330
587.0000	179.0000	-1.9410	-72.6005
588.0000	43.0000	-9.2526	24.4094
588.0000	129.0000	12.7761	-69.8178
588.0000	171.0000	19.9289	-5.9311
588.0000	179.0000	-2.9537	-72.7874
589.0000	43.0000	-8.7889	24.2540
589.0000	129.0000	12.0499	-70.2298
589.0000	171.0000	19.8852	-6.5319
589.0000	179.0000	-3.9567	-72.9800
590.0000	43.0000	-8.3529	24.0534
590.0000	129.0000	11.2151	-70.6508
590.0000	171.0000	19.8354	-7.1109
590.0000	179.0000	-5.0172	-73.1839
591.0000	43.0000	-7.9489	23.8066
591.0000	129.0000	10.5223	-71.0395
591.0000	171.0000	19.7813	-7.6654
591.0000	179.0000	-5.9711	-73.3743
592.0000	43.0000	-7.5719	23.5150
592.0000	129.0000	9.9668	-71.4024
592.0000	171.0000	19.7239	-8.1994
592.0000	179.0000	-6.8172	-73.5525
593.0000	43.0000	-7.2240	23.1904
593.0000	129.0000	9.5375	-71.7452
593.0000	171.0000	19.6397	-8.7159
593.0000	179.0000	-7.5563	-73.7227
594.0000	43.0000	-6.8627	22.8376
594.0000	129.0000	9.1142	-72.1056
594.0000	171.0000	19.5006	-9.2664
594.0000	179.0000	-8.3040	-73.8924
595.0000	43.0000	-6.6003	22.3991
595.0000	129.0000	8.9858	-72.4748
595.0000	171.0000	19.4113	-9.7864
595.0000	179.0000	-8.8250	-74.1339
596.0000	43.0000	-6.3333	21.9092
596.0000	129.0000	8.8730	-72.8829
596.0000	171.0000	19.3478	-10.3460
596.0000	179.0000	-9.5062	-74.4152
597.0000	43.0000	-6.0515	21.3806
597.0000	129.0000	8.6545	-73.3369
597.0000	171.0000	19.2721	-10.9520
597.0000	179.0000	-10.2214	-74.7105
598.0000	43.0000	-5.8154	20.8071
598.0000	129.0000	8.3498	-73.8217
598.0000	171.0000	19.2025	-11.5558
598.0000	179.0000	-10.7854	-75.0414
599.0000	43.0000	-5.6096	20.1933
599.0000	129.0000	8.1547	-74.3235
599.0000	171.0000	19.1355	-12.1674
599.0000	179.0000	-11.2413	-75.4038
600.0000	43.0000	-5.4081	19.5448
600.0000	129.0000	8.0170	-74.8503
600.0000	171.0000	19.0623	-12.8065
600.0000	179.0000	-11.6649	-75.7864
601.0000	43.0000	-5.2291	18.8614
601.0000	129.0000	7.9820	-75.3970
601.0000	171.0000	18.9906	-13.4570
601.0000	179.0000	-11.9982	-76.1985
602.0000	43.0000	-5.0808	18.1455
602.0000	129.0000	8.0731	-75.9607
602.0000	171.0000	18.9255	-14.1104
602.0000	179.0000	-12.2773	-76.6483
603.0000	43.0000	-4.9477	17.4009
603.0000	129.0000	8.2378	-76.5466
603.0000	171.0000	18.8596	-14.7784
603.0000	179.0000	-12.6728	-77.1304
604.0000	43.0000	-4.8219	16.6295
604.0000	129.0000	8.4457	-77.1577
604.0000	171.0000	18.7915	-15.4668
604.0000	179.0000	-13.0470	-77.6331
605.0000	43.0000	-4.7194	15.8299
605.0000	129.0000	8.7552	-77.7866
605.0000	171.0000	18.7307	-16.1592
605.0000	179.0000	-13.3154	-78.1666
606.0000	43.0000	-4.6309	15.0066
606.0000	129.0000	9.0464	-78.4371
606.0000	171.0000	18.6724	-16.8632
606.0000	179.0000	-13.5101	-78.7253
607.0000	43.0000	-4.5537	14.1602
607.0000	129.0000	9.1618	-79.1099
607.0000	171.0000	18.6160	-17.5797
608.0000	43.0000	-4.4878	13.2914
608.0000	171.0000	18.5625	-18.3073
609.0000	43.0000	-4.4364	12.4050
609.0000	171.0000	18.5163	-19.0367
610.0000	43.0000	-4.3913	11.5174
610.0000	171.0000	18.4709	-19.7622
611.0000	43.0000	-4.3476	10.6309
611.0000	171.0000	18.4212	-20.4887
612.0000	43.0000	-4.3137	9.7427
612.0000	171.0000	18.3781	-21.2047
613.0000	43.0000	-4.2871	8.8540
613.0000	171.0000	18.3397	-21.9129
614.0000	43.0000	-4.2632	7.9601
614.0000	171.0000	18.3004	-22.6252
615.0000	43.0000	-4.2466	7.0326
615.0000	171.0000	18.2687	-23.3604
616.0000	43.0000	-4.2372	6.0732
616.0000	171.0000	18.2465	-24.1152
617.0000	43.0000	-4.2316	5.0870
617.0000	171.0000	18.2297	-24.8901
618.0000	43.0000	-4.2273	4.0774
618.0000	171.0000	18.2127	-25.6878
619.0000	43.0000	-4.2244	3.0456
619.0000	171.0000	18.1968	-26.5058
620.0000	43.0000	-4.2231	1.9926
620.0000	171.0000	18.1829	-27.3425
621.0000	43.0000	-4.2230	0.9194
621.0000	171.0000	18.1708	-28.1973
622.0000	43.0000	-4.2240	-0.1735
622.0000	171.0000	18.1613	-29.0690
623.0000	43.0000	-4.2257	-1.2854
623.0000	171.0000	18.1536	-29.9578
624.0000	43.0000	-4.2278	-2.4155
624.0000	171.0000	18.1451	-30.8643
625.0000	43.0000	-4.2303	-3.5631
625.0000	171.0000	18.1384	-31.7876
626.0000	43.0000	-4.2331	-4.7281
626.0000	171.0000	18.1336	-32.7266
627.0000	43.0000	-4.2354	-5.8512
627.0000	171.0000	18.1294	-33.6816
628.0000	43.0000	-4.2360	-6.8282
628.0000	171.0000	18.1251	-34.6527
629.0000	43.0000	-4.2364	-7.8115
629.0000	171.0000	18.1213	-35.6375
630.0000	43.0000	-4.2371	-8.7954
630.0000	171.0000	18.1175	-36.6231
631.0000	43.0000	-4.2379	-9.7769
631.0000	171.0000	18.1120	-37.6071
632.0000	43.0000	-4.2389	-10.7564
632.0000	171.0000	18.1070	-38.5894
633.0000	43.0000	-4.2401	-11.7338
633.0000	171.0000	18.1016	-39.5699
634.0000	43.0000	-4.2413	-12.7111
634.0000	171.0000	18.0969	-40.5500
635.0000	43.0000	-4.2421	-13.7086
635.0000	171.0000	18.0937	-41.5495
636.0000	43.0000	-4.2425	-14.7294
636.0000	171.0000	18.0924	-42.5710
637.0000	43.0000	-4.2421	-15.7710
637.0000	171.0000	18.0936	-43.6119
638.0000	43.0000	-4.2408	-16.8317
638.0000	171.0000	18.0976	-44.6704
639.0000	43.0000	-4.2385	-17.9107
639.0000	171.0000	18.1042	-45.7459
640.0000	43.0000	-4.2349	-19.0072
640.0000	171.0000	18.1141	-46.8374
641.0000	43.0000	-4.2299	-20.1209
641.0000	171.0000	18.1274	-47.9444
642.0000	43.0000	-4.2234	-21.2513
642.0000	171.0000	18.1440	-49.0667
643.0000	43.0000	-4.2153	-22.3980
643.0000	171.0000	18.1640	-50.2039
644.0000	43.0000	-4.2056	-23.5608
644.0000	171.0000	18.1870	-51.3560
645.0000	43.0000	-4.1941	-24.7393
645.0000	171.0000	18.2134	-52.5224
646.0000	43.0000	-4.1811	-25.9331
646.0000	171.0000	18.2412	-53.7034
647.0000	43.0000	-4.1664	-27.1419
647.0000	171.0000	18.2729	-54.8985
648.0000	43.0000	-4.1504	-28.3655
648.0000	171.0000	18.3067	-56.1077
649.0000	43.0000	-4.1328	-29.6032
649.0000	171.0000	18.3428	-57.3304
650.0000	43.0000	-4.1143	-30.8437
650.0000	171.0000	18.3799	-58.5558
651.0000	43.0000	-4.0943	-32.0818
651.0000	171.0000	18.4190	-59.7784
652.0000	43.0000	-4.0730	-33.3175
652.0000	171.0000	18.4600	-60.9981
653.0000	43.0000	-4.0512	-34.5507
653.0000	171.0000	18.5009	-62.2155
654.0000	43.0000	-4.0282	-35.7816
654.0000	171.0000	18.5435	-63.4306
655.0000	43.0000	-4.0042	-37.0248
655.0000	171.0000	18.5872	-64.6576
656.0000	43.0000	-3.9813	-38.2866
656.0000	171.0000	18.6281	-65.9047
657.0000	43.0000	-3.9587	-39.5652
657.0000	171.0000	18.6678	-67.1693
658.0000	43.0000	-3.9365	-40.8594
658.0000	171.0000	18.7062	-68.4503
659.0000	43.0000	-3.9143	-42.1687
659.0000	171.0000	18.7442	-69.7467
660.0000	43.0000	-3.8925	-43.4926
660.0000	171.0000	18.7808	-71.0583
661.0000	43.0000	-3.8709	-44.8308
661.0000	171.0000	18.8167	-72.3848
662.0000	43.0000	-3.8506	-46.1831
662.0000	171.0000	18.8499	-73.7264
663.0000	43.0000	-3.8305	-47.5493
663.0000	171.0000	18.8826	-75.0823
664.0000	43.0000	-3.8115	-48.9291
664.0000	171.0000	18.9129	-76.4527
665.0000	43.0000	-3.7934	-50.3224
666.0000	43.0000	-3.7793	-51.7288
667.0000	43.0000	-3.7686	-53.1483
668.0000	43.0000	-3.7584	-54.5808
669.0000	43.0000	-3.7481	-56.0263
670.0000	43.0000	-3.7394	-57.4845
671.0000	43.0000	-3.7310	-58.9553
672.0000	43.0000	-3.7229	-60.4385
673.0000	43.0000	-3.7155	-61.9341
674.0000	43.0000	-3.7093	-63.4418
675.0000	43.0000	-3.7036	-64.9614
676.0000	43.0000	-3.6980	-66.4930
677.0000	43.0000	-3.6930	-68.0363
678.0000	43.0000	-3.6889	-69.5912
679.0000	43.0000	-3.6853	-71.1575
680.0000	43.0000	-3.6829	-72.7350
681.0000	43.0000	-3.6812	-74.3238
682.0000	43.0000	-3.6796	-75.9236
682.0000	95.0000	18.7884	77.5864
683.0000	43.0000	-3.6784	-77.5342
683.0000	95.0000	18.7873	75.9760
683.0000	119.0000	22.8542	75.8197
684.0000	43.0000	-3.6785	-79.1556
684.0000	95.0000	18.7875	74.3546
684.0000	119.0000	22.8544	74.1982
685.0000	95.0000	18.7882	72.7224
685.0000	119.0000	22.8551	72.5660
686.0000	95.0000	18.7891	71.0795
686.0000	119.0000	22.8560	70.9231
687.0000	95.0000	18.7906	69.4262
687.0000	119.0000	22.8576	69.2696
688.0000	95.0000	18.7928	67.7703
688.0000	119.0000	22.8597	67.6136
689.0000	95.0000	18.7954	66.1624
689.0000	119.0000	22.8623	66.0056
690.0000	95.0000	18.7962	64.6527
690.0000	119.0000	22.8631	64.4959
691.0000	95.0000	18.7933	63.2612
691.0000	119.0000	22.8602	63.1046
692.0000	95.0000	18.7845	61.9968
692.0000	119.0000	22.8515	61.8406
693.0000	95.0000	18.7693	60.8597
693.0000	119.0000	22.8362	60.7045
694.0000	95.0000	18.7500	59.8488
694.0000	119.0000	22.8171	59.6949
695.0000	95.0000	18.7263	58.9641
695.0000	119.0000	22.7934	58.8117
696.0000	95.0000	18.6943	58.1924
696.0000	119.0000	22.7615	58.0421
697.0000	95.0000	18.6594	57.5026
697.0000	119.0000	22.7267	57.3546
698.0000	95.0000	18.6198	56.8983
698.0000	119.0000	22.6872	56.7531
699.0000	95.0000	18.5794	56.3491
699.0000	119.0000	22.6469	56.2065
700.0000	95.0000	18.5336	55.8546
700.0000	119.0000	22.6012	55.7152
701.0000	95.0000	18.4860	55.4022
701.0000	119.0000	22.5537	55.2660
702.0000	95.0000	18.4462	54.9754
702.0000	119.0000	22.5139	54.8420
703.0000	95.0000	18.4049	54.5920
703.0000	119.0000	22.4729	54.4615
704.0000	95.0000	18.3612	54.2230
704.0000	119.0000	22.4281	54.0955
705.0000	95.0000	18.3243	53.8744
705.0000	119.0000	22.3913	53.7495
706.0000	95.0000	18.2842	53.5578
706.0000	119.0000	22.3513	53.4358
707.0000	95.0000	18.2415	53.2451
707.0000	119.0000	22.3087	53.1262
708.0000	95.0000	18.2224	52.9379
708.0000	119.0000	22.2896	52.8203
709.0000	95.0000	18.1823	52.6626
709.0000	119.0000	22.2496	52.5480
710.0000	95.0000	18.1526	52.3839
710.0000	119.0000	22.2199	52.2714
711.0000	95.0000	18.1338	52.1081
711.0000	119.0000	22.2012	51.9969
712.0000	95.0000	18.1042	51.8472
712.0000	119.0000	22.1716	51.7382
713.0000	95.0000	18.0886	51.5821
713.0000	119.0000	22.1561	51.4743
714.0000	95.0000	18.0699	51.3186
714.0000	119.0000	22.1374	51.2122
715.0000	95.0000	18.0519	51.0553
715.0000	119.0000	22.1195	50.9501
716.0000	95.0000	18.0421	50.7945
716.0000	119.0000	22.1096	50.6901
717.0000	95.0000	18.0301	50.5514
717.0000	119.0000	22.0977	50.4479
718.0000	95.0000	18.0134	50.3090
718.0000	119.0000	22.0810	50.2067
719.0000	95.0000	18.0121	50.0536
719.0000	119.0000	22.0797	49.9515
720.0000	95.0000	18.0051	49.8031
720.0000	119.0000	22.0727	49.7015
721.0000	95.0000	18.0023	49.5557
721.0000	119.0000	22.0699	49.4544
722.0000	95.0000	17.9942	49.3094
722.0000	119.0000	22.0619	49.2087
723.0000	95.0000	17.9956	49.0584
723.0000	119.0000	22.0515	48.9573
724.0000	95.0000	17.9909	48.8113
724.0000	119.0000	22.0453	48.7104
725.0000	95.0000	17.9909	48.5639
725.0000	119.0000	22.0453	48.4629
726.0000	95.0000	17.9901	48.3158
726.0000	119.0000	22.0444	48.2149
727.0000	95.0000	17.9914	48.0673
727.0000	119.0000	22.0457	47.9663
728.0000	95.0000	17.9920	47.8199
728.0000	119.0000	22.0463	47.7189
729.0000	95.0000	17.9941	47.5718
729.0000	119.0000	22.0472	47.4706
730.0000	95.0000	17.9956	47.3239
730.0000	119.0000	22.0488	47.2226
731.0000	95.0000	17.9981	47.0760
731.0000	119.0000	22.0512	46.9745
732.0000	95.0000	18.0002	46.8287
732.0000	119.0000	22.0533	46.7270
733.0000	95.0000	18.0024	46.5817
733.0000	119.0000	22.0556	46.4799
734.0000	95.0000	18.0050	46.3351
734.0000	119.0000	22.0570	46.2330
735.0000	95.0000	18.0072	46.0889
735.0000	119.0000	22.0592	45.9866
736.0000	95.0000	18.0094	45.8468
736.0000	119.0000	22.0614	45.7443
737.0000	95.0000	18.0114	45.6285
737.0000	119.0000	22.0634	45.5259
738.0000	95.0000	18.0135	45.4076
738.0000	119.0000	22.0655	45.3048
739.0000	95.0000	18.0163	45.1706
739.0000	119.0000	22.0682	45.0676
740.0000	95.0000	18.0079	44.9344
740.0000	119.0000	22.0713	44.8314
741.0000	95.0000	17.9712	44.7096
741.0000	119.0000	22.0733	44.6070
742.0000	95.0000	17.8950	44.4820
742.0000	119.0000	22.0772	44.3805
743.0000	95.0000	17.7712	44.2375
743.0000	119.0000	22.0815	44.1379
744.0000	95.0000	17.5976	43.9948
744.0000	119.0000	22.0867	43.8982
745.0000	95.0000	17.3731	43.7662
745.0000	119.0000	22.0735	43.6729
746.0000	95.0000	17.0982	43.5346
746.0000	119.0000	22.0268	43.4449
747.0000	95.0000	16.7737	43.2862
747.0000	119.0000	21.9380	43.1998
748.0000	95.0000	16.4002	43.0398
748.0000	119.0000	21.8019	42.9564
749.0000	95.0000	15.9786	42.8076
749.0000	119.0000	21.6244	42.7270
750.0000	95.0000	15.5108	42.5726
750.0000	119.0000	21.4064	42.4952
751.0000	95.0000	14.9997	42.3210
751.0000	119.0000	21.1458	42.2473
752.0000	95.0000	14.4468	42.0701
752.0000	119.0000	20.8408	41.9977
753.0000	95.0000	13.8548	41.8231
753.0000	119.0000	20.5884	41.7544
754.0000	95.0000	13.2261	41.5760
754.0000	119.0000	20.5098	41.5160
755.0000	95.0000	12.5623	41.3289
755.0000	119.0000	20.3513	41.2760
756.0000	95.0000	11.8667	41.0832
756.0000	119.0000	20.1155	41.0365
757.0000	95.0000	11.1390	40.8810
757.0000	119.0000	19.9098	40.8421
758.0000	95.0000	10.3805	40.7347
758.0000	119.0000	19.8553	40.7177
759.0000	95.0000	9.5967	40.6598
759.0000	119.0000	19.7054	40.6837
760.0000	95.0000	8.8768	40.5983
760.0000	119.0000	19.4700	40.6834
761.0000	95.0000	8.3726	40.5813
761.0000	119.0000	19.1641	40.6811
762.0000	95.0000	7.8625	40.5700
762.0000	119.0000	18.7953	40.6768
763.0000	95.0000	7.3893	40.5191
763.0000	119.0000	18.4643	40.6741
764.0000	95.0000	7.0970	40.5069
764.0000	119.0000	18.3048	40.6750
765.0000	95.0000	6.7515	40.4895
765.0000	119.0000	18.1715	40.6733
766.0000	95.0000	6.3361	40.4438
766.0000	119.0000	18.1714	40.6730
767.0000	95.0000	5.8665	40.3596
767.0000	119.0000	18.1684	40.6731
768.0000	95.0000	5.4412	40.2568
768.0000	119.0000	18.1665	40.6732
769.0000	95.0000	5.1830	40.2426
769.0000	119.0000	18.1656	40.6732
770.0000	95.0000	4.8673	40.2144
770.0000	119.0000	18.1651	40.6732
771.0000	95.0000	4.4893	40.1106
771.0000	119.0000	18.1649	40.6732
772.0000	95.0000	4.0612	39.9646
772.0000	119.0000	18.1648	40.6732
773.0000	95.0000	3.5887	39.7886
773.0000	119.0000	18.1648	40.6732
774.0000	95.0000	3.0737	39.5878
774.0000	119.0000	18.1647	40.6732
775.0000	95.0000	2.5465	39.3117
775.0000	119.0000	18.1647	40.6732
776.0000	95.0000	2.0655	39.0456
776.0000	119.0000	18.1647	40.6732
777.0000	95.0000	1.7298	38.9168
777.0000	119.0000	18.1647	40.6732
778.0000	95.0000	1.3583	38.7757
778.0000	119.0000	18.1647	40.6732
779.0000	95.0000	1.0447	38.5757
779.0000	119.0000	18.1647	40.6732
780.0000	95.0000	0.8664	38.4796
780.0000	119.0000	18.1647	40.6732
781.0000	95.0000	0.6197	38.3603
781.0000	119.0000	18.1647	40.6732
782.0000	95.0000	0.3304	38.1587
782.0000	119.0000	18.1647	40.6732
783.0000	95.0000	0.0307	37.8706
783.0000	119.0000	18.1647	40.6732
784.0000	95.0000	-0.3262	37.5681
784.0000	119.0000	18.1647	40.6732
785.0000	95.0000	-0.6455	37.2830
785.0000	119.0000	18.1647	40.6732
786.0000	95.0000	-0.8478	37.1347
786.0000	119.0000	18.1647	40.6732
787.0000	95.0000	-1.0987	36.9492
787.0000	119.0000	18.1647	40.6732
788.0000	95.0000	-1.3487	36.6541
788.0000	119.0000	18.1647	40.6732
789.0000	95.0000	-1.5671	36.2647
789.0000	119.0000	18.1647	40.6732
790.0000	95.0000	-1.8693	35.8756
790.0000	119.0000	18.1647	40.6732
791.0000	95.0000	-2.1905	35.4372
791.0000	119.0000	18.1647	40.6732
792.0000	95.0000	-2.4299	34.8994
792.0000	119.0000	18.1647	40.6732
793.0000	95.0000	-2.6810	34.4184
793.0000	119.0000	18.1647	40.6732
794.0000	95.0000	-2.8927	34.1333
794.0000	119.0000	18.1647	40.6732
795.0000	95.0000	-3.0918	33.7959
795.0000	119.0000	18.1648	40.6732
796.0000	95.0000	-3.2279	33.4537
796.0000	119.0000	18.1637	40.6732
797.0000	95.0000	-3.3321	33.2837
797.0000	119.0000	18.1637	40.6732
798.0000	95.0000	-3.4600	33.0466
798.0000	119.0000	18.1637	40.6732
799.0000	95.0000	-3.5300	32.8000
799.0000	119.0000	18.1637	40.6732
800.0000	95.0000	-3.6107	32.6722
800.0000	119.0000	18.1638	40.6732
801.0000	95.0000	-3.7011	32.4565
801.0000	119.0000	18.1474	40.6731
802.0000	95.0000	-3.7725	32.1565
802.0000	119.0000	18.1447	40.6731
803.0000	95.0000	-3.8357	31.8925
803.0000	119.0000	18.1448	40.6731
804.0000	95.0000	-3.8998	31.7973
804.0000	119.0000	18.1447	40.6731
805.0000	95.0000	-3.9520	31.6100
805.0000	119.0000	18.1434	40.6731
806.0000	95.0000	-4.0040	31.3376
806.0000	119.0000	18.1434	40.6731
807.0000	95.0000	-4.0657	30.9986
807.0000	119.0000	18.1434	40.6731
808.0000	95.0000	-4.1315	30.6959
808.0000	119.0000	18.1434	40.6731
809.0000	95.0000	-4.1832	30.5604
809.0000	119.0000	18.1434	40.6731
810.0000	95.0000	-4.2092	30.3392
810.0000	119.0000	18.1434	40.6731
811.0000	95.0000	-4.2531	30.0402
811.0000	119.0000	18.1434	40.6731
812.0000	95.0000	-4.2965	29.6737
812.0000	119.0000	18.1434	40.6731
813.0000	95.0000	-4.3479	29.3432
813.0000	119.0000	18.1434	40.6731
814.0000	95.0000	-4.3724	29.1800
814.0000	119.0000	18.1434	40.6731
815.0000	95.0000	-4.3913	28.9400
815.0000	119.0000	18.1434	40.6731
816.0000	95.0000	-4.4202	28.6216
816.0000	119.0000	18.1423	40.6731
817.0000	95.0000	-4.4528	28.2368
817.0000	119.0000	18.1423	40.6731
818.0000	95.0000	-4.4808	27.8867
818.0000	119.0000	18.1423	40.6731
819.0000	95.0000	-4.4858	27.7072
819.0000	119.0000	18.1423	40.6731
820.0000	95.0000	-4.5020	27.4551
820.0000	119.0000	18.1423	40.6731
821.0000	95.0000	-4.5165	27.1242
821.0000	119.0000	18.1423	40.6731
822.0000	95.0000	-4.5346	26.7276
822.0000	119.0000	18.1423	40.6731
823.0000	95.0000	-4.5513	26.2723
823.0000	119.0000	18.1423	40.6731
824.0000	95.0000	-4.5679	25.7643
824.0000	119.0000	18.1423	40.6731
825.0000	95.0000	-4.5838	25.2087
825.0000	119.0000	18.1423	40.6731
826.0000	95.0000	-4.5979	24.6097
826.0000	119.0000	18.1423	40.6731
827.0000	95.0000	-4.6095	24.0569
827.0000	119.0000	18.1423	40.6731
828.0000	95.0000	-4.6089	23.6993
828.0000	119.0000	18.1423	40.6731
829.0000	95.0000	-4.5997	23.3029
829.0000	119.0000	18.1423	40.6731
830.0000	95.0000	-4.6103	22.8402
830.0000	119.0000	18.1424	40.6731
831.0000	95.0000	-4.6074	22.3221
831.0000	119.0000	18.1413	40.6731
832.0000	95.0000	-4.6012	21.7549
832.0000	119.0000	18.1413	40.6731
833.0000	95.0000	-4.5976	21.2301
833.0000	119.0000	18.1413	40.6731
834.0000	95.0000	-4.5887	20.8967
834.0000	119.0000	18.1402	40.6731
835.0000	95.0000	-4.5717	20.5189
835.0000	119.0000	18.1402	40.6731
836.0000	95.0000	-4.5714	20.0720
836.0000	119.0000	18.1402	40.6731
837.0000	95.0000	-4.5611	19.5682
837.0000	119.0000	18.1402	40.6731
838.0000	95.0000	-4.5473	19.1027
838.0000	119.0000	18.1402	40.6731
839.0000	95.0000	-4.5348	18.8218
839.0000	119.0000	18.1402	40.6731
840.0000	95.0000	-4.5167	18.4857
840.0000	119.0000	18.1402	40.6731
841.0000	95.0000	-4.5131	18.0766
841.0000	119.0000	18.1402	40.6731
842.0000	95.0000	-4.4980	17.6075
842.0000	119.0000	18.1402	40.6731
843.0000	95.0000	-4.4812	17.1765
843.0000	119.0000	18.1391	40.6731
844.0000	95.0000	-4.4692	16.9256
844.0000	119.0000	18.1391	40.6731
845.0000	95.0000	-4.4518	16.6138
845.0000	119.0000	18.1391	40.6731
846.0000	95.0000	-4.4446	16.2270
846.0000	119.0000	18.1391	40.6731
847.0000	95.0000	-4.4278	15.7782
847.0000	119.0000	18.1391	40.6731
848.0000	95.0000	-4.4070	15.2744
848.0000	119.0000	18.1391	40.6731
849.0000	95.0000	-4.3862	14.7211
849.0000	119.0000	18.1391	40.6731
850.0000	95.0000	-4.3674	14.2105
850.0000	119.0000	18.1391	40.6731
851.0000	95.0000	-4.3552	13.8908
851.0000	119.0000	18.1391	40.6731
852.0000	95.0000	-4.3405	13.5243
852.0000	119.0000	18.1391	40.6731
853.0000	95.0000	-4.3244	13.0884
853.0000	119.0000	18.1392	40.6731
854.0000	95.0000	-4.3091	12.6872
854.0000	119.0000	18.1380	40.6731
855.0000	95.0000	-4.3040	12.5571
855.0000	119.0000	18.1380	40.6731
856.0000	95.0000	-4.3038	12.5533
856.0000	119.0000	18.1380	40.6731
857.0000	95.0000	-4.2999	12.4534
857.0000	119.0000	18.1380	40.6731
858.0000	95.0000	-4.2921	12.2500
858.0000	119.0000	18.1381	40.6731
859.0000	95.0000	-4.2849	12.0635
859.0000	119.0000	18.1370	40.6731
860.0000	95.0000	-4.2833	12.0213
860.0000	119.0000	18.1344	40.6731
861.0000	95.0000	-4.2778	11.8799
861.0000	119.0000	18.1331	40.6730
862.0000	95.0000	-4.2690	11.6506
862.0000	119.0000	18.1331	40.6730
863.0000	95.0000	-4.2612	11.4471
863.0000	119.0000	18.1331	40.6730
864.0000	95.0000	-4.2591	11.3942
864.0000	119.0000	18.1331	40.6730
865.0000	95.0000	-4.2534	11.2470
865.0000	119.0000	18.1331	40.6730
866.0000	95.0000	-4.2445	11.0143
866.0000	119.0000	18.1331	40.6730
867.0000	95.0000	-4.2328	10.7103
867.0000	119.0000	18.1331	40.6730
868.0000	95.0000	-4.2191	10.3428
868.0000	119.0000	18.1331	40.6730
869.0000	95.0000	-4.2034	9.9176
869.0000	119.0000	18.1331	40.6730
870.0000	95.0000	-4.1859	9.4399
870.0000	119.0000	18.1331	40.6730
871.0000	95.0000	-4.1670	8.9140
871.0000	119.0000	18.1331	40.6730
872.0000	95.0000	-4.1500	8.4323
872.0000	119.0000	18.1331	40.6730
873.0000	95.0000	-4.1399	8.1403
873.0000	119.0000	18.1331	40.6730
874.0000	95.0000	-4.1286	7.7973
874.0000	119.0000	18.1320	40.6730
875.0000	95.0000	-4.1150	7.3838
875.0000	119.0000	18.1320	40.6730
876.0000	95.0000	-4.1028	7.0044
876.0000	119.0000	18.1320	40.6730
877.0000	95.0000	-4.0969	6.7975
877.0000	119.0000	18.1320	40.6730
878.0000	95.0000	-4.0892	6.5212
878.0000	119.0000	18.1320	40.6730
879.0000	95.0000	-4.0786	6.1675
879.0000	119.0000	18.1320	40.6730
880.0000	95.0000	-4.0667	5.7490
880.0000	119.0000	18.1320	40.6730
881.0000	95.0000	-4.0562	5.3661
881.0000	119.0000	18.1321	40.6730
882.0000	95.0000	-4.0517	5.1577
882.0000	119.0000	18.1183	40.6731
883.0000	95.0000	-4.0459	4.8809
883.0000	119.0000	18.1174	40.6730
884.0000	95.0000	-4.0363	4.5270
884.0000	119.0000	18.1174	40.6731
885.0000	95.0000	-4.0264	4.1086
885.0000	119.0000	18.1173	40.6731
886.0000	95.0000	-4.0159	3.6330
886.0000	119.0000	18.1172	40.6731
887.0000	95.0000	-4.0042	3.1060
887.0000	119.0000	18.1172	40.6731
888.0000	95.0000	-3.9935	2.6208
888.0000	119.0000	18.1172	40.6731
889.0000	95.0000	-3.9882	2.3243
889.0000	119.0000	18.1172	40.6731
890.0000	95.0000	-3.9838	1.9766
890.0000	119.0000	18.1172	40.6731
891.0000	95.0000	-3.9744	1.5582
891.0000	119.0000	18.1172	40.6731
892.0000	95.0000	-3.9658	1.0808
892.0000	119.0000	18.1172	40.6731
893.0000	95.0000	-3.9572	0.5507
893.0000	119.0000	18.1172	40.6731
894.0000	95.0000	-3.9476	-0.0266
894.0000	119.0000	18.1172	40.6731
895.0000	95.0000	-3.9374	-0.6467
895.0000	119.0000	18.1172	40.6731
896.0000	95.0000	-3.9281	-1.2199
896.0000	119.0000	18.1172	40.6731
897.0000	95.0000	-3.9229	-1.5977
897.0000	119.0000	18.1173	40.6731
898.0000	95.0000	-3.9189	-2.0105
898.0000	119.0000	18.1161	40.6730
899.0000	95.0000	-3.9117	-2.4887
899.0000	119.0000	18.1161	40.6730
900.0000	95.0000	-3.9046	-3.0211
900.0000	119.0000	18.1161	40.6730
901.0000	95.0000	-3.8977	-3.6017
901.0000	119.0000	18.1161	40.6730
902.0000	95.0000	-3.8903	-4.2257
902.0000	119.0000	18.1161	40.6730
903.0000	95.0000	-3.8823	-4.8892
903.0000	119.0000	18.1161	40.6730
904.0000	95.0000	-3.8742	-5.5885
904.0000	119.0000	18.1161	40.6732
905.0000	95.0000	-3.8658	-6.3240
905.0000	119.0000	18.1163	40.6694
906.0000	95.0000	-3.8579	-7.0897
906.0000	119.0000	18.1224	40.6604
907.0000	95.0000	-3.8535	-7.9022
907.0000	119.0000	18.1545	40.6145
908.0000	95.0000	-3.8459	-8.7768
908.0000	119.0000	18.1577	40.5403
909.0000	95.0000	-3.8384	-9.6979
909.0000	119.0000	18.1618	40.4344
910.0000	95.0000	-3.8313	-10.6450
910.0000	119.0000	18.1667	40.3150
911.0000	95.0000	-3.8244	-11.6193
911.0000	119.0000	18.1717	40.1786
912.0000	95.0000	-3.8182	-12.6244
912.0000	119.0000	18.1787	40.0192
913.0000	95.0000	-3.8128	-13.6450
913.0000	119.0000	18.1871	39.8506
914.0000	95.0000	-3.8077	-14.6775
914.0000	119.0000	18.1954	39.6760
915.0000	95.0000	-3.8036	-15.7280
915.0000	119.0000	18.2056	39.4872
916.0000	95.0000	-3.8000	-16.7909
916.0000	119.0000	18.2158	39.2901
917.0000	95.0000	-3.7971	-17.8574
917.0000	119.0000	18.2261	39.0925
918.0000	95.0000	-3.7949	-18.9333
918.0000	119.0000	18.2370	38.8879
919.0000	95.0000	-3.7935	-20.0200
919.0000	119.0000	18.2486	38.6743
920.0000	95.0000	-3.7930	-21.1081
920.0000	119.0000	18.2605	38.4609
921.0000	95.0000	-3.7931	-22.1985
921.0000	119.0000	18.2726	38.2466
922.0000	95.0000	-3.7942	-23.2967
922.0000	119.0000	18.2852	38.0256
923.0000	95.0000	-3.7951	-24.3973
923.0000	119.0000	18.2962	37.8040
924.0000	95.0000	-3.7974	-25.4964
924.0000	119.0000	18.3085	37.5840
925.0000	95.0000	-3.8005	-26.6001
925.0000	119.0000	18.3211	37.3600
926.0000	95.0000	-3.8046	-27.7073
926.0000	119.0000	18.3341	37.1328
927.0000	95.0000	-3.8094	-28.8127
927.0000	119.0000	18.3472	36.9080
928.0000	95.0000	-3.8150	-29.9198
928.0000	119.0000	18.3603	36.6817
929.0000	95.0000	-3.8199	-31.0308
929.0000	119.0000	18.3715	36.4530
930.0000	95.0000	-3.8267	-32.1404
930.0000	119.0000	18.3841	36.2251
931.0000	95.0000	-3.8341	-33.2498
931.0000	119.0000	18.3969	35.9976
932.0000	95.0000	-3.8421	-34.3556
932.0000	119.0000	18.4093	35.7741
933.0000	95.0000	-3.8474	-35.4239
933.0000	119.0000	18.4177	35.5905
934.0000	95.0000	-3.8522	-36.4326
934.0000	119.0000	18.4247	35.4673
935.0000	95.0000	-3.8493	-37.3581
935.0000	119.0000	18.4228	35.4324
936.0000	95.0000	-3.8482	-38.2478
936.0000	119.0000	18.4228	35.4330
937.0000	95.0000	-3.8472	-39.1374
937.0000	119.0000	18.4228	35.4338
938.0000	95.0000	-3.8462	-40.0274
938.0000	119.0000	18.4228	35.4342
939.0000	95.0000	-3.8453	-40.9177
939.0000	119.0000	18.4228	35.4343
940.0000	95.0000	-3.8443	-41.8081
940.0000	119.0000	18.4228	35.4344
941.0000	95.0000	-3.8434	-42.6987
941.0000	119.0000	18.4228	35.4344
942.0000	95.0000	-3.8424	-43.5892
942.0000	119.0000	18.4228	35.4346
943.0000	95.0000	-3.8417	-44.4839
943.0000	119.0000	18.4230	35.4307
944.0000	95.0000	-3.8351	-45.3841
944.0000	119.0000	18.4182	35.4242
945.0000	95.0000	-3.8293	-46.3125
945.0000	119.0000	18.4143	35.3891
946.0000	95.0000	-3.8256	-47.2834
946.0000	119.0000	18.4124	35.3104
947.0000	95.0000	-3.8316	-48.2849
947.0000	119.0000	18.4186	35.1966
948.0000	95.0000	-3.8388	-49.2927
948.0000	119.0000	18.4255	35.0761
949.0000	95.0000	-3.8484	-50.3109
949.0000	119.0000	18.4341	34.9443
950.0000	95.0000	-3.8565	-51.3519
950.0000	119.0000	18.4412	34.7906
951.0000	95.0000	-3.8678	-52.4053
951.0000	119.0000	18.4505	34.6233
952.0000	95.0000	-3.8775	-53.4535
952.0000	119.0000	18.4581	34.4623
953.0000	95.0000	-3.8859	-54.4614
953.0000	119.0000	18.4645	34.3423
954.0000	95.0000	-3.8929	-55.3838
954.0000	119.0000	18.4694	34.3082
955.0000	95.0000	-3.8930	-56.2753
955.0000	119.0000	18.4694	34.3087
956.0000	95.0000	-3.8932	-57.1673
956.0000	119.0000	18.4694	34.3089
957.0000	95.0000	-3.8938	-58.0639
957.0000	119.0000	18.4697	34.3042
958.0000	95.0000	-3.9395	-58.9759
958.0000	119.0000	18.4992	34.2662
959.0000	95.0000	-3.9641	-59.9256
959.0000	119.0000	18.5145	34.1994
960.0000	95.0000	-3.9717	-60.9163
960.0000	119.0000	18.5187	34.0983
961.0000	95.0000	-3.9813	-61.9232
961.0000	119.0000	18.5240	33.9806
962.0000	95.0000	-3.9939	-62.9428
962.0000	119.0000	18.5310	33.8492
963.0000	95.0000	-4.0065	-63.9841
963.0000	119.0000	18.5380	33.6962
964.0000	95.0000	-4.0184	-65.0394
964.0000	119.0000	18.5430	33.5298
965.0000	95.0000	-4.0334	-66.0996
965.0000	119.0000	18.5508	33.3575
966.0000	95.0000	-4.0471	-67.1714
966.0000	119.0000	18.5576	33.1742
967.0000	95.0000	-4.0616	-68.2553
967.0000	119.0000	18.5646	32.9787
968.0000	95.0000	-4.0765	-69.3415
968.0000	119.0000	18.5716	32.7811
969.0000	95.0000	-4.0917	-70.4313
969.0000	119.0000	18.5785	32.5799
970.0000	95.0000	-4.1074	-71.5298
970.0000	119.0000	18.5855	32.3700
971.0000	95.0000	-4.1235	-72.6310
971.0000	119.0000	18.5925	32.1575
972.0000	95.0000	-4.1396	-73.7314
972.0000	119.0000	18.5992	31.9461
973.0000	95.0000	-4.1560	-74.8370
973.0000	119.0000	18.6059	31.7294
974.0000	95.0000	-4.1727	-75.9465
974.0000	119.0000	18.6126	31.5090
975.0000	95.0000	-4.1895	-77.0542
975.0000	119.0000	18.6190	31.2904
976.0000	95.0000	-4.2064	-78.1641
976.0000	119.0000	18.6254	31.0698
977.0000	95.0000	-4.2232	-79.1999
977.0000	119.0000	18.6316	30.8453
978.0000	119.0000	18.6361	30.6229
979.0000	119.0000	18.6415	30.4002
980.0000	119.0000	18.6468	30.1744
981.0000	119.0000	18.6520	29.9489
982.0000	119.0000	18.6556	29.7343
983.0000	119.0000	18.6590	29.5618
984.0000	119.0000	18.6612	29.4507
985.0000	119.0000	18.6666	29.4242
986.0000	119.0000	18.6666	29.4249
987.0000	119.0000	18.6666	29.4256
988.0000	119.0000	18.6666	29.4259
989.0000	119.0000	18.6666	29.4261
990.0000	119.0000	18.6666	29.4261
991.0000	119.0000	18.6666	29.4262
992.0000	119.0000	18.6666	29.4262
993.0000	119.0000	18.6666	29.4262
994.0000	119.0000	18.6666	29.4262
995.0000	119.0000	18.6666	29.4262
996.0000	119.0000	18.6666	29.4262
997.0000	119.0000	18.6666	29.4262
998.0000	119.0000	18.6666	29.4262
999.0000	119.0000	18.6666	29.4262
