0.0000	172.0000	-55.5707	47.3285
0.0000	226.0000	0.4047	-30.2770
1.0000	172.0000	-55.5652	46.9143
1.0000	226.0000	0.4019	-30.6980
2.0000	172.0000	-55.5586	46.4849
2.0000	226.0000	0.3982	-31.1355
3.0000	172.0000	-55.5511	46.0424
3.0000	226.0000	0.3938	-31.5869
4.0000	172.0000	-55.5428	45.5885
4.0000	226.0000	0.3888	-32.0505
5.0000	172.0000	-55.5335	45.1251
5.0000	226.0000	0.3832	-32.5247
6.0000	172.0000	-55.5236	44.6532
6.0000	226.0000	0.3770	-33.0082
7.0000	172.0000	-55.5130	44.1739
7.0000	226.0000	0.3702	-33.5001
8.0000	172.0000	-55.5019	43.6882
8.0000	226.0000	0.3627	-33.9991
9.0000	172.0000	-55.4900	43.1972
9.0000	226.0000	0.3547	-34.5044
10.0000	172.0000	-55.4774	42.7018
10.0000	226.0000	0.3459	-35.0151
11.0000	172.0000	-55.4646	42.2024
11.0000	226.0000	0.3367	-35.5304
12.0000	172.0000	-55.4511	41.7033
12.0000	226.0000	0.3267	-36.0463
13.0000	172.0000	-55.4372	41.2056
13.0000	226.0000	0.3162	-36.5615
14.0000	172.0000	-55.4237	40.7085
14.0000	226.0000	0.3056	-37.0759
15.0000	172.0000	-55.4097	40.2128
15.0000	226.0000	0.2945	-37.5896
16.0000	172.0000	-55.3955	39.7182
16.0000	226.0000	0.2827	-38.1028
17.0000	172.0000	-55.3808	39.2140
17.0000	226.0000	0.2705	-38.6262
18.0000	172.0000	-55.3667	38.6978
18.0000	226.0000	0.2584	-39.1611
19.0000	172.0000	-55.3538	38.1755
19.0000	226.0000	0.2468	-39.7010
20.0000	172.0000	-55.3406	37.6510
20.0000	226.0000	0.2348	-40.2435
21.0000	172.0000	-55.3266	37.1252
21.0000	226.0000	0.2217	-40.7886
22.0000	172.0000	-55.3135	36.5959
22.0000	226.0000	0.2089	-41.3364
23.0000	172.0000	-55.3000	36.0648
23.0000	226.0000	0.1954	-41.8867
24.0000	172.0000	-55.2881	35.5294
24.0000	226.0000	0.1833	-42.4392
25.0000	172.0000	-55.2756	34.9932
25.0000	226.0000	0.1702	-42.9936
26.0000	172.0000	-55.2637	34.4546
26.0000	226.0000	0.1573	-43.5497
27.0000	172.0000	-55.2517	33.9149
27.0000	226.0000	0.1440	-44.1074
28.0000	172.0000	-55.2406	33.3728
28.0000	226.0000	0.1312	-44.6666
29.0000	172.0000	-55.2301	32.8286
29.0000	226.0000	0.1190	-45.2269
30.0000	172.0000	-55.2202	32.2826
30.0000	226.0000	0.1070	-45.7883
31.0000	172.0000	-55.2108	31.7351
31.0000	226.0000	0.0953	-46.3508
32.0000	172.0000	-55.2012	31.1873
32.0000	226.0000	0.0829	-46.9141
33.0000	172.0000	-55.1924	30.6376
33.0000	226.0000	0.0713	-47.4783
34.0000	172.0000	-55.1843	30.0862
34.0000	226.0000	0.0604	-48.0432
35.0000	172.0000	-55.1761	29.5430
35.0000	226.0000	0.0489	-48.6002
36.0000	172.0000	-55.1680	29.0552
36.0000	226.0000	0.0372	-49.1019
37.0000	172.0000	-55.1555	28.6533
37.0000	226.0000	0.0186	-49.5249
38.0000	172.0000	-55.1413	28.2704
38.0000	226.0000	-0.0026	-49.9329
39.0000	172.0000	-55.1320	27.8917
39.0000	226.0000	-0.0168	-50.3287
40.0000	172.0000	-55.1211	27.5490
40.0000	226.0000	-0.0337	-50.6911
41.0000	172.0000	-55.1110	27.2195
41.0000	226.0000	-0.0499	-51.0393
42.0000	172.0000	-55.0999	26.9154
42.0000	226.0000	-0.0678	-51.3637
43.0000	172.0000	-55.0901	26.6215
43.0000	226.0000	-0.0838	-51.6759
44.0000	172.0000	-55.0808	26.3351
44.0000	226.0000	-0.0994	-51.9797
45.0000	172.0000	-55.0719	26.0586
45.0000	226.0000	-0.1145	-52.2731
46.0000	172.0000	-55.0633	25.7910
46.0000	226.0000	-0.1292	-52.5570
47.0000	172.0000	-55.0552	25.5288
47.0000	226.0000	-0.1434	-52.8349
48.0000	172.0000	-55.0474	25.2711
48.0000	226.0000	-0.1572	-53.1077
49.0000	172.0000	-55.0417	25.0146
49.0000	226.0000	-0.1675	-53.3755
50.0000	172.0000	-55.0352	24.7638
50.0000	226.0000	-0.1793	-53.6390
51.0000	172.0000	-55.0290	24.5245
51.0000	226.0000	-0.1905	-53.8905
52.0000	172.0000	-55.0244	24.3325
52.0000	226.0000	-0.1992	-54.0916
53.0000	172.0000	-55.0216	24.1991
53.0000	226.0000	-0.2045	-54.2300
54.0000	172.0000	-55.0177	24.0736
54.0000	226.0000	-0.2120	-54.3638
55.0000	172.0000	-55.0151	23.9277
55.0000	226.0000	-0.2170	-54.5155
56.0000	172.0000	-55.0124	23.7649
56.0000	226.0000	-0.2220	-54.6837
57.0000	172.0000	-55.0099	23.6006
57.0000	226.0000	-0.2268	-54.8530
58.0000	172.0000	-55.0068	23.4376
58.0000	226.0000	-0.2329	-55.0224
59.0000	172.0000	-55.0045	23.2732
59.0000	226.0000	-0.2374	-55.1917
60.0000	172.0000	-55.0025	23.1083
60.0000	226.0000	-0.2414	-55.3607
61.0000	172.0000	-55.0007	22.9448
61.0000	226.0000	-0.2450	-55.5280
62.0000	172.0000	-54.9984	22.7786
62.0000	226.0000	-0.2497	-55.6991
63.0000	172.0000	-54.9966	22.5937
63.0000	226.0000	-0.2535	-55.8878
64.0000	172.0000	-54.9947	22.3863
64.0000	226.0000	-0.2573	-56.0991
65.0000	172.0000	-54.9928	22.1551
65.0000	226.0000	-0.2615	-56.3345
66.0000	172.0000	-54.9907	21.9073
66.0000	226.0000	-0.2659	-56.5867
67.0000	172.0000	-54.9895	21.6830
67.0000	226.0000	-0.2686	-56.8141
68.0000	172.0000	-54.9884	21.5171
68.0000	226.0000	-0.2709	-56.9821
69.0000	172.0000	-54.9892	21.4155
69.0000	226.0000	-0.2690	-57.0808
70.0000	172.0000	-54.9896	21.4001
70.0000	226.0000	-0.2681	-57.0942
71.0000	172.0000	-54.9896	21.4011
71.0000	226.0000	-0.2681	-57.0942
72.0000	172.0000	-54.9896	21.4026
72.0000	226.0000	-0.2681	-57.0938
73.0000	172.0000	-54.9896	21.4037
73.0000	226.0000	-0.2681	-57.0930
74.0000	172.0000	-54.9896	21.4042
74.0000	226.0000	-0.2681	-57.0925
75.0000	172.0000	-54.9886	21.4043
75.0000	226.0000	-0.2705	-57.0947
76.0000	172.0000	-54.9771	21.4167
76.0000	226.0000	-0.2982	-57.1096
77.0000	172.0000	-54.9428	21.4595
77.0000	226.0000	-0.3807	-57.1479
78.0000	172.0000	-54.9426	21.3825
78.0000	226.0000	-0.3811	-57.2250
79.0000	172.0000	-54.9428	21.2658
79.0000	226.0000	-0.3805	-57.3409
80.0000	172.0000	-54.9423	21.1179
80.0000	226.0000	-0.3815	-57.4898
81.0000	172.0000	-54.9420	20.9413
81.0000	226.0000	-0.3821	-57.6672
82.0000	172.0000	-54.9418	20.7381
82.0000	226.0000	-0.3827	-57.8711
83.0000	172.0000	-54.9413	20.5099
83.0000	226.0000	-0.3838	-58.1005
84.0000	172.0000	-54.9411	20.2562
84.0000	226.0000	-0.3844	-58.3548
85.0000	172.0000	-54.9412	19.9773
85.0000	226.0000	-0.3839	-58.6333
86.0000	172.0000	-54.9415	19.6887
86.0000	226.0000	-0.3832	-58.9213
87.0000	172.0000	-54.9416	19.4008
87.0000	226.0000	-0.3829	-59.2091
88.0000	172.0000	-54.9416	19.1135
88.0000	226.0000	-0.3827	-59.4963
89.0000	172.0000	-54.9417	18.8267
89.0000	226.0000	-0.3827	-59.7829
90.0000	172.0000	-54.9417	18.5405
90.0000	226.0000	-0.3825	-60.0691
91.0000	172.0000	-54.9418	18.2371
91.0000	226.0000	-0.3822	-60.3721
92.0000	172.0000	-54.9422	17.9036
92.0000	226.0000	-0.3812	-60.7046
93.0000	172.0000	-54.9427	17.5430
93.0000	226.0000	-0.3794	-61.0633
94.0000	172.0000	-54.9436	17.1579
94.0000	226.0000	-0.3769	-61.4460
95.0000	172.0000	-54.9447	16.7509
95.0000	226.0000	-0.3737	-61.8501
96.0000	172.0000	-54.9460	16.3247
96.0000	226.0000	-0.3696	-62.2727
97.0000	172.0000	-54.9475	15.8817
97.0000	226.0000	-0.3648	-62.7114
98.0000	172.0000	-54.9493	15.4238
98.0000	226.0000	-0.3590	-63.1640
99.0000	172.0000	-54.9513	14.9531
99.0000	226.0000	-0.3524	-63.6288
100.0000	172.0000	-54.9535	14.4708
100.0000	226.0000	-0.3447	-64.1043
101.0000	172.0000	-54.9559	13.9783
101.0000	226.0000	-0.3361	-64.5891
102.0000	172.0000	-54.9584	13.4771
102.0000	226.0000	-0.3265	-65.0819
103.0000	172.0000	-54.9611	12.9681
103.0000	226.0000	-0.3161	-65.5819
104.0000	172.0000	-54.9638	12.4522
104.0000	226.0000	-0.3049	-66.0880
105.0000	172.0000	-54.9668	11.9299
105.0000	226.0000	-0.2923	-66.5995
106.0000	172.0000	-54.9697	11.4046
106.0000	226.0000	-0.2791	-67.1136
107.0000	172.0000	-54.9728	10.8791
107.0000	226.0000	-0.2649	-67.6270
108.0000	172.0000	-54.9759	10.3537
108.0000	226.0000	-0.2498	-68.1397
109.0000	172.0000	-54.9790	9.8285
109.0000	226.0000	-0.2338	-68.6517
110.0000	172.0000	-54.9822	9.3035
110.0000	226.0000	-0.2171	-69.1629
111.0000	172.0000	-54.9851	8.7741
111.0000	226.0000	-0.2005	-69.6786
112.0000	172.0000	-54.9880	8.2306
112.0000	226.0000	-0.1833	-70.2080
113.0000	172.0000	-54.9908	7.6796
113.0000	226.0000	-0.1655	-70.7446
114.0000	172.0000	-54.9936	7.1241
114.0000	226.0000	-0.1463	-71.2846
115.0000	172.0000	-54.9961	6.5671
115.0000	226.0000	-0.1284	-71.8274
116.0000	172.0000	-54.9987	6.0059
116.0000	226.0000	-0.1088	-72.3731
117.0000	172.0000	-55.0010	5.4424
117.0000	226.0000	-0.0895	-72.9215
118.0000	172.0000	-55.0033	4.8757
118.0000	226.0000	-0.0690	-73.4722
119.0000	172.0000	-55.0052	4.3084
119.0000	226.0000	-0.0504	-74.0251
120.0000	172.0000	-55.0071	3.7381
120.0000	226.0000	-0.0301	-74.5799
121.0000	172.0000	-55.0088	3.1666
121.0000	226.0000	-0.0104	-75.1363
122.0000	172.0000	-55.0105	2.5929
122.0000	226.0000	0.0102	-75.6943
123.0000	172.0000	-55.0118	2.0187
123.0000	226.0000	0.0301	-76.2537
124.0000	172.0000	-55.0130	1.4426
124.0000	226.0000	0.0507	-76.8143
125.0000	172.0000	-55.0140	0.8675
125.0000	226.0000	0.0689	-77.3760
126.0000	172.0000	-55.0148	0.2915
126.0000	226.0000	0.0870	-77.9387
127.0000	172.0000	-55.0155	-0.2862
127.0000	226.0000	0.1065	-78.5022
128.0000	172.0000	-55.0161	-0.8639
128.0000	226.0000	0.1248	-79.0666
129.0000	172.0000	-55.0164	-1.4416
129.0000	226.0000	0.1424	-79.6316
130.0000	172.0000	-55.0166	-2.0204
131.0000	172.0000	-55.0167	-2.5989
132.0000	172.0000	-55.0167	-3.1770
133.0000	172.0000	-55.0165	-3.7563
134.0000	172.0000	-55.0162	-4.3262
135.0000	172.0000	-55.0158	-4.8412
136.0000	172.0000	-55.0152	-5.2825
137.0000	172.0000	-55.0143	-5.6998
138.0000	172.0000	-55.0135	-6.0515
139.0000	172.0000	-55.0119	-6.3169
140.0000	172.0000	-55.0104	-6.4952
141.0000	172.0000	-55.0100	-6.5858
142.0000	172.0000	-55.0100	-6.5902
143.0000	172.0000	-55.0100	-6.5892
144.0000	172.0000	-55.0100	-6.5880
145.0000	172.0000	-55.0100	-6.5873
146.0000	172.0000	-55.0100	-6.5870
147.0000	172.0000	-55.0100	-6.5871
148.0000	172.0000	-55.0100	-6.5872
149.0000	172.0000	-55.0100	-6.5873
150.0000	172.0000	-55.0100	-6.5874
151.0000	172.0000	-55.0100	-6.5874
152.0000	172.0000	-55.0100	-6.5873
153.0000	172.0000	-55.0100	-6.5873
154.0000	172.0000	-55.0100	-6.5873
155.0000	172.0000	-55.0100	-6.5873
156.0000	172.0000	-55.0100	-6.5873
157.0000	172.0000	-55.0100	-6.5873
158.0000	172.0000	-55.0100	-6.5873
159.0000	172.0000	-55.0100	-6.5873
160.0000	172.0000	-55.0100	-6.5873
161.0000	172.0000	-55.0100	-6.5873
162.0000	172.0000	-55.0100	-6.5873
163.0000	172.0000	-55.0100	-6.5873
164.0000	172.0000	-55.0100	-6.5873
165.0000	172.0000	-55.0100	-6.5873
166.0000	172.0000	-55.0100	-6.5873
167.0000	172.0000	-55.0100	-6.5873
168.0000	172.0000	-55.0100	-6.5873
169.0000	172.0000	-55.0100	-6.5873
170.0000	172.0000	-55.0100	-6.5873
171.0000	172.0000	-55.0100	-6.5873
172.0000	172.0000	-55.0100	-6.5873
173.0000	172.0000	-55.0100	-6.5873
174.0000	172.0000	-55.0100	-6.5873
175.0000	172.0000	-55.0100	-6.5873
176.0000	172.0000	-55.0100	-6.5873
177.0000	172.0000	-55.0100	-6.5873
178.0000	172.0000	-55.0100	-6.5873
179.0000	172.0000	-55.0100	-6.5873
180.0000	172.0000	-55.0100	-6.5873
181.0000	172.0000	-55.0100	-6.5873
182.0000	172.0000	-55.0100	-6.5873
183.0000	172.0000	-55.0100	-6.5873
184.0000	172.0000	-55.0100	-6.5873
185.0000	172.0000	-55.0100	-6.5873
186.0000	172.0000	-55.0100	-6.5873
187.0000	172.0000	-55.0100	-6.5872
188.0000	172.0000	-55.0100	-6.5904
189.0000	172.0000	-55.0107	-6.5912
190.0000	172.0000	-55.0103	-6.6352
191.0000	172.0000	-55.0105	-6.7110
192.0000	172.0000	-55.0098	-6.8304
193.0000	172.0000	-55.0089	-6.9793
194.0000	172.0000	-55.0076	-7.0988
195.0000	172.0000	-55.0077	-7.1104
196.0000	172.0000	-55.0077	-7.1106
197.0000	172.0000	-55.0076	-7.1101
198.0000	172.0000	-55.0077	-7.1093
199.0000	172.0000	-55.0076	-7.1088
200.0000	172.0000	-55.0076	-7.1087
201.0000	172.0000	-55.0077	-7.1086
202.0000	172.0000	-55.0076	-7.1087
203.0000	172.0000	-55.0076	-7.1088
204.0000	172.0000	-55.0076	-7.1088
205.0000	172.0000	-55.0076	-7.1088
206.0000	172.0000	-55.0076	-7.1088
207.0000	172.0000	-55.0076	-7.1088
208.0000	172.0000	-55.0076	-7.1088
209.0000	172.0000	-55.0076	-7.1088
210.0000	172.0000	-55.0076	-7.1088
211.0000	172.0000	-55.0076	-7.1088
212.0000	172.0000	-55.0076	-7.1088
213.0000	172.0000	-55.0076	-7.1088
214.0000	172.0000	-55.0076	-7.1088
215.0000	172.0000	-55.0076	-7.1088
216.0000	172.0000	-55.0076	-7.1087
217.0000	172.0000	-55.0076	-7.1119
218.0000	172.0000	-55.0082	-7.1138
219.0000	172.0000	-55.0080	-7.1493
220.0000	172.0000	-54.9990	-7.2487
221.0000	172.0000	-54.9990	-7.2490
222.0000	172.0000	-54.9990	-7.2490
223.0000	172.0000	-54.9989	-7.2550
224.0000	172.0000	-55.0065	-7.2064
225.0000	172.0000	-55.0120	-7.2069
226.0000	172.0000	-55.0141	-7.2661
227.0000	172.0000	-55.0140	-7.2806
228.0000	172.0000	-55.0181	-7.2757
229.0000	172.0000	-55.0177	-7.3501
230.0000	172.0000	-55.0143	-7.4770
231.0000	172.0000	-55.0141	-7.4964
232.0000	172.0000	-55.0141	-7.4969
233.0000	172.0000	-55.0141	-7.4967
234.0000	172.0000	-55.0140	-7.4963
235.0000	172.0000	-55.0140	-7.4998
236.0000	172.0000	-55.0188	-7.4690
237.0000	172.0000	-55.0229	-7.4738
238.0000	172.0000	-55.0244	-7.5430
239.0000	172.0000	-55.0264	-7.6353
240.0000	172.0000	-55.0277	-7.6567
241.0000	172.0000	-55.0278	-7.6579
242.0000	172.0000	-55.0250	-7.6940
243.0000	172.0000	-55.0203	-7.7744
244.0000	172.0000	-55.0206	-7.8481
245.0000	172.0000	-55.0167	-7.9910
246.0000	172.0000	-55.0150	-8.0377
247.0000	172.0000	-55.0151	-8.0389
248.0000	172.0000	-55.0150	-8.0507
249.0000	172.0000	-55.0170	-8.0786
250.0000	172.0000	-55.0152	-8.1741
251.0000	172.0000	-55.0146	-8.2951
252.0000	172.0000	-55.0136	-8.4535
253.0000	172.0000	-55.0126	-8.6404
254.0000	172.0000	-55.0114	-8.8553
255.0000	172.0000	-55.0101	-9.0971
256.0000	172.0000	-55.0086	-9.3652
257.0000	172.0000	-55.0072	-9.6555
258.0000	172.0000	-55.0065	-9.9492
259.0000	172.0000	-55.0054	-10.2458
260.0000	172.0000	-55.0043	-10.5422
261.0000	172.0000	-55.0032	-10.8256
262.0000	172.0000	-55.0019	-11.0479
263.0000	172.0000	-55.0015	-11.2154
264.0000	172.0000	-55.0007	-11.3379
265.0000	172.0000	-55.0023	-11.3608
266.0000	172.0000	-55.0023	-11.3605
267.0000	172.0000	-55.0023	-11.3597
268.0000	172.0000	-55.0023	-11.3589
269.0000	172.0000	-55.0023	-11.3585
270.0000	172.0000	-55.0023	-11.3584
271.0000	172.0000	-55.0023	-11.3584
272.0000	172.0000	-55.0023	-11.3585
273.0000	172.0000	-55.0023	-11.3586
274.0000	172.0000	-55.0023	-11.3586
275.0000	172.0000	-55.0023	-11.3587
276.0000	172.0000	-55.0023	-11.3586
277.0000	172.0000	-55.0023	-11.3586
278.0000	172.0000	-55.0023	-11.3586
279.0000	172.0000	-55.0023	-11.3586
280.0000	172.0000	-55.0023	-11.3586
281.0000	172.0000	-55.0023	-11.3586
282.0000	172.0000	-55.0023	-11.3586
283.0000	172.0000	-55.0023	-11.3586
284.0000	172.0000	-55.0023	-11.3586
285.0000	172.0000	-55.0023	-11.3586
286.0000	172.0000	-55.0023	-11.3586
287.0000	172.0000	-55.0023	-11.3586
288.0000	172.0000	-55.0023	-11.3586
289.0000	172.0000	-55.0023	-11.3586
290.0000	172.0000	-55.0023	-11.3586
291.0000	172.0000	-55.0023	-11.3586
292.0000	172.0000	-55.0023	-11.3586
293.0000	172.0000	-55.0023	-11.3586
294.0000	172.0000	-55.0023	-11.3586
295.0000	172.0000	-55.0023	-11.3586
296.0000	172.0000	-55.0023	-11.3586
297.0000	172.0000	-55.0023	-11.3586
298.0000	172.0000	-55.0023	-11.3586
299.0000	172.0000	-55.0023	-11.3586
300.0000	172.0000	-55.0023	-11.3586
301.0000	172.0000	-55.0023	-11.3586
302.0000	172.0000	-55.0023	-11.3585
303.0000	172.0000	-55.0022	-11.3617
304.0000	172.0000	-55.0022	-11.3622
305.0000	172.0000	-55.0022	-11.3622
306.0000	172.0000	-55.0022	-11.3622
307.0000	172.0000	-55.0022	-11.3622
308.0000	172.0000	-55.0022	-11.3622
309.0000	172.0000	-55.0022	-11.3622
310.0000	172.0000	-55.0022	-11.3621
311.0000	172.0000	-55.0022	-11.3656
312.0000	172.0000	-55.0022	-11.3661
313.0000	172.0000	-55.0022	-11.3661
314.0000	172.0000	-55.0022	-11.3661
315.0000	172.0000	-55.0022	-11.3661
316.0000	172.0000	-55.0022	-11.3661
317.0000	172.0000	-55.0022	-11.3661
318.0000	172.0000	-55.0022	-11.3661
319.0000	172.0000	-55.0022	-11.3661
320.0000	172.0000	-55.0022	-11.3661
321.0000	172.0000	-55.0022	-11.3661
322.0000	172.0000	-55.0022	-11.3661
323.0000	172.0000	-55.0022	-11.3661
324.0000	172.0000	-55.0022	-11.3661
325.0000	172.0000	-55.0022	-11.3661
326.0000	172.0000	-55.0022	-11.3661
327.0000	172.0000	-55.0022	-11.3661
328.0000	172.0000	-55.0022	-11.3661
329.0000	172.0000	-55.0022	-11.3661
330.0000	172.0000	-55.0022	-11.3661
331.0000	172.0000	-55.0022	-11.3661
332.0000	172.0000	-55.0022	-11.3661
333.0000	172.0000	-55.0022	-11.3661
334.0000	172.0000	-55.0022	-11.3661
335.0000	172.0000	-55.0022	-11.3661
336.0000	172.0000	-55.0022	-11.3661
337.0000	172.0000	-55.0022	-11.3660
338.0000	172.0000	-55.0021	-11.3693
339.0000	172.0000	-55.0021	-11.3698
340.0000	172.0000	-55.0021	-11.3712
341.0000	172.0000	-55.0018	-11.3664
342.0000	172.0000	-54.9993	-11.3597
343.0000	172.0000	-55.0033	-11.3037
344.0000	172.0000	-55.0001	-11.2792
345.0000	172.0000	-54.9977	-11.3446
346.0000	172.0000	-54.9968	-11.5016
347.0000	172.0000	-54.9944	-11.5779
348.0000	172.0000	-54.9909	-11.5911
349.0000	172.0000	-54.9878	-11.6651
350.0000	172.0000	-54.9869	-11.8636
351.0000	172.0000	-54.9839	-12.0012
352.0000	172.0000	-54.9817	-12.1762
353.0000	172.0000	-54.9805	-12.4054
354.0000	172.0000	-54.9783	-12.5433
355.0000	172.0000	-54.9766	-12.6822
356.0000	172.0000	-54.9759	-12.8827
357.0000	172.0000	-54.9738	-13.0135
358.0000	172.0000	-54.9720	-13.1708
359.0000	172.0000	-54.9714	-13.3810
360.0000	172.0000	-54.9697	-13.5102
361.0000	172.0000	-54.9681	-13.6732
362.0000	172.0000	-54.9677	-13.8942
363.0000	172.0000	-54.9660	-14.0290
364.0000	172.0000	-54.9648	-14.1884
365.0000	172.0000	-54.9645	-14.4214
366.0000	172.0000	-54.9643	-14.6514
367.0000	172.0000	-54.9641	-14.8796
368.0000	172.0000	-54.9641	-15.1086
369.0000	172.0000	-54.9640	-15.3405
370.0000	172.0000	-54.9639	-15.5715
371.0000	172.0000	-54.9640	-15.8021
372.0000	172.0000	-54.9639	-16.0341
373.0000	172.0000	-54.9635	-16.2445
374.0000	172.0000	-54.9626	-16.4179
375.0000	172.0000	-54.9623	-16.6228
376.0000	172.0000	-54.9621	-16.8382
377.0000	172.0000	-54.9610	-16.9986
378.0000	172.0000	-54.9602	-17.1914
379.0000	172.0000	-54.9602	-17.4092
380.0000	172.0000	-54.9592	-17.5229
381.0000	172.0000	-54.9585	-17.5972
382.0000	172.0000	-54.9602	-17.6186
383.0000	172.0000	-54.9590	-17.5427
384.0000	172.0000	-54.9582	-17.4915
385.0000	172.0000	-54.9581	-17.4832
386.0000	172.0000	-54.9568	-17.4029
387.0000	172.0000	-54.9558	-17.3477
388.0000	172.0000	-54.9557	-17.3390
389.0000	172.0000	-54.9545	-17.2562
390.0000	172.0000	-54.9535	-17.1984
391.0000	172.0000	-54.9533	-17.1897
392.0000	172.0000	-54.9521	-17.1048
393.0000	172.0000	-54.9512	-17.0447
394.0000	172.0000	-54.9510	-17.0365
395.0000	172.0000	-54.9498	-16.9504
396.0000	172.0000	-54.9487	-16.8884
397.0000	172.0000	-54.9486	-16.8803
398.0000	172.0000	-54.9473	-16.7936
399.0000	172.0000	-54.9464	-16.7314
400.0000	172.0000	-54.9462	-16.7228
401.0000	172.0000	-54.9450	-16.6358
402.0000	172.0000	-54.9440	-16.5726
403.0000	172.0000	-54.9440	-16.5737
404.0000	172.0000	-54.9440	-16.5727
405.0000	172.0000	-54.9440	-16.5720
406.0000	172.0000	-54.9440	-16.5716
407.0000	172.0000	-54.9440	-16.5713
408.0000	172.0000	-54.9440	-16.5713
409.0000	172.0000	-54.9440	-16.5712
410.0000	172.0000	-54.9440	-16.5712
411.0000	172.0000	-54.9440	-16.5711
412.0000	172.0000	-54.9440	-16.5740
413.0000	172.0000	-54.9440	-16.5745
414.0000	172.0000	-54.9440	-16.5758
415.0000	172.0000	-54.9440	-16.5761
416.0000	172.0000	-54.9440	-16.5771
417.0000	172.0000	-54.9439	-16.5818
418.0000	172.0000	-54.9293	-16.6576
419.0000	172.0000	-54.9187	-16.7463
420.0000	172.0000	-54.9197	-16.8372
421.0000	172.0000	-54.9197	-16.9697
422.0000	172.0000	-54.9198	-17.1233
423.0000	172.0000	-54.9199	-17.2689
424.0000	172.0000	-54.9199	-17.4124
425.0000	172.0000	-54.9200	-17.5136
426.0000	172.0000	-54.9201	-17.5228
427.0000	172.0000	-54.9201	-17.5226
428.0000	172.0000	-54.9200	-17.5220
429.0000	172.0000	-54.9201	-17.5214
430.0000	172.0000	-54.9200	-17.5211
430.0000	197.0000	-53.5984	59.0393
431.0000	172.0000	-54.9200	-17.5210
431.0000	197.0000	-53.1610	58.8239
432.0000	172.0000	-54.9200	-17.5210
432.0000	197.0000	-52.6806	58.6239
433.0000	172.0000	-54.9200	-17.5211
433.0000	197.0000	-52.1601	58.4377
434.0000	172.0000	-54.9200	-17.5211
434.0000	197.0000	-51.6042	58.2616
435.0000	172.0000	-54.9200	-17.5212
435.0000	197.0000	-51.0158	58.0888
436.0000	172.0000	-54.9200	-17.5212
436.0000	197.0000	-50.3939	57.9397
437.0000	172.0000	-54.9200	-17.5212
437.0000	197.0000	-49.7451	57.7966
438.0000	172.0000	-54.9200	-17.5212
438.0000	197.0000	-49.0683	57.6747
439.0000	172.0000	-54.9200	-17.5212
439.0000	197.0000	-48.3708	57.5573
440.0000	172.0000	-54.9200	-17.5212
440.0000	197.0000	-47.6691	57.4606
441.0000	172.0000	-54.9200	-17.5212
441.0000	197.0000	-46.9700	57.3740
442.0000	172.0000	-54.9200	-17.5212
442.0000	197.0000	-46.2701	57.3045
443.0000	172.0000	-54.9200	-17.5212
443.0000	197.0000	-45.5723	57.2425
444.0000	172.0000	-54.9200	-17.5212
444.0000	197.0000	-44.8766	57.1947
445.0000	172.0000	-54.9200	-17.5211
445.0000	197.0000	-44.1767	57.1525
446.0000	172.0000	-54.9200	-17.5215
446.0000	197.0000	-43.4628	57.1187
447.0000	172.0000	-54.9200	-17.5215
447.0000	197.0000	-42.7337	57.0895
448.0000	172.0000	-54.9200	-17.5216
448.0000	197.0000	-41.9904	57.0671
449.0000	172.0000	-54.9198	-17.5101
449.0000	197.0000	-41.2350	57.0491
450.0000	172.0000	-54.9194	-17.4710
450.0000	197.0000	-40.4697	57.0357
451.0000	172.0000	-54.9184	-17.3908
451.0000	197.0000	-39.7466	57.0269
452.0000	172.0000	-54.9167	-17.2683
452.0000	197.0000	-39.1735	57.0282
453.0000	172.0000	-54.9152	-17.1641
453.0000	197.0000	-38.5971	57.0357
454.0000	172.0000	-54.9140	-17.0716
454.0000	197.0000	-38.0020	57.0397
455.0000	172.0000	-54.9134	-17.0319
455.0000	197.0000	-37.3851	57.0469
456.0000	172.0000	-54.9134	-17.0314
456.0000	197.0000	-36.7441	57.0559
457.0000	172.0000	-54.9134	-17.0300
457.0000	197.0000	-36.1304	57.0654
458.0000	172.0000	-54.9134	-17.0293
458.0000	197.0000	-35.6502	57.0788
459.0000	172.0000	-54.9134	-17.0289
459.0000	197.0000	-35.1512	57.0953
460.0000	172.0000	-54.9134	-17.0287
460.0000	197.0000	-34.6356	57.1081
461.0000	172.0000	-54.9134	-17.0286
461.0000	197.0000	-34.1224	57.1228
462.0000	172.0000	-54.9134	-17.0285
462.0000	197.0000	-33.6115	57.1387
463.0000	172.0000	-54.9134	-17.0285
463.0000	197.0000	-33.1027	57.1548
464.0000	172.0000	-54.9134	-17.0285
464.0000	197.0000	-32.5960	57.1713
465.0000	172.0000	-54.9134	-17.0285
465.0000	197.0000	-32.0832	57.1884
466.0000	172.0000	-54.9134	-17.0284
466.0000	197.0000	-31.5445	57.2060
467.0000	172.0000	-54.9134	-17.0287
467.0000	197.0000	-30.9765	57.2239
468.0000	172.0000	-54.9134	-17.0287
468.0000	197.0000	-30.3774	57.2434
469.0000	172.0000	-54.9134	-17.0287
469.0000	197.0000	-29.7461	57.2640
470.0000	172.0000	-54.9134	-17.0286
470.0000	197.0000	-29.0828	57.2858
471.0000	172.0000	-54.9134	-17.0320
471.0000	197.0000	-28.3899	57.3054
472.0000	172.0000	-54.9028	-17.0793
472.0000	197.0000	-27.7116	57.3003
473.0000	172.0000	-54.8816	-17.1874
473.0000	197.0000	-27.0519	57.2550
474.0000	172.0000	-54.8820	-17.2608
474.0000	197.0000	-26.2925	57.2068
475.0000	172.0000	-54.8822	-17.3775
475.0000	197.0000	-25.5197	57.1156
476.0000	172.0000	-54.8824	-17.5256
476.0000	197.0000	-24.7347	56.9931
477.0000	172.0000	-54.8827	-17.7013
477.0000	197.0000	-23.9401	56.8426
478.0000	172.0000	-54.8832	-17.9028
478.0000	197.0000	-23.1371	56.6654
479.0000	172.0000	-54.8839	-18.1212
479.0000	197.0000	-22.3274	56.4702
480.0000	172.0000	-54.8846	-18.3295
480.0000	197.0000	-21.5143	56.2841
481.0000	172.0000	-54.8854	-18.5415
481.0000	197.0000	-20.7042	56.0927
482.0000	172.0000	-54.8864	-18.7691
482.0000	197.0000	-19.8970	55.8838
483.0000	172.0000	-54.8876	-19.0172
483.0000	197.0000	-19.0925	55.6527
484.0000	172.0000	-54.8891	-19.2874
484.0000	197.0000	-18.2907	55.3974
485.0000	172.0000	-54.8907	-19.5708
485.0000	197.0000	-17.4885	55.1273
486.0000	172.0000	-54.8928	-19.8534
486.0000	197.0000	-16.6694	54.8566
487.0000	172.0000	-54.8950	-20.1349
487.0000	197.0000	-15.8855	54.5846
488.0000	172.0000	-54.8973	-20.4153
488.0000	197.0000	-15.3369	54.3083
489.0000	172.0000	-54.8999	-20.6949
489.0000	197.0000	-15.0793	54.0281
490.0000	172.0000	-54.9030	-20.9839
490.0000	197.0000	-15.0497	53.7336
491.0000	172.0000	-54.9058	-21.3035
491.0000	197.0000	-15.0381	53.4080
492.0000	172.0000	-54.9085	-21.6413
492.0000	197.0000	-15.0087	53.0640
493.0000	172.0000	-54.9120	-21.9469
493.0000	197.0000	-14.9497	52.7513
494.0000	172.0000	-54.9166	-22.1925
494.0000	197.0000	-14.8555	52.4956
495.0000	172.0000	-54.9211	-22.4164
495.0000	197.0000	-14.7247	52.2627
496.0000	172.0000	-54.9248	-22.6157
496.0000	197.0000	-14.5572	52.0556
497.0000	172.0000	-54.9289	-22.8150
497.0000	197.0000	-14.3470	51.8470
498.0000	172.0000	-54.9326	-23.0314
498.0000	197.0000	-14.0952	51.6227
499.0000	172.0000	-54.9373	-23.2663
499.0000	197.0000	-13.7967	51.3765
500.0000	172.0000	-54.9422	-23.5239
500.0000	197.0000	-13.4587	51.1086
501.0000	172.0000	-54.9459	-23.7999
501.0000	197.0000	-13.1208	50.8240
502.0000	172.0000	-54.9506	-24.0597
502.0000	197.0000	-12.7816	50.5534
503.0000	172.0000	-54.9561	-24.3213
503.0000	197.0000	-12.4417	50.2788
504.0000	172.0000	-54.9609	-24.5874
504.0000	197.0000	-12.1035	49.9881
505.0000	172.0000	-54.9646	-24.8462
505.0000	197.0000	-11.7657	49.6762
506.0000	172.0000	-54.9678	-25.0883
506.0000	197.0000	-11.4016	49.3419
507.0000	172.0000	-54.9706	-25.3539
507.0000	197.0000	-11.0687	48.9837
508.0000	172.0000	-54.9738	-25.6324
508.0000	197.0000	-10.8761	48.6031
509.0000	172.0000	-54.9763	-25.8955
509.0000	197.0000	-10.6622	48.2019
510.0000	172.0000	-54.9784	-26.1594
510.0000	197.0000	-10.4165	47.7808
511.0000	172.0000	-54.9796	-26.4314
511.0000	197.0000	-10.1370	47.3413
512.0000	172.0000	-54.9811	-26.7011
512.0000	197.0000	-9.8210	46.8814
513.0000	172.0000	-54.9829	-26.9606
513.0000	197.0000	-9.4675	46.3904
514.0000	172.0000	-54.9844	-27.2217
514.0000	197.0000	-9.0814	45.8493
515.0000	172.0000	-54.9872	-27.5941
515.0000	197.0000	-8.7242	45.2781
516.0000	172.0000	-54.9916	-28.0629
516.0000	197.0000	-8.4947	44.7700
517.0000	172.0000	-54.9967	-28.5202
517.0000	197.0000	-8.2389	44.2768
518.0000	172.0000	-55.0025	-28.9176
518.0000	197.0000	-8.0174	43.8221
519.0000	172.0000	-55.0114	-29.2312
519.0000	197.0000	-7.9784	43.4864
520.0000	172.0000	-55.0222	-29.5272
520.0000	197.0000	-7.9583	43.1716
521.0000	172.0000	-55.0278	-29.8568
521.0000	197.0000	-7.9477	42.8322
522.0000	172.0000	-55.0319	-30.2194
522.0000	197.0000	-7.9401	42.4618
523.0000	172.0000	-55.0349	-30.5816
523.0000	197.0000	-7.9343	42.0701
524.0000	172.0000	-55.0377	-30.9241
524.0000	197.0000	-7.9280	41.6610
525.0000	172.0000	-55.0417	-31.3058
525.0000	197.0000	-7.9207	41.2456
526.0000	172.0000	-55.0468	-31.6660
526.0000	197.0000	-7.9128	40.8733
527.0000	172.0000	-55.0538	-31.8839
527.0000	197.0000	-7.9007	40.5828
528.0000	172.0000	-55.0638	-32.0292
528.0000	197.0000	-7.8848	40.3837
529.0000	172.0000	-55.0672	-32.1303
529.0000	197.0000	-7.8797	40.2764
530.0000	172.0000	-55.0659	-32.1476
530.0000	197.0000	-7.8814	40.2603
531.0000	172.0000	-55.0659	-32.1467
531.0000	197.0000	-7.8814	40.2627
532.0000	172.0000	-55.0658	-32.1455
532.0000	197.0000	-7.8814	40.2649
533.0000	172.0000	-55.0659	-32.1443
533.0000	197.0000	-7.8814	40.2662
534.0000	172.0000	-55.0658	-32.1474
534.0000	197.0000	-7.8815	40.2631
535.0000	172.0000	-55.0983	-32.1064
535.0000	197.0000	-7.8368	40.2536
536.0000	172.0000	-55.0970	-32.1146
536.0000	197.0000	-7.8381	40.2262
537.0000	172.0000	-55.0976	-32.1343
537.0000	197.0000	-7.8369	40.1991
538.0000	172.0000	-55.0984	-32.1602
538.0000	197.0000	-7.8357	40.1720
539.0000	172.0000	-55.0993	-32.1856
539.0000	197.0000	-7.8344	40.1451
540.0000	172.0000	-55.1002	-32.2109
540.0000	197.0000	-7.8332	40.1183
541.0000	172.0000	-55.0934	-32.2577
541.0000	197.0000	-7.8423	40.0818
542.0000	172.0000	-55.1018	-32.2967
542.0000	197.0000	-7.8306	40.0296
543.0000	172.0000	-55.1104	-32.3650
543.0000	197.0000	-7.8188	39.9478
544.0000	172.0000	-55.1120	-32.4780
544.0000	197.0000	-7.8164	39.8318
545.0000	172.0000	-55.1158	-32.6169
545.0000	197.0000	-7.8110	39.6869
546.0000	172.0000	-55.1205	-32.7812
546.0000	197.0000	-7.8026	39.5148
547.0000	172.0000	-55.1237	-32.9742
547.0000	197.0000	-7.7855	39.3143
548.0000	172.0000	-55.1294	-33.1880
548.0000	197.0000	-7.7440	39.0838
549.0000	172.0000	-55.1349	-33.4270
549.0000	197.0000	-7.7241	38.8340
550.0000	172.0000	-55.1381	-33.6946
550.0000	197.0000	-7.7195	38.5616
551.0000	172.0000	-55.1400	-33.9890
551.0000	197.0000	-7.7170	38.2643
552.0000	172.0000	-55.1418	-34.3074
552.0000	197.0000	-7.7144	37.9431
553.0000	172.0000	-55.1429	-34.6508
553.0000	197.0000	-7.6982	37.5947
554.0000	172.0000	-55.1438	-35.0179
554.0000	197.0000	-7.6534	37.2169
555.0000	172.0000	-55.1450	-35.4070
555.0000	197.0000	-7.5733	36.8068
556.0000	172.0000	-55.1456	-35.8178
556.0000	197.0000	-7.4542	36.3660
557.0000	172.0000	-55.1462	-36.2461
557.0000	197.0000	-7.2945	35.8909
558.0000	172.0000	-55.1468	-36.6897
558.0000	197.0000	-7.0941	35.3783
559.0000	172.0000	-55.1473	-37.1468
559.0000	197.0000	-6.8513	34.8321
560.0000	172.0000	-55.1476	-37.6157
560.0000	197.0000	-6.5780	34.2270
561.0000	172.0000	-55.1481	-38.0940
561.0000	197.0000	-6.3146	33.5488
562.0000	172.0000	-55.1481	-38.5613
562.0000	197.0000	-6.0494	32.8786
563.0000	172.0000	-55.1484	-39.0394
563.0000	197.0000	-5.7751	32.2250
564.0000	172.0000	-55.1488	-39.5177
564.0000	197.0000	-5.5305	31.5362
565.0000	172.0000	-55.1490	-39.9954
565.0000	197.0000	-5.3129	30.8233
566.0000	172.0000	-55.1492	-40.4733
566.0000	197.0000	-5.0811	30.1100
567.0000	172.0000	-55.1492	-40.9656
567.0000	197.0000	-4.8512	29.3376
568.0000	172.0000	-55.1491	-41.4725
568.0000	197.0000	-4.6755	28.4753
569.0000	172.0000	-55.1490	-41.9875
569.0000	197.0000	-4.5056	27.5623
570.0000	172.0000	-55.1486	-42.4892
570.0000	197.0000	-4.3068	26.6147
571.0000	172.0000	-55.1475	-42.9538
571.0000	197.0000	-4.1382	25.6150
572.0000	172.0000	-55.1472	-43.3996
572.0000	197.0000	-3.9577	24.6230
573.0000	172.0000	-55.1476	-43.7798
573.0000	197.0000	-3.8025	23.6663
574.0000	172.0000	-55.1468	-44.0158
574.0000	197.0000	-3.6623	22.7559
575.0000	172.0000	-55.1468	-44.1810
575.0000	197.0000	-3.5242	21.9018
576.0000	172.0000	-55.1470	-44.3034
576.0000	197.0000	-3.4026	21.0847
577.0000	172.0000	-55.1470	-44.4177
577.0000	197.0000	-3.3004	20.2424
578.0000	172.0000	-55.1471	-44.5469
578.0000	197.0000	-3.2028	19.3561
579.0000	172.0000	-55.1472	-44.6963
579.0000	197.0000	-3.1240	18.4240
580.0000	172.0000	-55.1472	-44.8674
580.0000	197.0000	-3.0531	17.4495
581.0000	172.0000	-55.1473	-45.0600
581.0000	197.0000	-2.9974	16.4409
582.0000	172.0000	-55.1474	-45.2595
582.0000	197.0000	-2.9512	15.4278
583.0000	172.0000	-55.1475	-45.4587
583.0000	197.0000	-2.9183	14.4181
584.0000	172.0000	-55.1476	-45.6576
584.0000	197.0000	-2.8932	13.4119
585.0000	172.0000	-55.1477	-45.8560
585.0000	197.0000	-2.8767	12.4097
586.0000	172.0000	-55.1477	-46.0540
586.0000	197.0000	-2.8666	11.4627
587.0000	172.0000	-55.1478	-46.2545
587.0000	197.0000	-2.8694	10.6772
588.0000	172.0000	-55.1479	-46.4694
588.0000	197.0000	-2.8842	9.8775
589.0000	172.0000	-55.1478	-46.7053
589.0000	197.0000	-2.8912	9.0400
590.0000	172.0000	-55.1476	-46.9644
590.0000	197.0000	-2.9020	8.2171
591.0000	172.0000	-55.1474	-47.2476
591.0000	197.0000	-2.9207	7.5247
592.0000	172.0000	-55.1471	-47.5549
592.0000	197.0000	-2.9484	6.8005
593.0000	172.0000	-55.1467	-47.8861
593.0000	197.0000	-2.9626	6.0911
594.0000	172.0000	-55.1461	-48.2411
594.0000	197.0000	-2.9856	5.5099
595.0000	172.0000	-55.1455	-48.6192
595.0000	197.0000	-3.0122	4.8916
596.0000	172.0000	-55.1447	-49.0194
596.0000	197.0000	-3.0307	4.2240
597.0000	172.0000	-55.1438	-49.4390
597.0000	197.0000	-3.0429	3.5732
598.0000	172.0000	-55.1427	-49.8753
598.0000	197.0000	-3.0539	3.0499
599.0000	172.0000	-55.1415	-50.3261
599.0000	197.0000	-3.0641	2.4913
600.0000	172.0000	-55.1401	-50.7898
600.0000	197.0000	-3.0757	1.8885
601.0000	172.0000	-55.1386	-51.2647
601.0000	197.0000	-3.0924	1.2413
602.0000	172.0000	-55.1371	-51.7476
602.0000	197.0000	-3.1056	0.6179
603.0000	172.0000	-55.1351	-52.2185
603.0000	197.0000	-3.1059	0.1285
604.0000	172.0000	-55.1331	-52.7005
604.0000	197.0000	-3.1092	-0.3852
605.0000	172.0000	-55.1309	-53.1796
605.0000	197.0000	-3.1159	-0.9334
606.0000	172.0000	-55.1276	-53.6207
606.0000	197.0000	-3.1254	-1.5187
607.0000	172.0000	-55.1246	-54.0903
607.0000	197.0000	-3.1394	-2.1453
608.0000	172.0000	-55.1216	-54.5863
608.0000	197.0000	-3.1563	-2.8282
609.0000	172.0000	-55.1187	-55.0941
609.0000	197.0000	-3.1752	-3.5655
610.0000	172.0000	-55.1157	-55.6135
610.0000	197.0000	-3.1989	-4.3522
611.0000	172.0000	-55.1123	-56.1385
611.0000	197.0000	-3.2239	-5.1871
612.0000	172.0000	-55.1087	-56.6686
612.0000	197.0000	-3.2535	-6.0702
613.0000	172.0000	-55.1048	-57.2036
613.0000	197.0000	-3.2859	-7.0010
614.0000	172.0000	-55.1010	-57.7429
614.0000	197.0000	-3.3195	-7.9792
615.0000	197.0000	-3.3545	-9.0041
616.0000	197.0000	-3.3904	-10.0662
617.0000	197.0000	-3.4267	-11.1217
618.0000	197.0000	-3.4631	-12.1348
619.0000	197.0000	-3.4986	-13.0952
620.0000	197.0000	-3.5328	-13.9975
621.0000	197.0000	-3.5666	-14.8382
622.0000	197.0000	-3.5983	-15.6152
623.0000	197.0000	-3.6294	-16.3916
624.0000	197.0000	-3.6583	-17.1901
625.0000	197.0000	-3.6852	-18.0080
626.0000	197.0000	-3.7097	-18.8427
627.0000	197.0000	-3.7308	-19.6384
628.0000	197.0000	-3.7445	-20.2710
629.0000	197.0000	-3.7536	-20.9009
630.0000	197.0000	-3.7627	-21.5444
631.0000	197.0000	-3.7707	-22.2054
632.0000	197.0000	-3.7767	-22.8305
633.0000	197.0000	-3.7779	-23.3013
634.0000	197.0000	-3.7756	-23.7800
635.0000	197.0000	-3.7750	-24.2815
636.0000	197.0000	-3.7745	-24.7483
637.0000	197.0000	-3.7694	-25.0660
638.0000	197.0000	-3.7607	-25.3978
639.0000	197.0000	-3.7586	-25.6927
640.0000	197.0000	-3.7532	-25.8410
641.0000	197.0000	-3.7484	-26.0079
642.0000	197.0000	-3.7437	-26.2044
643.0000	197.0000	-3.7381	-26.4328
644.0000	197.0000	-3.7318	-26.6289
645.0000	197.0000	-3.7310	-26.6721
646.0000	197.0000	-3.7291	-26.7280
647.0000	197.0000	-3.7260	-26.8181
648.0000	197.0000	-3.7219	-26.9483
649.0000	197.0000	-3.7164	-27.1210
650.0000	197.0000	-3.7185	-27.3557
651.0000	197.0000	-3.7134	-27.6658
652.0000	197.0000	-3.7032	-28.0612
653.0000	197.0000	-3.6938	-28.4704
654.0000	197.0000	-3.6867	-28.7758
655.0000	197.0000	-3.6788	-29.1373
656.0000	197.0000	-3.6691	-29.5628
657.0000	197.0000	-3.6586	-30.0527
658.0000	197.0000	-3.6480	-30.5419
659.0000	197.0000	-3.6433	-30.9208
660.0000	197.0000	-3.6374	-31.3515
661.0000	197.0000	-3.6304	-31.8432
662.0000	197.0000	-3.6220	-32.3970
663.0000	197.0000	-3.6147	-32.9350
664.0000	197.0000	-3.6115	-33.3249
665.0000	197.0000	-3.6074	-33.7386
666.0000	197.0000	-3.6018	-34.1903
667.0000	197.0000	-3.5951	-34.6822
668.0000	197.0000	-3.5869	-35.2298
669.0000	197.0000	-3.5804	-35.7814
670.0000	197.0000	-3.5779	-36.2261
671.0000	197.0000	-3.5573	-36.7149
672.0000	197.0000	-3.4028	-37.2707
673.0000	197.0000	-2.9508	-37.9029
674.0000	197.0000	-1.9100	-38.5454
675.0000	197.0000	-0.1398	-39.0804
676.0000	197.0000	2.2024	-39.5035
677.0000	197.0000	5.1023	-39.7259
678.0000	197.0000	8.5081	-39.6414
679.0000	197.0000	12.3203	-39.1377
680.0000	197.0000	16.3522	-38.1512
681.0000	197.0000	19.5507	-37.1127
682.0000	197.0000	22.5977	-35.7199
683.0000	197.0000	25.1922	-34.3529
684.0000	197.0000	27.7928	-32.7170
685.0000	197.0000	29.8666	-31.3337
686.0000	197.0000	31.8441	-29.7667
687.0000	197.0000	33.3741	-28.3834
688.0000	197.0000	34.9446	-26.7950
689.0000	197.0000	36.3400	-25.3096
690.0000	197.0000	37.3576	-24.3499
691.0000	197.0000	38.3521	-23.2620
692.0000	197.0000	39.0317	-22.5021
693.0000	197.0000	39.6848	-21.7972
694.0000	197.0000	40.2858	-21.2241
695.0000	197.0000	40.7866	-20.7720
696.0000	197.0000	41.1920	-20.4015
697.0000	197.0000	41.5739	-20.1357
698.0000	197.0000	41.9507	-19.9480
699.0000	197.0000	42.2644	-19.8397
700.0000	197.0000	42.5038	-19.8163
701.0000	197.0000	42.7595	-19.8237
702.0000	197.0000	43.0166	-19.9110
703.0000	197.0000	43.2962	-20.0285
704.0000	197.0000	43.5815	-20.2109
705.0000	197.0000	43.8766	-20.4352
706.0000	197.0000	44.1826	-20.6718
707.0000	197.0000	44.4665	-20.9647
708.0000	197.0000	44.7382	-21.2886
709.0000	197.0000	45.0082	-21.6176
710.0000	197.0000	45.1930	-21.9925
711.0000	197.0000	45.2714	-22.3785
712.0000	197.0000	45.3372	-22.7991
713.0000	197.0000	45.3942	-23.2423
714.0000	197.0000	45.4450	-23.7012
715.0000	197.0000	45.4957	-24.1629
716.0000	197.0000	45.5552	-24.6083
717.0000	197.0000	45.6267	-25.0314
718.0000	197.0000	45.7126	-25.4277
719.0000	197.0000	45.8170	-25.7897
720.0000	197.0000	45.9499	-26.0981
721.0000	197.0000	46.0976	-26.3799
722.0000	197.0000	46.2884	-26.5802
723.0000	197.0000	46.5043	-26.7328
724.0000	197.0000	46.7486	-26.8305
725.0000	197.0000	47.0244	-26.8658
726.0000	197.0000	47.3491	-26.8016
727.0000	197.0000	47.6816	-26.7155
728.0000	197.0000	48.0365	-26.5768
729.0000	197.0000	48.4144	-26.3806
730.0000	197.0000	48.8084	-26.1381
731.0000	197.0000	49.2167	-25.8493
732.0000	197.0000	49.6361	-25.5175
733.0000	197.0000	50.0635	-25.1462
734.0000	197.0000	50.4963	-24.7375
735.0000	197.0000	50.9619	-24.2233
736.0000	197.0000	51.3916	-23.7598
737.0000	197.0000	51.8243	-23.2566
738.0000	197.0000	52.2561	-22.7186
739.0000	197.0000	52.6789	-22.1646
740.0000	197.0000	53.0949	-21.5867
741.0000	197.0000	53.5020	-20.9889
742.0000	197.0000	53.9255	-20.2903
743.0000	197.0000	54.3035	-19.6753
744.0000	197.0000	54.6760	-19.0257
745.0000	197.0000	55.0374	-18.3548
746.0000	197.0000	55.3822	-17.6807
747.0000	197.0000	55.7137	-16.9917
748.0000	197.0000	56.0301	-16.2921
749.0000	197.0000	56.3311	-15.5833
750.0000	197.0000	56.6349	-14.7770
751.0000	197.0000	56.8976	-14.0723
752.0000	197.0000	57.1491	-13.3372
753.0000	197.0000	57.3850	-12.5885
754.0000	197.0000	57.6020	-11.8445
755.0000	197.0000	57.8026	-11.0913
756.0000	197.0000	57.9859	-10.3336
757.0000	197.0000	58.1620	-9.4816
758.0000	197.0000	58.3057	-8.7392
759.0000	197.0000	58.4350	-7.9692
760.0000	197.0000	58.5470	-7.1899
761.0000	197.0000	58.6400	-6.4236
762.0000	197.0000	58.7094	-5.7842
763.0000	197.0000	58.7680	-5.0835
764.0000	197.0000	58.8113	-4.3847
765.0000	197.0000	58.8376	-3.8216
766.0000	197.0000	58.8530	-3.2754
767.0000	197.0000	58.8583	-2.8144
768.0000	197.0000	58.8556	-2.3449
769.0000	197.0000	58.8454	-1.9203
770.0000	197.0000	58.8290	-1.5378
771.0000	197.0000	58.8075	-1.1865
772.0000	197.0000	58.7816	-0.8683
773.0000	197.0000	58.7521	-0.5808
774.0000	197.0000	58.7198	-0.3216
775.0000	197.0000	58.6850	-0.0886
776.0000	197.0000	58.6484	0.1203
777.0000	197.0000	58.6102	0.3067
778.0000	197.0000	58.5708	0.4725
779.0000	197.0000	58.5304	0.6199
780.0000	197.0000	58.4902	0.7353
781.0000	197.0000	58.4487	0.8508
782.0000	197.0000	58.4067	0.9523
783.0000	197.0000	58.3646	1.0383
784.0000	197.0000	58.3222	1.1141
785.0000	197.0000	58.2796	1.1800
786.0000	197.0000	58.2370	1.2365
787.0000	197.0000	58.1944	1.2845
788.0000	197.0000	58.1518	1.3254
789.0000	197.0000	58.1100	1.3480
790.0000	197.0000	58.0676	1.3757
791.0000	197.0000	58.0252	1.3987
792.0000	197.0000	57.9831	1.4161
793.0000	197.0000	57.9409	1.4302
794.0000	197.0000	57.8989	1.4408
795.0000	197.0000	57.8575	1.4486
796.0000	197.0000	57.8221	1.4280
797.0000	197.0000	57.7940	1.3812
798.0000	197.0000	57.7647	1.3680
799.0000	197.0000	57.7355	1.3649
800.0000	197.0000	57.7085	1.3629
801.0000	197.0000	57.6820	1.3688
802.0000	197.0000	57.6574	1.3744
803.0000	197.0000	57.6334	1.3817
804.0000	197.0000	57.6099	1.3900
805.0000	197.0000	57.5870	1.3994
806.0000	197.0000	57.5649	1.4092
807.0000	197.0000	57.5430	1.4195
808.0000	197.0000	57.5215	1.4301
809.0000	197.0000	57.5014	1.4261
810.0000	197.0000	57.4795	1.4503
811.0000	197.0000	57.4600	1.4431
812.0000	197.0000	57.4398	1.4513
813.0000	197.0000	57.4209	1.4421
814.0000	197.0000	57.4012	1.4473
815.0000	197.0000	57.3829	1.4347
816.0000	197.0000	57.3637	1.4366
817.0000	197.0000	57.3457	1.4221
818.0000	197.0000	57.3268	1.4212
819.0000	197.0000	57.3078	1.4213
820.0000	197.0000	57.2902	1.4043
821.0000	197.0000	57.2719	1.4035
822.0000	197.0000	57.2568	1.3873
823.0000	197.0000	57.2412	1.3809
824.0000	197.0000	57.2248	1.3739
825.0000	197.0000	57.2092	1.3536
826.0000	197.0000	57.1937	1.3465
827.0000	197.0000	57.1821	1.3321
828.0000	197.0000	57.1755	1.3177
829.0000	197.0000	57.1745	1.3158
830.0000	197.0000	57.1746	1.3165
831.0000	197.0000	57.1746	1.3178
832.0000	197.0000	57.1746	1.3188
833.0000	197.0000	57.1747	1.3193
834.0000	197.0000	57.1747	1.3193
835.0000	197.0000	57.1746	1.3193
836.0000	197.0000	57.1747	1.3191
837.0000	197.0000	57.1747	1.3190
838.0000	197.0000	57.1747	1.3189
839.0000	197.0000	57.1747	1.3189
840.0000	197.0000	57.1747	1.3189
841.0000	197.0000	57.1747	1.3190
842.0000	197.0000	57.1747	1.3190
843.0000	197.0000	57.1747	1.3190
844.0000	197.0000	57.1747	1.3190
845.0000	197.0000	57.1747	1.3190
846.0000	197.0000	57.1747	1.3190
847.0000	197.0000	57.1747	1.3190
848.0000	197.0000	57.1747	1.3190
849.0000	197.0000	57.1747	1.3190
850.0000	197.0000	57.1747	1.3190
851.0000	197.0000	57.1747	1.3190
852.0000	197.0000	57.1747	1.3190
853.0000	197.0000	57.1747	1.3190
854.0000	197.0000	57.1747	1.3190
855.0000	197.0000	57.1747	1.3190
856.0000	197.0000	57.1747	1.3190
857.0000	197.0000	57.1747	1.3189
858.0000	197.0000	57.1745	1.3187
859.0000	197.0000	57.1733	1.3287
860.0000	197.0000	57.1706	1.3327
861.0000	197.0000	57.1667	1.3109
862.0000	197.0000	57.1589	1.3091
863.0000	197.0000	57.1503	1.3005
864.0000	197.0000	57.1414	1.2855
865.0000	197.0000	57.1308	1.2769
866.0000	197.0000	57.1194	1.2589
867.0000	197.0000	57.1056	1.2525
868.0000	197.0000	57.0907	1.2363
869.0000	197.0000	57.0750	1.2086
870.0000	197.0000	57.0576	1.1820
871.0000	197.0000	57.0405	1.1336
872.0000	197.0000	57.0228	1.0936
873.0000	197.0000	57.0041	1.0699
874.0000	197.0000	56.9855	1.0471
875.0000	197.0000	56.9665	1.0311
876.0000	197.0000	56.9485	0.9996
877.0000	197.0000	56.9310	0.9403
878.0000	197.0000	56.9154	0.8292
879.0000	197.0000	56.9015	0.6768
880.0000	197.0000	56.8877	0.5106
881.0000	197.0000	56.8749	0.3156
882.0000	197.0000	56.8637	0.0936
883.0000	197.0000	56.8535	-0.1029
884.0000	197.0000	56.8425	-0.2033
885.0000	197.0000	56.8303	-0.1959
886.0000	197.0000	56.8200	-0.1508
887.0000	197.0000	56.8173	-0.1727
888.0000	197.0000	56.8172	-0.1723
889.0000	197.0000	56.8173	-0.1706
890.0000	197.0000	56.8173	-0.1692
891.0000	197.0000	56.8173	-0.1683
892.0000	197.0000	56.8173	-0.1681
893.0000	197.0000	56.8173	-0.1682
894.0000	197.0000	56.8173	-0.1683
895.0000	197.0000	56.8173	-0.1684
896.0000	197.0000	56.8173	-0.1685
897.0000	197.0000	56.8173	-0.1686
898.0000	197.0000	56.8173	-0.1686
899.0000	197.0000	56.8173	-0.1686
900.0000	197.0000	56.8173	-0.1686
901.0000	197.0000	56.8173	-0.1686
902.0000	197.0000	56.8173	-0.1686
903.0000	197.0000	56.8173	-0.1686
904.0000	197.0000	56.8173	-0.1686
905.0000	197.0000	56.8173	-0.1685
906.0000	197.0000	56.8173	-0.1685
907.0000	197.0000	56.8173	-0.1685
908.0000	197.0000	56.8173	-0.1685
909.0000	197.0000	56.8173	-0.1685
910.0000	197.0000	56.8173	-0.1685
911.0000	197.0000	56.8173	-0.1685
912.0000	197.0000	56.8173	-0.1685
913.0000	197.0000	56.8173	-0.1685
914.0000	197.0000	56.8173	-0.1685
915.0000	197.0000	56.8173	-0.1685
916.0000	197.0000	56.8173	-0.1685
917.0000	197.0000	56.8173	-0.1685
918.0000	197.0000	56.8173	-0.1685
919.0000	197.0000	56.8173	-0.1685
920.0000	197.0000	56.8173	-0.1685
921.0000	197.0000	56.8173	-0.1685
922.0000	197.0000	56.8173	-0.1685
923.0000	197.0000	56.8173	-0.1685
924.0000	197.0000	56.8173	-0.1685
925.0000	197.0000	56.8173	-0.1685
926.0000	197.0000	56.8173	-0.1685
927.0000	197.0000	56.8173	-0.1685
928.0000	197.0000	56.8173	-0.1685
929.0000	197.0000	56.8173	-0.1685
930.0000	197.0000	56.8173	-0.1685
931.0000	197.0000	56.8173	-0.1685
932.0000	197.0000	56.8173	-0.1685
933.0000	197.0000	56.8173	-0.1685
934.0000	197.0000	56.8173	-0.1685
935.0000	197.0000	56.8173	-0.1685
936.0000	197.0000	56.8173	-0.1685
937.0000	197.0000	56.8173	-0.1685
938.0000	197.0000	56.8173	-0.1685
939.0000	197.0000	56.8173	-0.1685
940.0000	197.0000	56.8173	-0.1685
941.0000	197.0000	56.8173	-0.1685
942.0000	197.0000	56.8173	-0.1685
943.0000	197.0000	56.8173	-0.1685
944.0000	197.0000	56.8173	-0.1685
945.0000	197.0000	56.8173	-0.1685
946.0000	197.0000	56.8173	-0.1685
947.0000	197.0000	56.8173	-0.1685
948.0000	197.0000	56.8173	-0.1685
949.0000	197.0000	56.8173	-0.1685
950.0000	197.0000	56.8173	-0.1685
951.0000	197.0000	56.8173	-0.1685
952.0000	197.0000	56.8173	-0.1685
953.0000	197.0000	56.8173	-0.1685
954.0000	197.0000	56.8173	-0.1685
955.0000	197.0000	56.8173	-0.1685
956.0000	197.0000	56.8173	-0.1685
957.0000	197.0000	56.8173	-0.1685
958.0000	197.0000	56.8173	-0.1685
959.0000	197.0000	56.8173	-0.1685
960.0000	197.0000	56.8173	-0.1685
961.0000	197.0000	56.8173	-0.1685
962.0000	197.0000	56.8173	-0.1685
963.0000	197.0000	56.8173	-0.1685
964.0000	197.0000	56.8173	-0.1685
965.0000	197.0000	56.8173	-0.1685
966.0000	197.0000	56.8173	-0.1685
967.0000	197.0000	56.8173	-0.1685
968.0000	197.0000	56.8173	-0.1685
969.0000	197.0000	56.8173	-0.1685
970.0000	197.0000	56.8173	-0.1685
971.0000	197.0000	56.8173	-0.1685
972.0000	197.0000	56.8173	-0.1685
973.0000	197.0000	56.8173	-0.1685
974.0000	197.0000	56.8173	-0.1685
975.0000	197.0000	56.8173	-0.1685
976.0000	197.0000	56.8173	-0.1685
977.0000	197.0000	56.8173	-0.1685
978.0000	197.0000	56.8173	-0.1685
979.0000	197.0000	56.8173	-0.1685
980.0000	197.0000	56.8173	-0.1685
981.0000	197.0000	56.8173	-0.1685
982.0000	197.0000	56.8173	-0.1685
983.0000	197.0000	56.8173	-0.1685
984.0000	197.0000	56.8173	-0.1685
985.0000	197.0000	56.8173	-0.1685
986.0000	197.0000	56.8173	-0.1685
987.0000	197.0000	56.8173	-0.1685
988.0000	197.0000	56.8173	-0.1685
989.0000	197.0000	56.8173	-0.1685
990.0000	197.0000	56.8173	-0.1685
991.0000	197.0000	56.8173	-0.1685
992.0000	197.0000	56.8173	-0.1685
993.0000	197.0000	56.8173	-0.1685
994.0000	197.0000	56.8173	-0.1685
995.0000	197.0000	56.8173	-0.1685
996.0000	197.0000	56.8173	-0.1685
997.0000	197.0000	56.8173	-0.1685
998.0000	197.0000	56.8173	-0.1685
999.0000	197.0000	56.8173	-0.1685
