0.0000	18.0000	-11.5988	-28.8348
0.0000	23.0000	13.5422	26.5156
0.0000	64.0000	65.1198	2.2714
0.0000	101.0000	-30.2534	45.9717
0.0000	158.0000	-23.5203	40.6731
1.0000	18.0000	-11.5885	-29.1669
1.0000	23.0000	13.5340	26.0998
1.0000	64.0000	63.8961	3.0519
1.0000	101.0000	-30.2704	45.4560
1.0000	158.0000	-23.5323	40.2471
2.0000	18.0000	-11.5771	-29.4524
2.0000	23.0000	13.5280	25.6539
2.0000	64.0000	62.6490	3.7736
2.0000	101.0000	-30.2830	44.9365
2.0000	158.0000	-23.5413	39.7935
3.0000	18.0000	-11.5686	-29.8025
3.0000	23.0000	13.5239	25.1784
3.0000	64.0000	61.3791	4.4370
3.0000	101.0000	-30.2902	44.4468
3.0000	158.0000	-23.5475	39.3126
4.0000	18.0000	-11.5661	-30.3005
4.0000	23.0000	13.5217	24.6736
4.0000	64.0000	60.0873	5.0422
4.0000	101.0000	-30.2974	43.8507
4.0000	158.0000	-23.5508	38.8049
5.0000	18.0000	-11.5597	-30.7322
5.0000	23.0000	13.5191	24.1410
5.0000	64.0000	58.7737	5.5944
5.0000	101.0000	-30.3044	43.2494
5.0000	158.0000	-23.5548	38.2688
6.0000	18.0000	-11.5510	-31.2138
6.0000	23.0000	13.5137	23.5823
6.0000	64.0000	57.4378	6.0989
6.0000	101.0000	-30.3140	42.6739
6.0000	158.0000	-23.5630	37.7025
7.0000	18.0000	-11.5408	-31.7969
7.0000	23.0000	13.5047	22.9984
7.0000	64.0000	56.0794	6.5567
7.0000	101.0000	-30.3330	41.9868
7.0000	158.0000	-23.5769	37.1058
8.0000	18.0000	-11.5235	-32.3196
8.0000	23.0000	13.4922	22.3896
8.0000	64.0000	54.6989	6.9673
8.0000	101.0000	-30.3571	41.2922
8.0000	158.0000	-23.5962	36.4790
9.0000	18.0000	-11.5022	-32.8931
9.0000	23.0000	13.4761	21.7564
9.0000	64.0000	53.2967	7.3310
9.0000	101.0000	-30.3855	40.6230
9.0000	158.0000	-23.6213	35.8220
10.0000	18.0000	-11.4782	-33.5604
10.0000	23.0000	13.4569	21.0990
10.0000	64.0000	51.8731	7.6464
10.0000	101.0000	-30.4228	39.8431
10.0000	158.0000	-23.6515	35.1355
11.0000	18.0000	-11.4481	-34.1588
11.0000	23.0000	13.4360	20.4296
11.0000	64.0000	50.4294	7.9232
11.0000	101.0000	-30.4625	39.0710
11.0000	158.0000	-23.6847	34.4337
12.0000	18.0000	-11.4134	-34.6810
12.0000	23.0000	13.4140	19.7620
12.0000	64.0000	48.9661	8.1733
12.0000	101.0000	-30.5022	38.3546
12.0000	158.0000	-23.7198	33.7314
13.0000	18.0000	-11.3739	-35.1357
13.0000	23.0000	13.3911	19.0964
13.0000	64.0000	47.4836	8.3960
13.0000	101.0000	-30.5470	37.5568
13.0000	158.0000	-23.7569	33.0282
14.0000	18.0000	-11.3332	-35.6283
14.0000	23.0000	13.3673	18.4330
14.0000	64.0000	45.9828	8.5911
14.0000	101.0000	-30.5929	36.7813
14.0000	158.0000	-23.7958	32.3245
15.0000	18.0000	-11.2957	-36.3117
15.0000	23.0000	13.3430	17.7715
15.0000	64.0000	44.5302	8.7288
15.0000	101.0000	-30.6383	36.0618
15.0000	158.0000	-23.8359	31.6207
16.0000	18.0000	-11.2546	-37.0129
16.0000	23.0000	13.3179	17.0973
16.0000	64.0000	43.3270	8.7205
16.0000	101.0000	-30.6885	35.2459
16.0000	158.0000	-23.8780	30.9011
17.0000	18.0000	-11.2109	-37.7475
17.0000	23.0000	13.2927	16.3905
17.0000	64.0000	42.3915	8.5375
17.0000	101.0000	-30.7386	34.4183
17.0000	158.0000	-23.9206	30.1469
18.0000	18.0000	-11.1662	-38.5084
18.0000	23.0000	13.2685	15.6584
18.0000	64.0000	41.6685	8.1817
18.0000	101.0000	-30.7856	33.6310
18.0000	158.0000	-23.9623	29.3672
19.0000	18.0000	-11.1199	-39.2909
19.0000	23.0000	13.2448	14.9063
19.0000	64.0000	40.9511	7.7461
19.0000	101.0000	-30.8325	32.8208
19.0000	158.0000	-24.0036	28.5671
20.0000	18.0000	-11.0727	-40.0917
20.0000	23.0000	13.2224	14.1364
20.0000	64.0000	40.3364	7.2769
20.0000	101.0000	-30.8779	31.9935
20.0000	158.0000	-24.0436	27.7494
21.0000	18.0000	-11.0256	-40.9090
21.0000	23.0000	13.2014	13.3498
21.0000	64.0000	39.9816	6.6798
21.0000	101.0000	-30.9213	31.1512
21.0000	158.0000	-24.0816	26.9160
22.0000	18.0000	-10.9789	-41.7411
22.0000	23.0000	13.1818	12.5475
22.0000	64.0000	39.6356	5.9792
22.0000	101.0000	-30.9626	30.2947
22.0000	158.0000	-24.1178	26.0682
23.0000	18.0000	-10.9303	-42.5607
23.0000	23.0000	13.1631	11.7314
23.0000	64.0000	39.3559	5.2859
23.0000	101.0000	-31.0032	29.4242
23.0000	158.0000	-24.1531	25.2061
24.0000	18.0000	-10.8804	-43.3565
24.0000	23.0000	13.1456	10.9023
24.0000	64.0000	39.3108	4.5235
24.0000	101.0000	-31.0423	28.5411
24.0000	158.0000	-24.1871	24.3314
25.0000	18.0000	-10.8329	-44.1245
25.0000	23.0000	13.1304	10.0603
25.0000	64.0000	39.2326	3.7200
25.0000	101.0000	-31.0773	27.6493
25.0000	158.0000	-24.2174	23.4473
26.0000	18.0000	-10.7855	-44.8719
26.0000	23.0000	13.1166	9.2070
26.0000	64.0000	39.1892	2.9071
26.0000	101.0000	-31.1103	26.7478
26.0000	158.0000	-24.2458	22.5532
27.0000	18.0000	-10.7389	-45.6126
27.0000	23.0000	13.1045	8.3435
27.0000	64.0000	39.1670	2.0731
27.0000	101.0000	-31.1408	25.8379
27.0000	158.0000	-24.2719	21.6505
28.0000	18.0000	-10.6948	-46.3491
28.0000	23.0000	13.0940	7.4700
28.0000	64.0000	39.0977	1.2381
28.0000	101.0000	-31.1683	24.9212
28.0000	158.0000	-24.2953	20.7406
29.0000	18.0000	-10.6521	-47.0735
29.0000	23.0000	13.0849	6.5875
29.0000	64.0000	39.0112	0.4043
29.0000	101.0000	-31.1935	23.9978
29.0000	158.0000	-24.3167	19.8236
30.0000	18.0000	-10.6106	-47.8769
30.0000	23.0000	13.0769	5.6971
30.0000	64.0000	38.9033	-0.4376
30.0000	101.0000	-31.2173	23.0675
30.0000	158.0000	-24.3366	18.8994
31.0000	18.0000	-10.5723	-48.7851
31.0000	23.0000	13.0701	4.8014
31.0000	64.0000	38.8027	-1.2821
31.0000	101.0000	-31.2387	22.1345
31.0000	158.0000	-24.3545	17.9722
32.0000	18.0000	-10.5351	-49.6192
32.0000	23.0000	13.0644	3.9063
32.0000	64.0000	38.7042	-2.1312
32.0000	101.0000	-31.2580	21.2046
32.0000	158.0000	-24.3706	17.0477
33.0000	18.0000	-10.4994	-50.4777
33.0000	23.0000	13.0596	3.0125
33.0000	64.0000	38.5747	-2.9723
33.0000	101.0000	-31.2757	20.2776
33.0000	158.0000	-24.3852	16.1258
34.0000	18.0000	-10.4657	-51.3783
34.0000	23.0000	13.0558	2.1199
34.0000	64.0000	38.4201	-3.8066
34.0000	101.0000	-31.2916	19.3540
34.0000	158.0000	-24.3982	15.2070
35.0000	18.0000	-10.4334	-52.2033
35.0000	23.0000	13.0528	1.2286
35.0000	64.0000	38.2475	-4.6331
35.0000	101.0000	-31.3058	18.4338
35.0000	158.0000	-24.4097	14.2913
36.0000	18.0000	-10.4015	-53.0553
36.0000	23.0000	13.0505	0.3354
36.0000	64.0000	38.0618	-5.4612
36.0000	101.0000	-31.3190	17.5125
36.0000	158.0000	-24.4202	13.3743
37.0000	18.0000	-10.3719	-53.9645
37.0000	23.0000	13.0490	-0.5697
37.0000	64.0000	37.8751	-6.3041
37.0000	101.0000	-31.3306	16.5815
37.0000	158.0000	-24.4294	12.4475
38.0000	18.0000	-10.3452	-54.8058
38.0000	23.0000	13.0481	-1.4842
38.0000	64.0000	37.6905	-7.1552
38.0000	101.0000	-31.3401	15.6443
38.0000	158.0000	-24.4368	11.5138
39.0000	18.0000	-10.3210	-55.6784
39.0000	23.0000	13.0478	-2.4058
39.0000	64.0000	37.5064	-8.0170
39.0000	101.0000	-31.3483	14.7025
39.0000	158.0000	-24.4431	10.5752
40.0000	18.0000	-10.2991	-56.6070
40.0000	23.0000	13.0479	-3.3334
40.0000	51.0000	-34.8228	71.2977
40.0000	64.0000	37.3233	-8.8862
40.0000	101.0000	-31.3552	13.7566
40.0000	158.0000	-24.4483	9.6321
41.0000	18.0000	-10.2785	-57.4625
41.0000	23.0000	13.0483	-4.2664
41.0000	51.0000	-34.6947	70.1075
41.0000	64.0000	37.1409	-9.7619
41.0000	101.0000	-31.3611	12.8072
41.0000	158.0000	-24.4527	8.6852
42.0000	18.0000	-10.2595	-58.2492
42.0000	23.0000	13.0490	-5.2047
42.0000	51.0000	-34.6938	69.1184
42.0000	64.0000	36.9488	-10.6415
42.0000	101.0000	-31.3661	11.8541
42.0000	158.0000	-24.4563	7.7344
43.0000	18.0000	-10.2423	-59.0788
43.0000	23.0000	13.0499	-6.1484
43.0000	51.0000	-34.6768	68.0977
43.0000	64.0000	36.7401	-11.5241
43.0000	101.0000	-31.3703	10.8970
43.0000	158.0000	-24.4593	6.7794
44.0000	18.0000	-10.2265	-60.0299
44.0000	23.0000	13.0511	-7.1017
44.0000	51.0000	-34.6248	67.0158
44.0000	64.0000	36.5497	-12.4204
44.0000	101.0000	-31.3738	9.9314
44.0000	158.0000	-24.4617	5.8158
45.0000	18.0000	-10.2123	-60.9009
45.0000	23.0000	13.0524	-8.0675
45.0000	51.0000	-34.5381	65.8736
45.0000	64.0000	36.3722	-13.3339
45.0000	101.0000	-31.3767	8.9549
45.0000	158.0000	-24.4636	4.8409
46.0000	18.0000	-10.1990	-61.7057
46.0000	23.0000	13.0537	-9.0469
46.0000	51.0000	-34.4382	64.6997
46.0000	64.0000	36.1813	-14.2583
46.0000	101.0000	-31.3790	7.9657
46.0000	158.0000	-24.4650	3.8533
47.0000	18.0000	-10.1871	-62.5574
47.0000	23.0000	13.0552	-10.0406
47.0000	51.0000	-34.3379	63.5138
47.0000	64.0000	35.9773	-15.1943
47.0000	101.0000	-31.3808	6.9634
47.0000	158.0000	-24.4660	2.8524
48.0000	18.0000	-10.1776	-63.5579
48.0000	23.0000	13.0566	-11.0487
48.0000	51.0000	-34.2353	62.3158
48.0000	64.0000	35.7629	-16.1430
48.0000	101.0000	-31.3821	5.9483
48.0000	158.0000	-24.4666	1.8383
49.0000	18.0000	-10.1690	-64.4760
49.0000	23.0000	13.0579	-12.0714
49.0000	51.0000	-34.1330	61.1042
49.0000	64.0000	35.5420	-17.1053
49.0000	101.0000	-31.3830	4.9197
49.0000	158.0000	-24.4670	0.8106
50.0000	18.0000	-10.1616	-65.3244
50.0000	23.0000	13.0592	-13.1085
50.0000	51.0000	-34.0295	59.8804
50.0000	64.0000	35.3161	-18.0814
50.0000	101.0000	-31.3836	3.8777
50.0000	158.0000	-24.4672	-0.2306
51.0000	18.0000	-10.1555	-66.2166
51.0000	23.0000	13.0603	-14.1598
51.0000	51.0000	-33.9187	58.6300
51.0000	64.0000	35.0859	-19.0712
51.0000	101.0000	-31.3840	2.8223
51.0000	158.0000	-24.4672	-1.2853
52.0000	18.0000	-10.1502	-67.2660
52.0000	23.0000	13.0614	-15.2253
52.0000	51.0000	-33.7884	57.3345
52.0000	64.0000	34.8518	-20.0744
52.0000	101.0000	-31.3843	1.7534
52.0000	158.0000	-24.4671	-2.3537
53.0000	18.0000	-10.1459	-68.2297
53.0000	23.0000	13.0624	-16.3049
53.0000	51.0000	-33.6392	55.9960
53.0000	64.0000	34.6146	-21.0913
53.0000	101.0000	-31.3843	0.6710
53.0000	158.0000	-24.4669	-3.4357
54.0000	18.0000	-10.1423	-69.1224
54.0000	23.0000	13.0633	-17.3985
54.0000	51.0000	-33.4788	54.6230
54.0000	64.0000	34.3748	-22.1220
54.0000	101.0000	-31.3843	-0.4247
54.0000	158.0000	-24.4667	-4.5311
55.0000	18.0000	-10.1394	-70.0583
55.0000	23.0000	13.0640	-18.5060
55.0000	51.0000	-33.3120	53.2238
55.0000	64.0000	34.1330	-23.1662
55.0000	101.0000	-31.3842	-1.5338
55.0000	158.0000	-24.4664	-5.6399
56.0000	18.0000	-10.1373	-71.1592
56.0000	23.0000	13.0647	-19.6272
56.0000	51.0000	-33.1394	51.7994
56.0000	64.0000	33.8898	-24.2239
56.0000	101.0000	-31.3840	-2.6564
56.0000	158.0000	-24.4661	-6.7623
57.0000	18.0000	-10.1353	-72.1743
57.0000	23.0000	13.0652	-20.7623
57.0000	51.0000	-33.0078	50.4327
57.0000	64.0000	33.6472	-25.2956
57.0000	101.0000	-31.3838	-3.7925
57.0000	158.0000	-24.4659	-7.8982
58.0000	18.0000	-10.1338	-73.1172
58.0000	23.0000	13.0657	-21.9111
58.0000	51.0000	-32.9735	49.2221
58.0000	64.0000	33.4061	-26.3813
58.0000	101.0000	-31.3836	-4.9420
58.0000	158.0000	-24.4656	-9.0476
59.0000	18.0000	-10.1325	-74.0031
59.0000	23.0000	13.0661	-23.0734
59.0000	51.0000	-32.9068	47.9386
59.0000	64.0000	33.1662	-27.4809
59.0000	101.0000	-31.3834	-6.1049
59.0000	158.0000	-24.4653	-10.2104
60.0000	18.0000	-10.1314	-74.9394
60.0000	23.0000	13.0665	-24.2493
60.0000	51.0000	-32.8076	46.5833
60.0000	64.0000	32.9278	-28.5943
60.0000	101.0000	-31.3832	-7.2811
60.0000	158.0000	-24.4651	-11.3866
61.0000	18.0000	-10.1306	-76.0511
61.0000	23.0000	13.0669	-25.4385
61.0000	51.0000	-32.6909	45.1815
61.0000	64.0000	32.6909	-29.7215
61.0000	101.0000	-31.3830	-8.4707
61.0000	158.0000	-24.4648	-12.5761
62.0000	18.0000	-10.1296	-77.0890
62.0000	23.0000	13.0672	-26.6412
62.0000	51.0000	-32.5645	43.7481
62.0000	64.0000	32.4578	-30.8627
62.0000	101.0000	-31.3827	-9.6737
62.0000	158.0000	-24.4645	-13.7791
63.0000	18.0000	-10.1285	-78.0592
63.0000	23.0000	13.0677	-27.8571
63.0000	51.0000	-32.4275	42.2810
63.0000	64.0000	32.2254	-32.0172
63.0000	101.0000	-31.3825	-10.8901
63.0000	158.0000	-24.4642	-14.9954
64.0000	18.0000	-10.1273	-79.0771
64.0000	23.0000	13.0681	-29.0862
64.0000	51.0000	-32.2780	40.7748
64.0000	64.0000	31.9888	-33.1837
64.0000	101.0000	-31.3822	-12.1196
64.0000	158.0000	-24.4639	-16.2248
65.0000	23.0000	13.0685	-30.3285
65.0000	51.0000	-32.1187	39.2350
65.0000	64.0000	31.7482	-34.3622
65.0000	101.0000	-31.3819	-13.3622
65.0000	158.0000	-24.4636	-17.4674
66.0000	23.0000	13.0683	-31.5843
66.0000	51.0000	-31.9535	37.6695
66.0000	64.0000	31.5055	-35.5540
66.0000	101.0000	-31.3819	-14.6173
66.0000	158.0000	-24.4636	-18.7226
67.0000	23.0000	13.0637	-32.8550
67.0000	51.0000	-31.8186	36.1630
67.0000	64.0000	31.2580	-36.7637
67.0000	101.0000	-31.3837	-15.8808
67.0000	158.0000	-24.4661	-19.9872
68.0000	23.0000	13.0471	-34.1437
68.0000	51.0000	-31.7574	34.8226
68.0000	64.0000	30.9965	-37.9976
68.0000	101.0000	-31.3909	-17.1451
68.0000	158.0000	-24.4757	-21.2553
69.0000	23.0000	13.0034	-35.4561
69.0000	51.0000	-31.6347	33.4317
69.0000	64.0000	30.7040	-39.2694
69.0000	101.0000	-31.4112	-18.3966
69.0000	158.0000	-24.5016	-22.5163
70.0000	23.0000	12.9096	-36.7999
70.0000	51.0000	-31.4315	32.0073
70.0000	64.0000	30.3552	-40.5970
70.0000	101.0000	-31.4566	-19.6155
70.0000	158.0000	-24.5587	-23.7546
71.0000	23.0000	12.7482	-38.1795
71.0000	51.0000	-31.1599	30.6058
71.0000	64.0000	29.9317	-41.9899
71.0000	101.0000	-31.5376	-20.7896
71.0000	158.0000	-24.6590	-24.9606
72.0000	23.0000	12.5027	-39.5977
72.0000	51.0000	-30.8228	29.2418
72.0000	64.0000	29.4158	-43.4548
72.0000	101.0000	-31.6640	-21.9084
72.0000	158.0000	-24.8139	-26.1259
73.0000	23.0000	12.1734	-41.0506
73.0000	51.0000	-30.4215	27.8925
73.0000	64.0000	28.8083	-44.9839
73.0000	101.0000	-31.8369	-22.9771
73.0000	158.0000	-25.0240	-27.2542
74.0000	23.0000	11.7596	-42.5344
74.0000	51.0000	-30.0153	26.6516
74.0000	64.0000	28.1088	-46.5683
74.0000	101.0000	-32.0574	-23.9987
74.0000	158.0000	-25.2900	-28.3472
75.0000	23.0000	11.2742	-44.0413
75.0000	51.0000	-29.6603	25.6031
75.0000	64.0000	27.3315	-48.1925
75.0000	101.0000	-32.3189	-24.9866
75.0000	158.0000	-25.6038	-29.4152
76.0000	23.0000	10.7537	-45.5589
76.0000	51.0000	-29.2816	24.4788
76.0000	64.0000	26.5170	-49.8267
76.0000	101.0000	-32.6021	-25.9713
76.0000	158.0000	-25.9419	-30.4819
77.0000	23.0000	10.2022	-47.0851
77.0000	51.0000	-28.8856	23.2796
77.0000	64.0000	25.6705	-51.4676
77.0000	101.0000	-32.9044	-26.9558
77.0000	158.0000	-26.3013	-31.5495
78.0000	23.0000	9.6216	-48.6185
78.0000	51.0000	-28.4799	22.0102
78.0000	64.0000	24.7951	-53.1129
78.0000	101.0000	-33.2247	-27.9416
78.0000	158.0000	-26.6807	-32.6190
79.0000	23.0000	9.0100	-50.1587
79.0000	51.0000	-28.0679	20.6744
79.0000	64.0000	23.8888	-54.7621
79.0000	101.0000	-33.5639	-28.9274
79.0000	158.0000	-27.0813	-33.6894
80.0000	23.0000	8.3628	-51.7056
80.0000	51.0000	-27.6844	19.3690
80.0000	64.0000	22.9464	-56.4167
80.0000	101.0000	-33.9248	-29.9099
80.0000	158.0000	-27.5061	-34.7577
81.0000	23.0000	7.6552	-53.2617
81.0000	51.0000	-27.3587	18.2257
81.0000	64.0000	21.9410	-58.0854
81.0000	101.0000	-34.3205	-30.8724
81.0000	158.0000	-27.9709	-35.8101
82.0000	23.0000	6.8799	-54.8257
82.0000	51.0000	-27.0085	17.0099
82.0000	64.0000	20.8693	-59.7694
82.0000	101.0000	-34.7555	-31.8104
82.0000	158.0000	-28.4806	-36.8427
83.0000	23.0000	6.0350	-56.3950
83.0000	51.0000	-26.6652	15.8042
83.0000	64.0000	19.7294	-61.4655
83.0000	101.0000	-35.2303	-32.7235
83.0000	158.0000	-29.0360	-37.8545
84.0000	23.0000	5.1478	-57.9639
84.0000	51.0000	-26.3470	14.6144
84.0000	64.0000	18.5407	-63.1552
84.0000	101.0000	-35.7299	-33.6298
84.0000	158.0000	-29.6192	-38.8601
85.0000	23.0000	4.2330	-59.5301
85.0000	51.0000	-26.0345	13.3409
85.0000	64.0000	17.3162	-64.8308
85.0000	101.0000	-36.2458	-34.5385
85.0000	158.0000	-30.2204	-39.8668
86.0000	23.0000	3.2580	-61.0949
86.0000	51.0000	-25.7290	12.0247
86.0000	64.0000	16.0270	-66.5033
86.0000	101.0000	-36.7956	-35.4283
86.0000	158.0000	-30.8606	-40.8569
87.0000	23.0000	2.2404	-62.6553
87.0000	51.0000	-25.4422	10.6765
87.0000	64.0000	14.6968	-68.1679
87.0000	101.0000	-37.3701	-36.3102
87.0000	158.0000	-31.5284	-41.8391
88.0000	23.0000	1.1798	-64.2098
88.0000	51.0000	-25.1799	9.3073
88.0000	64.0000	13.3235	-69.8213
88.0000	101.0000	-37.9689	-37.1837
88.0000	158.0000	-32.2237	-42.8128
89.0000	23.0000	0.0882	-65.7571
89.0000	51.0000	-24.9537	7.9638
89.0000	64.0000	11.9162	-71.4580
89.0000	101.0000	-38.5856	-38.0558
89.0000	158.0000	-32.9389	-43.7838
90.0000	23.0000	-1.0682	-67.2959
90.0000	51.0000	-24.7554	6.6496
90.0000	64.0000	10.4391	-73.0830
90.0000	101.0000	-39.2383	-38.9052
90.0000	158.0000	-33.6954	-44.7336
91.0000	23.0000	-2.2764	-68.8241
91.0000	51.0000	-24.5913	5.4215
91.0000	64.0000	8.9093	-74.6924
91.0000	101.0000	-39.9203	-39.7395
91.0000	158.0000	-34.4850	-45.6684
92.0000	23.0000	-3.5010	-70.3417
92.0000	51.0000	-24.4657	4.2898
92.0000	64.0000	7.3653	-76.2804
92.0000	101.0000	-40.6117	-40.5798
92.0000	158.0000	-35.2848	-46.6061
93.0000	23.0000	-4.7515	-71.8482
93.0000	51.0000	-24.3589	3.0818
93.0000	64.0000	5.7959	-77.8476
93.0000	101.0000	-41.3176	-41.4196
93.0000	158.0000	-36.1006	-47.5414
94.0000	23.0000	-6.0392	-73.3419
94.0000	51.0000	-24.2751	1.8916
94.0000	64.0000	4.1889	-79.3938
94.0000	101.0000	-42.0444	-42.2517
94.0000	158.0000	-36.9399	-48.4676
95.0000	23.0000	-7.3625	-74.8219
95.0000	51.0000	-24.2154	0.7220
95.0000	101.0000	-42.7912	-43.0764
95.0000	158.0000	-37.8016	-49.3850
96.0000	23.0000	-8.7172	-76.2879
96.0000	51.0000	-24.1775	-0.5265
96.0000	101.0000	-43.5558	-43.8959
96.0000	158.0000	-38.6831	-50.2952
97.0000	23.0000	-10.1287	-77.7356
97.0000	51.0000	-24.1619	-1.7479
97.0000	101.0000	-44.3520	-44.6944
97.0000	158.0000	-39.6005	-51.1841
98.0000	51.0000	-24.1707	-2.9366
98.0000	101.0000	-45.1650	-45.4876
98.0000	158.0000	-40.5364	-52.0657
99.0000	51.0000	-24.2069	-4.2036
99.0000	101.0000	-45.9965	-46.2726
99.0000	158.0000	-41.4931	-52.9369
100.0000	51.0000	-24.2665	-5.4486
100.0000	101.0000	-46.8566	-47.0380
100.0000	158.0000	-42.4819	-53.7875
101.0000	51.0000	-24.3487	-6.6544
101.0000	101.0000	-47.7367	-47.7920
101.0000	158.0000	-43.4931	-54.6248
102.0000	51.0000	-24.4641	-7.9426
102.0000	101.0000	-48.6316	-48.5399
102.0000	158.0000	-44.5207	-55.4533
103.0000	51.0000	-24.6001	-9.2219
103.0000	101.0000	-49.5267	-49.2970
103.0000	158.0000	-45.5476	-56.2872
104.0000	51.0000	-24.7554	-10.4581
104.0000	101.0000	-50.4400	-50.0429
104.0000	158.0000	-46.5949	-57.1077
105.0000	51.0000	-24.9519	-11.7670
105.0000	101.0000	-51.3866	-50.7610
105.0000	158.0000	-47.6796	-57.8994
106.0000	51.0000	-25.1746	-13.0451
106.0000	101.0000	-52.3704	-51.4457
106.0000	158.0000	-48.8065	-58.6566
107.0000	51.0000	-25.4145	-14.2798
107.0000	101.0000	-53.3662	-52.1241
107.0000	158.0000	-49.9464	-59.4044
108.0000	51.0000	-25.6944	-15.6030
108.0000	101.0000	-54.3600	-52.8104
108.0000	158.0000	-51.0831	-60.1562
109.0000	51.0000	-25.9988	-16.8976
109.0000	101.0000	-55.3839	-53.4681
110.0000	51.0000	-26.3190	-18.1414
110.0000	101.0000	-56.4276	-54.1089
111.0000	51.0000	-26.6899	-19.4606
111.0000	101.0000	-57.4896	-54.7326
112.0000	51.0000	-27.0798	-20.7605
113.0000	51.0000	-27.4821	-22.0071
114.0000	51.0000	-27.9454	-23.3186
115.0000	51.0000	-28.4305	-24.6043
116.0000	51.0000	-28.9228	-25.8388
117.0000	51.0000	-29.4747	-27.1430
118.0000	51.0000	-30.0880	-28.5098
119.0000	51.0000	-30.7639	-29.9277
120.0000	51.0000	-31.4562	-31.3010
121.0000	51.0000	-32.1046	-32.5241
122.0000	51.0000	-32.8294	-33.8205
123.0000	51.0000	-33.5871	-35.0796
124.0000	51.0000	-34.3270	-36.2531
125.0000	51.0000	-35.1492	-37.4935
126.0000	51.0000	-35.9976	-38.6954
127.0000	51.0000	-36.8347	-39.8221
128.0000	51.0000	-37.7393	-41.0199
129.0000	51.0000	-38.6424	-42.2016
130.0000	51.0000	-39.5453	-43.3058
131.0000	51.0000	-40.5655	-44.4224
132.0000	51.0000	-41.6010	-45.5027
133.0000	51.0000	-42.6020	-46.5417
134.0000	51.0000	-43.6658	-47.6428
135.0000	51.0000	-44.7579	-48.6891
136.0000	51.0000	-45.8536	-49.6565
137.0000	51.0000	-47.0424	-50.6494
138.0000	51.0000	-48.2893	-51.6937
139.0000	51.0000	-49.6158	-52.7513
140.0000	51.0000	-50.9551	-53.7402
141.0000	51.0000	-52.2061	-54.6010
142.0000	51.0000	-53.5224	-55.5269
143.0000	51.0000	-54.7500	-56.5151
397.0000	160.0000	-34.0423	71.0736
398.0000	160.0000	-32.2827	66.6185
399.0000	160.0000	-30.6499	62.1151
400.0000	160.0000	-29.1419	57.5678
401.0000	160.0000	-27.7583	52.9801
402.0000	160.0000	-26.4969	48.3565
403.0000	160.0000	-25.3552	43.7018
404.0000	160.0000	-24.3380	39.0165
405.0000	160.0000	-23.4436	34.3050
406.0000	160.0000	-22.6714	29.5704
407.0000	160.0000	-22.0201	24.8167
408.0000	160.0000	-21.4900	20.0468
409.0000	160.0000	-21.0802	15.2643
410.0000	160.0000	-20.7898	10.4733
411.0000	160.0000	-20.6205	5.6748
412.0000	160.0000	-20.5712	0.8724
413.0000	160.0000	-20.6415	-3.9294
414.0000	160.0000	-20.8313	-8.7294
415.0000	160.0000	-21.1401	-13.5240
416.0000	160.0000	-21.5672	-18.3105
417.0000	160.0000	-22.1124	-23.0853
418.0000	160.0000	-22.7770	-27.8440
419.0000	160.0000	-23.5583	-32.5861
420.0000	160.0000	-24.4560	-37.3082
421.0000	160.0000	-25.4692	-42.0074
422.0000	160.0000	-26.5983	-46.6802
423.0000	160.0000	-27.8453	-51.3223
424.0000	160.0000	-29.2051	-55.9333
425.0000	160.0000	-30.6775	-60.5099
426.0000	160.0000	-32.2655	-65.0474
427.0000	160.0000	-33.9631	-69.5455
676.0000	92.0000	-61.0251	51.2849
677.0000	92.0000	-60.3266	51.2658
678.0000	92.0000	-59.5950	51.3058
678.0000	158.0000	-75.6420	25.8171
679.0000	92.0000	-58.8327	51.4008
679.0000	158.0000	-73.6933	27.0675
680.0000	92.0000	-58.0490	51.5414
680.0000	158.0000	-71.7582	28.3226
681.0000	92.0000	-57.2402	51.7278
681.0000	158.0000	-69.8360	29.5950
682.0000	92.0000	-56.4463	51.8723
682.0000	158.0000	-67.9319	30.8868
683.0000	92.0000	-55.7528	51.7908
683.0000	158.0000	-66.0491	32.1977
684.0000	92.0000	-55.0667	51.6929
684.0000	158.0000	-64.1880	33.5244
685.0000	92.0000	-54.3534	51.6508
685.0000	158.0000	-62.3503	34.8654
686.0000	92.0000	-53.6134	51.6600
686.0000	158.0000	-60.5393	36.2215
687.0000	92.0000	-52.8491	51.7172
687.0000	158.0000	-58.7572	37.5936
688.0000	92.0000	-52.0629	51.8197
688.0000	158.0000	-57.0054	38.9802
689.0000	92.0000	-51.2610	51.9600
689.0000	158.0000	-55.2917	40.3747
690.0000	92.0000	-50.4402	52.1392
690.0000	158.0000	-53.6138	41.7851
691.0000	92.0000	-49.6389	52.2677
691.0000	158.0000	-51.9736	43.2144
692.0000	92.0000	-48.9359	52.1619
692.0000	158.0000	-50.3729	44.6597
693.0000	92.0000	-48.2445	52.0333
693.0000	158.0000	-48.8120	46.1165
694.0000	92.0000	-47.5311	51.9569
694.0000	158.0000	-47.2925	47.5851
695.0000	92.0000	-46.7955	51.9286
695.0000	158.0000	-45.8165	49.0641
696.0000	92.0000	-46.0384	51.9464
696.0000	158.0000	-44.3827	50.5545
697.0000	92.0000	-45.2621	52.0083
697.0000	158.0000	-42.9945	52.0523
698.0000	92.0000	-44.4690	52.1105
698.0000	158.0000	-41.6522	53.5593
699.0000	92.0000	-43.7026	52.1586
699.0000	158.0000	-40.3623	55.0688
700.0000	92.0000	-43.0291	51.9752
700.0000	158.0000	-39.1209	56.5849
701.0000	92.0000	-42.3597	51.7811
701.0000	158.0000	-37.9228	58.1101
702.0000	92.0000	-41.6673	51.6430
702.0000	158.0000	-36.7709	59.6388
703.0000	92.0000	-40.9535	51.5557
703.0000	158.0000	-35.6681	61.1696
704.0000	92.0000	-40.2195	51.5169
704.0000	158.0000	-34.6141	62.7021
705.0000	92.0000	-39.4674	51.5235
705.0000	158.0000	-33.6086	64.2348
706.0000	92.0000	-38.7335	51.4851
706.0000	158.0000	-32.6533	65.7665
707.0000	92.0000	-38.0888	51.2203
707.0000	158.0000	-31.7481	67.2965
708.0000	92.0000	-37.4481	50.9532
708.0000	158.0000	-30.8919	68.8232
709.0000	92.0000	-36.7838	50.7438
709.0000	158.0000	-30.0847	70.3457
710.0000	92.0000	-36.1044	50.5720
710.0000	158.0000	-29.3280	71.8625
711.0000	92.0000	-35.4213	50.4184
711.0000	158.0000	-28.6282	73.3703
712.0000	92.0000	-34.7314	50.2802
712.0000	158.0000	-27.9766	74.8709
713.0000	92.0000	-34.0329	50.1571
714.0000	92.0000	-33.3301	50.0447
715.0000	92.0000	-32.6256	49.9379
716.0000	92.0000	-31.9207	49.8334
717.0000	92.0000	-31.2161	49.7293
718.0000	92.0000	-30.5123	49.6244
719.0000	92.0000	-29.8093	49.5195
720.0000	92.0000	-29.1053	49.4194
721.0000	92.0000	-28.4019	49.3225
722.0000	92.0000	-27.7005	49.2228
723.0000	92.0000	-27.0088	49.1108
724.0000	92.0000	-26.3223	48.9886
725.0000	92.0000	-25.6372	48.8574
726.0000	92.0000	-24.9566	48.7158
727.0000	92.0000	-24.2829	48.5622
728.0000	92.0000	-23.6306	48.3483
729.0000	92.0000	-22.9978	48.0812
730.0000	92.0000	-22.3744	47.7931
731.0000	92.0000	-21.7534	47.5038
732.0000	92.0000	-21.1305	47.2254
733.0000	92.0000	-20.5037	46.9635
734.0000	92.0000	-19.8781	46.7156
735.0000	92.0000	-19.2498	46.4796
736.0000	92.0000	-18.6178	46.2514
737.0000	92.0000	-17.9875	46.0229
738.0000	92.0000	-17.3635	45.7821
739.0000	92.0000	-16.7466	45.5234
740.0000	92.0000	-16.1360	45.2527
741.0000	92.0000	-15.5304	44.9722
742.0000	92.0000	-14.9355	44.6799
743.0000	92.0000	-14.3619	44.3766
744.0000	92.0000	-13.8129	44.0671
745.0000	92.0000	-13.2881	43.7554
746.0000	92.0000	-12.7857	43.4435
747.0000	92.0000	-12.3061	43.1313
748.0000	92.0000	-11.8495	42.8193
749.0000	92.0000	-11.4159	42.5095
750.0000	92.0000	-11.0068	42.2017
751.0000	92.0000	-10.6196	41.8959
752.0000	92.0000	-10.2516	41.5926
753.0000	92.0000	-9.9009	41.2927
754.0000	92.0000	-9.5688	40.9949
755.0000	92.0000	-9.2527	40.6933
756.0000	92.0000	-8.9550	40.3775
757.0000	92.0000	-8.6759	40.0370
757.0000	101.0000	-76.7022	-17.9640
758.0000	92.0000	-8.4138	39.6707
758.0000	101.0000	-74.9015	-18.5136
759.0000	92.0000	-8.1672	39.2934
759.0000	101.0000	-73.1189	-19.0871
760.0000	92.0000	-7.9322	38.9130
760.0000	101.0000	-71.3544	-19.6790
761.0000	92.0000	-7.7133	38.4980
761.0000	101.0000	-69.6106	-20.2848
762.0000	92.0000	-7.5131	38.0335
762.0000	101.0000	-67.8861	-20.9036
763.0000	92.0000	-7.3266	37.5409
763.0000	101.0000	-66.1800	-21.5295
764.0000	92.0000	-7.1495	37.0346
764.0000	101.0000	-64.4918	-22.1572
765.0000	92.0000	-6.9797	36.5305
765.0000	101.0000	-62.8194	-22.7840
766.0000	92.0000	-6.8142	36.0406
766.0000	101.0000	-61.1642	-23.4054
767.0000	92.0000	-6.6522	35.5637
767.0000	101.0000	-59.5293	-24.0166
768.0000	92.0000	-6.4965	35.0920
768.0000	101.0000	-57.9243	-24.6183
769.0000	92.0000	-6.3465	34.6241
769.0000	101.0000	-56.3526	-25.2136
770.0000	92.0000	-6.2002	34.1640
770.0000	101.0000	-54.8059	-25.7982
771.0000	92.0000	-6.0590	33.7100
771.0000	101.0000	-53.2777	-26.3676
772.0000	92.0000	-5.9227	33.2580
772.0000	101.0000	-51.7627	-26.9169
773.0000	92.0000	-5.7903	32.8340
773.0000	101.0000	-50.2571	-27.4235
774.0000	92.0000	-5.6605	32.5420
774.0000	101.0000	-48.7577	-27.7827
775.0000	92.0000	-5.5246	32.4255
775.0000	101.0000	-47.2685	-27.9250
776.0000	92.0000	-5.3778	32.4852
776.0000	101.0000	-45.7887	-27.8542
777.0000	92.0000	-5.2461	32.7261
777.0000	101.0000	-44.2957	-27.6242
778.0000	92.0000	-5.1604	33.1102
778.0000	101.0000	-42.7638	-27.3299
779.0000	92.0000	-5.0373	33.5808
779.0000	101.0000	-41.2658	-26.7808
780.0000	92.0000	-4.9985	33.9618
780.0000	101.0000	-39.7231	-26.1308
781.0000	92.0000	-4.9802	34.4030
781.0000	101.0000	-38.1724	-25.4391
782.0000	92.0000	-4.9595	34.9144
782.0000	101.0000	-36.6237	-24.7000
783.0000	92.0000	-4.9411	35.4775
783.0000	101.0000	-35.0781	-23.9116
784.0000	92.0000	-4.9271	36.0849
784.0000	101.0000	-33.5385	-23.0739
785.0000	92.0000	-4.9189	36.7332
785.0000	101.0000	-32.0054	-22.1889
786.0000	92.0000	-4.9170	37.4193
786.0000	101.0000	-30.5384	-21.2992
787.0000	92.0000	-4.9221	38.1402
787.0000	101.0000	-29.3078	-20.5530
788.0000	92.0000	-4.9320	38.8034
788.0000	101.0000	-28.3358	-19.9651
789.0000	92.0000	-4.9415	39.2464
789.0000	101.0000	-27.5909	-19.4732
790.0000	92.0000	-4.9581	39.7082
790.0000	101.0000	-26.8619	-18.9391
791.0000	92.0000	-4.9799	40.2405
791.0000	101.0000	-26.1057	-18.3940
792.0000	92.0000	-5.0077	40.8294
792.0000	101.0000	-25.3292	-17.8200
793.0000	92.0000	-5.0420	41.4664
793.0000	101.0000	-24.5368	-17.2067
794.0000	92.0000	-5.0828	42.1455
794.0000	101.0000	-23.7275	-16.5551
795.0000	92.0000	-5.1301	42.8616
795.0000	101.0000	-22.8982	-15.8668
796.0000	92.0000	-5.1837	43.6110
796.0000	101.0000	-22.0487	-15.1414
797.0000	92.0000	-5.2437	44.3902
797.0000	101.0000	-21.1829	-14.3766
798.0000	92.0000	-5.3088	45.1889
798.0000	101.0000	-20.3020	-13.5707
799.0000	92.0000	-5.3684	45.8885
799.0000	101.0000	-19.4648	-12.7823
800.0000	92.0000	-5.4033	46.2954
800.0000	101.0000	-18.8080	-12.1613
801.0000	92.0000	-5.4535	46.5955
801.0000	101.0000	-18.1684	-11.5378
802.0000	92.0000	-5.4912	46.8957
802.0000	101.0000	-17.5778	-10.9396
803.0000	92.0000	-5.5334	47.2175
803.0000	101.0000	-17.1756	-10.5318
804.0000	92.0000	-5.5829	47.6553
804.0000	101.0000	-16.8214	-10.1715
805.0000	92.0000	-5.6443	48.2012
805.0000	101.0000	-16.4795	-9.8053
806.0000	92.0000	-5.7193	48.8386
806.0000	101.0000	-16.1420	-9.4431
807.0000	92.0000	-5.8058	49.5577
807.0000	101.0000	-15.8096	-9.0823
808.0000	92.0000	-5.9016	50.3483
808.0000	101.0000	-15.4711	-8.7069
809.0000	92.0000	-6.0055	51.2026
809.0000	101.0000	-15.1102	-8.2986
810.0000	92.0000	-6.1165	52.1141
810.0000	101.0000	-14.7303	-7.8628
811.0000	92.0000	-6.2336	53.0762
811.0000	101.0000	-14.3387	-7.4061
812.0000	92.0000	-6.3461	53.9968
812.0000	101.0000	-13.9404	-6.9338
813.0000	92.0000	-6.4296	54.6748
813.0000	101.0000	-13.5417	-6.4520
814.0000	92.0000	-6.5123	55.3220
814.0000	101.0000	-13.1474	-5.9673
815.0000	92.0000	-6.6029	56.0314
815.0000	101.0000	-12.7581	-5.4797
816.0000	92.0000	-6.7002	56.7980
816.0000	101.0000	-12.3705	-4.9850
817.0000	92.0000	-6.8046	57.6181
817.0000	101.0000	-11.9818	-4.4785
818.0000	92.0000	-6.9156	58.4883
818.0000	101.0000	-11.5889	-3.9573
819.0000	92.0000	-7.0213	59.3145
819.0000	101.0000	-11.1922	-3.4186
820.0000	92.0000	-7.0966	59.8996
820.0000	101.0000	-10.7909	-2.8619
821.0000	92.0000	-7.1716	60.4684
821.0000	101.0000	-10.3852	-2.2872
822.0000	92.0000	-7.2547	61.1027
822.0000	101.0000	-9.9761	-1.6941
823.0000	92.0000	-7.3454	61.7973
823.0000	101.0000	-9.5682	-1.0891
824.0000	92.0000	-7.4435	62.5487
824.0000	101.0000	-9.1693	-0.4842
825.0000	92.0000	-7.5487	63.3536
825.0000	101.0000	-8.7790	0.1206
826.0000	92.0000	-7.6607	64.2088
826.0000	101.0000	-8.3979	0.7254
827.0000	92.0000	-7.7671	65.0199
827.0000	101.0000	-8.0257	1.3299
828.0000	92.0000	-7.8420	65.5901
828.0000	101.0000	-7.6623	1.9341
829.0000	92.0000	-7.9156	66.1467
829.0000	101.0000	-7.3044	2.5432
830.0000	92.0000	-7.9979	66.7693
830.0000	101.0000	-6.9485	3.1646
831.0000	92.0000	-8.0881	67.4527
831.0000	101.0000	-6.5929	3.8016
832.0000	92.0000	-8.1860	68.1933
832.0000	101.0000	-6.2379	4.4541
833.0000	92.0000	-8.2912	68.9880
833.0000	101.0000	-5.8839	5.1221
834.0000	92.0000	-8.4033	69.8336
834.0000	101.0000	-5.5289	5.8109
835.0000	92.0000	-8.5212	70.7262
835.0000	101.0000	-5.1716	6.5238
836.0000	92.0000	-8.6335	71.5739
836.0000	101.0000	-4.8133	7.2625
837.0000	92.0000	-8.7137	72.1791
837.0000	101.0000	-4.4550	8.0246
838.0000	92.0000	-8.7913	72.7638
838.0000	101.0000	-4.0982	8.8075
839.0000	92.0000	-8.8772	73.4127
839.0000	101.0000	-3.7446	9.6097
840.0000	92.0000	-8.9708	74.1207
840.0000	101.0000	-3.3961	10.4301
841.0000	92.0000	-9.0716	74.8843
841.0000	101.0000	-3.0526	11.2675
842.0000	92.0000	-9.1792	75.7006
842.0000	101.0000	-2.7156	12.1216
843.0000	92.0000	-9.2811	76.4741
843.0000	101.0000	-2.3854	12.9920
844.0000	92.0000	-9.3506	77.0080
844.0000	101.0000	-2.0621	13.8774
845.0000	92.0000	-9.4191	77.5357
845.0000	101.0000	-1.7471	14.7791
846.0000	92.0000	-9.4963	78.1312
846.0000	101.0000	-1.4418	15.6965
847.0000	92.0000	-9.5817	78.7893
847.0000	101.0000	-1.1449	16.6291
848.0000	101.0000	-0.8578	17.5769
849.0000	101.0000	-0.5809	18.5397
850.0000	101.0000	-0.3144	19.5175
851.0000	101.0000	-0.0596	20.5104
852.0000	101.0000	0.1828	21.5182
853.0000	101.0000	0.4131	22.5407
854.0000	101.0000	0.6309	23.5780
855.0000	101.0000	0.8348	24.6290
856.0000	101.0000	1.0243	25.6908
857.0000	101.0000	1.1977	26.7605
858.0000	101.0000	1.3563	27.8350
859.0000	101.0000	1.4988	28.9151
860.0000	101.0000	1.6237	29.9998
861.0000	101.0000	1.7328	31.0914
862.0000	101.0000	1.8253	32.1929
863.0000	101.0000	1.9019	33.3091
864.0000	101.0000	1.9637	34.4439
865.0000	101.0000	2.0114	35.5958
866.0000	101.0000	2.0264	36.7552
867.0000	101.0000	2.0623	37.8981
868.0000	101.0000	2.0978	39.0173
869.0000	101.0000	2.1320	40.1207
870.0000	101.0000	2.1658	41.2147
871.0000	101.0000	2.1830	42.3030
872.0000	101.0000	2.1890	43.4077
873.0000	101.0000	2.1860	44.4602
874.0000	101.0000	2.1714	45.2689
875.0000	101.0000	2.1410	46.0537
876.0000	101.0000	2.1066	46.8669
876.0000	176.0000	-30.2518	72.1758
877.0000	101.0000	2.0682	47.6794
877.0000	176.0000	-29.9217	69.5653
878.0000	101.0000	1.9893	48.4830
878.0000	176.0000	-29.6382	66.8962
879.0000	101.0000	1.8828	49.2838
879.0000	176.0000	-29.3802	64.1827
880.0000	101.0000	1.7748	50.0843
880.0000	176.0000	-29.1138	61.4421
881.0000	101.0000	1.6568	50.8859
881.0000	176.0000	-28.8518	58.6701
882.0000	101.0000	1.5281	51.6885
882.0000	176.0000	-28.5958	55.8667
883.0000	101.0000	1.3885	52.4919
883.0000	176.0000	-28.3470	53.0319
884.0000	101.0000	1.2438	53.2952
884.0000	176.0000	-28.0998	50.1690
885.0000	101.0000	1.0931	54.1043
885.0000	176.0000	-27.8578	47.2834
886.0000	101.0000	0.9395	54.9379
886.0000	176.0000	-27.6271	44.3958
887.0000	101.0000	0.7836	55.7968
887.0000	176.0000	-27.4221	41.5068
888.0000	101.0000	0.6211	56.6819
888.0000	176.0000	-27.2617	38.6163
889.0000	101.0000	0.4483	57.5859
889.0000	176.0000	-27.1588	35.7708
890.0000	101.0000	0.2632	58.5081
890.0000	176.0000	-27.1156	33.0526
891.0000	101.0000	0.0602	59.4397
891.0000	176.0000	-27.1361	30.3362
892.0000	101.0000	-0.1652	60.3792
892.0000	176.0000	-27.2291	27.6197
893.0000	101.0000	-0.4047	61.3108
893.0000	176.0000	-27.4045	24.9150
894.0000	101.0000	-0.6596	62.2303
894.0000	176.0000	-27.6661	22.2219
895.0000	101.0000	-0.9331	63.1376
895.0000	176.0000	-28.0170	19.5410
896.0000	101.0000	-1.2259	64.0324
896.0000	176.0000	-28.4610	16.8750
897.0000	101.0000	-1.5420	64.9033
897.0000	176.0000	-29.0001	14.2119
898.0000	101.0000	-1.9016	65.7546
898.0000	176.0000	-29.6381	11.5316
899.0000	101.0000	-2.2972	66.5967
899.0000	176.0000	-30.3715	8.8456
900.0000	101.0000	-2.7254	67.4328
900.0000	176.0000	-31.1967	6.1609
901.0000	101.0000	-3.1890	68.2646
901.0000	176.0000	-32.1110	3.4813
902.0000	101.0000	-3.6842	69.0925
902.0000	176.0000	-33.1116	0.8137
903.0000	101.0000	-4.2132	69.9165
903.0000	176.0000	-34.1962	-1.8386
904.0000	101.0000	-4.7715	70.7364
904.0000	176.0000	-35.3608	-4.4696
905.0000	101.0000	-5.3595	71.5520
905.0000	176.0000	-36.6007	-7.0756
906.0000	101.0000	-5.9756	72.3628
906.0000	176.0000	-37.9128	-9.6524
907.0000	101.0000	-6.6175	73.1687
907.0000	176.0000	-39.2934	-12.1944
908.0000	101.0000	-7.2845	73.9703
908.0000	176.0000	-40.7397	-14.6847
909.0000	101.0000	-7.9748	74.7679
909.0000	176.0000	-42.2524	-17.1321
910.0000	101.0000	-8.6841	75.5601
910.0000	176.0000	-43.8160	-19.5270
911.0000	101.0000	-9.4016	76.3468
911.0000	176.0000	-45.4333	-21.8941
912.0000	101.0000	-10.1154	77.1349
912.0000	176.0000	-47.0976	-24.1904
913.0000	101.0000	-10.8139	77.9314
913.0000	176.0000	-48.8193	-26.3918
914.0000	101.0000	-11.5062	78.7117
914.0000	176.0000	-50.5848	-28.5172
915.0000	176.0000	-52.3909	-30.5656
916.0000	176.0000	-54.2368	-32.5380
917.0000	176.0000	-56.1393	-34.4070
918.0000	176.0000	-58.1045	-36.1787
919.0000	176.0000	-60.1357	-37.8439
920.0000	176.0000	-62.2147	-39.4223
921.0000	176.0000	-64.3357	-40.9443
922.0000	176.0000	-66.4749	-42.4420
960.0000	92.0000	-6.7059	79.5909
961.0000	92.0000	-6.6659	79.0874
962.0000	92.0000	-6.6336	78.3228
963.0000	92.0000	-6.6066	77.5098
964.0000	92.0000	-6.5824	76.7443
965.0000	92.0000	-6.5611	76.0221
966.0000	92.0000	-6.5434	75.3402
967.0000	92.0000	-6.5282	74.6957
968.0000	92.0000	-6.5149	74.0859
969.0000	92.0000	-6.5046	73.5081
970.0000	92.0000	-6.4970	72.8701
971.0000	92.0000	-6.4930	71.9729
972.0000	92.0000	-6.4902	71.0325
973.0000	92.0000	-6.4876	70.1418
974.0000	92.0000	-6.4848	69.2962
975.0000	92.0000	-6.4811	68.4928
976.0000	92.0000	-6.4763	67.7287
977.0000	92.0000	-6.4710	67.0009
978.0000	92.0000	-6.4662	66.3066
979.0000	92.0000	-6.4633	65.5531
980.0000	92.0000	-6.4642	64.5415
981.0000	92.0000	-6.4668	63.4892
982.0000	92.0000	-6.4715	62.4876
983.0000	92.0000	-6.4781	61.5321
984.0000	92.0000	-6.4866	60.6194
985.0000	92.0000	-6.4971	59.7467
986.0000	92.0000	-6.5094	58.9110
987.0000	92.0000	-6.5235	58.1095
988.0000	92.0000	-6.5397	57.2496
989.0000	92.0000	-6.5590	56.1322
990.0000	92.0000	-6.5790	54.9758
991.0000	92.0000	-6.5995	53.8710
992.0000	92.0000	-6.6204	52.8132
993.0000	92.0000	-6.6417	51.7991
994.0000	92.0000	-6.6631	50.8259
995.0000	92.0000	-6.6845	49.8905
996.0000	92.0000	-6.7058	48.9903
997.0000	92.0000	-6.7269	48.0325
998.0000	92.0000	-6.7484	46.8183
999.0000	92.0000	-6.7685	45.5663
