0.0000	22.0000	-53.5396	-7.2961
0.0000	71.0000	30.1661	7.7774
0.0000	91.0000	-42.7146	-0.7107
0.0000	110.0000	31.7067	72.2879
0.0000	160.0000	-63.2642	-39.5109
1.0000	22.0000	-53.2080	-7.2650
1.0000	71.0000	30.1663	7.5256
1.0000	91.0000	-42.7145	-0.9617
1.0000	110.0000	31.4025	72.0424
1.0000	160.0000	-63.1786	-38.4763
2.0000	22.0000	-52.9854	-7.3499
2.0000	71.0000	30.1664	7.2494
2.0000	91.0000	-42.7145	-1.2372
2.0000	110.0000	31.0649	71.7733
2.0000	160.0000	-63.0749	-37.4567
3.0000	22.0000	-52.7435	-7.4269
3.0000	71.0000	30.1665	6.9730
3.0000	91.0000	-42.7144	-1.5127
3.0000	110.0000	30.7973	71.5024
3.0000	160.0000	-62.9500	-36.4300
4.0000	22.0000	-52.5261	-7.4930
4.0000	71.0000	30.1667	6.7286
4.0000	91.0000	-42.7144	-1.7553
4.0000	110.0000	30.7079	71.2599
4.0000	160.0000	-62.8002	-35.3650
5.0000	22.0000	-52.4190	-7.6462
5.0000	71.0000	30.1668	6.4884
5.0000	91.0000	-42.7143	-1.9946
5.0000	110.0000	30.5289	71.0232
5.0000	160.0000	-62.6199	-34.2943
6.0000	22.0000	-52.2936	-7.7862
6.0000	71.0000	30.1670	6.2492
6.0000	91.0000	-42.7142	-2.2334
6.0000	110.0000	30.3348	70.7882
6.0000	160.0000	-62.4078	-33.2221
7.0000	22.0000	-52.1637	-7.9233
7.0000	71.0000	30.1671	6.0105
7.0000	91.0000	-42.7141	-2.4717
7.0000	110.0000	30.1263	70.5539
7.0000	160.0000	-62.1613	-32.1511
8.0000	22.0000	-52.0301	-8.0750
8.0000	71.0000	30.1672	5.7559
8.0000	91.0000	-42.7141	-2.7262
8.0000	110.0000	29.8751	70.3047
8.0000	160.0000	-61.8886	-31.1447
9.0000	22.0000	-51.8766	-8.2284
9.0000	71.0000	30.1674	5.4856
9.0000	91.0000	-42.7140	-2.9964
9.0000	110.0000	29.7160	70.0376
9.0000	160.0000	-61.6566	-30.3812
10.0000	22.0000	-51.7217	-8.3637
10.0000	71.0000	30.1675	5.2327
10.0000	91.0000	-42.7140	-3.2483
10.0000	110.0000	29.7123	69.7849
10.0000	160.0000	-61.4930	-29.8842
11.0000	22.0000	-51.5671	-8.4921
11.0000	71.0000	30.1676	4.9880
11.0000	91.0000	-42.7140	-3.4920
11.0000	110.0000	29.6234	69.5419
11.0000	160.0000	-61.3657	-29.5424
12.0000	22.0000	-51.4032	-8.5912
12.0000	71.0000	30.1677	4.7672
12.0000	91.0000	-42.7139	-3.7119
12.0000	110.0000	29.5724	69.3220
12.0000	160.0000	-61.2322	-29.2225
13.0000	22.0000	-51.2386	-8.6817
13.0000	71.0000	30.1678	4.5559
13.0000	91.0000	-42.7139	-3.9226
13.0000	110.0000	29.5626	69.1111
13.0000	160.0000	-61.1384	-29.0467
14.0000	22.0000	-51.0740	-8.7496
14.0000	71.0000	30.1678	4.3684
14.0000	91.0000	-42.7139	-4.1095
14.0000	110.0000	29.4756	68.9252
14.0000	160.0000	-61.0421	-28.8420
15.0000	22.0000	-50.9094	-8.8109
15.0000	71.0000	30.1679	4.1892
15.0000	91.0000	-42.7138	-4.2884
15.0000	110.0000	29.4250	68.7471
15.0000	160.0000	-60.9316	-28.6119
16.0000	22.0000	-50.7448	-8.8508
16.0000	71.0000	30.1680	4.0326
16.0000	91.0000	-42.7138	-4.4447
16.0000	110.0000	29.4160	68.5907
16.0000	160.0000	-60.8089	-28.3379
17.0000	22.0000	-50.5787	-8.8964
17.0000	71.0000	30.1681	3.8710
17.0000	91.0000	-42.7137	-4.6064
17.0000	110.0000	29.3273	68.4311
17.0000	160.0000	-60.6724	-28.0455
18.0000	22.0000	-50.4029	-8.9527
18.0000	71.0000	30.1682	3.6931
18.0000	91.0000	-42.7137	-4.7845
18.0000	110.0000	29.2745	68.2544
18.0000	160.0000	-60.5194	-27.7440
19.0000	22.0000	-50.2155	-9.0152
19.0000	71.0000	30.1682	3.5028
19.0000	91.0000	-42.7137	-4.9749
19.0000	110.0000	29.2668	68.0642
19.0000	160.0000	-60.3474	-27.4284
20.0000	22.0000	-50.0199	-9.0790
20.0000	71.0000	30.1683	3.3064
20.0000	91.0000	-42.7136	-5.1710
20.0000	110.0000	29.1756	67.8697
20.0000	160.0000	-60.1552	-27.0910
21.0000	22.0000	-49.8190	-9.1479
21.0000	71.0000	30.1684	3.1032
21.0000	91.0000	-42.7136	-5.3738
21.0000	110.0000	29.1206	67.6676
21.0000	160.0000	-59.9404	-26.7328
22.0000	22.0000	-49.6148	-9.2237
22.0000	71.0000	30.1684	2.8921
22.0000	91.0000	-42.7136	-5.5844
22.0000	110.0000	29.1137	67.4567
22.0000	160.0000	-59.6985	-26.3562
23.0000	22.0000	-49.4077	-9.2917
23.0000	71.0000	30.1684	2.6887
23.0000	91.0000	-42.7136	-5.7872
23.0000	110.0000	29.0219	67.2551
23.0000	160.0000	-59.4308	-25.9447
24.0000	22.0000	-49.1983	-9.2971
24.0000	71.0000	30.1684	2.5470
24.0000	91.0000	-42.7137	-5.9272
24.0000	110.0000	28.9654	67.1141
24.0000	160.0000	-59.1307	-25.4469
25.0000	22.0000	-48.9864	-9.2007
25.0000	71.0000	30.1684	2.5069
25.0000	91.0000	-42.7137	-5.9649
25.0000	110.0000	28.9584	67.0725
25.0000	160.0000	-58.8011	-24.8215
26.0000	22.0000	-48.7726	-9.0666
26.0000	71.0000	30.1684	2.5069
26.0000	91.0000	-42.7137	-5.9650
26.0000	110.0000	28.8654	67.0743
26.0000	160.0000	-58.4627	-24.1853
27.0000	22.0000	-48.5569	-8.9319
27.0000	71.0000	30.1684	2.5093
27.0000	91.0000	-42.7137	-5.9638
27.0000	110.0000	28.8086	67.0790
27.0000	160.0000	-58.1947	-23.6736
28.0000	22.0000	-48.3395	-8.7978
28.0000	71.0000	30.1684	2.5116
28.0000	91.0000	-42.7137	-5.9626
28.0000	110.0000	28.8005	67.0823
28.0000	160.0000	-57.9083	-23.1568
29.0000	22.0000	-48.1208	-8.6654
29.0000	71.0000	30.1684	2.5129
29.0000	91.0000	-42.7137	-5.9620
29.0000	110.0000	28.7073	67.0857
29.0000	160.0000	-57.6252	-22.6846
30.0000	22.0000	-47.9006	-8.5347
30.0000	71.0000	30.1684	2.5132
30.0000	91.0000	-42.7137	-5.9620
30.0000	110.0000	28.6489	67.0872
30.0000	160.0000	-57.4302	-22.3457
31.0000	22.0000	-47.6794	-8.4050
31.0000	71.0000	30.1684	2.5131
31.0000	91.0000	-42.7137	-5.9620
31.0000	110.0000	28.6416	67.0873
31.0000	160.0000	-57.2266	-22.0069
32.0000	22.0000	-47.4571	-8.2766
32.0000	71.0000	30.1684	2.5129
32.0000	91.0000	-42.7137	-5.9621
32.0000	110.0000	28.5481	67.0890
32.0000	160.0000	-57.0364	-21.7106
33.0000	22.0000	-47.2347	-8.1499
33.0000	71.0000	30.1684	2.5127
33.0000	91.0000	-42.7137	-5.9622
33.0000	110.0000	28.4894	67.0899
33.0000	160.0000	-56.9336	-21.5398
34.0000	22.0000	-47.0124	-8.0249
34.0000	71.0000	30.1684	2.5126
34.0000	91.0000	-42.7137	-5.9623
34.0000	110.0000	28.4821	67.0899
34.0000	160.0000	-56.8179	-21.3621
35.0000	22.0000	-46.7902	-7.9016
35.0000	71.0000	30.1684	2.5125
35.0000	91.0000	-42.7137	-5.9623
35.0000	110.0000	28.3883	67.0917
35.0000	160.0000	-56.7168	-21.2090
36.0000	22.0000	-46.6260	-7.8107
36.0000	71.0000	30.1684	2.5125
36.0000	91.0000	-42.7137	-5.9623
36.0000	110.0000	28.3294	67.0929
36.0000	160.0000	-56.6419	-21.0966
37.0000	22.0000	-46.6176	-7.8045
37.0000	71.0000	30.1684	2.5126
37.0000	91.0000	-42.7137	-5.9623
37.0000	110.0000	28.3221	67.0931
37.0000	160.0000	-56.5529	-20.9656
38.0000	22.0000	-46.6166	-7.8037
38.0000	71.0000	30.1684	2.5126
38.0000	91.0000	-42.7137	-5.9623
38.0000	110.0000	28.2282	67.0950
38.0000	160.0000	-56.4490	-20.8148
39.0000	22.0000	-46.6157	-7.8034
39.0000	71.0000	30.1684	2.5126
39.0000	91.0000	-42.7137	-5.9623
39.0000	110.0000	28.1692	67.0962
39.0000	160.0000	-56.3456	-20.6664
40.0000	22.0000	-46.6152	-7.8033
40.0000	71.0000	30.1684	2.5126
40.0000	91.0000	-42.7137	-5.9623
40.0000	110.0000	28.1618	67.0963
40.0000	160.0000	-56.2438	-20.5224
41.0000	22.0000	-46.6148	-7.8032
41.0000	71.0000	30.1684	2.5127
41.0000	91.0000	-42.7137	-5.9622
41.0000	110.0000	28.0678	67.0983
41.0000	160.0000	-56.1319	-20.3665
42.0000	22.0000	-46.6146	-7.8035
42.0000	71.0000	30.1684	2.5123
42.0000	91.0000	-42.7137	-5.9625
42.0000	110.0000	28.0086	67.0992
42.0000	160.0000	-56.0109	-20.2007
43.0000	22.0000	-46.6145	-7.8035
43.0000	71.0000	30.1684	2.5123
43.0000	91.0000	-42.7137	-5.9625
43.0000	110.0000	28.0013	67.0993
43.0000	160.0000	-55.8830	-20.0279
44.0000	22.0000	-46.6145	-7.8034
44.0000	71.0000	30.1684	2.5124
44.0000	91.0000	-42.7137	-5.9624
44.0000	110.0000	27.9072	67.1013
44.0000	160.0000	-55.7539	-19.8556
45.0000	22.0000	-46.6144	-7.8056
45.0000	71.0000	30.1684	2.5103
45.0000	91.0000	-42.7136	-5.9647
45.0000	110.0000	27.8480	67.1003
45.0000	160.0000	-55.6236	-19.6874
46.0000	22.0000	-46.6166	-7.8002
46.0000	71.0000	30.1700	2.4880
46.0000	91.0000	-42.7152	-5.9607
46.0000	110.0000	27.8657	67.0790
46.0000	160.0000	-55.4990	-19.5098
47.0000	22.0000	-46.6253	-7.7717
47.0000	71.0000	30.1757	2.4081
47.0000	91.0000	-42.7213	-5.9379
47.0000	110.0000	27.8689	67.0044
47.0000	160.0000	-55.3921	-19.3016
48.0000	22.0000	-46.6238	-7.8569
48.0000	71.0000	30.1747	2.3424
48.0000	91.0000	-42.7203	-6.0222
48.0000	110.0000	27.7927	66.9393
48.0000	160.0000	-55.2543	-19.2228
49.0000	22.0000	-46.6239	-7.9743
49.0000	71.0000	30.1746	2.2256
49.0000	91.0000	-42.7203	-6.1396
49.0000	110.0000	27.7850	66.8224
49.0000	160.0000	-55.1144	-19.1692
50.0000	22.0000	-46.6239	-8.1240
50.0000	71.0000	30.1745	2.0761
50.0000	91.0000	-42.7204	-6.2894
50.0000	110.0000	27.6909	66.6749
50.0000	160.0000	-54.9635	-19.1376
51.0000	22.0000	-46.6240	-8.3020
51.0000	71.0000	30.1744	1.8982
51.0000	91.0000	-42.7204	-6.4673
51.0000	110.0000	27.6316	66.4983
51.0000	160.0000	-54.7978	-19.1202
52.0000	22.0000	-46.6241	-8.5064
52.0000	71.0000	30.1742	1.6938
52.0000	91.0000	-42.7205	-6.6717
52.0000	110.0000	27.6238	66.2942
52.0000	160.0000	-54.6140	-19.1123
53.0000	22.0000	-46.6242	-8.7362
53.0000	71.0000	30.1740	1.4642
53.0000	91.0000	-42.7206	-6.9014
53.0000	110.0000	27.5295	66.0666
53.0000	160.0000	-54.4527	-19.1585
54.0000	22.0000	-46.6242	-8.9908
54.0000	71.0000	30.1739	1.2097
54.0000	91.0000	-42.7206	-7.1561
54.0000	110.0000	27.4702	65.8133
54.0000	160.0000	-54.3855	-19.3355
55.0000	22.0000	-46.6241	-9.2699
55.0000	71.0000	30.1740	0.9311
55.0000	91.0000	-42.7205	-7.4352
55.0000	110.0000	27.4623	65.5350
55.0000	160.0000	-54.3008	-19.5209
56.0000	22.0000	-46.6237	-9.5590
56.0000	71.0000	30.1742	0.6433
56.0000	91.0000	-42.7202	-7.7241
56.0000	110.0000	27.3674	65.2491
56.0000	160.0000	-54.1926	-19.6926
57.0000	22.0000	-46.6234	-9.8475
57.0000	71.0000	30.1745	0.3557
57.0000	91.0000	-42.7199	-8.0125
57.0000	110.0000	27.3074	64.9627
57.0000	160.0000	-54.0907	-19.8713
58.0000	22.0000	-46.6231	-10.1352
58.0000	71.0000	30.1746	0.0685
58.0000	91.0000	-42.7197	-8.3001
58.0000	110.0000	27.2996	64.6756
58.0000	160.0000	-53.9995	-20.0614
59.0000	22.0000	-46.6230	-10.4218
59.0000	71.0000	30.1747	-0.2182
59.0000	91.0000	-42.7196	-8.5867
59.0000	110.0000	27.2057	64.3907
59.0000	160.0000	-53.8932	-20.2355
60.0000	22.0000	-46.6233	-10.7071
60.0000	71.0000	30.1746	-0.5048
60.0000	91.0000	-42.7198	-8.8721
60.0000	110.0000	27.1475	64.1055
60.0000	160.0000	-53.7723	-20.3937
61.0000	22.0000	-46.6236	-11.0091
61.0000	71.0000	30.1744	-0.8080
61.0000	91.0000	-42.7079	-9.1691
61.0000	110.0000	27.1411	63.8026
61.0000	160.0000	-53.6380	-20.5559
62.0000	22.0000	-46.6237	-11.3414
62.0000	71.0000	30.1743	-1.1400
62.0000	91.0000	-42.6657	-9.4838
62.0000	110.0000	27.0471	63.4723
62.0000	160.0000	-53.5355	-20.7821
63.0000	22.0000	-46.6236	-11.7003
63.0000	71.0000	30.1744	-1.4984
63.0000	91.0000	-42.5847	-9.8089
63.0000	110.0000	26.9878	63.1150
63.0000	160.0000	-53.5332	-21.1367
64.0000	22.0000	-46.6234	-12.0754
64.0000	71.0000	30.1747	-1.8736
64.0000	91.0000	-42.5334	-10.1626
64.0000	110.0000	26.9806	62.7400
64.0000	160.0000	-53.5305	-21.5090
65.0000	22.0000	-46.6232	-12.4198
65.0000	71.0000	30.1750	-2.2193
65.0000	91.0000	-42.5059	-10.4952
65.0000	110.0000	26.8871	62.3961
65.0000	160.0000	-53.5278	-21.8512
66.0000	22.0000	-46.6231	-12.6943
66.0000	71.0000	30.1752	-2.4957
66.0000	91.0000	-42.4667	-10.7533
66.0000	110.0000	26.8286	62.1201
66.0000	160.0000	-53.5253	-22.1237
67.0000	22.0000	-46.6231	-12.8867
67.0000	71.0000	30.1753	-2.6895
67.0000	91.0000	-42.4244	-10.9279
67.0000	110.0000	26.8213	61.9251
67.0000	160.0000	-53.5231	-22.3141
68.0000	22.0000	-46.6171	-12.9896
68.0000	71.0000	30.1754	-2.7966
68.0000	91.0000	-42.3391	-10.9989
68.0000	110.0000	26.7272	61.8183
68.0000	160.0000	-53.5206	-22.4176
69.0000	22.0000	-46.5939	-12.9964
69.0000	71.0000	30.1754	-2.8148
69.0000	91.0000	-42.2295	-10.9728
69.0000	110.0000	26.6672	61.8007
69.0000	160.0000	-53.4988	-22.4156
70.0000	22.0000	-46.5469	-12.9702
70.0000	71.0000	30.1754	-2.8124
70.0000	91.0000	-42.1086	-10.9224
70.0000	110.0000	26.6598	61.8052
70.0000	160.0000	-53.4488	-22.3648
71.0000	22.0000	-46.4691	-12.9269
71.0000	71.0000	30.1754	-2.8092
71.0000	91.0000	-41.9700	-10.8648
71.0000	110.0000	26.5654	61.8113
71.0000	160.0000	-53.3671	-22.2819
72.0000	22.0000	-46.3604	-12.8716
72.0000	71.0000	30.1755	-2.8106
72.0000	91.0000	-41.8040	-10.8008
72.0000	110.0000	26.5065	61.8116
72.0000	160.0000	-53.2520	-22.1706
73.0000	22.0000	-46.2484	-12.7919
73.0000	71.0000	30.1746	-2.8502
73.0000	91.0000	-41.6846	-10.7380
73.0000	110.0000	26.5458	61.7750
73.0000	160.0000	-53.1174	-22.0029
74.0000	22.0000	-46.1367	-12.7353
74.0000	71.0000	30.1738	-2.9136
74.0000	91.0000	-41.5940	-10.7096
74.0000	110.0000	26.4992	61.7154
74.0000	160.0000	-52.9471	-21.8255
75.0000	22.0000	-46.0173	-12.7428
75.0000	71.0000	30.1737	-2.9870
75.0000	91.0000	-41.4680	-10.7304
75.0000	110.0000	26.4432	61.6434
75.0000	160.0000	-52.7721	-21.7272
76.0000	22.0000	-45.8973	-12.7750
76.0000	71.0000	30.1738	-3.0801
76.0000	91.0000	-41.3209	-10.7678
76.0000	110.0000	26.4348	61.5506
76.0000	160.0000	-52.6791	-21.7336
77.0000	22.0000	-45.7777	-12.8078
77.0000	71.0000	30.1738	-3.1742
77.0000	91.0000	-41.1652	-10.8022
77.0000	110.0000	26.3404	61.4576
77.0000	160.0000	-52.5523	-21.7102
78.0000	22.0000	-45.6514	-12.8375
78.0000	71.0000	30.1738	-3.2682
78.0000	91.0000	-41.0945	-10.8689
78.0000	110.0000	26.2810	61.3647
78.0000	160.0000	-52.4351	-21.6962
79.0000	22.0000	-45.5057	-12.8579
79.0000	71.0000	30.1738	-3.3616
79.0000	91.0000	-41.0946	-10.9618
79.0000	110.0000	26.2734	61.2717
79.0000	160.0000	-52.4150	-21.7708
80.0000	22.0000	-45.3420	-12.8695
80.0000	71.0000	30.1738	-3.4545
80.0000	91.0000	-41.0939	-11.0545
80.0000	110.0000	26.1793	61.1795
80.0000	160.0000	-52.3652	-21.8191
81.0000	22.0000	-45.1688	-12.8818
81.0000	71.0000	30.1739	-3.5517
81.0000	91.0000	-41.0933	-11.1521
81.0000	110.0000	26.1198	61.0833
81.0000	160.0000	-52.3192	-21.8757
82.0000	22.0000	-45.0484	-12.9380
82.0000	71.0000	30.1739	-3.6665
82.0000	91.0000	-41.0929	-11.2677
82.0000	110.0000	26.1121	60.9689
82.0000	160.0000	-52.3106	-21.9836
83.0000	22.0000	-45.0480	-13.0800
83.0000	71.0000	30.1740	-3.8086
83.0000	91.0000	-41.0926	-11.4110
83.0000	110.0000	26.0177	60.8273
83.0000	160.0000	-52.2620	-22.0846
84.0000	22.0000	-45.0470	-13.2501
84.0000	71.0000	30.1740	-3.9780
84.0000	91.0000	-41.0923	-11.5816
84.0000	110.0000	25.9578	60.6587
84.0000	160.0000	-52.2089	-22.2086
85.0000	22.0000	-45.0462	-13.4471
85.0000	71.0000	30.1741	-4.1738
85.0000	91.0000	-41.0921	-11.7787
85.0000	110.0000	25.9494	60.4633
85.0000	160.0000	-52.1826	-22.3829
86.0000	22.0000	-45.0455	-13.6701
86.0000	71.0000	30.1742	-4.3954
86.0000	91.0000	-41.0715	-11.9943
86.0000	110.0000	25.8538	60.2418
86.0000	160.0000	-52.1192	-22.5506
87.0000	22.0000	-45.0450	-13.9184
87.0000	71.0000	30.1743	-4.6419
87.0000	91.0000	-41.0161	-12.2220
87.0000	110.0000	25.7935	59.9962
87.0000	160.0000	-52.0489	-22.7376
88.0000	22.0000	-45.0444	-14.1915
88.0000	71.0000	30.1744	-4.9129
88.0000	91.0000	-40.9197	-12.4593
88.0000	110.0000	25.7841	59.7255
88.0000	160.0000	-51.9773	-22.9489
89.0000	22.0000	-45.0440	-14.4887
89.0000	71.0000	30.1745	-5.2081
89.0000	91.0000	-40.8362	-12.7256
89.0000	110.0000	25.6881	59.4300
89.0000	160.0000	-51.8795	-23.1618
90.0000	22.0000	-45.0435	-14.8097
90.0000	71.0000	30.1747	-5.5268
90.0000	91.0000	-40.7616	-13.0190
90.0000	110.0000	25.6274	59.1119
90.0000	160.0000	-51.7780	-23.3956
91.0000	22.0000	-45.0431	-15.1542
91.0000	71.0000	30.1748	-5.8688
91.0000	91.0000	-40.6547	-13.3243
91.0000	110.0000	25.6178	58.7702
91.0000	160.0000	-51.6766	-23.6536
92.0000	22.0000	-45.0323	-15.5169
92.0000	71.0000	30.1750	-6.2335
92.0000	91.0000	-40.5237	-13.6444
92.0000	110.0000	25.5220	58.4046
92.0000	160.0000	-51.5749	-23.9354
93.0000	22.0000	-45.0104	-15.8968
93.0000	71.0000	30.1752	-6.6207
93.0000	91.0000	-40.3785	-13.9823
93.0000	110.0000	25.4605	58.0182
93.0000	160.0000	-51.4733	-24.2403
94.0000	22.0000	-44.9861	-16.3015
94.0000	71.0000	30.1774	-7.0292
94.0000	91.0000	-40.2175	-14.3405
94.0000	110.0000	25.4492	57.6096
94.0000	160.0000	-51.3681	-24.5705
95.0000	22.0000	-44.9585	-16.7303
95.0000	71.0000	30.1829	-7.4634
95.0000	91.0000	-40.0379	-14.7177
95.0000	110.0000	25.3573	57.1730
95.0000	160.0000	-51.2430	-24.9120
96.0000	22.0000	-44.9451	-17.1579
96.0000	71.0000	30.1777	-7.9293
96.0000	91.0000	-39.8607	-15.0930
96.0000	110.0000	25.3135	56.7049
96.0000	160.0000	-51.1125	-25.2310
97.0000	22.0000	-44.9260	-17.6017
97.0000	71.0000	30.1732	-8.3827
97.0000	91.0000	-39.6737	-15.4819
97.0000	110.0000	25.2949	56.2463
97.0000	160.0000	-50.9854	-25.5791
98.0000	22.0000	-44.8978	-18.0437
98.0000	71.0000	30.1728	-8.8310
98.0000	91.0000	-39.5764	-15.9033
98.0000	110.0000	25.1932	55.7937
98.0000	160.0000	-50.8713	-25.9433
99.0000	22.0000	-44.8421	-18.4760
99.0000	71.0000	30.1751	-9.2748
99.0000	91.0000	-39.5742	-16.3591
99.0000	110.0000	25.1267	55.3513
99.0000	160.0000	-50.7911	-26.3399
100.0000	22.0000	-44.8014	-18.9252
100.0000	71.0000	30.1816	-9.7102
100.0000	91.0000	-39.5660	-16.8218
100.0000	110.0000	25.1056	54.9201
100.0000	160.0000	-50.7786	-26.8054
101.0000	22.0000	-44.7907	-19.3766
101.0000	71.0000	30.1810	-10.1591
101.0000	91.0000	-39.5646	-17.2781
101.0000	110.0000	25.0057	54.4741
101.0000	160.0000	-50.7466	-27.2384
102.0000	22.0000	-44.7411	-19.8382
102.0000	71.0000	30.1771	-10.6375
102.0000	91.0000	-39.5662	-17.7642
102.0000	110.0000	24.9389	53.9963
102.0000	160.0000	-50.6850	-27.6746
103.0000	22.0000	-44.6483	-20.3106
103.0000	71.0000	30.1767	-11.1464
103.0000	91.0000	-39.5656	-18.2799
103.0000	110.0000	24.9263	53.4871
103.0000	160.0000	-50.5931	-28.1192
104.0000	22.0000	-44.5333	-20.7979
104.0000	71.0000	30.1775	-11.6834
104.0000	91.0000	-39.5644	-18.8207
104.0000	110.0000	24.8291	52.9471
104.0000	160.0000	-50.4818	-28.5742
105.0000	22.0000	-44.4110	-21.3060
105.0000	71.0000	30.1785	-12.2442
105.0000	91.0000	-39.5631	-19.3851
105.0000	110.0000	24.7669	52.3867
105.0000	160.0000	-50.3559	-29.0422
106.0000	22.0000	-44.2784	-21.8312
106.0000	71.0000	30.1792	-12.8266
106.0000	91.0000	-39.5619	-19.9711
106.0000	110.0000	24.7560	51.8052
106.0000	160.0000	-50.2172	-29.5227
107.0000	22.0000	-44.1809	-22.3938
107.0000	71.0000	30.1800	-13.4289
107.0000	91.0000	-39.5606	-20.5780
107.0000	110.0000	24.6580	51.1991
107.0000	160.0000	-50.0653	-30.0150
108.0000	22.0000	-44.1729	-23.0171
108.0000	71.0000	30.1808	-14.0506
108.0000	91.0000	-39.5407	-21.1986
108.0000	110.0000	24.5952	50.5771
108.0000	160.0000	-49.9469	-30.5531
109.0000	22.0000	-44.1132	-23.6371
109.0000	71.0000	30.1816	-14.6915
109.0000	91.0000	-39.4869	-21.8271
109.0000	110.0000	24.5833	49.9366
109.0000	160.0000	-49.9425	-31.1963
110.0000	22.0000	-44.0572	-24.2773
110.0000	71.0000	30.1824	-15.3509
110.0000	91.0000	-39.3924	-22.4609
110.0000	110.0000	24.4859	49.2728
110.0000	160.0000	-49.9398	-31.8609
111.0000	22.0000	-44.0462	-24.9561
111.0000	71.0000	30.1834	-16.0283
111.0000	91.0000	-39.3495	-23.1299
111.0000	110.0000	24.4227	48.5949
111.0000	160.0000	-49.9369	-32.5444
112.0000	22.0000	-43.9798	-25.6281
112.0000	71.0000	30.1844	-16.7233
112.0000	91.0000	-39.3482	-23.8300
112.0000	110.0000	24.4107	47.9003
112.0000	160.0000	-49.9342	-33.2456
113.0000	22.0000	-43.9160	-26.3169
113.0000	71.0000	30.1854	-17.4345
113.0000	91.0000	-39.3463	-24.5462
113.0000	110.0000	24.3130	47.1842
113.0000	160.0000	-49.9317	-33.9628
114.0000	22.0000	-43.9049	-27.0436
114.0000	71.0000	30.1865	-18.1600
114.0000	91.0000	-39.3444	-25.2769
114.0000	110.0000	24.2500	46.4579
114.0000	160.0000	-49.9291	-34.6944
115.0000	22.0000	-43.8353	-27.7575
115.0000	71.0000	30.1877	-18.8982
115.0000	91.0000	-39.3425	-26.0204
115.0000	110.0000	24.2383	45.7200
115.0000	160.0000	-49.9267	-35.4386
116.0000	22.0000	-43.7686	-28.4826
116.0000	71.0000	30.1890	-19.6463
116.0000	91.0000	-39.3406	-26.7740
116.0000	110.0000	24.1408	44.9663
116.0000	160.0000	-49.9240	-36.1930
117.0000	22.0000	-43.7572	-29.2325
117.0000	71.0000	30.1903	-20.3954
117.0000	91.0000	-39.3387	-27.5282
117.0000	110.0000	24.0780	44.2163
117.0000	160.0000	-49.9214	-36.9479
118.0000	22.0000	-43.6862	-29.9559
118.0000	71.0000	30.1917	-21.1431
118.0000	91.0000	-39.3141	-28.2742
118.0000	110.0000	24.0662	43.4690
118.0000	160.0000	-49.9187	-37.7019
119.0000	22.0000	-43.6175	-30.6790
119.0000	71.0000	30.1932	-21.8894
119.0000	91.0000	-39.2532	-29.0073
119.0000	110.0000	23.9685	42.7164
119.0000	160.0000	-49.9157	-38.4550
120.0000	22.0000	-43.6086	-31.4272
120.0000	71.0000	30.1949	-22.6345
120.0000	91.0000	-39.1538	-29.7266
120.0000	110.0000	23.9055	41.9699
120.0000	160.0000	-49.9126	-39.2068
121.0000	22.0000	-43.5418	-32.1509
121.0000	71.0000	30.1965	-23.3800
121.0000	91.0000	-39.0275	-30.4378
121.0000	110.0000	23.8939	41.2248
121.0000	160.0000	-49.9097	-39.9591
122.0000	22.0000	-43.4748	-32.8929
122.0000	71.0000	30.1982	-24.1435
122.0000	91.0000	-38.8877	-31.1635
122.0000	110.0000	23.7966	40.4544
122.0000	160.0000	-49.8972	-40.7229
123.0000	22.0000	-43.4659	-33.6783
123.0000	71.0000	30.1999	-24.9259
123.0000	91.0000	-38.7334	-31.9034
123.0000	110.0000	23.7342	39.6705
123.0000	160.0000	-49.8924	-41.5108
124.0000	22.0000	-43.3985	-34.4509
124.0000	71.0000	30.2015	-25.7212
124.0000	91.0000	-38.5585	-32.6495
124.0000	110.0000	23.7232	38.8757
124.0000	160.0000	-49.8896	-42.3118
125.0000	22.0000	-43.3309	-35.2319
125.0000	71.0000	30.2031	-26.5252
125.0000	91.0000	-38.4692	-33.4312
125.0000	110.0000	23.6266	38.0642
125.0000	160.0000	-49.8867	-43.1216
126.0000	22.0000	-43.3218	-36.0453
126.0000	71.0000	30.2049	-27.3364
126.0000	91.0000	-38.4674	-34.2468
126.0000	110.0000	23.5644	37.2513
126.0000	160.0000	-49.8836	-43.9387
127.0000	22.0000	-43.2534	-36.8402
127.0000	71.0000	30.2068	-28.1540
127.0000	91.0000	-38.4643	-35.0690
127.0000	110.0000	23.5535	36.4340
127.0000	160.0000	-49.8805	-44.7622
128.0000	22.0000	-43.1850	-37.6407
128.0000	71.0000	30.2086	-28.9775
128.0000	91.0000	-38.4614	-35.8973
128.0000	110.0000	23.4572	35.6024
128.0000	160.0000	-49.8774	-45.5915
129.0000	22.0000	-43.1758	-38.4718
129.0000	71.0000	30.2106	-29.8064
129.0000	91.0000	-38.4586	-36.7313
129.0000	110.0000	23.3954	34.7714
129.0000	160.0000	-49.8742	-46.4263
130.0000	22.0000	-43.1075	-39.2830
130.0000	71.0000	30.2124	-30.6404
130.0000	91.0000	-38.4561	-37.5701
130.0000	110.0000	23.3955	33.9391
130.0000	160.0000	-49.8713	-47.2658
131.0000	22.0000	-43.0387	-40.0985
131.0000	71.0000	30.2144	-31.4789
131.0000	91.0000	-38.4535	-38.4136
131.0000	110.0000	23.3903	33.0992
131.0000	160.0000	-49.8681	-48.1100
132.0000	22.0000	-43.0295	-40.9431
132.0000	71.0000	30.2163	-32.3216
132.0000	91.0000	-38.4510	-39.2610
132.0000	110.0000	23.3861	32.2553
132.0000	160.0000	-49.8650	-48.9582
133.0000	22.0000	-42.9574	-41.7704
133.0000	71.0000	30.2208	-33.1656
133.0000	91.0000	-38.4454	-40.1154
133.0000	110.0000	23.3800	31.4100
133.0000	160.0000	-49.8580	-49.8143
134.0000	22.0000	-42.8693	-42.6176
134.0000	71.0000	30.2378	-34.0012
134.0000	91.0000	-38.4247	-40.9884
134.0000	110.0000	23.3612	30.5706
134.0000	160.0000	-49.8320	-50.6935
135.0000	22.0000	-42.7933	-43.5428
135.0000	71.0000	30.2924	-34.8045
135.0000	91.0000	-38.3400	-41.9037
135.0000	110.0000	23.3053	29.7554
135.0000	160.0000	-49.7488	-51.6337
136.0000	22.0000	-42.5726	-44.5311
136.0000	71.0000	30.4138	-35.5499
136.0000	91.0000	-38.1396	-42.8875
136.0000	110.0000	23.1872	28.9837
136.0000	160.0000	-49.5645	-52.6758
137.0000	22.0000	-42.2002	-45.6670
137.0000	71.0000	30.6537	-36.1913
137.0000	91.0000	-37.7524	-43.9910
137.0000	110.0000	22.9644	28.2888
137.0000	160.0000	-49.1999	-53.8905
138.0000	22.0000	-41.7247	-46.9758
138.0000	71.0000	31.0173	-36.7252
138.0000	91.0000	-37.2131	-45.2265
138.0000	110.0000	22.6392	27.6689
138.0000	160.0000	-48.6428	-55.2769
139.0000	22.0000	-40.9730	-48.4362
139.0000	71.0000	31.5395	-37.1155
139.0000	91.0000	-36.4695	-46.6198
139.0000	110.0000	22.1873	27.1444
139.0000	160.0000	-47.8308	-56.8713
140.0000	22.0000	-40.0998	-49.9303
140.0000	71.0000	32.1409	-37.3912
140.0000	91.0000	-35.5805	-48.0271
140.0000	110.0000	21.6801	26.6973
140.0000	160.0000	-46.8757	-58.5138
141.0000	22.0000	-39.5995	-51.0941
141.0000	71.0000	32.5015	-37.8174
141.0000	91.0000	-34.9715	-49.0982
141.0000	110.0000	21.3819	26.1593
141.0000	160.0000	-46.2933	-59.7503
142.0000	22.0000	-39.0707	-52.1541
142.0000	71.0000	32.8364	-38.2296
142.0000	91.0000	-34.3782	-50.0913
142.0000	110.0000	21.1127	25.6389
142.0000	160.0000	-45.7475	-60.9057
143.0000	22.0000	-38.3345	-53.3202
143.0000	71.0000	33.3153	-38.4674
143.0000	91.0000	-33.5733	-51.1660
143.0000	110.0000	20.7375	25.2385
143.0000	160.0000	-44.9582	-62.1939
144.0000	22.0000	-37.5982	-54.5155
144.0000	71.0000	33.8265	-38.6475
144.0000	91.0000	-32.7004	-52.2282
144.0000	110.0000	20.3431	24.8733
144.0000	160.0000	-44.1006	-63.4858
145.0000	22.0000	-36.7890	-55.6332
145.0000	71.0000	34.3389	-38.7860
145.0000	91.0000	-31.9011	-53.2756
145.0000	110.0000	19.9537	24.5368
145.0000	160.0000	-43.2271	-64.7301
146.0000	22.0000	-35.8971	-56.7733
146.0000	71.0000	34.8982	-38.8626
146.0000	91.0000	-31.1100	-54.3760
146.0000	110.0000	19.5344	24.2302
146.0000	160.0000	-42.2568	-66.0050
147.0000	22.0000	-34.7813	-58.1028
147.0000	71.0000	35.6307	-38.7650
147.0000	91.0000	-30.0494	-55.6125
147.0000	110.0000	18.9920	24.0039
147.0000	160.0000	-40.9583	-67.4648
148.0000	22.0000	-33.2750	-59.5684
148.0000	71.0000	36.5552	-38.4653
148.0000	91.0000	-28.6698	-56.9958
148.0000	110.0000	18.3085	23.8554
148.0000	160.0000	-39.2710	-69.1247
149.0000	22.0000	-31.5628	-61.0921
149.0000	71.0000	37.5742	-38.0392
149.0000	91.0000	-27.0933	-58.4294
149.0000	110.0000	17.5510	23.7336
150.0000	22.0000	-30.2456	-62.3894
150.0000	71.0000	38.3560	-37.8111
150.0000	91.0000	-25.8420	-59.6324
150.0000	110.0000	16.9653	23.5015
151.0000	22.0000	-28.8302	-63.6227
151.0000	71.0000	39.1425	-37.5511
151.0000	91.0000	-24.5484	-60.8102
151.0000	110.0000	16.3787	23.2649
152.0000	22.0000	-27.1433	-64.9372
152.0000	71.0000	40.0590	-37.1222
152.0000	91.0000	-22.9948	-62.0572
152.0000	110.0000	15.6954	23.0708
153.0000	22.0000	-25.1888	-66.3726
153.0000	71.0000	41.1156	-36.4969
153.0000	91.0000	-21.1370	-63.3706
153.0000	110.0000	14.9018	22.9138
154.0000	22.0000	-22.9933	-67.7720
154.0000	71.0000	42.2274	-35.7582
154.0000	91.0000	-19.0983	-64.6850
154.0000	110.0000	14.0549	22.7491
155.0000	22.0000	-20.7551	-69.1040
155.0000	71.0000	43.3137	-34.9927
155.0000	91.0000	-17.0180	-65.9392
155.0000	110.0000	13.2145	22.5472
156.0000	22.0000	-19.0295	-70.2452
156.0000	71.0000	44.1367	-34.5052
156.0000	91.0000	-15.3799	-66.9906
156.0000	110.0000	12.5693	22.2423
157.0000	22.0000	-17.2058	-71.2966
157.0000	71.0000	44.9581	-33.9772
157.0000	91.0000	-13.6929	-68.0003
157.0000	110.0000	11.9245	21.9294
158.0000	22.0000	-14.9593	-72.3921
158.0000	71.0000	45.9398	-33.1721
158.0000	91.0000	-11.6020	-69.0398
158.0000	110.0000	11.1486	21.6578
159.0000	22.0000	-12.6542	-73.4888
159.0000	71.0000	46.9243	-32.3025
159.0000	91.0000	-9.4129	-70.0344
159.0000	110.0000	10.3573	21.3597
160.0000	22.0000	-10.1075	-74.4971
160.0000	71.0000	47.9461	-31.3055
160.0000	91.0000	-7.0349	-70.9881
160.0000	110.0000	9.5217	21.0428
161.0000	22.0000	-7.3243	-75.4508
161.0000	71.0000	49.0099	-30.1517
161.0000	91.0000	-4.4300	-71.8866
161.0000	110.0000	8.6319	20.7050
162.0000	22.0000	-4.9542	-76.3420
162.0000	71.0000	49.8837	-29.2534
162.0000	91.0000	-2.1804	-72.6924
162.0000	110.0000	7.8843	20.2728
163.0000	22.0000	-2.1094	-77.1292
163.0000	71.0000	50.8697	-28.0623
163.0000	91.0000	0.4850	-73.4386
163.0000	110.0000	7.0281	19.8406
164.0000	22.0000	0.5953	-77.7712
164.0000	71.0000	51.7469	-26.9851
164.0000	91.0000	2.9902	-74.1062
164.0000	110.0000	6.2466	19.3453
165.0000	22.0000	3.2314	-78.2893
165.0000	71.0000	52.5526	-25.9686
165.0000	91.0000	5.4126	-74.7069
165.0000	110.0000	5.5161	18.8011
166.0000	22.0000	6.1118	-78.7207
166.0000	71.0000	53.3938	-24.7689
166.0000	91.0000	8.0827	-75.2120
166.0000	110.0000	4.7387	18.2361
167.0000	22.0000	8.6314	-79.2299
167.0000	71.0000	54.1077	-23.7656
167.0000	91.0000	10.4804	-75.6718
167.0000	110.0000	4.0641	17.6155
168.0000	71.0000	54.7897	-22.7474
168.0000	91.0000	12.8954	-76.0621
168.0000	110.0000	3.4106	16.9632
169.0000	71.0000	55.4841	-21.5809
169.0000	91.0000	15.5014	-76.3438
169.0000	110.0000	2.7329	16.2877
170.0000	71.0000	56.0719	-20.6062
170.0000	91.0000	17.8441	-76.6081
170.0000	110.0000	2.1475	15.5724
171.0000	71.0000	56.6319	-19.6121
171.0000	91.0000	20.2061	-76.8024
171.0000	110.0000	1.5831	14.8315
172.0000	71.0000	57.1677	-18.5797
172.0000	110.0000	1.0347	14.0668
173.0000	71.0000	57.6831	-17.4866
173.0000	110.0000	0.4976	13.2791
174.0000	71.0000	58.1305	-16.5175
174.0000	110.0000	0.0225	12.4682
175.0000	71.0000	58.5711	-15.4345
175.0000	110.0000	-0.4528	11.6372
176.0000	71.0000	58.9556	-14.4470
176.0000	110.0000	-0.8766	10.7879
177.0000	71.0000	59.3037	-13.4869
177.0000	110.0000	-1.2662	9.9222
178.0000	71.0000	59.6444	-12.3854
178.0000	110.0000	-1.6559	9.0378
179.0000	71.0000	59.9291	-11.4180
179.0000	110.0000	-1.9909	8.1422
180.0000	71.0000	60.1834	-10.4563
180.0000	110.0000	-2.2965	7.2340
181.0000	71.0000	60.4255	-9.3374
181.0000	110.0000	-2.5975	6.3078
182.0000	71.0000	60.6169	-8.3707
182.0000	110.0000	-2.8472	5.3767
183.0000	71.0000	60.7870	-7.2998
183.0000	110.0000	-3.0805	4.4313
184.0000	71.0000	60.9197	-6.2861
184.0000	110.0000	-3.2777	3.4799
185.0000	71.0000	61.0157	-5.4104
185.0000	110.0000	-3.4332	2.5284
186.0000	71.0000	61.0836	-4.6529
186.0000	110.0000	-3.5529	1.5779
187.0000	71.0000	61.1278	-4.0920
187.0000	110.0000	-3.6362	0.6342
188.0000	71.0000	61.1591	-3.5340
188.0000	110.0000	-3.6971	-0.3126
189.0000	71.0000	61.1767	-3.1847
189.0000	110.0000	-3.7308	-1.2495
190.0000	71.0000	61.1875	-2.9335
190.0000	110.0000	-3.7445	-2.1825
191.0000	71.0000	61.1921	-2.7838
191.0000	110.0000	-3.7415	-3.1114
192.0000	71.0000	61.1905	-2.7637
192.0000	110.0000	-3.7246	-4.0489
193.0000	71.0000	61.1852	-2.8666
193.0000	110.0000	-3.6968	-4.9685
194.0000	71.0000	61.1787	-3.1029
194.0000	110.0000	-3.6600	-5.8869
195.0000	71.0000	61.1746	-3.4316
195.0000	110.0000	-3.6169	-6.8001
196.0000	71.0000	61.1743	-3.8363
196.0000	110.0000	-3.5686	-7.7077
197.0000	71.0000	61.1769	-4.3241
197.0000	110.0000	-3.5171	-8.6119
198.0000	71.0000	61.1825	-4.8930
198.0000	110.0000	-3.4637	-9.5131
199.0000	71.0000	61.1920	-5.5129
199.0000	110.0000	-3.4082	-10.4120
200.0000	71.0000	61.2049	-6.1838
200.0000	110.0000	-3.3535	-11.3080
201.0000	71.0000	61.2200	-6.9117
201.0000	110.0000	-3.3007	-12.2016
202.0000	71.0000	61.2368	-7.7005
202.0000	110.0000	-3.2486	-13.0934
203.0000	71.0000	61.2559	-8.5459
203.0000	110.0000	-3.1962	-13.9842
204.0000	71.0000	61.2756	-9.4515
204.0000	110.0000	-3.1474	-14.8732
205.0000	71.0000	61.2960	-10.4003
205.0000	110.0000	-3.1019	-15.7607
206.0000	71.0000	61.3171	-11.3904
206.0000	110.0000	-3.0588	-16.6471
207.0000	71.0000	61.3400	-12.4201
207.0000	110.0000	-3.0163	-17.5331
208.0000	71.0000	61.3621	-13.4899
208.0000	110.0000	-2.9780	-18.4179
209.0000	71.0000	61.3837	-14.5758
209.0000	110.0000	-2.9436	-19.3019
210.0000	71.0000	61.4050	-15.6723
210.0000	110.0000	-2.9120	-20.1852
211.0000	71.0000	61.4271	-16.7868
211.0000	110.0000	-2.8812	-21.0684
212.0000	71.0000	61.4477	-17.9304
212.0000	110.0000	-2.8542	-21.9509
213.0000	71.0000	61.4666	-19.0952
213.0000	110.0000	-2.8308	-22.8329
214.0000	71.0000	61.4860	-20.2816
214.0000	110.0000	-2.8083	-23.7149
215.0000	71.0000	61.5036	-21.4992
215.0000	110.0000	-2.7891	-24.5895
216.0000	71.0000	61.5193	-22.6981
216.0000	110.0000	-2.7733	-25.4189
217.0000	71.0000	61.5386	-23.7029
217.0000	110.0000	-2.7536	-26.1683
218.0000	71.0000	61.5639	-24.4395
218.0000	110.0000	-2.7274	-26.8254
219.0000	71.0000	61.5986	-25.1108
219.0000	110.0000	-2.6915	-27.3854
220.0000	71.0000	61.6366	-25.6182
220.0000	110.0000	-2.6518	-27.8459
221.0000	71.0000	61.6892	-25.8453
221.0000	110.0000	-2.5940	-28.2079
222.0000	71.0000	61.7618	-26.0203
222.0000	110.0000	-2.5159	-28.4718
223.0000	71.0000	61.8409	-26.1697
223.0000	110.0000	-2.4330	-28.6363
224.0000	71.0000	61.8541	-26.3497
224.0000	110.0000	-2.4221	-28.6905
225.0000	71.0000	61.8542	-26.3594
225.0000	110.0000	-2.4221	-28.6887
226.0000	71.0000	61.8570	-26.4707
226.0000	110.0000	-2.4221	-28.6853
227.0000	71.0000	61.8623	-26.6735
227.0000	110.0000	-2.4221	-28.6821
228.0000	71.0000	61.8668	-26.8428
228.0000	110.0000	-2.4221	-28.6803
229.0000	71.0000	61.8671	-26.8557
229.0000	110.0000	-2.4220	-28.6799
230.0000	71.0000	61.8703	-26.9738
230.0000	110.0000	-2.4220	-28.6802
231.0000	71.0000	61.8730	-27.0769
231.0000	110.0000	-2.4220	-28.6806
232.0000	71.0000	61.8733	-27.0882
232.0000	110.0000	-2.4220	-28.6809
233.0000	71.0000	61.8763	-27.2002
233.0000	110.0000	-2.4221	-28.6809
234.0000	71.0000	61.8788	-27.2912
234.0000	110.0000	-2.4220	-28.6814
235.0000	71.0000	61.8791	-27.3021
235.0000	110.0000	-2.4220	-28.6813
236.0000	71.0000	61.8821	-27.4092
236.0000	110.0000	-2.4220	-28.6813
237.0000	71.0000	61.8875	-27.6028
237.0000	110.0000	-2.4220	-28.6811
238.0000	71.0000	61.8918	-27.7583
238.0000	110.0000	-2.4201	-28.6941
239.0000	71.0000	61.8919	-27.7692
239.0000	110.0000	-2.4146	-28.7356
240.0000	71.0000	61.8950	-27.8836
240.0000	110.0000	-2.4053	-28.8174
241.0000	71.0000	61.9009	-28.0900
241.0000	110.0000	-2.3919	-28.9338
242.0000	71.0000	61.9058	-28.2618
242.0000	110.0000	-2.3762	-29.0736
243.0000	71.0000	61.9061	-28.2751
243.0000	110.0000	-2.3728	-29.1312
244.0000	71.0000	61.9096	-28.3934
244.0000	110.0000	-2.3742	-29.1309
245.0000	71.0000	61.9160	-28.6075
245.0000	110.0000	-2.3725	-29.1350
246.0000	71.0000	61.9219	-28.7899
246.0000	110.0000	-2.3710	-29.1391
247.0000	71.0000	61.9046	-28.8608
247.0000	110.0000	-2.3887	-29.1489
248.0000	71.0000	61.8973	-29.0476
248.0000	110.0000	-2.3998	-29.1838
249.0000	71.0000	61.9230	-29.2997
249.0000	110.0000	-2.3807	-29.2598
250.0000	71.0000	61.9497	-29.5562
250.0000	110.0000	-2.3600	-29.3760
251.0000	71.0000	61.9778	-29.6627
251.0000	110.0000	-2.3326	-29.5263
252.0000	71.0000	62.0144	-29.8935
252.0000	110.0000	-2.2975	-29.7239
253.0000	71.0000	62.0454	-30.2694
253.0000	110.0000	-2.2671	-29.9827
254.0000	71.0000	62.0802	-30.7482
254.0000	110.0000	-2.2313	-30.3061
255.0000	71.0000	62.1141	-31.2125
255.0000	110.0000	-2.1900	-30.6883
256.0000	71.0000	62.1093	-31.5963
256.0000	110.0000	-2.1787	-31.1080
257.0000	71.0000	62.1088	-32.0952
257.0000	110.0000	-2.1652	-31.5617
258.0000	71.0000	62.1098	-32.7138
258.0000	110.0000	-2.1493	-32.0561
259.0000	71.0000	62.1171	-33.4220
259.0000	110.0000	-2.1248	-32.5938
260.0000	71.0000	62.1241	-34.1009
260.0000	110.0000	-2.0978	-33.1526
261.0000	71.0000	62.1277	-34.5666
261.0000	110.0000	-2.0670	-33.6852
262.0000	71.0000	62.1355	-35.1130
262.0000	110.0000	-2.0323	-34.2202
263.0000	71.0000	62.1457	-35.7505
263.0000	110.0000	-1.9950	-34.7673
264.0000	71.0000	62.1591	-36.4596
264.0000	110.0000	-1.9534	-35.3169
265.0000	71.0000	62.1707	-37.1302
265.0000	110.0000	-1.9133	-35.8624
266.0000	71.0000	62.1738	-37.6441
266.0000	110.0000	-1.8722	-36.4328
267.0000	71.0000	62.1748	-38.2772
267.0000	110.0000	-1.8320	-37.0417
268.0000	71.0000	62.1726	-39.0278
268.0000	110.0000	-1.7959	-37.6706
269.0000	71.0000	62.1716	-39.8239
269.0000	110.0000	-1.7609	-38.2638
270.0000	71.0000	62.1729	-40.5039
270.0000	110.0000	-1.7206	-38.7874
271.0000	71.0000	62.1726	-40.9205
271.0000	110.0000	-1.6709	-39.2516
272.0000	71.0000	62.1729	-41.3941
272.0000	110.0000	-1.6226	-39.6891
273.0000	71.0000	62.1760	-41.9068
273.0000	110.0000	-1.5747	-40.0684
274.0000	71.0000	62.1908	-42.3958
274.0000	110.0000	-1.5153	-40.3680
275.0000	71.0000	62.2077	-42.8701
275.0000	110.0000	-1.4515	-40.6003
276.0000	71.0000	62.2248	-43.4081
276.0000	110.0000	-1.3878	-40.8377
277.0000	71.0000	62.1858	-44.1028
277.0000	110.0000	-1.3819	-41.0831
278.0000	71.0000	62.2192	-44.7792
278.0000	110.0000	-1.3568	-41.2492
279.0000	71.0000	62.2687	-45.4340
279.0000	110.0000	-1.3670	-41.3351
280.0000	71.0000	62.2814	-45.9168
280.0000	110.0000	-1.3705	-41.4609
281.0000	71.0000	62.2855	-46.4539
281.0000	110.0000	-1.3766	-41.5956
282.0000	71.0000	62.3086	-46.9640
282.0000	110.0000	-1.3850	-41.7285
283.0000	71.0000	62.3056	-47.2954
283.0000	110.0000	-1.3950	-41.8596
284.0000	71.0000	62.3081	-47.7071
284.0000	110.0000	-1.4058	-41.9893
285.0000	71.0000	62.3189	-48.1031
285.0000	110.0000	-1.4176	-42.1181
286.0000	71.0000	62.3101	-48.3418
286.0000	110.0000	-1.4301	-42.2507
287.0000	71.0000	62.3073	-48.7024
287.0000	110.0000	-1.4462	-42.4006
288.0000	71.0000	62.3024	-49.0782
288.0000	110.0000	-1.4650	-42.5737
289.0000	71.0000	62.2791	-49.3298
289.0000	110.0000	-1.4867	-42.7717
290.0000	71.0000	62.2583	-49.7254
290.0000	110.0000	-1.5154	-42.9950
291.0000	71.0000	62.2321	-50.1432
291.0000	110.0000	-1.5488	-43.2431
292.0000	110.0000	-1.5806	-43.5160
293.0000	110.0000	-1.6176	-43.8128
294.0000	110.0000	-1.6560	-44.1331
295.0000	110.0000	-1.6941	-44.4767
296.0000	110.0000	-1.7340	-44.8431
297.0000	110.0000	-1.7759	-45.2318
298.0000	110.0000	-1.8192	-45.6422
299.0000	110.0000	-1.8610	-46.0737
300.0000	110.0000	-1.9058	-46.5254
301.0000	110.0000	-1.9512	-46.9870
302.0000	110.0000	-1.9983	-47.4483
303.0000	110.0000	-2.0450	-47.9087
304.0000	110.0000	-2.0939	-48.3679
305.0000	110.0000	-2.1398	-48.8264
306.0000	110.0000	-2.1849	-49.2982
307.0000	110.0000	-2.2283	-49.8003
308.0000	110.0000	-2.2647	-50.3297
309.0000	110.0000	-2.2964	-50.8841
310.0000	110.0000	-2.3325	-51.4609
311.0000	110.0000	-2.3624	-52.0710
312.0000	110.0000	-2.3824	-52.7292
313.0000	110.0000	-2.3907	-53.4452
314.0000	110.0000	-2.3892	-54.2070
315.0000	110.0000	-2.3819	-55.0079
316.0000	110.0000	-2.3966	-55.7555
317.0000	110.0000	-2.4228	-56.4649
318.0000	110.0000	-2.4452	-57.1924
319.0000	110.0000	-2.4666	-57.9317
320.0000	110.0000	-2.4869	-58.6816
321.0000	110.0000	-2.5076	-59.4380
322.0000	110.0000	-2.5278	-60.1936
323.0000	110.0000	-2.5480	-60.9478
324.0000	110.0000	-2.5663	-61.7007
325.0000	110.0000	-2.5841	-62.4524
326.0000	110.0000	-2.6002	-63.2082
327.0000	110.0000	-2.6150	-63.9845
328.0000	110.0000	-2.6269	-64.7703
329.0000	110.0000	-2.6394	-65.5221
330.0000	110.0000	-2.6550	-66.2197
331.0000	110.0000	-2.6714	-66.8864
332.0000	110.0000	-2.6878	-67.5199
333.0000	110.0000	-2.7035	-68.0896
334.0000	110.0000	-2.7258	-68.5695
335.0000	110.0000	-2.7577	-68.9658
336.0000	110.0000	-2.7925	-69.3213
337.0000	110.0000	-2.8178	-69.6702
338.0000	110.0000	-2.8381	-70.0277
339.0000	110.0000	-2.8502	-70.4017
340.0000	110.0000	-2.8600	-70.7949
340.0000	242.0000	67.8679	42.0159
341.0000	110.0000	-2.8665	-71.2083
341.0000	242.0000	67.8721	41.5955
342.0000	110.0000	-2.8696	-71.6323
342.0000	242.0000	67.8740	41.1690
343.0000	110.0000	-2.8774	-72.0114
343.0000	242.0000	67.8788	40.7845
344.0000	110.0000	-2.8962	-72.3381
344.0000	242.0000	67.8905	40.4399
345.0000	110.0000	-2.9118	-72.6577
345.0000	242.0000	67.9002	40.1044
346.0000	110.0000	-2.9213	-72.9668
346.0000	242.0000	67.9060	39.7853
347.0000	110.0000	-2.9372	-73.2605
347.0000	242.0000	67.9155	39.4752
348.0000	110.0000	-2.9463	-73.5481
348.0000	242.0000	67.9210	39.1780
349.0000	110.0000	-2.9557	-73.8246
349.0000	242.0000	67.9265	38.8920
350.0000	110.0000	-2.9647	-74.0957
350.0000	242.0000	67.9318	38.6118
351.0000	110.0000	-2.9733	-74.3650
351.0000	242.0000	67.9366	38.3339
352.0000	110.0000	-2.9812	-74.6301
352.0000	242.0000	67.9411	38.0611
353.0000	110.0000	-2.9858	-74.8906
353.0000	242.0000	67.9438	37.7959
354.0000	110.0000	-2.9939	-75.1502
354.0000	242.0000	67.9483	37.5282
355.0000	110.0000	-2.9959	-75.4104
355.0000	242.0000	67.9493	37.2660
356.0000	63.0000	68.9807	40.3412
356.0000	110.0000	-2.9996	-75.6517
356.0000	242.0000	67.9513	37.0227
357.0000	63.0000	68.9838	40.0930
357.0000	110.0000	-3.0049	-75.8946
357.0000	242.0000	67.9542	36.7745
358.0000	63.0000	68.9861	39.8366
358.0000	110.0000	-3.0088	-76.1469
358.0000	242.0000	67.9563	36.5180
359.0000	63.0000	68.9862	39.5839
359.0000	110.0000	-3.0091	-76.3992
359.0000	242.0000	67.9565	36.2652
360.0000	63.0000	68.9880	39.3355
360.0000	110.0000	-3.0122	-76.6448
360.0000	242.0000	67.9581	36.0169
361.0000	63.0000	68.9886	39.0903
361.0000	110.0000	-3.0131	-76.8891
361.0000	242.0000	67.9586	35.7718
362.0000	63.0000	68.9893	38.8414
362.0000	110.0000	-3.0144	-77.1367
362.0000	242.0000	67.9592	35.5229
363.0000	63.0000	68.9894	38.5930
363.0000	110.0000	-3.0147	-77.3848
363.0000	242.0000	67.9594	35.2745
364.0000	63.0000	68.9897	38.3447
364.0000	110.0000	-3.0153	-77.6326
364.0000	242.0000	67.9597	35.0261
365.0000	63.0000	68.9897	38.0972
365.0000	110.0000	-3.0152	-77.8801
365.0000	242.0000	67.9596	34.7786
366.0000	63.0000	68.9898	37.8498
366.0000	110.0000	-3.0154	-78.1273
366.0000	242.0000	67.9597	34.5313
367.0000	63.0000	68.9897	37.6031
367.0000	110.0000	-3.0153	-78.3742
367.0000	242.0000	67.9597	34.2845
368.0000	63.0000	68.9898	37.3688
368.0000	110.0000	-3.0154	-78.6086
368.0000	242.0000	67.9597	34.0505
369.0000	63.0000	68.9899	37.1677
369.0000	110.0000	-3.0156	-78.8101
369.0000	242.0000	67.9598	33.8496
370.0000	63.0000	68.9900	37.0184
370.0000	110.0000	-3.0160	-78.9593
370.0000	242.0000	67.9599	33.7008
371.0000	63.0000	68.9901	36.9469
371.0000	110.0000	-3.0163	-79.0302
371.0000	242.0000	67.9601	33.6301
372.0000	63.0000	68.9902	36.9459
372.0000	110.0000	-3.0164	-79.0307
372.0000	242.0000	67.9601	33.6292
373.0000	63.0000	68.9902	36.9480
373.0000	110.0000	-3.0164	-79.0293
373.0000	242.0000	67.9601	33.6317
374.0000	63.0000	68.9902	36.9501
374.0000	110.0000	-3.0164	-79.0270
374.0000	242.0000	67.9601	33.6331
375.0000	63.0000	68.9902	36.9514
375.0000	110.0000	-3.0164	-79.0250
375.0000	242.0000	67.9601	33.6339
376.0000	63.0000	68.9902	36.9518
376.0000	110.0000	-3.0164	-79.0241
376.0000	242.0000	67.9601	33.6342
377.0000	63.0000	68.9902	36.9519
377.0000	110.0000	-3.0164	-79.0241
377.0000	242.0000	67.9601	33.6342
378.0000	63.0000	68.9902	36.9517
378.0000	110.0000	-3.0164	-79.0244
378.0000	242.0000	67.9601	33.6341
379.0000	63.0000	68.9902	36.9516
379.0000	110.0000	-3.0164	-79.0247
379.0000	242.0000	67.9601	33.6340
380.0000	63.0000	68.9902	36.9514
380.0000	110.0000	-3.0164	-79.0249
380.0000	242.0000	67.9601	33.6339
381.0000	63.0000	68.9902	36.9514
381.0000	110.0000	-3.0164	-79.0250
381.0000	242.0000	67.9601	33.6339
382.0000	63.0000	68.9902	36.9514
382.0000	110.0000	-3.0164	-79.0250
382.0000	242.0000	67.9601	33.6339
383.0000	63.0000	68.9902	36.9514
383.0000	110.0000	-3.0164	-79.0250
383.0000	242.0000	67.9601	33.6339
384.0000	63.0000	68.9902	36.9514
384.0000	110.0000	-3.0164	-79.0249
384.0000	242.0000	67.9601	33.6339
385.0000	63.0000	68.9902	36.9515
385.0000	110.0000	-3.0164	-79.0249
385.0000	242.0000	67.9601	33.6339
386.0000	63.0000	68.9902	36.9515
386.0000	110.0000	-3.0164	-79.0249
386.0000	242.0000	67.9601	33.6339
387.0000	63.0000	68.9902	36.9515
387.0000	110.0000	-3.0164	-79.0249
387.0000	242.0000	67.9601	33.6339
388.0000	63.0000	68.9902	36.9515
388.0000	110.0000	-3.0164	-79.0249
388.0000	242.0000	67.9601	33.6339
389.0000	63.0000	68.9902	36.9516
389.0000	110.0000	-3.0164	-79.0248
389.0000	242.0000	67.9601	33.6340
390.0000	63.0000	68.9902	36.9512
390.0000	110.0000	-3.0164	-79.0252
390.0000	242.0000	67.9601	33.6336
391.0000	63.0000	68.9903	36.9512
391.0000	110.0000	-3.0165	-79.0252
391.0000	242.0000	67.9602	33.6336
392.0000	63.0000	68.9903	36.9512
392.0000	110.0000	-3.0165	-79.0252
392.0000	242.0000	67.9602	33.6336
393.0000	63.0000	68.9903	36.9512
393.0000	110.0000	-3.0165	-79.0252
393.0000	242.0000	67.9602	33.6336
394.0000	63.0000	68.9903	36.9512
394.0000	110.0000	-3.0165	-79.0252
394.0000	242.0000	67.9602	33.6336
395.0000	63.0000	68.9903	36.9512
395.0000	110.0000	-3.0165	-79.0252
395.0000	242.0000	67.9602	33.6336
396.0000	63.0000	68.9903	36.9512
396.0000	110.0000	-3.0165	-79.0252
396.0000	242.0000	67.9602	33.6336
397.0000	63.0000	68.9903	36.9512
397.0000	110.0000	-3.0165	-79.0252
397.0000	242.0000	67.9602	33.6336
398.0000	63.0000	68.9903	36.9512
398.0000	110.0000	-3.0165	-79.0252
398.0000	242.0000	67.9602	33.6336
399.0000	63.0000	68.9903	36.9512
399.0000	110.0000	-3.0165	-79.0252
399.0000	242.0000	67.9602	33.6336
400.0000	63.0000	68.9903	36.9512
400.0000	110.0000	-3.0165	-79.0252
400.0000	242.0000	67.9602	33.6336
401.0000	63.0000	68.9903	36.9512
401.0000	110.0000	-3.0165	-79.0252
401.0000	242.0000	67.9602	33.6336
402.0000	63.0000	68.9903	36.9512
402.0000	110.0000	-3.0165	-79.0252
402.0000	242.0000	67.9602	33.6336
403.0000	63.0000	68.9903	36.9512
403.0000	110.0000	-3.0165	-79.0252
403.0000	242.0000	67.9602	33.6336
404.0000	63.0000	68.9903	36.9513
404.0000	110.0000	-3.0165	-79.0250
404.0000	242.0000	67.9602	33.6337
405.0000	63.0000	68.9903	36.9510
405.0000	110.0000	-3.0165	-79.0254
405.0000	242.0000	67.9602	33.6334
406.0000	63.0000	68.9903	36.9510
406.0000	110.0000	-3.0165	-79.0254
406.0000	242.0000	67.9602	33.6334
407.0000	63.0000	68.9903	36.9510
407.0000	110.0000	-3.0165	-79.0254
407.0000	242.0000	67.9602	33.6334
408.0000	63.0000	68.9903	36.9511
408.0000	110.0000	-3.0165	-79.0253
408.0000	242.0000	67.9602	33.6335
409.0000	63.0000	68.9903	36.9507
409.0000	110.0000	-3.0165	-79.0257
409.0000	242.0000	67.9602	33.6331
410.0000	63.0000	68.9903	36.9507
410.0000	110.0000	-3.0165	-79.0257
410.0000	242.0000	67.9602	33.6331
411.0000	63.0000	68.9903	36.9507
411.0000	110.0000	-3.0165	-79.0257
411.0000	242.0000	67.9602	33.6331
412.0000	63.0000	68.9903	36.9507
412.0000	110.0000	-3.0165	-79.0257
412.0000	242.0000	67.9602	33.6331
413.0000	63.0000	68.9903	36.9507
413.0000	110.0000	-3.0165	-79.0257
413.0000	242.0000	67.9602	33.6331
414.0000	63.0000	68.9903	36.9507
414.0000	110.0000	-3.0165	-79.0257
414.0000	242.0000	67.9602	33.6331
415.0000	63.0000	68.9903	36.9507
415.0000	110.0000	-3.0165	-79.0257
415.0000	242.0000	67.9602	33.6331
416.0000	63.0000	68.9903	36.9507
416.0000	110.0000	-3.0165	-79.0257
416.0000	242.0000	67.9602	33.6331
417.0000	63.0000	68.9903	36.9507
417.0000	110.0000	-3.0165	-79.0257
417.0000	242.0000	67.9602	33.6331
418.0000	63.0000	68.9903	36.9507
418.0000	110.0000	-3.0165	-79.0257
418.0000	242.0000	67.9602	33.6331
419.0000	63.0000	68.9903	36.9507
419.0000	110.0000	-3.0165	-79.0257
419.0000	242.0000	67.9602	33.6331
420.0000	63.0000	68.9903	36.9507
420.0000	110.0000	-3.0165	-79.0257
420.0000	242.0000	67.9602	33.6331
421.0000	63.0000	68.9903	36.9507
421.0000	110.0000	-3.0165	-79.0257
421.0000	242.0000	67.9602	33.6331
422.0000	63.0000	68.9903	36.9509
422.0000	110.0000	-3.0165	-79.0256
422.0000	242.0000	67.9602	33.6332
423.0000	63.0000	68.9903	36.9505
423.0000	110.0000	-3.0165	-79.0259
423.0000	242.0000	67.9602	33.6328
424.0000	63.0000	68.9903	36.9496
424.0000	110.0000	-3.0166	-79.0267
424.0000	242.0000	67.9602	33.6319
425.0000	63.0000	68.9903	36.9493
425.0000	110.0000	-3.0166	-79.0270
425.0000	242.0000	67.9602	33.6315
426.0000	63.0000	68.9903	36.9492
426.0000	110.0000	-3.0166	-79.0271
426.0000	242.0000	67.9602	33.6326
427.0000	63.0000	68.9903	36.9492
427.0000	110.0000	-3.0166	-79.0271
427.0000	242.0000	67.9602	33.6326
428.0000	63.0000	68.9903	36.9493
428.0000	110.0000	-3.0166	-79.0271
428.0000	242.0000	67.9602	33.6326
429.0000	63.0000	68.9903	36.9493
429.0000	110.0000	-3.0166	-79.0270
429.0000	242.0000	67.9602	33.6326
430.0000	63.0000	68.9903	36.9493
430.0000	110.0000	-3.0166	-79.0270
430.0000	242.0000	67.9602	33.6326
431.0000	63.0000	68.9903	36.9493
431.0000	110.0000	-3.0166	-79.0270
431.0000	242.0000	67.9602	33.6326
432.0000	63.0000	68.9903	36.9493
432.0000	110.0000	-3.0166	-79.0270
432.0000	242.0000	67.9602	33.6326
433.0000	63.0000	68.9903	36.9493
433.0000	110.0000	-3.0166	-79.0270
433.0000	242.0000	67.9602	33.6326
434.0000	63.0000	68.9903	36.9493
434.0000	110.0000	-3.0166	-79.0270
434.0000	242.0000	67.9602	33.6326
435.0000	63.0000	68.9903	36.9493
435.0000	110.0000	-3.0166	-79.0270
435.0000	242.0000	67.9602	33.6326
436.0000	63.0000	68.9903	36.9493
436.0000	110.0000	-3.0166	-79.0270
436.0000	242.0000	67.9602	33.6326
437.0000	63.0000	68.9903	36.9493
437.0000	110.0000	-3.0166	-79.0270
437.0000	242.0000	67.9602	33.6326
438.0000	63.0000	68.9903	36.9493
438.0000	110.0000	-3.0166	-79.0270
438.0000	242.0000	67.9602	33.6326
439.0000	63.0000	68.9903	36.9493
439.0000	110.0000	-3.0166	-79.0270
439.0000	242.0000	67.9602	33.6326
440.0000	63.0000	68.9903	36.9493
440.0000	110.0000	-3.0166	-79.0270
440.0000	242.0000	67.9602	33.6326
441.0000	63.0000	68.9903	36.9493
441.0000	110.0000	-3.0166	-79.0270
441.0000	242.0000	67.9602	33.6326
442.0000	63.0000	68.9903	36.9493
442.0000	110.0000	-3.0166	-79.0270
442.0000	242.0000	67.9602	33.6326
443.0000	63.0000	68.9903	36.9493
443.0000	110.0000	-3.0166	-79.0270
443.0000	242.0000	67.9602	33.6326
444.0000	63.0000	68.9903	36.9493
444.0000	110.0000	-3.0166	-79.0270
444.0000	242.0000	67.9602	33.6326
445.0000	63.0000	68.9903	36.9493
445.0000	110.0000	-3.0166	-79.0270
445.0000	242.0000	67.9602	33.6326
446.0000	63.0000	68.9903	36.9493
446.0000	110.0000	-3.0166	-79.0270
446.0000	242.0000	67.9602	33.6326
447.0000	63.0000	68.9903	36.9493
447.0000	110.0000	-3.0166	-79.0270
447.0000	242.0000	67.9602	33.6326
448.0000	63.0000	68.9903	36.9493
448.0000	110.0000	-3.0166	-79.0270
448.0000	242.0000	67.9602	33.6326
449.0000	63.0000	68.9903	36.9493
449.0000	110.0000	-3.0166	-79.0270
449.0000	242.0000	67.9602	33.6326
450.0000	63.0000	68.9903	36.9493
450.0000	110.0000	-3.0166	-79.0270
450.0000	242.0000	67.9602	33.6326
451.0000	63.0000	68.9903	36.9493
451.0000	110.0000	-3.0166	-79.0270
451.0000	242.0000	67.9602	33.6326
452.0000	63.0000	68.9903	36.9493
452.0000	110.0000	-3.0166	-79.0270
452.0000	242.0000	67.9602	33.6326
453.0000	63.0000	68.9903	36.9493
453.0000	110.0000	-3.0166	-79.0270
453.0000	242.0000	67.9602	33.6326
454.0000	63.0000	68.9903	36.9493
454.0000	110.0000	-3.0166	-79.0270
454.0000	242.0000	67.9602	33.6326
455.0000	63.0000	68.9903	36.9493
455.0000	110.0000	-3.0166	-79.0270
455.0000	242.0000	67.9602	33.6326
456.0000	63.0000	68.9903	36.9494
456.0000	110.0000	-3.0166	-79.0270
456.0000	242.0000	67.9602	33.6326
457.0000	63.0000	68.9903	36.9494
457.0000	110.0000	-3.0166	-79.0270
457.0000	242.0000	67.9602	33.6326
458.0000	63.0000	68.9903	36.9494
458.0000	110.0000	-3.0166	-79.0270
458.0000	242.0000	67.9602	33.6326
459.0000	63.0000	68.9903	36.9494
459.0000	110.0000	-3.0166	-79.0270
459.0000	242.0000	67.9602	33.6326
460.0000	63.0000	68.9903	36.9494
460.0000	110.0000	-3.0166	-79.0270
460.0000	242.0000	67.9602	33.6326
461.0000	63.0000	68.9903	36.9494
461.0000	110.0000	-3.0166	-79.0270
461.0000	242.0000	67.9602	33.6326
462.0000	63.0000	68.9903	36.9495
462.0000	110.0000	-3.0166	-79.0269
462.0000	242.0000	67.9602	33.6328
463.0000	63.0000	68.9903	36.9491
463.0000	110.0000	-3.0166	-79.0273
463.0000	242.0000	67.9602	33.6324
464.0000	63.0000	68.9904	36.9483
464.0000	110.0000	-3.0167	-79.0280
464.0000	242.0000	67.9603	33.6315
465.0000	63.0000	68.9903	36.9446
465.0000	110.0000	-3.0168	-79.0317
465.0000	242.0000	67.9602	33.6278
466.0000	63.0000	68.9903	36.9439
466.0000	110.0000	-3.0168	-79.0324
466.0000	242.0000	67.9602	33.6272
467.0000	63.0000	68.9903	36.9439
467.0000	110.0000	-3.0168	-79.0325
467.0000	242.0000	67.9602	33.6271
468.0000	63.0000	68.9903	36.9439
468.0000	110.0000	-3.0168	-79.0325
468.0000	242.0000	67.9602	33.6271
469.0000	63.0000	68.9903	36.9439
469.0000	110.0000	-3.0168	-79.0324
469.0000	242.0000	67.9602	33.6272
470.0000	63.0000	68.9903	36.9439
470.0000	110.0000	-3.0168	-79.0324
470.0000	242.0000	67.9602	33.6272
471.0000	63.0000	68.9903	36.9440
471.0000	110.0000	-3.0168	-79.0324
471.0000	242.0000	67.9602	33.6272
472.0000	63.0000	68.9903	36.9440
472.0000	110.0000	-3.0168	-79.0324
472.0000	242.0000	67.9602	33.6272
473.0000	63.0000	68.9903	36.9440
473.0000	110.0000	-3.0168	-79.0324
473.0000	242.0000	67.9602	33.6272
474.0000	63.0000	68.9903	36.9440
474.0000	110.0000	-3.0168	-79.0324
474.0000	242.0000	67.9602	33.6272
475.0000	63.0000	68.9903	36.9441
475.0000	110.0000	-3.0168	-79.0323
475.0000	242.0000	67.9602	33.6273
476.0000	63.0000	68.9903	36.9437
476.0000	110.0000	-3.0168	-79.0326
476.0000	242.0000	67.9602	33.6269
477.0000	63.0000	68.9903	36.9437
477.0000	110.0000	-3.0168	-79.0326
477.0000	242.0000	67.9602	33.6269
478.0000	63.0000	68.9903	36.9437
478.0000	110.0000	-3.0168	-79.0326
478.0000	242.0000	67.9602	33.6269
479.0000	63.0000	68.9903	36.9437
479.0000	110.0000	-3.0168	-79.0326
479.0000	242.0000	67.9602	33.6269
480.0000	63.0000	68.9903	36.9437
480.0000	110.0000	-3.0168	-79.0326
480.0000	242.0000	67.9602	33.6269
481.0000	63.0000	68.9903	36.9437
481.0000	110.0000	-3.0168	-79.0326
481.0000	242.0000	67.9602	33.6269
482.0000	63.0000	68.9903	36.9437
482.0000	110.0000	-3.0168	-79.0326
482.0000	242.0000	67.9602	33.6269
483.0000	63.0000	68.9903	36.9437
483.0000	110.0000	-3.0168	-79.0326
483.0000	242.0000	67.9602	33.6269
484.0000	63.0000	68.9903	36.9437
484.0000	110.0000	-3.0168	-79.0326
484.0000	242.0000	67.9602	33.6269
485.0000	63.0000	68.9903	36.9437
485.0000	110.0000	-3.0168	-79.0326
485.0000	242.0000	67.9602	33.6269
486.0000	63.0000	68.9903	36.9438
486.0000	110.0000	-3.0168	-79.0325
486.0000	242.0000	67.9602	33.6270
487.0000	63.0000	68.9904	36.9434
487.0000	110.0000	-3.0169	-79.0329
487.0000	242.0000	67.9602	33.6266
488.0000	63.0000	68.9904	36.9434
488.0000	110.0000	-3.0169	-79.0329
488.0000	242.0000	67.9602	33.6266
489.0000	63.0000	68.9904	36.9434
489.0000	110.0000	-3.0169	-79.0329
489.0000	242.0000	67.9602	33.6266
490.0000	63.0000	68.9904	36.9434
490.0000	110.0000	-3.0169	-79.0329
490.0000	242.0000	67.9602	33.6266
491.0000	63.0000	68.9904	36.9435
491.0000	110.0000	-3.0169	-79.0329
491.0000	242.0000	67.9602	33.6266
492.0000	63.0000	68.9904	36.9435
492.0000	110.0000	-3.0169	-79.0329
492.0000	242.0000	67.9602	33.6266
493.0000	63.0000	68.9904	36.9435
493.0000	110.0000	-3.0169	-79.0329
493.0000	242.0000	67.9602	33.6266
494.0000	63.0000	68.9904	36.9435
494.0000	110.0000	-3.0169	-79.0329
494.0000	242.0000	67.9602	33.6266
495.0000	63.0000	68.9904	36.9435
495.0000	110.0000	-3.0169	-79.0329
495.0000	242.0000	67.9602	33.6266
496.0000	63.0000	68.9904	36.9435
496.0000	110.0000	-3.0169	-79.0329
496.0000	242.0000	67.9602	33.6266
497.0000	63.0000	68.9904	36.9435
497.0000	110.0000	-3.0169	-79.0329
497.0000	242.0000	67.9602	33.6265
498.0000	63.0000	68.9904	36.9435
498.0000	110.0000	-3.0169	-79.0329
498.0000	242.0000	67.9603	33.6276
499.0000	63.0000	68.9904	36.9435
499.0000	110.0000	-3.0169	-79.0329
499.0000	242.0000	67.9603	33.6276
500.0000	63.0000	68.9904	36.9435
500.0000	110.0000	-3.0169	-79.0329
500.0000	242.0000	67.9603	33.6276
501.0000	63.0000	68.9904	36.9435
501.0000	110.0000	-3.0169	-79.0329
501.0000	242.0000	67.9603	33.6276
502.0000	63.0000	68.9904	36.9435
502.0000	110.0000	-3.0169	-79.0329
502.0000	242.0000	67.9603	33.6276
503.0000	63.0000	68.9904	36.9435
503.0000	110.0000	-3.0169	-79.0329
503.0000	242.0000	67.9603	33.6276
504.0000	63.0000	68.9904	36.9435
504.0000	110.0000	-3.0169	-79.0329
504.0000	242.0000	67.9603	33.6276
505.0000	63.0000	68.9904	36.9436
505.0000	110.0000	-3.0169	-79.0328
505.0000	242.0000	67.9603	33.6278
506.0000	63.0000	68.9904	36.9433
506.0000	110.0000	-3.0169	-79.0331
506.0000	242.0000	67.9602	33.6274
507.0000	63.0000	68.9904	36.9433
507.0000	110.0000	-3.0169	-79.0331
507.0000	242.0000	67.9602	33.6274
508.0000	63.0000	68.9904	36.9433
508.0000	110.0000	-3.0169	-79.0331
508.0000	242.0000	67.9602	33.6274
509.0000	63.0000	68.9904	36.9433
509.0000	110.0000	-3.0169	-79.0331
509.0000	242.0000	67.9602	33.6274
510.0000	63.0000	68.9904	36.9433
510.0000	110.0000	-3.0169	-79.0331
510.0000	242.0000	67.9602	33.6273
511.0000	63.0000	68.9904	36.9433
511.0000	110.0000	-3.0169	-79.0331
511.0000	242.0000	67.9603	33.6284
512.0000	63.0000	68.9904	36.9433
512.0000	110.0000	-3.0169	-79.0331
512.0000	242.0000	67.9603	33.6284
513.0000	63.0000	68.9904	36.9433
513.0000	110.0000	-3.0169	-79.0331
513.0000	242.0000	67.9603	33.6284
514.0000	63.0000	68.9904	36.9433
514.0000	110.0000	-3.0169	-79.0331
514.0000	242.0000	67.9603	33.6285
515.0000	63.0000	68.9904	36.9433
515.0000	110.0000	-3.0169	-79.0331
515.0000	242.0000	67.9603	33.6284
516.0000	63.0000	68.9904	36.9433
516.0000	110.0000	-3.0169	-79.0331
516.0000	242.0000	67.9603	33.6295
517.0000	63.0000	68.9904	36.9433
517.0000	110.0000	-3.0169	-79.0331
517.0000	242.0000	67.9603	33.6295
518.0000	63.0000	68.9904	36.9433
518.0000	110.0000	-3.0169	-79.0331
518.0000	242.0000	67.9603	33.6295
519.0000	63.0000	68.9904	36.9433
519.0000	110.0000	-3.0169	-79.0331
519.0000	242.0000	67.9603	33.6295
520.0000	63.0000	68.9904	36.9433
520.0000	110.0000	-3.0169	-79.0331
520.0000	242.0000	67.9603	33.6295
521.0000	63.0000	68.9904	36.9433
521.0000	110.0000	-3.0169	-79.0331
521.0000	242.0000	67.9603	33.6295
522.0000	63.0000	68.9904	36.9433
522.0000	110.0000	-3.0169	-79.0331
522.0000	242.0000	67.9603	33.6295
523.0000	63.0000	68.9904	36.9433
523.0000	110.0000	-3.0169	-79.0331
523.0000	242.0000	67.9603	33.6295
524.0000	63.0000	68.9904	36.9433
524.0000	110.0000	-3.0169	-79.0331
524.0000	242.0000	67.9603	33.6295
525.0000	63.0000	68.9904	36.9433
525.0000	110.0000	-3.0169	-79.0331
525.0000	242.0000	67.9603	33.6295
526.0000	63.0000	68.9904	36.9434
526.0000	110.0000	-3.0169	-79.0330
526.0000	242.0000	67.9603	33.6297
527.0000	63.0000	68.9904	36.9431
527.0000	110.0000	-3.0169	-79.0334
527.0000	242.0000	67.9603	33.6293
528.0000	63.0000	68.9904	36.9431
528.0000	110.0000	-3.0169	-79.0334
528.0000	242.0000	67.9603	33.6293
529.0000	63.0000	68.9904	36.9431
529.0000	110.0000	-3.0169	-79.0334
529.0000	242.0000	67.9603	33.6293
530.0000	63.0000	68.9904	36.9431
530.0000	110.0000	-3.0169	-79.0334
530.0000	242.0000	67.9603	33.6293
531.0000	63.0000	68.9904	36.9431
531.0000	110.0000	-3.0169	-79.0334
531.0000	242.0000	67.9603	33.6293
532.0000	63.0000	68.9904	36.9431
532.0000	110.0000	-3.0169	-79.0334
532.0000	242.0000	67.9603	33.6293
533.0000	63.0000	68.9904	36.9431
533.0000	110.0000	-3.0169	-79.0334
533.0000	242.0000	67.9603	33.6293
534.0000	63.0000	68.9904	36.9431
534.0000	110.0000	-3.0169	-79.0334
534.0000	242.0000	67.9603	33.6293
535.0000	63.0000	68.9904	36.9431
535.0000	110.0000	-3.0169	-79.0334
535.0000	242.0000	67.9603	33.6293
536.0000	63.0000	68.9904	36.9431
536.0000	110.0000	-3.0169	-79.0334
536.0000	242.0000	67.9603	33.6293
537.0000	63.0000	68.9904	36.9431
537.0000	110.0000	-3.0169	-79.0334
537.0000	242.0000	67.9603	33.6293
538.0000	63.0000	68.9904	36.9431
538.0000	110.0000	-3.0169	-79.0334
538.0000	242.0000	67.9603	33.6293
539.0000	63.0000	68.9904	36.9431
539.0000	110.0000	-3.0169	-79.0334
539.0000	242.0000	67.9603	33.6293
540.0000	63.0000	68.9904	36.9431
540.0000	110.0000	-3.0169	-79.0334
540.0000	242.0000	67.9603	33.6293
541.0000	63.0000	68.9904	36.9432
541.0000	110.0000	-3.0169	-79.0333
541.0000	242.0000	67.9603	33.6294
542.0000	63.0000	68.9904	36.9428
542.0000	110.0000	-3.0170	-79.0336
542.0000	242.0000	67.9603	33.6290
543.0000	63.0000	68.9904	36.9428
543.0000	110.0000	-3.0170	-79.0336
543.0000	242.0000	67.9603	33.6290
544.0000	63.0000	68.9904	36.9428
544.0000	110.0000	-3.0170	-79.0336
544.0000	242.0000	67.9603	33.6290
545.0000	63.0000	68.9904	36.9428
545.0000	110.0000	-3.0170	-79.0336
545.0000	242.0000	67.9603	33.6290
546.0000	63.0000	68.9904	36.9428
546.0000	110.0000	-3.0169	-79.0335
546.0000	242.0000	67.9603	33.6290
547.0000	63.0000	68.9904	36.9428
547.0000	110.0000	-3.0126	-79.0453
547.0000	242.0000	67.9603	33.6290
548.0000	63.0000	68.9904	36.9428
548.0000	110.0000	-3.0000	-79.0852
548.0000	242.0000	67.9603	33.6290
549.0000	63.0000	68.9904	36.9428
549.0000	110.0000	-2.9765	-79.1637
549.0000	242.0000	67.9603	33.6290
550.0000	63.0000	68.9904	36.9428
550.0000	110.0000	-2.9510	-79.2526
550.0000	242.0000	67.9603	33.6290
551.0000	63.0000	68.9904	36.9428
551.0000	110.0000	-2.9205	-79.3574
551.0000	242.0000	67.9603	33.6290
552.0000	63.0000	68.9904	36.9428
552.0000	110.0000	-2.8792	-79.4930
552.0000	242.0000	67.9603	33.6290
553.0000	63.0000	68.9904	36.9428
553.0000	110.0000	-2.8338	-79.6427
553.0000	242.0000	67.9603	33.6290
554.0000	63.0000	68.9903	36.9429
554.0000	110.0000	-2.7860	-79.7981
554.0000	242.0000	67.9603	33.6290
555.0000	63.0000	69.0027	36.9413
555.0000	242.0000	67.9603	33.6291
556.0000	63.0000	69.0445	36.9335
556.0000	242.0000	67.9603	33.6287
557.0000	63.0000	69.1234	36.9178
557.0000	242.0000	67.9603	33.6287
558.0000	63.0000	69.1965	36.9014
558.0000	242.0000	67.9603	33.6287
559.0000	63.0000	69.2767	36.8850
559.0000	242.0000	67.9603	33.6287
560.0000	63.0000	69.3975	36.8623
560.0000	242.0000	67.9603	33.6287
561.0000	63.0000	69.4475	36.8490
561.0000	242.0000	67.9603	33.6288
562.0000	63.0000	69.4473	36.8477
562.0000	242.0000	67.9603	33.6284
563.0000	63.0000	69.4498	36.8485
563.0000	242.0000	67.9603	33.6284
564.0000	63.0000	69.4514	36.8490
564.0000	242.0000	67.9603	33.6284
565.0000	63.0000	69.4521	36.8492
565.0000	242.0000	67.9603	33.6284
566.0000	63.0000	69.4525	36.8493
566.0000	242.0000	67.9603	33.6284
567.0000	63.0000	69.4526	36.8493
567.0000	242.0000	67.9603	33.6284
568.0000	63.0000	69.4527	36.8493
568.0000	242.0000	67.9603	33.6284
569.0000	63.0000	69.4527	36.8494
569.0000	242.0000	67.9603	33.6284
570.0000	63.0000	69.4527	36.8494
570.0000	242.0000	67.9603	33.6284
571.0000	63.0000	69.4527	36.8494
571.0000	242.0000	67.9603	33.6284
572.0000	63.0000	69.4527	36.8494
572.0000	242.0000	67.9603	33.6284
573.0000	63.0000	69.4527	36.8494
573.0000	242.0000	67.9603	33.6284
574.0000	63.0000	69.4527	36.8494
574.0000	242.0000	67.9603	33.6284
575.0000	63.0000	69.4527	36.8494
575.0000	242.0000	67.9603	33.6284
576.0000	63.0000	69.4527	36.8494
576.0000	242.0000	67.9603	33.6284
577.0000	63.0000	69.4527	36.8494
577.0000	242.0000	67.9603	33.6284
578.0000	63.0000	69.4527	36.8494
578.0000	242.0000	67.9603	33.6283
579.0000	63.0000	69.4527	36.8494
579.0000	242.0000	67.9603	33.6294
580.0000	63.0000	69.4527	36.8494
580.0000	242.0000	67.9603	33.6294
581.0000	63.0000	69.4527	36.8495
581.0000	242.0000	67.9603	33.6296
582.0000	63.0000	69.4527	36.8492
582.0000	242.0000	67.9603	33.6291
583.0000	63.0000	69.4527	36.8492
583.0000	242.0000	67.9603	33.6303
584.0000	63.0000	69.4527	36.8492
584.0000	242.0000	67.9603	33.6303
585.0000	63.0000	69.4527	36.8492
585.0000	242.0000	67.9603	33.6303
586.0000	63.0000	69.4527	36.8492
586.0000	242.0000	67.9603	33.6303
587.0000	63.0000	69.4527	36.8492
587.0000	242.0000	67.9603	33.6302
588.0000	63.0000	69.4527	36.8492
588.0000	242.0000	67.9604	33.6314
589.0000	63.0000	69.4527	36.8492
589.0000	242.0000	67.9604	33.6314
590.0000	63.0000	69.4527	36.8492
590.0000	242.0000	67.9604	33.6314
591.0000	63.0000	69.4527	36.8492
591.0000	242.0000	67.9603	33.6314
592.0000	63.0000	69.4527	36.8493
592.0000	242.0000	67.9603	33.6315
593.0000	63.0000	69.4527	36.8490
593.0000	242.0000	67.9604	33.6322
594.0000	63.0000	69.4527	36.8490
594.0000	242.0000	67.9604	33.6322
595.0000	63.0000	69.4527	36.8490
595.0000	242.0000	67.9604	33.6322
596.0000	63.0000	69.4527	36.8490
596.0000	242.0000	67.9604	33.6322
597.0000	63.0000	69.4527	36.8490
597.0000	242.0000	67.9604	33.6322
598.0000	63.0000	69.4527	36.8490
598.0000	242.0000	67.9604	33.6322
599.0000	63.0000	69.4527	36.8490
599.0000	242.0000	67.9604	33.6322
600.0000	63.0000	69.4527	36.8490
600.0000	242.0000	67.9604	33.6333
601.0000	63.0000	69.4527	36.8490
601.0000	242.0000	67.9604	33.6333
602.0000	63.0000	69.4527	36.8490
602.0000	242.0000	67.9604	33.6333
603.0000	63.0000	69.4527	36.8491
603.0000	242.0000	67.9604	33.6346
604.0000	63.0000	69.4527	36.8487
604.0000	242.0000	67.9604	33.6342
605.0000	63.0000	69.4527	36.8487
605.0000	242.0000	67.9604	33.6342
606.0000	63.0000	69.4527	36.8487
606.0000	242.0000	67.9604	33.6342
607.0000	63.0000	69.4527	36.8487
607.0000	242.0000	67.9604	33.6342
608.0000	63.0000	69.4527	36.8487
608.0000	242.0000	67.9604	33.6342
609.0000	63.0000	69.4527	36.8487
609.0000	242.0000	67.9604	33.6342
610.0000	63.0000	69.4527	36.8487
610.0000	242.0000	67.9604	33.6342
611.0000	63.0000	69.4527	36.8488
611.0000	242.0000	67.9604	33.6342
612.0000	63.0000	69.4646	36.8473
612.0000	242.0000	67.9604	33.6342
613.0000	63.0000	69.5067	36.8406
613.0000	242.0000	67.9604	33.6342
614.0000	63.0000	69.5859	36.8262
614.0000	242.0000	67.9604	33.6342
615.0000	63.0000	69.6580	36.8116
615.0000	242.0000	67.9604	33.6341
616.0000	63.0000	69.7365	36.7969
616.0000	242.0000	67.9605	33.6472
617.0000	63.0000	69.8563	36.7763
617.0000	242.0000	67.9611	33.6908
618.0000	63.0000	69.9963	36.7508
618.0000	242.0000	67.9621	33.7737
619.0000	63.0000	70.1438	36.7251
619.0000	242.0000	67.9636	33.9046
620.0000	63.0000	70.3048	36.6981
620.0000	242.0000	67.9658	34.0861
621.0000	63.0000	70.4899	36.6682
621.0000	242.0000	67.9686	34.3188
622.0000	63.0000	70.6545	36.6417
622.0000	242.0000	67.9719	34.6025
623.0000	63.0000	70.8071	36.6182
623.0000	242.0000	67.9759	34.9367
624.0000	63.0000	70.9779	36.5939
624.0000	242.0000	67.9804	35.3204
625.0000	242.0000	67.9866	35.7532
626.0000	242.0000	67.9921	36.2330
627.0000	242.0000	67.9979	36.7575
628.0000	242.0000	68.0047	37.3235
629.0000	242.0000	68.0108	37.9279
630.0000	242.0000	68.0178	38.5698
631.0000	242.0000	68.0243	39.2469
632.0000	242.0000	68.0320	39.9571
633.0000	242.0000	68.0398	40.6974
634.0000	242.0000	68.0479	41.4666
761.0000	63.0000	73.9496	30.3170
762.0000	63.0000	73.9407	30.0992
763.0000	63.0000	73.9319	29.8963
764.0000	63.0000	73.9242	29.6905
765.0000	63.0000	73.9151	29.4763
766.0000	63.0000	73.9072	29.2642
767.0000	63.0000	73.9000	29.0917
768.0000	63.0000	73.8948	28.9801
769.0000	63.0000	73.8964	28.9326
770.0000	63.0000	73.8964	28.9329
771.0000	63.0000	73.8964	28.9350
772.0000	63.0000	73.8964	28.9369
773.0000	63.0000	73.8964	28.9379
774.0000	63.0000	73.8964	28.9382
775.0000	63.0000	73.8963	28.9382
776.0000	63.0000	73.9086	28.9375
777.0000	63.0000	73.9512	28.9349
778.0000	63.0000	74.0312	28.9295
779.0000	63.0000	74.0695	28.9257
780.0000	63.0000	74.0688	28.9254
781.0000	63.0000	74.0704	28.9255
782.0000	63.0000	74.0727	28.9256
783.0000	63.0000	74.0732	28.9257
784.0000	63.0000	74.0734	28.9258
785.0000	63.0000	74.0734	28.9258
786.0000	63.0000	74.1032	28.9245
787.0000	63.0000	74.1733	28.9202
788.0000	63.0000	74.2777	28.9133
789.0000	63.0000	74.4078	28.9050
790.0000	63.0000	74.5555	28.8958
975.0000	63.0000	75.0678	27.5609
976.0000	63.0000	75.0612	27.4047
977.0000	63.0000	75.0506	27.2477
978.0000	63.0000	75.0415	27.0823
979.0000	63.0000	75.0338	26.9047
980.0000	63.0000	75.0231	26.7256
981.0000	63.0000	75.0138	26.5554
982.0000	63.0000	75.0052	26.3894
983.0000	63.0000	74.9978	26.2407
984.0000	63.0000	74.9890	26.0926
985.0000	63.0000	74.9807	25.9263
986.0000	63.0000	74.9735	25.7477
987.0000	63.0000	74.9775	25.5777
988.0000	63.0000	75.0101	25.4017
989.0000	63.0000	75.0130	25.2081
990.0000	63.0000	75.0026	25.0188
991.0000	63.0000	74.9947	24.8313
992.0000	63.0000	74.9869	24.6404
993.0000	63.0000	74.9785	24.4406
994.0000	63.0000	74.9717	24.2345
995.0000	63.0000	74.9639	24.0352
996.0000	63.0000	74.9578	23.8290
997.0000	63.0000	74.9505	23.6238
998.0000	63.0000	74.9463	23.4060
999.0000	63.0000	74.9369	23.1979
