122.0000	76.0000	79.1017	-9.5803
123.0000	76.0000	78.6805	-9.7763
124.0000	76.0000	78.6544	-9.7305
125.0000	76.0000	78.7653	-8.8788
126.0000	76.0000	78.8721	-7.0858
127.0000	76.0000	78.8644	-4.6743
128.0000	76.0000	78.7566	-1.8385
129.0000	76.0000	78.5528	1.3769
130.0000	76.0000	78.2274	4.5542
131.0000	76.0000	78.1019	5.5450
132.0000	76.0000	78.0962	5.4062
133.0000	76.0000	78.1026	5.3146
134.0000	76.0000	78.1105	5.1430
135.0000	76.0000	78.1495	4.8745
136.0000	76.0000	78.1959	4.5547
137.0000	76.0000	78.2650	4.2092
138.0000	76.0000	78.3422	3.8562
139.0000	76.0000	78.4405	3.4624
140.0000	76.0000	78.5434	3.1488
141.0000	76.0000	78.6691	2.7996
142.0000	76.0000	78.8101	2.4205
143.0000	76.0000	78.9747	1.9500
144.0000	76.0000	79.0490	1.7756
145.0000	76.0000	78.9471	1.9611
146.0000	76.0000	78.8858	2.1204
147.0000	76.0000	78.8510	2.2343
148.0000	76.0000	78.8943	2.3274
149.0000	76.0000	78.9807	2.4957
150.0000	76.0000	78.9890	2.8200
151.0000	76.0000	79.0032	3.1446
152.0000	76.0000	79.0024	3.4501
153.0000	76.0000	78.9057	3.7926
154.0000	76.0000	78.9259	4.0582
155.0000	76.0000	78.8674	4.2280
156.0000	76.0000	78.8781	4.4439
157.0000	76.0000	78.9116	4.6060
158.0000	76.0000	78.9355	4.6431
159.0000	76.0000	79.0096	5.1237
160.0000	76.0000	78.7398	5.7122
161.0000	76.0000	78.7743	6.0298
162.0000	76.0000	78.8558	6.4677
163.0000	76.0000	78.8633	6.8584
164.0000	76.0000	78.8673	7.2665
165.0000	76.0000	78.9015	7.8908
166.0000	76.0000	78.9338	8.5862
167.0000	76.0000	78.9205	9.2623
168.0000	76.0000	78.8453	10.0290
169.0000	76.0000	78.7331	10.8485
170.0000	76.0000	78.6211	11.6581
171.0000	76.0000	78.5992	12.7432
172.0000	76.0000	78.2669	13.9437
173.0000	76.0000	77.8034	14.9361
174.0000	76.0000	77.3105	15.8182
175.0000	76.0000	76.7572	16.6228
176.0000	76.0000	76.1180	17.2622
177.0000	76.0000	75.3990	17.7615
178.0000	76.0000	74.6300	18.0837
179.0000	76.0000	73.8021	18.3508
180.0000	76.0000	73.4067	17.8188
181.0000	76.0000	73.4377	17.9059
182.0000	76.0000	73.2621	17.7866
183.0000	76.0000	72.9698	17.8513
184.0000	76.0000	71.9115	17.4621
185.0000	76.0000	72.0608	16.9215
186.0000	76.0000	72.2671	17.3677
187.0000	76.0000	71.5885	17.7505
188.0000	76.0000	71.2346	18.0623
189.0000	76.0000	71.1123	18.9407
190.0000	76.0000	70.9308	19.4968
191.0000	76.0000	70.5430	20.3145
192.0000	76.0000	70.0804	21.1068
193.0000	76.0000	69.5429	22.3644
194.0000	76.0000	68.6440	23.9896
195.0000	76.0000	67.7605	25.6130
196.0000	76.0000	66.6558	27.6957
197.0000	76.0000	65.5174	29.8225
198.0000	76.0000	63.9928	32.5028
199.0000	76.0000	62.3194	35.1773
200.0000	76.0000	60.5069	37.8426
201.0000	76.0000	58.2321	40.8563
202.0000	76.0000	56.0254	43.5416
203.0000	76.0000	54.1589	45.6464
204.0000	76.0000	51.9919	47.9186
205.0000	76.0000	50.2811	49.6301
206.0000	76.0000	49.4513	50.5342
207.0000	76.0000	50.1484	50.1048
208.0000	76.0000	50.8904	49.7325
209.0000	20.0000	-22.5184	75.7398
209.0000	76.0000	49.8155	51.0887
210.0000	20.0000	-27.0023	74.8509
210.0000	76.0000	48.7310	52.3922
211.0000	20.0000	-30.9396	73.1979
211.0000	76.0000	48.1456	53.2352
212.0000	76.0000	47.2747	54.3046
213.0000	76.0000	46.6995	55.1210
214.0000	76.0000	46.2333	55.8507
215.0000	76.0000	45.8738	56.4876
216.0000	76.0000	45.6395	57.0363
217.0000	76.0000	45.5415	57.5115
218.0000	76.0000	45.5755	57.9271
219.0000	76.0000	45.6844	58.2654
220.0000	76.0000	45.9725	58.4485
221.0000	76.0000	46.3073	58.5473
222.0000	76.0000	46.7806	58.5515
223.0000	76.0000	47.3780	58.4841
224.0000	20.0000	-62.7025	49.4820
224.0000	76.0000	48.0248	58.3917
225.0000	76.0000	48.7826	58.2175
226.0000	76.0000	49.5987	57.9984
227.0000	20.0000	-66.7282	43.7161
227.0000	76.0000	50.5051	57.7070
228.0000	76.0000	51.4846	57.3570
229.0000	76.0000	52.5240	56.9587
230.0000	20.0000	-70.2972	37.7538
230.0000	76.0000	53.6226	56.5122
231.0000	76.0000	54.7909	56.0070
232.0000	76.0000	55.9997	55.4686
233.0000	20.0000	-73.5166	31.2976
233.0000	76.0000	57.0680	54.6890
234.0000	76.0000	58.0551	53.8223
235.0000	76.0000	59.1629	53.0240
236.0000	76.0000	60.3561	52.2214
256.0000	32.0000	9.5126	79.1699
256.0000	50.0000	43.9866	65.9368
257.0000	32.0000	10.8215	77.9957
257.0000	50.0000	43.2312	64.4857
258.0000	32.0000	12.1888	76.8136
258.0000	50.0000	42.4982	63.0061
259.0000	32.0000	13.6111	75.6240
259.0000	49.0000	5.5318	79.4093
259.0000	50.0000	41.8368	61.4152
260.0000	32.0000	15.0704	74.4449
260.0000	49.0000	5.6155	78.2604
260.0000	50.0000	41.2905	59.6711
261.0000	32.0000	16.5912	73.2733
261.0000	49.0000	5.7056	77.1025
261.0000	50.0000	40.8374	57.8071
262.0000	32.0000	18.1520	72.1002
262.0000	49.0000	5.8008	75.9358
262.0000	50.0000	40.4436	55.8625
263.0000	32.0000	19.7498	70.9073
263.0000	49.0000	5.8971	74.7607
263.0000	50.0000	40.0999	53.8426
264.0000	32.0000	21.3825	69.6858
264.0000	49.0000	5.9931	73.5776
264.0000	50.0000	39.8216	51.7566
265.0000	32.0000	23.0532	68.4373
265.0000	49.0000	6.0927	72.3863
265.0000	50.0000	39.5933	49.6069
266.0000	32.0000	24.7388	67.1590
266.0000	49.0000	6.1893	71.1874
266.0000	50.0000	39.3847	47.4144
267.0000	32.0000	26.4675	65.8557
267.0000	49.0000	6.2811	69.9814
267.0000	50.0000	39.2488	45.1686
268.0000	32.0000	28.1743	64.5716
268.0000	49.0000	6.3692	68.7682
268.0000	50.0000	39.1227	42.8813
269.0000	32.0000	29.9902	63.2195
269.0000	49.0000	6.4561	67.5479
269.0000	50.0000	39.0421	40.5515
270.0000	32.0000	31.7814	61.8774
270.0000	49.0000	6.5377	66.3210
270.0000	50.0000	38.9732	38.1837
271.0000	32.0000	33.5801	60.5757
271.0000	49.0000	6.6105	65.0881
271.0000	50.0000	38.9175	35.7837
272.0000	32.0000	35.4047	59.2101
272.0000	49.0000	6.6817	63.8485
272.0000	50.0000	38.9614	34.6689
273.0000	32.0000	37.2405	57.7372
273.0000	49.0000	6.7487	62.6028
273.0000	50.0000	39.0604	33.7269
274.0000	32.0000	39.0602	56.1150
274.0000	49.0000	6.8069	61.3516
274.0000	50.0000	39.1378	32.6849
275.0000	32.0000	40.8220	54.2859
275.0000	49.0000	6.8633	60.0942
275.0000	50.0000	39.1900	31.5244
276.0000	32.0000	42.4884	52.2407
276.0000	49.0000	6.9157	58.8311
276.0000	50.0000	39.2429	30.2547
277.0000	32.0000	43.8628	50.2609
277.0000	49.0000	6.9623	57.5627
277.0000	50.0000	39.3233	28.9112
278.0000	32.0000	44.5990	49.3110
278.0000	49.0000	7.2578	56.5097
278.0000	50.0000	39.5510	27.5885
279.0000	32.0000	47.3772	47.4232
279.0000	49.0000	10.0773	56.3812
279.0000	50.0000	41.0511	25.8112
280.0000	32.0000	48.2932	46.8862
280.0000	49.0000	10.8372	56.4482
280.0000	50.0000	41.5205	25.2204
281.0000	32.0000	48.8677	46.9144
281.0000	49.0000	11.0571	56.5436
281.0000	50.0000	41.6936	24.9062
282.0000	32.0000	49.2365	46.8346
282.0000	49.0000	11.1059	56.5838
282.0000	50.0000	41.7374	24.9023
283.0000	32.0000	49.6505	46.7251
283.0000	49.0000	11.0977	56.5791
283.0000	50.0000	41.7692	24.9079
284.0000	32.0000	50.2387	46.6819
284.0000	49.0000	11.0615	56.5511
284.0000	50.0000	41.7486	24.9097
285.0000	32.0000	50.9765	46.4478
285.0000	49.0000	11.0579	56.4859
285.0000	50.0000	41.7165	24.8501
286.0000	32.0000	51.7325	45.9964
286.0000	49.0000	11.0597	56.3861
286.0000	50.0000	41.7159	24.7500
287.0000	32.0000	52.3039	45.4026
287.0000	49.0000	11.0616	56.2559
287.0000	50.0000	41.7165	24.6190
288.0000	32.0000	52.6635	44.6846
288.0000	49.0000	11.0645	56.0978
288.0000	50.0000	41.7173	24.4597
289.0000	32.0000	53.1097	44.0160
289.0000	49.0000	11.0695	55.9132
289.0000	50.0000	41.7191	24.2726
290.0000	32.0000	53.3605	43.2089
290.0000	49.0000	11.0779	55.7027
290.0000	50.0000	41.7223	24.0579
291.0000	32.0000	53.5793	42.2121
291.0000	49.0000	11.0666	55.4710
291.0000	50.0000	41.7164	23.8321
292.0000	32.0000	53.9506	41.2234
292.0000	49.0000	11.2154	55.4266
292.0000	50.0000	41.7859	23.7118
293.0000	32.0000	54.2493	40.2694
293.0000	49.0000	11.2160	55.3474
293.0000	50.0000	41.7853	23.6320
294.0000	32.0000	54.5028	39.1866
294.0000	49.0000	11.2094	55.2276
294.0000	50.0000	41.7813	23.5154
295.0000	32.0000	54.6814	38.0278
295.0000	49.0000	11.2015	55.0775
295.0000	50.0000	41.7768	23.3693
296.0000	32.0000	54.7907	36.7574
296.0000	49.0000	11.1915	54.9009
296.0000	50.0000	41.7715	23.1978
297.0000	32.0000	54.8738	35.3997
297.0000	49.0000	11.1811	54.6987
297.0000	50.0000	41.7660	23.0010
298.0000	32.0000	54.9349	33.9679
298.0000	49.0000	11.1664	54.4723
298.0000	50.0000	41.7586	22.7824
299.0000	32.0000	54.9711	32.4675
299.0000	49.0000	11.1449	54.2227
299.0000	50.0000	41.7482	22.5441
300.0000	32.0000	54.9665	30.9203
300.0000	49.0000	11.0966	53.9539
300.0000	50.0000	41.7257	22.3010
301.0000	32.0000	54.9238	29.3199
301.0000	49.0000	11.0317	53.6642
301.0000	50.0000	41.6959	22.0460
302.0000	32.0000	54.8314	27.6829
302.0000	49.0000	10.9359	53.3567
302.0000	50.0000	41.6524	21.7899
303.0000	32.0000	54.6943	26.0019
303.0000	49.0000	10.8206	53.0293
303.0000	50.0000	41.6004	21.5247
304.0000	32.0000	54.5173	24.2754
304.0000	49.0000	10.6898	52.6814
304.0000	50.0000	41.5418	21.2481
305.0000	32.0000	54.3081	22.5033
305.0000	49.0000	10.5457	52.3128
305.0000	50.0000	41.4776	20.9587
306.0000	32.0000	54.0756	20.6847
306.0000	49.0000	10.3909	51.9232
306.0000	50.0000	41.4091	20.6551
307.0000	32.0000	53.8398	18.8175
307.0000	49.0000	10.2272	51.5125
307.0000	50.0000	41.3371	20.3364
308.0000	32.0000	53.6420	16.8948
308.0000	49.0000	10.0603	51.0798
308.0000	50.0000	41.2641	19.9984
309.0000	32.0000	53.5311	14.9225
309.0000	49.0000	9.8879	50.6258
309.0000	50.0000	41.1894	19.6434
310.0000	32.0000	53.5565	12.9083
310.0000	49.0000	9.7156	50.1496
310.0000	50.0000	41.1151	19.2671
311.0000	32.0000	53.7503	10.8725
311.0000	49.0000	9.5446	49.6514
311.0000	50.0000	41.0421	18.8693
312.0000	32.0000	54.0740	9.1061
312.0000	49.0000	9.1453	49.1995
312.0000	50.0000	40.8779	18.6605
313.0000	32.0000	53.8080	8.5681
313.0000	49.0000	8.7614	48.7846
313.0000	50.0000	40.7192	18.4820
314.0000	32.0000	53.8630	7.4872
314.0000	49.0000	9.2721	48.3471
314.0000	50.0000	40.9360	17.7381
315.0000	32.0000	54.5210	5.6088
315.0000	49.0000	10.6075	47.8233
315.0000	50.0000	41.4730	16.4101
316.0000	32.0000	54.8685	6.1300
316.0000	49.0000	9.9445	47.6437
316.0000	50.0000	41.2125	16.6318
317.0000	32.0000	54.9000	6.3062
317.0000	49.0000	9.8153	47.3227
317.0000	50.0000	41.1586	16.3874
318.0000	32.0000	54.5516	6.3142
318.0000	49.0000	9.6634	46.9786
318.0000	50.0000	41.0972	16.1357
319.0000	32.0000	54.3424	5.9211
319.0000	49.0000	9.5119	46.6104
319.0000	50.0000	41.0362	15.8606
320.0000	32.0000	54.5927	5.4959
320.0000	49.0000	9.2744	46.2390
320.0000	50.0000	40.9433	15.6399
321.0000	32.0000	54.9897	5.6544
321.0000	49.0000	8.7803	45.9059
321.0000	50.0000	40.7502	15.6229
322.0000	32.0000	55.1350	5.7058
322.0000	49.0000	8.6762	45.4902
322.0000	50.0000	40.7092	15.2732
323.0000	32.0000	54.8419	5.6901
323.0000	49.0000	8.5438	45.0536
323.0000	50.0000	40.6587	14.9236
324.0000	32.0000	54.6298	5.4616
324.0000	49.0000	8.3783	44.5975
324.0000	50.0000	40.5959	14.5777
325.0000	32.0000	54.7506	5.3056
325.0000	49.0000	8.2410	44.1131
325.0000	50.0000	40.5440	14.1855
326.0000	32.0000	54.8610	4.8795
326.0000	49.0000	8.1161	43.6045
326.0000	50.0000	40.4976	13.7611
327.0000	32.0000	55.0228	4.2495
327.0000	49.0000	8.0102	43.0701
327.0000	50.0000	40.4585	13.3000
328.0000	32.0000	55.2951	3.5647
328.0000	49.0000	7.9108	42.5135
328.0000	50.0000	40.4223	12.8130
329.0000	32.0000	55.6869	2.8297
329.0000	49.0000	7.8216	41.9340
329.0000	50.0000	40.3904	12.2969
330.0000	32.0000	56.2743	1.5135
330.0000	49.0000	8.2348	41.2782
330.0000	50.0000	40.5259	11.3395
331.0000	32.0000	56.8755	0.8561
331.0000	49.0000	8.0905	40.7041
331.0000	50.0000	40.4771	10.8693
332.0000	32.0000	57.4914	-0.1017
332.0000	49.0000	8.0583	40.0919
332.0000	50.0000	40.4640	10.2781
333.0000	32.0000	58.1388	-1.2731
333.0000	49.0000	8.1073	39.4523
333.0000	50.0000	40.4762	9.5990
334.0000	32.0000	58.8236	-2.3546
334.0000	49.0000	8.0372	38.8168
334.0000	50.0000	40.4537	9.0158
335.0000	32.0000	59.5315	-3.6217
335.0000	49.0000	8.0336	38.1511
335.0000	50.0000	40.4504	8.3510
336.0000	32.0000	60.2375	-4.6161
336.0000	49.0000	7.8059	37.5352
336.0000	50.0000	40.3880	7.9167
337.0000	32.0000	60.9890	-5.7971
337.0000	49.0000	7.6707	36.8890
337.0000	50.0000	40.3507	7.3790
338.0000	32.0000	61.0029	-6.5067
338.0000	49.0000	7.6226	36.2035
338.0000	50.0000	40.3369	6.7318
339.0000	32.0000	60.3257	-6.6490
339.0000	49.0000	7.5768	35.5086
339.0000	50.0000	40.3250	6.0755
340.0000	32.0000	59.6042	-7.2185
340.0000	49.0000	7.7695	34.7677
340.0000	50.0000	40.3674	5.1697
341.0000	32.0000	58.8853	-7.7780
341.0000	49.0000	8.1720	34.3097
341.0000	50.0000	40.4251	4.3531
342.0000	32.0000	58.3251	-7.4229
342.0000	49.0000	8.1639	34.2026
342.0000	50.0000	40.4150	4.2569
343.0000	32.0000	57.8662	-7.0434
343.0000	49.0000	8.0744	34.0744
343.0000	50.0000	40.3970	4.1907
344.0000	32.0000	57.6006	-6.5255
344.0000	49.0000	7.9613	33.9149
344.0000	50.0000	40.3731	4.1208
345.0000	32.0000	57.4524	-5.8376
345.0000	49.0000	7.8320	33.7384
345.0000	50.0000	40.3454	4.0532
346.0000	32.0000	57.2909	-5.0222
346.0000	49.0000	7.7374	33.6072
346.0000	50.0000	40.3227	4.0033
347.0000	32.0000	57.1687	-4.2395
347.0000	49.0000	7.6557	33.4924
347.0000	50.0000	40.3040	3.9584
348.0000	32.0000	56.8533	-3.2438
348.0000	49.0000	7.5699	33.3927
348.0000	50.0000	40.2853	3.9331
349.0000	32.0000	56.1352	-2.0921
349.0000	49.0000	7.4908	33.2993
349.0000	50.0000	40.2684	3.9083
350.0000	32.0000	55.1404	-0.9658
350.0000	49.0000	7.4201	33.2129
350.0000	50.0000	40.2532	3.8840
351.0000	32.0000	54.2411	-0.0242
351.0000	49.0000	7.3500	33.1312
351.0000	50.0000	40.2385	3.8642
352.0000	32.0000	53.7233	0.7183
352.0000	49.0000	7.2860	33.0482
352.0000	50.0000	40.2254	3.8379
353.0000	32.0000	53.5277	1.4389
353.0000	49.0000	7.2145	32.9582
353.0000	50.0000	40.2109	3.8118
354.0000	32.0000	53.3057	2.3177
354.0000	49.0000	7.1381	32.8606
354.0000	50.0000	40.1953	3.7831
355.0000	32.0000	52.7741	3.2334
355.0000	49.0000	7.0573	32.7563
355.0000	50.0000	40.1787	3.7523
356.0000	32.0000	51.9762	4.1892
356.0000	49.0000	6.9867	32.6504
356.0000	50.0000	40.1641	3.7109
357.0000	32.0000	51.7251	5.1273
357.0000	49.0000	6.9006	32.5368
357.0000	50.0000	40.1465	3.6764
358.0000	32.0000	51.7762	5.9989
358.0000	49.0000	6.8233	32.4188
358.0000	50.0000	40.1304	3.6299
359.0000	32.0000	51.9680	6.8885
359.0000	49.0000	6.7493	32.2946
359.0000	50.0000	40.1156	3.5745
360.0000	32.0000	52.2584	7.8873
360.0000	49.0000	6.6534	32.1667
360.0000	50.0000	40.0964	3.5365
361.0000	32.0000	52.6260	8.8986
361.0000	49.0000	6.5731	32.0280
361.0000	50.0000	40.0802	3.4736
362.0000	32.0000	52.9637	9.9724
362.0000	49.0000	6.4907	31.8779
362.0000	50.0000	40.0643	3.4019
363.0000	32.0000	53.2617	11.1405
363.0000	49.0000	6.3831	31.7248
363.0000	50.0000	40.0430	3.3518
364.0000	32.0000	53.5602	12.3581
364.0000	49.0000	6.2740	31.5664
364.0000	50.0000	40.0215	3.2984
365.0000	32.0000	53.8652	13.6210
365.0000	49.0000	6.1611	31.3989
365.0000	50.0000	39.9997	3.2405
366.0000	32.0000	54.1697	14.9254
366.0000	49.0000	5.5865	30.2913
366.0000	50.0000	39.9780	3.1755
367.0000	32.0000	54.4681	16.2626
367.0000	49.0000	5.2874	29.4785
367.0000	50.0000	39.9570	3.0980
368.0000	32.0000	54.7838	17.6265
368.0000	49.0000	5.0231	28.7064
368.0000	50.0000	39.9382	3.0139
369.0000	32.0000	55.1480	19.0306
369.0000	49.0000	4.7496	27.8620
369.0000	50.0000	39.9192	2.9401
370.0000	32.0000	55.6316	20.4126
370.0000	49.0000	4.4885	27.0058
370.0000	50.0000	39.9007	2.8538
371.0000	32.0000	56.2845	21.7157
371.0000	49.0000	4.1037	26.1588
371.0000	50.0000	39.8838	2.7472
372.0000	32.0000	57.0886	22.9359
372.0000	49.0000	3.5875	25.7182
372.0000	50.0000	39.8693	2.6187
373.0000	32.0000	57.9529	24.0855
373.0000	49.0000	3.2782	25.1595
373.0000	50.0000	39.8560	2.4675
374.0000	32.0000	58.9261	25.1836
374.0000	49.0000	3.0081	24.5728
374.0000	50.0000	39.8447	2.2934
375.0000	32.0000	59.9651	26.1592
375.0000	49.0000	2.8256	23.7833
375.0000	50.0000	39.8386	2.0749
376.0000	32.0000	61.0134	27.0170
376.0000	49.0000	2.7549	22.9775
376.0000	50.0000	39.8401	1.7901
377.0000	32.0000	62.1314	27.8017
377.0000	49.0000	2.7674	22.1889
377.0000	50.0000	39.8454	1.4628
378.0000	32.0000	63.2918	28.6357
378.0000	49.0000	2.8667	21.4059
378.0000	50.0000	39.8435	1.1800
379.0000	32.0000	64.5680	29.3392
379.0000	49.0000	2.9926	20.6507
379.0000	50.0000	39.8379	0.9158
380.0000	32.0000	65.9124	29.9060
380.0000	49.0000	2.9728	19.8980
380.0000	50.0000	39.8226	0.7316
381.0000	32.0000	67.4090	30.2010
381.0000	49.0000	2.9116	19.1428
381.0000	50.0000	39.8210	0.4622
382.0000	32.0000	68.8800	30.7199
382.0000	49.0000	2.7258	18.5398
382.0000	50.0000	39.7905	0.4078
383.0000	32.0000	70.5623	30.9645
383.0000	49.0000	2.5705	18.0395
383.0000	50.0000	39.7984	0.2491
384.0000	32.0000	72.2568	31.2311
384.0000	49.0000	2.3310	17.5556
384.0000	50.0000	39.8040	0.1125
385.0000	49.0000	2.0346	17.0898
385.0000	50.0000	39.8123	-0.0509
386.0000	49.0000	1.6688	16.6766
386.0000	50.0000	39.8181	-0.2099
387.0000	49.0000	1.3211	16.4418
387.0000	50.0000	39.8295	-0.4228
388.0000	49.0000	0.9024	16.5188
388.0000	50.0000	39.8339	-0.4546
389.0000	49.0000	0.7227	16.7387
389.0000	50.0000	39.8306	-0.4262
390.0000	49.0000	0.4016	16.8755
390.0000	50.0000	39.8218	-0.3160
391.0000	49.0000	0.0973	17.1323
391.0000	50.0000	39.8233	-0.2481
392.0000	49.0000	-0.0187	17.2526
392.0000	50.0000	39.8299	-0.2626
393.0000	49.0000	-0.0783	17.3253
393.0000	50.0000	39.8369	-0.3351
394.0000	49.0000	-0.0526	17.3254
394.0000	50.0000	39.8462	-0.4882
395.0000	49.0000	0.0264	17.3840
395.0000	50.0000	39.8525	-0.5805
396.0000	49.0000	0.1292	17.4542
396.0000	50.0000	39.8602	-0.6213
397.0000	49.0000	0.2250	17.5006
397.0000	50.0000	39.8635	-0.6498
398.0000	49.0000	0.2639	17.5295
398.0000	50.0000	39.8623	-0.6478
399.0000	49.0000	0.2849	17.5128
399.0000	50.0000	39.8621	-0.6766
400.0000	49.0000	0.2980	17.4559
400.0000	50.0000	39.8631	-0.7388
401.0000	49.0000	0.3292	17.3915
401.0000	50.0000	39.8677	-0.8787
402.0000	49.0000	0.3947	17.3067
402.0000	50.0000	39.8751	-1.0939
403.0000	49.0000	0.4930	17.1971
403.0000	50.0000	39.8845	-1.3811
404.0000	49.0000	0.5074	17.2312
404.0000	50.0000	39.8811	-1.3677
405.0000	49.0000	0.8563	17.3653
405.0000	50.0000	39.9023	-1.8660
406.0000	49.0000	0.9121	17.5837
406.0000	50.0000	39.9048	-1.7210
407.0000	49.0000	0.9115	17.7507
407.0000	50.0000	39.9011	-1.5634
408.0000	49.0000	1.0634	17.8113
408.0000	50.0000	39.8974	-1.4518
409.0000	49.0000	1.0862	17.9092
409.0000	50.0000	39.8953	-1.3982
410.0000	49.0000	1.0628	17.9863
410.0000	50.0000	39.8942	-1.3823
411.0000	49.0000	1.2397	17.9819
411.0000	50.0000	39.8939	-1.3912
412.0000	49.0000	1.2167	18.1361
412.0000	50.0000	39.8946	-1.4353
413.0000	49.0000	1.1801	18.2928
413.0000	50.0000	39.8964	-1.5327
414.0000	49.0000	1.1953	18.3615
414.0000	50.0000	39.8993	-1.6812
415.0000	49.0000	1.3865	18.2328
415.0000	50.0000	39.9029	-1.8811
416.0000	49.0000	1.6088	18.1390
416.0000	50.0000	39.9071	-2.1333
417.0000	49.0000	1.8877	18.0045
417.0000	50.0000	39.8994	-2.2221
418.0000	49.0000	2.0216	17.8903
418.0000	50.0000	39.8926	-2.1211
419.0000	49.0000	1.9994	17.9366
419.0000	50.0000	39.8847	-1.9844
420.0000	49.0000	1.8400	18.1878
420.0000	50.0000	39.8797	-1.8543
421.0000	49.0000	1.7251	18.3872
421.0000	50.0000	39.8748	-1.7523
422.0000	49.0000	1.7294	18.6067
422.0000	50.0000	39.8715	-1.6902
423.0000	49.0000	1.8100	18.8968
423.0000	50.0000	39.8701	-1.6228
424.0000	49.0000	1.9947	19.2309
424.0000	50.0000	39.8689	-1.5646
425.0000	49.0000	2.2906	19.6129
425.0000	50.0000	39.8701	-1.6106
426.0000	49.0000	2.7181	20.0059
426.0000	50.0000	39.8737	-1.7394
427.0000	49.0000	3.2347	20.3646
427.0000	50.0000	39.8771	-1.8395
428.0000	49.0000	3.7919	20.7199
428.0000	50.0000	39.8806	-1.9475
429.0000	49.0000	4.3850	21.1080
429.0000	50.0000	39.8855	-2.1333
430.0000	49.0000	5.1114	21.4572
430.0000	50.0000	39.8913	-2.4110
431.0000	49.0000	5.9334	21.7155
431.0000	50.0000	39.8951	-2.7456
432.0000	49.0000	6.7527	21.9728
432.0000	50.0000	39.8959	-3.0014
433.0000	49.0000	7.6681	22.1242
433.0000	50.0000	39.8948	-3.3106
434.0000	49.0000	8.6762	22.2211
434.0000	50.0000	39.8916	-3.6614
435.0000	49.0000	9.6326	22.3688
435.0000	50.0000	39.8887	-3.8925
436.0000	49.0000	10.5961	22.4920
436.0000	50.0000	39.8851	-4.1153
437.0000	49.0000	11.5483	22.5583
437.0000	50.0000	39.8813	-4.3298
438.0000	49.0000	12.5007	22.5730
438.0000	50.0000	39.8766	-4.5640
439.0000	49.0000	13.4681	22.5300
439.0000	50.0000	39.8710	-4.8358
440.0000	49.0000	14.4369	22.4380
440.0000	50.0000	39.8646	-5.1274
441.0000	49.0000	15.4494	22.2987
441.0000	50.0000	39.8570	-5.4734
442.0000	49.0000	16.3951	22.1747
442.0000	50.0000	39.8553	-5.6937
443.0000	49.0000	17.3832	22.0065
443.0000	50.0000	39.8515	-5.9549
444.0000	49.0000	18.3515	21.8629
444.0000	50.0000	39.8561	-6.1216
445.0000	49.0000	19.3873	21.6795
445.0000	50.0000	39.8556	-6.3526
446.0000	49.0000	20.5675	21.3892
446.0000	50.0000	39.8387	-6.7709
447.0000	49.0000	21.6917	21.1270
447.0000	50.0000	39.8332	-7.0913
448.0000	49.0000	22.8674	20.8148
448.0000	50.0000	39.8179	-7.4627
449.0000	49.0000	24.0101	20.5268
449.0000	50.0000	39.8189	-7.7484
450.0000	49.0000	25.5912	19.8163
450.0000	50.0000	39.7274	-8.7037
451.0000	49.0000	26.9738	19.3164
451.0000	50.0000	39.6836	-9.2702
452.0000	49.0000	28.2022	18.9813
452.0000	50.0000	39.6843	-9.5554
453.0000	49.0000	29.4547	18.6144
453.0000	50.0000	39.6846	-9.8657
454.0000	49.0000	31.0789	17.7637
454.0000	50.0000	39.5813	-10.7922
455.0000	49.0000	33.2166	16.1304
455.0000	50.0000	39.2313	-12.6118
456.0000	49.0000	35.3031	14.4991
456.0000	50.0000	38.8553	-14.2626
457.0000	49.0000	37.6371	12.3414
457.0000	50.0000	38.4251	-16.2965
458.0000	49.0000	39.4776	11.0715
458.0000	50.0000	38.2389	-17.2752
459.0000	49.0000	41.4832	9.2006
459.0000	50.0000	37.7808	-18.7104
460.0000	49.0000	43.5611	6.0389
460.0000	50.0000	36.6871	-21.0989
461.0000	49.0000	45.4558	2.2293
461.0000	50.0000	35.2386	-23.7232
462.0000	49.0000	46.9682	-1.7706
462.0000	50.0000	33.5895	-26.1914
463.0000	49.0000	48.1329	-5.4479
463.0000	50.0000	32.0296	-28.1854
464.0000	49.0000	48.9504	-10.0942
464.0000	50.0000	29.9749	-30.6025
465.0000	49.0000	49.2286	-15.3377
465.0000	50.0000	27.5005	-33.1219
466.0000	49.0000	49.3887	-18.8329
466.0000	50.0000	25.9622	-34.4443
467.0000	49.0000	49.6095	-22.0892
467.0000	50.0000	24.5550	-35.5191
468.0000	49.0000	49.6361	-25.2809
468.0000	50.0000	23.1357	-36.4660
469.0000	49.0000	49.8271	-27.8010
469.0000	50.0000	22.1560	-37.0487
470.0000	49.0000	50.2889	-29.6765
470.0000	50.0000	21.6436	-37.3389
471.0000	49.0000	49.4805	-33.5409
471.0000	50.0000	19.7249	-38.3317
472.0000	49.0000	48.4410	-37.4045
472.0000	50.0000	17.7855	-39.2259
473.0000	49.0000	47.5471	-40.7350
473.0000	50.0000	16.2195	-39.8552
474.0000	49.0000	46.8268	-43.6604
474.0000	50.0000	14.9611	-40.3045
475.0000	49.0000	46.3483	-46.2095
475.0000	50.0000	14.0120	-40.6104
476.0000	49.0000	46.2276	-48.3440
476.0000	50.0000	13.4233	-40.7858
477.0000	49.0000	46.4549	-50.1355
477.0000	50.0000	13.1430	-40.8659
478.0000	49.0000	46.9348	-51.7067
478.0000	50.0000	13.0650	-40.8880
479.0000	49.0000	47.7119	-53.0319
479.0000	50.0000	13.2048	-40.8484
480.0000	49.0000	48.8453	-54.0644
480.0000	50.0000	13.5882	-40.7383
481.0000	49.0000	50.4123	-54.7271
481.0000	50.0000	14.2540	-40.5374
482.0000	49.0000	52.4548	-54.9560
482.0000	50.0000	15.2169	-40.2247
483.0000	49.0000	54.9660	-54.7074
483.0000	50.0000	16.4612	-39.7790
484.0000	49.0000	57.9088	-53.9460
484.0000	50.0000	17.9557	-39.1796
485.0000	50.0000	16.2239	-39.9589
486.0000	50.0000	14.3586	-40.6159
487.0000	50.0000	11.8962	-41.3560
488.0000	50.0000	9.7323	-41.8374
489.0000	50.0000	7.5297	-42.1847
490.0000	50.0000	5.8730	-42.3550
491.0000	50.0000	4.5580	-42.4405
492.0000	50.0000	3.5830	-42.4744
493.0000	50.0000	2.9908	-42.4821
494.0000	50.0000	2.7148	-42.4828
495.0000	50.0000	2.6435	-42.4826
496.0000	50.0000	2.7858	-42.4834
497.0000	50.0000	3.2186	-42.4803
498.0000	50.0000	3.9540	-42.4662
499.0000	50.0000	5.0133	-42.4212
500.0000	50.0000	6.3709	-42.3217
501.0000	50.0000	8.0083	-42.1385
502.0000	50.0000	9.9032	-41.8385
503.0000	50.0000	12.0318	-41.3864
504.0000	50.0000	14.3692	-40.7442
505.0000	50.0000	16.8868	-39.8727
506.0000	50.0000	19.5507	-38.7323
507.0000	50.0000	22.3200	-37.2848
508.0000	50.0000	25.2889	-35.3874
509.0000	50.0000	27.3460	-33.8243
510.0000	50.0000	27.6925	-33.5419
511.0000	50.0000	27.8534	-33.4078
512.0000	50.0000	27.9845	-33.2965
513.0000	50.0000	28.1181	-33.1807
514.0000	50.0000	28.1919	-33.1294
515.0000	50.0000	28.2406	-33.1160
516.0000	50.0000	28.3244	-33.0881
517.0000	50.0000	28.4538	-33.0325
518.0000	50.0000	28.6453	-32.9252
519.0000	50.0000	28.9114	-32.7476
520.0000	50.0000	29.2432	-32.5125
521.0000	50.0000	29.6373	-32.2226
522.0000	50.0000	30.1541	-31.7966
523.0000	50.0000	30.8929	-31.1118
524.0000	50.0000	31.7545	-30.2553
525.0000	50.0000	32.7779	-29.1414
526.0000	50.0000	33.7290	-28.0401
527.0000	50.0000	34.7962	-26.6750
528.0000	50.0000	36.1939	-24.6078
529.0000	50.0000	37.6085	-22.1645
530.0000	50.0000	38.9516	-19.3807
531.0000	50.0000	40.1504	-16.2717
532.0000	50.0000	40.5750	-14.8987
533.0000	50.0000	41.0101	-13.3055
534.0000	50.0000	41.4601	-11.2896
535.0000	50.0000	41.8447	-8.9545
536.0000	50.0000	42.0244	-7.3170
537.0000	50.0000	42.0686	-6.7667
538.0000	50.0000	42.1008	-6.2565
539.0000	50.0000	42.1136	-5.9361
540.0000	50.0000	42.1132	-5.8876
541.0000	50.0000	42.1080	-5.9122
542.0000	50.0000	42.1040	-5.9360
543.0000	50.0000	42.1007	-5.9596
544.0000	50.0000	42.0968	-5.9892
545.0000	50.0000	42.0918	-6.0354
546.0000	50.0000	42.0863	-6.0934
547.0000	50.0000	42.0928	-5.9721
548.0000	50.0000	42.0963	-5.8207
549.0000	50.0000	42.0924	-5.7780
550.0000	50.0000	42.0872	-5.7744
551.0000	50.0000	42.0820	-5.7918
552.0000	50.0000	42.0778	-5.8135
553.0000	50.0000	42.0744	-5.8430
554.0000	50.0000	42.0710	-5.8838
555.0000	50.0000	42.0674	-5.9234
556.0000	50.0000	42.0639	-5.9397
557.0000	50.0000	42.0649	-5.8783
558.0000	50.0000	42.0664	-5.7871
559.0000	50.0000	42.0675	-5.7003
560.0000	50.0000	42.0686	-5.6192
561.0000	50.0000	42.0688	-5.5594
562.0000	50.0000	42.0698	-5.4981
563.0000	50.0000	42.0705	-5.4388
564.0000	50.0000	42.0704	-5.3933
565.0000	50.0000	42.0705	-5.3433
566.0000	50.0000	42.0704	-5.2957
567.0000	50.0000	42.0701	-5.2546
568.0000	50.0000	42.0705	-5.2134
569.0000	50.0000	42.0687	-5.1896
570.0000	50.0000	42.0661	-5.1721
571.0000	50.0000	42.0638	-5.1515
572.0000	50.0000	42.0605	-5.1568
573.0000	50.0000	42.0581	-5.1654
574.0000	50.0000	42.0559	-5.1749
575.0000	50.0000	42.0538	-5.1874
576.0000	50.0000	42.0517	-5.1957
577.0000	50.0000	42.0507	-5.1866
578.0000	50.0000	42.0527	-5.1211
579.0000	50.0000	42.0543	-5.0504
580.0000	50.0000	42.0558	-4.9754
581.0000	50.0000	42.0570	-4.8994
582.0000	50.0000	42.0586	-4.8174
583.0000	50.0000	42.0609	-4.6628
584.0000	50.0000	42.0637	-4.5462
585.0000	50.0000	42.0643	-4.4749
586.0000	50.0000	42.0652	-4.4063
587.0000	50.0000	42.0659	-4.3454
588.0000	50.0000	42.0680	-4.2551
589.0000	50.0000	42.0692	-4.1728
590.0000	50.0000	42.0693	-4.1070
591.0000	50.0000	42.0688	-4.0504
592.0000	50.0000	42.0681	-4.0125
593.0000	50.0000	42.0662	-4.0063
594.0000	50.0000	42.0643	-3.9999
595.0000	50.0000	42.0632	-3.9920
596.0000	50.0000	42.0618	-3.9871
597.0000	50.0000	42.0611	-3.9542
598.0000	50.0000	42.0592	-3.9080
599.0000	50.0000	42.0558	-3.8921
600.0000	50.0000	42.0526	-3.8529
601.0000	50.0000	42.0495	-3.8143
602.0000	50.0000	42.0462	-3.7735
603.0000	50.0000	42.0423	-3.7462
604.0000	50.0000	42.0388	-3.7380
605.0000	50.0000	42.0363	-3.7314
606.0000	50.0000	42.0362	-3.6734
607.0000	50.0000	42.0333	-3.6405
608.0000	50.0000	42.0292	-3.6384
609.0000	50.0000	42.0258	-3.6429
610.0000	50.0000	42.0246	-3.6238
611.0000	50.0000	42.0245	-3.5726
612.0000	50.0000	42.0221	-3.5110
613.0000	50.0000	42.0175	-3.5053
614.0000	50.0000	42.0130	-3.5152
615.0000	50.0000	42.0107	-3.5031
616.0000	50.0000	42.0097	-3.4821
617.0000	50.0000	42.0090	-3.4597
618.0000	50.0000	42.0075	-3.4434
619.0000	50.0000	42.0069	-3.3946
620.0000	50.0000	42.0060	-3.3200
621.0000	50.0000	42.0035	-3.2685
622.0000	50.0000	42.0007	-3.2391
623.0000	50.0000	41.9982	-3.2073
624.0000	50.0000	41.9961	-3.1726
625.0000	50.0000	41.9944	-3.1246
626.0000	50.0000	41.9920	-3.0822
627.0000	50.0000	41.9896	-3.0467
628.0000	50.0000	41.9871	-3.0072
629.0000	50.0000	41.9844	-2.9690
630.0000	50.0000	41.9816	-2.9255
631.0000	50.0000	41.9787	-2.8751
632.0000	50.0000	41.9758	-2.8314
633.0000	50.0000	41.9729	-2.7955
634.0000	50.0000	41.9700	-2.7541
635.0000	50.0000	41.9671	-2.7253
636.0000	50.0000	41.9653	-2.6825
637.0000	50.0000	41.9637	-2.6425
638.0000	50.0000	41.9628	-2.6373
639.0000	50.0000	41.9617	-2.6393
640.0000	50.0000	41.9599	-2.6214
641.0000	50.0000	41.9574	-2.5854
642.0000	50.0000	41.9543	-2.5405
643.0000	50.0000	41.9512	-2.4871
644.0000	50.0000	41.9478	-2.4250
645.0000	50.0000	41.9441	-2.3630
646.0000	50.0000	41.9417	-2.3297
647.0000	50.0000	41.9404	-2.3120
648.0000	50.0000	41.9394	-2.3175
649.0000	50.0000	41.9377	-2.3073
650.0000	50.0000	41.9354	-2.2731
651.0000	50.0000	41.9339	-2.2473
652.0000	50.0000	41.9323	-2.2281
653.0000	50.0000	41.9300	-2.2007
654.0000	50.0000	41.9284	-2.1875
655.0000	50.0000	41.9255	-2.1510
656.0000	50.0000	41.9197	-2.0659
657.0000	50.0000	41.9081	-2.0241
658.0000	50.0000	41.9081	-2.0452
659.0000	50.0000	41.9021	-1.9822
660.0000	50.0000	41.8919	-1.8442
661.0000	50.0000	41.8752	-1.5968
662.0000	50.0000	41.8778	-0.9445
663.0000	50.0000	41.8517	-0.2993
664.0000	50.0000	41.8389	-0.6886
665.0000	50.0000	41.8256	-0.5754
666.0000	50.0000	41.8070	-0.4794
667.0000	50.0000	41.7999	-0.6487
668.0000	50.0000	41.8096	-0.8537
669.0000	50.0000	41.8194	-1.1037
670.0000	50.0000	41.8280	-1.3666
671.0000	50.0000	41.8342	-1.6063
672.0000	50.0000	41.8385	-1.7979
673.0000	50.0000	41.8386	-1.8766
674.0000	50.0000	41.8319	-1.8544
675.0000	50.0000	41.8270	-1.8079
676.0000	50.0000	41.8223	-1.7722
677.0000	50.0000	41.8188	-1.7435
678.0000	50.0000	41.8166	-1.7085
679.0000	50.0000	41.8175	-1.7108
680.0000	50.0000	41.8148	-1.6922
681.0000	50.0000	41.8115	-1.6549
682.0000	50.0000	41.8080	-1.6071
683.0000	50.0000	41.8046	-1.5377
684.0000	50.0000	41.8013	-1.4829
685.0000	50.0000	41.7972	-1.4330
686.0000	50.0000	41.7930	-1.3947
687.0000	50.0000	41.7894	-1.3527
688.0000	50.0000	41.7858	-1.3068
689.0000	50.0000	41.7818	-1.2661
690.0000	50.0000	41.7792	-1.2400
691.0000	50.0000	41.7771	-1.2259
692.0000	50.0000	41.7741	-1.1978
693.0000	50.0000	41.7703	-1.1696
694.0000	50.0000	41.7664	-1.1364
695.0000	50.0000	41.7626	-1.0985
696.0000	50.0000	41.7599	-1.0558
697.0000	50.0000	41.7579	-1.0414
698.0000	50.0000	41.7557	-1.0446
699.0000	50.0000	41.7541	-1.0593
700.0000	50.0000	41.7524	-1.0821
701.0000	50.0000	41.7491	-1.0820
702.0000	50.0000	41.7454	-1.0626
703.0000	50.0000	41.7408	-1.0309
704.0000	50.0000	41.7365	-1.0161
705.0000	50.0000	41.7339	-0.9926
706.0000	50.0000	41.7303	-0.9648
707.0000	50.0000	41.7256	-0.9229
708.0000	50.0000	41.7204	-0.8846
709.0000	50.0000	41.7152	-0.8438
710.0000	50.0000	41.7100	-0.8044
711.0000	50.0000	41.7048	-0.7623
712.0000	50.0000	41.7012	-0.6970
713.0000	50.0000	41.6975	-0.6512
714.0000	50.0000	41.6924	-0.6076
715.0000	50.0000	41.6874	-0.5652
716.0000	50.0000	41.6824	-0.5040
717.0000	50.0000	41.6805	-0.4816
718.0000	50.0000	41.6809	-0.5057
719.0000	50.0000	41.6804	-0.5198
720.0000	50.0000	41.6808	-0.5577
721.0000	50.0000	41.6797	-0.5809
722.0000	50.0000	41.6759	-0.5403
723.0000	50.0000	41.6716	-0.5135
724.0000	50.0000	41.6670	-0.4939
725.0000	50.0000	41.6612	-0.4557
726.0000	50.0000	41.6547	-0.4144
727.0000	50.0000	41.6498	-0.3619
728.0000	50.0000	41.6433	-0.3065
729.0000	50.0000	41.6367	-0.2566
730.0000	50.0000	41.6314	-0.1881
731.0000	50.0000	41.6261	-0.1001
732.0000	50.0000	41.6206	-0.0434
733.0000	50.0000	41.6161	0.0120
734.0000	50.0000	41.6126	0.0558
735.0000	50.0000	41.6085	0.1145
736.0000	50.0000	41.6036	0.1756
737.0000	50.0000	41.5988	0.2310
738.0000	50.0000	41.5936	0.2922
739.0000	50.0000	41.5884	0.3649
740.0000	50.0000	41.5819	0.4438
741.0000	50.0000	41.5740	0.5151
742.0000	50.0000	41.5684	0.5686
743.0000	50.0000	41.5632	0.6274
744.0000	50.0000	41.5579	0.6909
745.0000	50.0000	41.5532	0.7439
746.0000	50.0000	41.5469	0.8188
747.0000	50.0000	41.5411	0.8807
748.0000	50.0000	41.5351	0.9442
749.0000	50.0000	41.5292	1.0074
750.0000	50.0000	41.5223	1.0813
751.0000	50.0000	41.5155	1.1494
752.0000	50.0000	41.5084	1.2088
753.0000	50.0000	41.4998	1.2863
754.0000	50.0000	41.4914	1.3622
755.0000	50.0000	41.4831	1.4396
756.0000	50.0000	41.4763	1.5016
757.0000	50.0000	41.4695	1.5633
758.0000	50.0000	41.4639	1.6148
759.0000	50.0000	41.4573	1.6821
760.0000	50.0000	41.4484	1.7787
761.0000	50.0000	41.4372	1.8747
762.0000	50.0000	41.4244	1.9811
763.0000	50.0000	41.4142	2.0703
764.0000	50.0000	41.4051	2.1494
765.0000	50.0000	41.3968	2.2167
766.0000	50.0000	41.3886	2.2853
767.0000	50.0000	41.3779	2.3775
768.0000	50.0000	41.3682	2.4619
769.0000	50.0000	41.3580	2.5442
770.0000	50.0000	41.3465	2.6371
771.0000	50.0000	41.3347	2.7313
772.0000	50.0000	41.3237	2.8212
773.0000	50.0000	41.3143	2.8896
774.0000	50.0000	41.3033	2.9744
775.0000	50.0000	41.2928	3.0509
776.0000	50.0000	41.2822	3.1240
777.0000	50.0000	41.2726	3.1929
778.0000	50.0000	41.2626	3.2586
779.0000	50.0000	41.2512	3.3349
780.0000	50.0000	41.2386	3.4210
781.0000	50.0000	41.2272	3.4945
782.0000	50.0000	41.2139	3.5817
783.0000	50.0000	41.2064	3.6301
784.0000	50.0000	41.0663	4.7351
785.0000	50.0000	40.9797	5.3898
786.0000	50.0000	40.9507	5.5909
787.0000	50.0000	40.9370	5.6530
788.0000	50.0000	40.9266	5.6995
789.0000	50.0000	40.9184	5.7414
790.0000	50.0000	40.9097	5.7817
791.0000	50.0000	40.9007	5.8273
792.0000	50.0000	40.8854	5.8973
793.0000	50.0000	40.8684	5.9738
794.0000	50.0000	40.8571	6.0275
795.0000	50.0000	40.8431	6.0931
796.0000	50.0000	40.8240	6.1809
797.0000	50.0000	40.8078	6.2545
798.0000	50.0000	40.7903	6.3348
799.0000	50.0000	40.6155	7.2540
800.0000	50.0000	40.6679	7.1191
801.0000	50.0000	40.7213	6.9406
802.0000	50.0000	40.7564	6.8326
803.0000	50.0000	40.7954	6.7159
804.0000	50.0000	40.8142	6.6397
805.0000	50.0000	40.7934	6.7243
806.0000	50.0000	40.7908	6.7873
807.0000	50.0000	40.7870	6.8345
808.0000	50.0000	40.7753	6.8953
809.0000	50.0000	40.7509	7.0081
810.0000	50.0000	40.7321	7.0967
811.0000	50.0000	40.7066	7.2071
812.0000	50.0000	40.6854	7.3065
813.0000	50.0000	40.6671	7.3900
814.0000	50.0000	40.6480	7.4759
815.0000	50.0000	40.6343	7.5517
816.0000	50.0000	40.6200	7.6228
817.0000	50.0000	40.6035	7.6977
818.0000	50.0000	40.5772	7.8170
819.0000	50.0000	40.5533	7.9312
820.0000	50.0000	40.5340	8.0271
821.0000	50.0000	40.5150	8.1221
822.0000	50.0000	40.4946	8.2247
823.0000	50.0000	40.4729	8.3333
824.0000	50.0000	40.4506	8.4445
825.0000	50.0000	40.4326	8.5348
826.0000	50.0000	40.4200	8.6004
827.0000	50.0000	40.4078	8.6636
828.0000	50.0000	40.3958	8.7243
829.0000	50.0000	40.3840	8.7830
830.0000	50.0000	40.3685	8.8562
831.0000	50.0000	40.3462	8.9568
832.0000	50.0000	40.3213	9.0664
833.0000	50.0000	40.2892	9.2007
834.0000	50.0000	40.2543	9.3457
835.0000	50.0000	40.2182	9.4963
836.0000	50.0000	40.1843	9.6413
837.0000	50.0000	40.1469	9.7958
838.0000	50.0000	40.1093	9.9515
839.0000	50.0000	40.0725	10.1001
840.0000	50.0000	40.0244	10.2898
841.0000	50.0000	39.9836	10.4496
842.0000	50.0000	39.9418	10.6090
843.0000	50.0000	39.8873	10.8127
844.0000	50.0000	39.8405	10.9853
845.0000	50.0000	39.7989	11.1318
846.0000	50.0000	39.7581	11.2693
847.0000	50.0000	39.7169	11.4102
848.0000	50.0000	39.6465	11.6438
849.0000	50.0000	39.5812	11.8489
850.0000	50.0000	39.4921	12.1088
851.0000	50.0000	39.4439	12.2746
852.0000	50.0000	39.5300	12.0329
853.0000	50.0000	39.5484	11.9687
854.0000	50.0000	39.5554	11.9406
855.0000	50.0000	39.5609	11.9174
856.0000	50.0000	39.5439	11.9691
857.0000	50.0000	39.4214	12.3497
858.0000	50.0000	39.2862	12.7377
859.0000	50.0000	39.1407	13.1421
860.0000	50.0000	38.9947	13.5463
861.0000	50.0000	38.8345	13.9852
862.0000	50.0000	38.6310	14.5045
863.0000	50.0000	38.3680	15.1422
864.0000	50.0000	38.0370	15.9192
865.0000	50.0000	37.5499	17.0022
866.0000	50.0000	36.8002	18.5089
867.0000	50.0000	35.7235	20.4271
868.0000	50.0000	34.5784	22.2188
869.0000	50.0000	33.6758	23.4728
870.0000	50.0000	32.8988	24.5093
871.0000	50.0000	32.1942	25.4147
872.0000	50.0000	31.5174	26.2350
873.0000	50.0000	30.8717	26.9854
874.0000	50.0000	30.1866	27.7482
875.0000	50.0000	29.3390	28.6286
876.0000	50.0000	28.7141	29.2374
877.0000	50.0000	28.5792	29.3620
878.0000	50.0000	28.6329	29.3094
879.0000	50.0000	28.7796	29.1679
880.0000	50.0000	29.0168	28.9372
881.0000	50.0000	29.3126	28.6457
882.0000	50.0000	29.6943	28.2622
883.0000	50.0000	30.1322	27.8114
884.0000	50.0000	30.5495	27.3702
885.0000	50.0000	30.9417	26.9456
886.0000	50.0000	31.3398	26.5036
887.0000	50.0000	31.6776	26.1252
888.0000	50.0000	31.9128	25.8504
889.0000	50.0000	32.0086	25.7535
890.0000	50.0000	32.1766	25.5818
891.0000	50.0000	32.2733	25.4980
892.0000	50.0000	32.3687	25.4205
893.0000	50.0000	32.4571	25.3534
894.0000	50.0000	32.5592	25.2729
895.0000	50.0000	32.6810	25.1714
896.0000	50.0000	33.0587	24.7594
897.0000	50.0000	33.2353	24.6015
898.0000	50.0000	33.0406	24.8992
899.0000	50.0000	31.8351	26.2939
900.0000	50.0000	31.2702	26.9310
901.0000	50.0000	30.9162	27.3248
902.0000	50.0000	30.5680	27.7047
903.0000	50.0000	30.1888	28.1068
904.0000	50.0000	29.7455	28.5615
905.0000	50.0000	29.2581	29.0458
906.0000	50.0000	28.7135	29.5678
907.0000	50.0000	28.1358	30.1015
908.0000	50.0000	27.5618	30.6127
909.0000	50.0000	26.9573	31.1321
910.0000	50.0000	26.2960	31.6770
911.0000	50.0000	25.6353	32.1999
912.0000	50.0000	25.0505	32.6453
913.0000	50.0000	24.4918	33.0572
914.0000	50.0000	23.9882	33.4173
915.0000	50.0000	23.5380	33.7284
916.0000	50.0000	23.2509	33.9217
917.0000	50.0000	23.1252	34.0029
918.0000	50.0000	22.9907	34.0899
919.0000	50.0000	22.8262	34.1978
920.0000	50.0000	22.8608	34.1740
921.0000	50.0000	23.1429	33.9820
922.0000	50.0000	23.6552	33.6228
923.0000	50.0000	24.4889	33.0157
924.0000	50.0000	25.6151	32.1490
925.0000	50.0000	26.7514	31.2069
926.0000	50.0000	27.6453	30.4159
927.0000	50.0000	28.4729	29.6354
928.0000	50.0000	29.1829	28.9314
929.0000	50.0000	29.8572	28.2332
930.0000	50.0000	30.1412	27.8877
931.0000	50.0000	30.8009	27.1767
932.0000	50.0000	31.2612	26.6596
933.0000	50.0000	31.6635	26.1900
934.0000	50.0000	32.1171	25.6471
935.0000	50.0000	32.7229	24.9115
936.0000	50.0000	33.3338	24.1368
937.0000	50.0000	33.7427	23.6023
938.0000	50.0000	33.6977	23.6603
939.0000	50.0000	33.6556	23.7113
940.0000	50.0000	33.6302	23.7398
941.0000	50.0000	33.6098	23.7627
942.0000	50.0000	33.5938	23.7811
943.0000	50.0000	33.5789	23.7996
944.0000	50.0000	33.5654	23.8169
945.0000	50.0000	33.5572	23.8275
946.0000	50.0000	33.5494	23.8377
947.0000	50.0000	33.5412	23.8490
948.0000	50.0000	33.5332	23.8601
949.0000	50.0000	33.5195	23.8785
950.0000	50.0000	33.5104	23.8913
951.0000	50.0000	33.5046	23.8987
952.0000	50.0000	33.4964	23.9097
953.0000	50.0000	33.4892	23.9197
954.0000	50.0000	33.4827	23.9285
955.0000	50.0000	33.4742	23.9405
956.0000	50.0000	33.4656	23.9523
957.0000	50.0000	33.4546	23.9668
958.0000	50.0000	33.4497	23.9729
959.0000	50.0000	33.4407	23.9847
960.0000	50.0000	33.2667	24.2477
961.0000	50.0000	32.4389	25.3536
962.0000	50.0000	31.8042	26.1758
963.0000	50.0000	31.3668	26.3872
964.0000	50.0000	27.9781	28.4300
965.0000	50.0000	25.1641	31.6284
966.0000	50.0000	22.6389	33.6720
967.0000	50.0000	20.6089	35.2023
968.0000	50.0000	19.7170	36.0335
969.0000	50.0000	19.2663	36.3608
970.0000	50.0000	19.0316	36.4548
971.0000	50.0000	18.3930	36.6558
972.0000	50.0000	18.1186	36.7514
973.0000	50.0000	18.1830	36.5662
974.0000	50.0000	18.0301	36.1774
975.0000	50.0000	17.6340	35.8132
976.0000	50.0000	16.9960	35.3572
977.0000	50.0000	16.5975	34.7655
978.0000	50.0000	16.1139	33.9045
979.0000	50.0000	15.4856	32.7283
980.0000	50.0000	14.4760	31.0851
981.0000	50.0000	12.8348	28.7898
982.0000	50.0000	10.4006	25.5354
983.0000	50.0000	6.8504	20.9595
984.0000	49.0000	66.6073	29.5095
984.0000	50.0000	1.9362	14.9413
985.0000	49.0000	50.1905	2.1749
985.0000	50.0000	-1.8246	8.7946
986.0000	49.0000	53.4835	-16.2820
986.0000	50.0000	-1.0595	4.9414
987.0000	49.0000	56.1669	-34.7411
987.0000	50.0000	-0.4085	1.0016
988.0000	49.0000	54.5705	-52.7793
988.0000	50.0000	-0.5262	-2.6905
989.0000	50.0000	-1.7095	-5.8596
990.0000	50.0000	-2.9755	-8.9861
991.0000	50.0000	-4.5122	-12.0871
992.0000	50.0000	-0.6249	-16.3043
993.0000	50.0000	1.5966	-20.9077
994.0000	50.0000	3.0606	-25.4622
995.0000	50.0000	2.5879	-29.9911
996.0000	50.0000	-1.2222	-33.8933
997.0000	50.0000	-5.5945	-36.2566
998.0000	50.0000	-5.5117	-36.2463
999.0000	50.0000	-5.0785	-36.3167
