0.0000	17.0000	69.3073	-2.1824
0.0000	151.0000	59.4770	29.1024
0.0000	215.0000	-0.0008	38.4818
1.0000	17.0000	69.2963	-1.7423
1.0000	151.0000	59.4766	28.9026
1.0000	215.0000	-0.0014	38.2807
2.0000	17.0000	69.2872	-1.2448
2.0000	151.0000	59.4762	28.6775
2.0000	215.0000	-0.0020	38.1276
3.0000	17.0000	69.2728	-0.7071
3.0000	151.0000	59.4758	28.4299
3.0000	215.0000	-0.0028	38.0396
4.0000	17.0000	69.2570	-0.1421
4.0000	151.0000	59.4754	28.1614
4.0000	215.0000	-0.0035	37.9983
5.0000	17.0000	69.2412	0.4415
5.0000	151.0000	59.4751	27.8726
5.0000	215.0000	-0.0041	37.9921
6.0000	17.0000	69.2249	1.0372
6.0000	151.0000	59.4747	27.5643
6.0000	215.0000	-0.0047	38.0137
7.0000	17.0000	69.2080	1.6403
7.0000	151.0000	59.4743	27.2374
7.0000	215.0000	-0.0052	38.0594
8.0000	17.0000	69.1907	2.2475
8.0000	151.0000	59.4739	26.8929
8.0000	215.0000	-0.0056	38.1247
9.0000	17.0000	69.1731	2.8563
9.0000	151.0000	59.4735	26.5318
9.0000	215.0000	-0.0062	38.1526
10.0000	17.0000	69.1552	3.4650
10.0000	151.0000	59.4732	26.1549
10.0000	215.0000	-0.0067	38.0602
11.0000	17.0000	69.1384	3.9961
11.0000	151.0000	59.4729	25.7631
11.0000	215.0000	-0.0073	37.9365
12.0000	17.0000	69.1257	4.2905
12.0000	151.0000	59.4726	25.3568
12.0000	215.0000	-0.0078	37.7045
13.0000	17.0000	69.1144	4.4933
13.0000	151.0000	59.4724	24.9433
13.0000	215.0000	-0.0081	37.5197
14.0000	17.0000	69.1082	4.4243
14.0000	151.0000	59.4724	24.5300
14.0000	215.0000	-0.0083	37.3666
15.0000	17.0000	69.1071	4.0741
15.0000	151.0000	59.4724	24.1171
15.0000	215.0000	-0.0094	37.2254
16.0000	17.0000	69.1071	3.6677
16.0000	151.0000	59.4724	23.7047
16.0000	215.0000	-0.0099	37.0962
17.0000	17.0000	69.1071	3.2609
17.0000	151.0000	59.4724	23.2926
17.0000	215.0000	-0.0101	36.9787
18.0000	17.0000	69.1070	2.8434
18.0000	151.0000	59.4722	22.8719
18.0000	215.0000	-0.0104	36.8623
19.0000	17.0000	69.1068	2.4049
19.0000	151.0000	59.4718	22.4315
19.0000	215.0000	-0.0112	36.7438
20.0000	17.0000	69.1067	1.9482
20.0000	151.0000	59.4715	21.9739
20.0000	215.0000	-0.0130	36.6396
21.0000	17.0000	69.1067	1.4756
21.0000	151.0000	59.4564	21.5004
21.0000	215.0000	-0.0149	36.5544
22.0000	17.0000	69.1066	0.9940
22.0000	151.0000	59.4086	21.0177
22.0000	215.0000	-0.0158	36.4990
23.0000	17.0000	69.1067	0.5362
23.0000	151.0000	59.3190	20.5589
23.0000	215.0000	-0.0152	36.5116
24.0000	17.0000	69.1068	0.1235
24.0000	151.0000	59.1788	20.1445
24.0000	215.0000	-0.0142	36.6109
25.0000	17.0000	69.1068	-0.2708
25.0000	151.0000	58.9854	19.7472
25.0000	215.0000	-0.0142	36.7573
26.0000	17.0000	69.1068	-0.6627
26.0000	151.0000	58.7387	19.3513
26.0000	215.0000	-0.0148	36.9280
27.0000	17.0000	69.1068	-1.0537
27.0000	151.0000	58.4407	18.9558
27.0000	215.0000	-0.0157	37.1178
28.0000	17.0000	69.1068	-1.4142
28.0000	151.0000	58.0989	18.5904
28.0000	215.0000	-0.0158	37.3567
29.0000	17.0000	69.1068	-1.7154
29.0000	151.0000	57.7228	18.2834
29.0000	215.0000	-0.0161	37.6710
30.0000	17.0000	69.1068	-1.9469
30.0000	151.0000	57.3196	18.0448
30.0000	215.0000	-0.0166	38.0666
31.0000	17.0000	69.1068	-2.1435
31.0000	151.0000	56.8931	17.8411
31.0000	215.0000	-0.0182	38.5035
32.0000	17.0000	69.1068	-2.3006
32.0000	151.0000	56.4473	17.6775
32.0000	215.0000	-0.0198	38.9894
33.0000	17.0000	69.1067	-2.3915
33.0000	151.0000	55.9855	17.5796
33.0000	215.0000	-0.0213	39.5523
34.0000	17.0000	69.1067	-2.4176
34.0000	151.0000	55.5110	17.5462
34.0000	215.0000	-0.0232	40.1876
35.0000	17.0000	69.1067	-2.4172
35.0000	151.0000	55.0259	17.5405
35.0000	215.0000	-0.0264	40.8559
36.0000	17.0000	69.1067	-2.4162
36.0000	151.0000	54.5322	17.5367
36.0000	215.0000	-0.0306	41.5301
37.0000	17.0000	69.1067	-2.4146
37.0000	151.0000	54.0314	17.5334
37.0000	215.0000	-0.0361	42.2096
38.0000	17.0000	69.1068	-2.4127
38.0000	151.0000	53.5249	17.5294
38.0000	215.0000	-0.0428	42.8968
39.0000	17.0000	69.1068	-2.4109
39.0000	151.0000	53.0135	17.5243
39.0000	215.0000	-0.0504	43.5898
40.0000	17.0000	69.1068	-2.4097
40.0000	151.0000	52.4970	17.5179
40.0000	215.0000	-0.0588	44.2802
41.0000	17.0000	69.1068	-2.4089
41.0000	151.0000	51.9751	17.5110
41.0000	215.0000	-0.0671	44.9194
42.0000	17.0000	69.1068	-2.4086
42.0000	151.0000	51.4501	17.5036
42.0000	215.0000	-0.0745	45.4166
43.0000	17.0000	69.1068	-2.4089
43.0000	151.0000	50.9240	17.4960
43.0000	215.0000	-0.0821	45.8667
44.0000	17.0000	69.1068	-2.4095
44.0000	151.0000	50.3965	17.4881
44.0000	215.0000	-0.0884	46.1883
45.0000	17.0000	69.1068	-2.4102
45.0000	151.0000	49.8673	17.4800
45.0000	215.0000	-0.0963	46.5348
46.0000	17.0000	69.1068	-2.4110
46.0000	151.0000	49.3368	17.4718
46.0000	215.0000	-0.1030	46.8599
47.0000	17.0000	69.1068	-2.4116
47.0000	151.0000	48.8054	17.4635
47.0000	215.0000	-0.1095	47.0736
48.0000	17.0000	69.1069	-2.4120
48.0000	151.0000	48.2734	17.4555
48.0000	215.0000	-0.1145	47.2673
49.0000	17.0000	69.1069	-2.4122
49.0000	151.0000	47.7407	17.4477
49.0000	215.0000	-0.1167	47.3590
50.0000	17.0000	69.1069	-2.4122
50.0000	151.0000	47.2075	17.4401
50.0000	215.0000	-0.1214	47.5041
51.0000	17.0000	69.1069	-2.4121
51.0000	151.0000	46.6739	17.4327
51.0000	215.0000	-0.1282	47.7082
52.0000	17.0000	69.1069	-2.4118
52.0000	151.0000	46.1399	17.4253
52.0000	215.0000	-0.1367	47.9697
53.0000	17.0000	69.1069	-2.4115
53.0000	151.0000	45.6057	17.4181
53.0000	215.0000	-0.1456	48.2876
54.0000	17.0000	69.1069	-2.4113
54.0000	151.0000	45.0711	17.4107
54.0000	215.0000	-0.1561	48.6551
55.0000	17.0000	69.1068	-2.4111
55.0000	151.0000	44.5364	17.4033
55.0000	215.0000	-0.1679	49.0459
56.0000	17.0000	69.1068	-2.4110
56.0000	151.0000	44.0016	17.3958
56.0000	215.0000	-0.1807	49.4612
57.0000	17.0000	69.1068	-2.4110
57.0000	151.0000	43.4666	17.3881
57.0000	215.0000	-0.1944	49.9008
58.0000	17.0000	69.1068	-2.4110
58.0000	151.0000	42.9315	17.3805
58.0000	215.0000	-0.2088	50.3628
59.0000	17.0000	69.1068	-2.4109
59.0000	151.0000	42.3962	17.3729
59.0000	215.0000	-0.2240	50.8493
60.0000	17.0000	69.1068	-2.4112
60.0000	151.0000	41.8609	17.3650
60.0000	215.0000	-0.2404	51.3675
61.0000	17.0000	69.1068	-2.4114
61.0000	151.0000	41.3255	17.3572
61.0000	215.0000	-0.2580	51.9181
62.0000	17.0000	69.1068	-2.4114
62.0000	151.0000	40.7900	17.3494
62.0000	215.0000	-0.2766	52.4975
63.0000	17.0000	69.1068	-2.4115
63.0000	151.0000	40.2545	17.3418
63.0000	215.0000	-0.2946	53.0526
64.0000	17.0000	69.1068	-2.4114
64.0000	151.0000	39.7188	17.3342
64.0000	215.0000	-0.3090	53.4837
65.0000	17.0000	69.1068	-2.4116
65.0000	151.0000	39.1832	17.3263
65.0000	215.0000	-0.3247	53.9343
66.0000	17.0000	69.1068	-2.4118
66.0000	151.0000	38.6475	17.3185
66.0000	215.0000	-0.3414	54.4205
67.0000	17.0000	69.1068	-2.4119
67.0000	151.0000	38.1117	17.3107
67.0000	215.0000	-0.3592	54.9391
68.0000	17.0000	69.1068	-2.4119
68.0000	151.0000	37.6705	17.3045
68.0000	215.0000	-0.3781	55.4863
69.0000	17.0000	69.1068	-2.4119
69.0000	151.0000	37.4585	17.3015
69.0000	215.0000	-0.3980	56.0574
70.0000	17.0000	69.1068	-2.4119
70.0000	151.0000	37.2047	17.2979
70.0000	215.0000	-0.4188	56.6486
71.0000	17.0000	69.1068	-2.4119
71.0000	151.0000	36.9864	17.2948
71.0000	215.0000	-0.4403	57.2606
72.0000	17.0000	69.1068	-2.4119
72.0000	151.0000	36.9421	17.2942
72.0000	215.0000	-0.4626	57.8900
73.0000	17.0000	69.1069	-2.4119
73.0000	151.0000	36.8005	17.2922
73.0000	215.0000	-0.4836	58.4849
74.0000	17.0000	69.1068	-2.4118
74.0000	151.0000	36.6733	17.2905
74.0000	215.0000	-0.4968	58.8562
75.0000	17.0000	69.1068	-2.4122
75.0000	151.0000	36.6612	17.2900
75.0000	215.0000	-0.5000	58.9561
76.0000	17.0000	69.1068	-2.4122
76.0000	151.0000	36.5459	17.2884
76.0000	215.0000	-0.5003	58.9589
77.0000	17.0000	69.1068	-2.4122
77.0000	151.0000	36.4460	17.2869
77.0000	215.0000	-0.5004	58.9612
78.0000	17.0000	69.1068	-2.4122
78.0000	151.0000	36.4348	17.2868
78.0000	215.0000	-0.5005	58.9627
79.0000	17.0000	69.1068	-2.4121
79.0000	151.0000	36.3284	17.2854
79.0000	215.0000	-0.5006	58.9637
80.0000	17.0000	69.1068	-2.4123
80.0000	151.0000	36.2520	17.2841
80.0000	215.0000	-0.5006	58.9639
81.0000	17.0000	69.1068	-2.4123
81.0000	151.0000	36.2425	17.2840
81.0000	215.0000	-0.5006	58.9642
82.0000	17.0000	69.1068	-2.4123
82.0000	151.0000	36.1524	17.2827
82.0000	215.0000	-0.5006	58.9643
83.0000	17.0000	69.1068	-2.4123
83.0000	151.0000	36.0917	17.2818
83.0000	215.0000	-0.5006	58.9642
84.0000	17.0000	69.1068	-2.4123
84.0000	151.0000	36.0825	17.2817
84.0000	215.0000	-0.5006	58.9641
85.0000	17.0000	69.1068	-2.4123
85.0000	151.0000	35.9965	17.2805
85.0000	215.0000	-0.5006	58.9641
86.0000	17.0000	69.1068	-2.4123
86.0000	151.0000	35.9384	17.2797
86.0000	215.0000	-0.5006	58.9640
87.0000	17.0000	69.1068	-2.4123
87.0000	151.0000	35.9292	17.2796
87.0000	215.0000	-0.5006	58.9640
88.0000	17.0000	69.1068	-2.4123
88.0000	151.0000	35.8433	17.2784
88.0000	215.0000	-0.5006	58.9640
89.0000	17.0000	69.1068	-2.4123
89.0000	151.0000	35.7854	17.2776
89.0000	215.0000	-0.5006	58.9640
90.0000	17.0000	69.1068	-2.4123
90.0000	151.0000	35.7762	17.2774
90.0000	215.0000	-0.5006	58.9640
91.0000	17.0000	69.1068	-2.4123
91.0000	151.0000	35.6902	17.2762
91.0000	215.0000	-0.5006	58.9640
92.0000	17.0000	69.1068	-2.4123
92.0000	151.0000	35.6320	17.2754
92.0000	215.0000	-0.5006	58.9641
93.0000	17.0000	69.1068	-2.4123
93.0000	151.0000	35.6229	17.2753
93.0000	215.0000	-0.5006	58.9641
94.0000	17.0000	69.1068	-2.4123
94.0000	151.0000	35.5364	17.2741
94.0000	215.0000	-0.5006	58.9641
95.0000	17.0000	69.1068	-2.4122
95.0000	151.0000	35.4781	17.2733
95.0000	215.0000	-0.5006	58.9642
96.0000	17.0000	69.1068	-2.4125
96.0000	151.0000	35.4690	17.2729
96.0000	215.0000	-0.5006	58.9638
97.0000	17.0000	69.1068	-2.4125
97.0000	151.0000	35.3815	17.2717
97.0000	215.0000	-0.5006	58.9639
98.0000	17.0000	69.1068	-2.4125
98.0000	151.0000	35.3209	17.2709
98.0000	215.0000	-0.5006	58.9639
99.0000	17.0000	69.1068	-2.4125
99.0000	151.0000	35.3108	17.2707
99.0000	215.0000	-0.5006	58.9639
100.0000	17.0000	69.1068	-2.4125
100.0000	151.0000	35.2208	17.2695
100.0000	215.0000	-0.5006	58.9639
101.0000	17.0000	69.1068	-2.4125
101.0000	151.0000	35.1603	17.2686
101.0000	215.0000	-0.5006	58.9639
102.0000	17.0000	69.1068	-2.4125
102.0000	151.0000	35.1511	17.2685
102.0000	215.0000	-0.5006	58.9639
103.0000	17.0000	69.1068	-2.4125
103.0000	151.0000	35.0645	17.2673
103.0000	215.0000	-0.5006	58.9639
104.0000	17.0000	69.1068	-2.4125
104.0000	151.0000	35.0046	17.2665
104.0000	215.0000	-0.5006	58.9639
105.0000	17.0000	69.1068	-2.4125
105.0000	151.0000	34.9950	17.2663
105.0000	215.0000	-0.5006	58.9639
106.0000	17.0000	69.1068	-2.4125
106.0000	151.0000	34.9070	17.2651
106.0000	215.0000	-0.5006	58.9639
107.0000	17.0000	69.1068	-2.4125
107.0000	151.0000	34.8480	17.2643
107.0000	215.0000	-0.5006	58.9639
108.0000	17.0000	69.1068	-2.4125
108.0000	151.0000	34.8390	17.2642
108.0000	215.0000	-0.5006	58.9639
109.0000	17.0000	69.1068	-2.4125
109.0000	151.0000	34.7535	17.2630
109.0000	215.0000	-0.5006	58.9639
110.0000	17.0000	69.1068	-2.4125
110.0000	151.0000	34.6958	17.2622
110.0000	215.0000	-0.5006	58.9639
111.0000	17.0000	69.1068	-2.4125
111.0000	151.0000	34.6868	17.2621
111.0000	215.0000	-0.5006	58.9639
112.0000	17.0000	69.1068	-2.4125
112.0000	151.0000	34.5992	17.2609
112.0000	215.0000	-0.5006	58.9639
113.0000	17.0000	69.1068	-2.4125
113.0000	151.0000	34.5385	17.2600
113.0000	215.0000	-0.5006	58.9639
114.0000	17.0000	69.1068	-2.4125
114.0000	151.0000	34.5284	17.2599
114.0000	215.0000	-0.5006	58.9639
115.0000	17.0000	69.1068	-2.4125
115.0000	151.0000	34.4384	17.2587
115.0000	215.0000	-0.5006	58.9639
116.0000	17.0000	69.1068	-2.4125
116.0000	151.0000	34.3780	17.2578
116.0000	215.0000	-0.5006	58.9639
117.0000	17.0000	69.1068	-2.4125
117.0000	151.0000	34.3688	17.2577
117.0000	215.0000	-0.5006	58.9639
118.0000	17.0000	69.1068	-2.4125
118.0000	151.0000	34.2823	17.2565
118.0000	215.0000	-0.5006	58.9639
119.0000	17.0000	69.1068	-2.4125
119.0000	151.0000	34.2240	17.2557
119.0000	215.0000	-0.5006	58.9639
120.0000	17.0000	69.1068	-2.4126
120.0000	151.0000	34.2150	17.2556
120.0000	215.0000	-0.5006	58.9639
121.0000	17.0000	69.1066	-2.4003
121.0000	151.0000	34.1274	17.2544
121.0000	215.0000	-0.5009	58.9740
122.0000	17.0000	69.1058	-2.3586
122.0000	151.0000	34.0667	17.2536
122.0000	215.0000	-0.5021	59.0106
123.0000	17.0000	69.1044	-2.2785
123.0000	151.0000	34.0566	17.2534
123.0000	215.0000	-0.5049	59.0816
124.0000	17.0000	69.1020	-2.1505
124.0000	151.0000	33.9666	17.2522
124.0000	215.0000	-0.5091	59.1911
125.0000	17.0000	69.0987	-1.9720
125.0000	151.0000	33.9059	17.2514
125.0000	215.0000	-0.5150	59.3408
126.0000	17.0000	69.0945	-1.7424
126.0000	151.0000	33.8969	17.2513
126.0000	215.0000	-0.5217	59.5267
127.0000	17.0000	69.0893	-1.4616
127.0000	151.0000	33.8098	17.2502
127.0000	215.0000	-0.5300	59.7461
128.0000	17.0000	69.0832	-1.1308
128.0000	151.0000	33.7493	17.2490
128.0000	215.0000	-0.5402	60.0021
129.0000	17.0000	69.0761	-0.7501
129.0000	151.0000	33.7393	17.2489
129.0000	215.0000	-0.5513	60.2949
130.0000	17.0000	69.0682	-0.3209
130.0000	151.0000	33.6502	17.2477
130.0000	215.0000	-0.5638	60.6242
131.0000	17.0000	69.0612	0.0616
131.0000	151.0000	33.5911	17.2469
131.0000	215.0000	-0.5796	60.9916
132.0000	17.0000	69.0575	0.2625
132.0000	151.0000	33.5823	17.2468
132.0000	215.0000	-0.5973	61.4069
133.0000	17.0000	69.0526	0.5279
133.0000	151.0000	33.4984	17.2455
133.0000	215.0000	-0.6119	61.8450
134.0000	17.0000	69.0463	0.8684
134.0000	151.0000	33.4405	17.2447
134.0000	215.0000	-0.6274	62.3001
135.0000	17.0000	69.0388	1.2724
135.0000	151.0000	33.4311	17.2447
135.0000	215.0000	-0.6418	62.7683
136.0000	17.0000	69.0303	1.7331
136.0000	151.0000	33.3437	17.2433
136.0000	215.0000	-0.6349	63.2494
137.0000	17.0000	69.0209	2.2455
137.0000	151.0000	33.2852	17.2425
137.0000	215.0000	-0.6100	63.7423
138.0000	17.0000	69.0105	2.8046
138.0000	151.0000	33.2762	17.2424
138.0000	215.0000	-0.5669	64.2371
139.0000	17.0000	68.9995	3.4063
139.0000	151.0000	33.1904	17.2410
139.0000	215.0000	-0.5078	64.7257
140.0000	17.0000	68.9876	4.0476
140.0000	100.0000	-74.8079	-28.2688
140.0000	151.0000	33.1312	17.2402
140.0000	215.0000	-0.4251	65.2071
141.0000	17.0000	68.9751	4.7250
141.0000	100.0000	-74.8181	-27.6430
141.0000	151.0000	33.1218	17.2401
141.0000	215.0000	-0.3149	65.6869
142.0000	17.0000	68.9620	5.4359
142.0000	100.0000	-74.8289	-26.9769
142.0000	151.0000	33.0329	17.2389
142.0000	215.0000	-0.1440	66.1619
143.0000	17.0000	68.9483	6.1778
143.0000	100.0000	-74.8388	-26.3589
143.0000	151.0000	32.8704	17.2367
143.0000	215.0000	0.0580	66.6580
144.0000	17.0000	68.9341	6.9484
144.0000	100.0000	-74.8457	-25.9401
144.0000	151.0000	32.6654	17.2340
144.0000	215.0000	0.3149	67.1608
145.0000	17.0000	68.9194	7.7458
145.0000	100.0000	-74.8534	-25.4932
145.0000	151.0000	32.4364	17.2309
145.0000	215.0000	0.6260	67.6644
146.0000	17.0000	68.9043	8.5679
146.0000	100.0000	-74.8615	-24.9832
146.0000	151.0000	32.1790	17.2275
146.0000	215.0000	0.9678	68.1527
147.0000	17.0000	68.8887	9.4130
147.0000	100.0000	-74.8706	-24.4217
147.0000	151.0000	31.8843	17.2236
147.0000	215.0000	1.3526	68.6198
148.0000	17.0000	68.8727	10.2796
148.0000	100.0000	-74.8807	-23.8139
148.0000	151.0000	31.5514	17.2191
148.0000	215.0000	1.7822	69.0593
149.0000	17.0000	68.8564	11.1660
149.0000	100.0000	-74.8899	-23.2501
149.0000	151.0000	31.1870	17.2144
149.0000	215.0000	2.2571	69.4635
150.0000	17.0000	68.8397	12.0706
150.0000	100.0000	-74.8961	-22.8809
150.0000	151.0000	30.7969	17.2089
150.0000	215.0000	2.7700	69.8265
151.0000	17.0000	68.8228	12.9885
151.0000	100.0000	-74.9031	-22.4732
151.0000	151.0000	30.3820	17.2033
151.0000	215.0000	3.3050	70.1704
152.0000	17.0000	68.8060	13.9011
152.0000	100.0000	-74.9107	-21.9991
152.0000	151.0000	29.9426	17.1975
152.0000	215.0000	3.8635	70.4824
153.0000	17.0000	68.7893	14.8072
153.0000	100.0000	-74.9193	-21.4702
153.0000	151.0000	29.4817	17.1913
153.0000	215.0000	4.4416	70.7687
154.0000	17.0000	68.7727	15.7067
154.0000	100.0000	-74.9274	-20.9806
154.0000	151.0000	29.0051	17.1850
154.0000	215.0000	5.0373	71.0224
155.0000	17.0000	68.7563	16.5995
155.0000	100.0000	-74.9249	-20.6800
155.0000	151.0000	28.6187	17.1798
155.0000	215.0000	5.6456	71.2547
156.0000	17.0000	68.7399	17.4913
156.0000	100.0000	-74.9295	-20.3262
156.0000	151.0000	28.4535	17.1776
156.0000	215.0000	6.2639	71.4580
157.0000	17.0000	68.7228	18.4176
157.0000	100.0000	-74.9371	-19.9011
157.0000	151.0000	28.2356	17.1747
157.0000	215.0000	6.8856	71.6421
158.0000	17.0000	68.7051	19.3807
158.0000	100.0000	-74.9480	-19.5111
158.0000	151.0000	27.9429	17.1708
158.0000	215.0000	7.5100	71.8001
159.0000	17.0000	68.6867	20.3789
159.0000	100.0000	-74.9430	-19.2895
159.0000	151.0000	27.6910	17.1675
159.0000	215.0000	8.1351	71.9448
160.0000	17.0000	68.6674	21.4126
160.0000	100.0000	-74.9447	-19.0017
160.0000	151.0000	27.5781	17.1660
160.0000	215.0000	8.7588	72.0673
161.0000	17.0000	68.6481	22.4807
161.0000	100.0000	-74.9523	-18.6379
161.0000	151.0000	27.3744	17.1633
161.0000	215.0000	9.3841	72.1797
162.0000	17.0000	68.6288	23.5825
162.0000	100.0000	-74.9599	-18.3031
162.0000	151.0000	27.1981	17.1609
162.0000	215.0000	10.0183	72.2724
163.0000	17.0000	68.6084	24.7272
163.0000	100.0000	-74.9662	-18.1341
163.0000	151.0000	27.1828	17.1607
163.0000	215.0000	10.6623	72.3641
164.0000	17.0000	68.5868	25.8997
164.0000	100.0000	-74.9634	-17.8905
164.0000	151.0000	27.0641	17.1591
164.0000	215.0000	11.3128	72.4360
165.0000	17.0000	68.5644	27.0929
165.0000	100.0000	-74.9732	-17.6619
165.0000	151.0000	26.9569	17.1577
165.0000	215.0000	11.9695	72.5032
166.0000	17.0000	68.5408	28.3111
166.0000	100.0000	-74.9759	-17.5836
166.0000	151.0000	26.9456	17.1576
166.0000	215.0000	12.6315	72.5583
167.0000	17.0000	68.5164	29.5748
167.0000	100.0000	-74.9775	-17.4128
167.0000	151.0000	26.8350	17.1561
167.0000	215.0000	13.2972	72.6090
168.0000	17.0000	68.4894	30.8372
168.0000	100.0000	-74.9816	-17.1561
168.0000	151.0000	26.7488	17.1550
168.0000	215.0000	13.9660	72.6502
169.0000	17.0000	68.4591	32.1268
169.0000	100.0000	-74.9843	-16.9269
169.0000	151.0000	26.7381	17.1546
169.0000	215.0000	14.6373	72.6868
170.0000	17.0000	68.4313	33.4265
170.0000	100.0000	-74.9854	-16.8513
170.0000	151.0000	26.6415	17.1534
170.0000	215.0000	15.3105	72.7170
171.0000	17.0000	68.4073	34.7494
171.0000	100.0000	-74.9881	-16.6843
171.0000	151.0000	26.5784	17.1526
171.0000	215.0000	15.9853	72.7426
172.0000	17.0000	68.3827	36.0837
172.0000	100.0000	-74.9904	-16.5332
172.0000	151.0000	26.5696	17.1524
172.0000	215.0000	16.6615	72.7628
173.0000	17.0000	68.3567	37.4254
173.0000	100.0000	-74.9906	-16.5191
173.0000	151.0000	26.4863	17.1514
173.0000	215.0000	17.3387	72.7797
174.0000	17.0000	68.3301	38.7734
174.0000	100.0000	-74.9983	-16.4051
174.0000	151.0000	26.4305	17.1504
174.0000	164.0000	0.0877	-79.5425
174.0000	215.0000	18.0167	72.7926
175.0000	17.0000	68.3077	40.1301
175.0000	100.0000	-75.0025	-16.2012
175.0000	151.0000	26.4213	17.1503
175.0000	164.0000	0.1013	-78.7191
175.0000	215.0000	18.6954	72.8026
176.0000	17.0000	68.2880	41.4933
176.0000	100.0000	-75.0045	-16.0236
176.0000	151.0000	26.3335	17.1492
176.0000	164.0000	0.1143	-77.8718
176.0000	215.0000	19.3740	72.8094
177.0000	100.0000	-75.0045	-15.9993
177.0000	151.0000	26.2727	17.1484
177.0000	164.0000	0.1268	-77.0011
177.0000	215.0000	20.0501	72.8140
178.0000	100.0000	-75.0064	-15.8768
178.0000	151.0000	26.2626	17.1483
178.0000	164.0000	0.1386	-76.1075
178.0000	215.0000	20.7189	72.8687
179.0000	100.0000	-75.0081	-15.7685
179.0000	151.0000	26.1724	17.1471
179.0000	164.0000	0.1498	-75.1913
179.0000	215.0000	21.3778	72.9644
180.0000	100.0000	-75.0084	-15.7570
180.0000	151.0000	26.1110	17.1458
180.0000	164.0000	0.1593	-74.2535
180.0000	215.0000	22.0391	73.0157
181.0000	100.0000	-75.0102	-15.6493
181.0000	151.0000	26.1016	17.1457
181.0000	164.0000	0.1691	-73.2939
181.0000	215.0000	22.6952	73.0841
182.0000	100.0000	-75.0116	-15.5599
182.0000	151.0000	26.0131	17.1445
182.0000	164.0000	0.1782	-72.3134
182.0000	215.0000	23.3537	73.1597
183.0000	100.0000	-75.0118	-15.5504
183.0000	151.0000	25.8517	17.1424
183.0000	164.0000	0.1861	-71.3628
183.0000	215.0000	24.0172	73.2445
184.0000	100.0000	-75.0134	-15.4494
184.0000	151.0000	25.6448	17.1397
184.0000	164.0000	0.1918	-70.6478
184.0000	215.0000	24.6865	73.3338
185.0000	100.0000	-75.0147	-15.3701
185.0000	151.0000	25.4036	17.1364
185.0000	164.0000	0.1956	-70.2330
185.0000	215.0000	25.3601	73.4293
186.0000	100.0000	-75.0148	-15.3611
186.0000	151.0000	25.1232	17.1327
186.0000	164.0000	0.1873	-69.9434
186.0000	215.0000	26.0376	73.5291
187.0000	100.0000	-75.0164	-15.2650
187.0000	151.0000	24.8005	17.1284
187.0000	164.0000	0.1870	-69.6310
187.0000	215.0000	26.7176	73.6344
188.0000	100.0000	-75.0175	-15.1916
188.0000	151.0000	24.4400	17.1238
188.0000	164.0000	0.1860	-69.2958
188.0000	215.0000	27.3996	73.7444
189.0000	100.0000	-75.0177	-15.1830
189.0000	151.0000	24.0486	17.1184
189.0000	164.0000	0.1839	-68.9362
189.0000	215.0000	28.0832	73.8574
190.0000	100.0000	-75.0192	-15.0896
190.0000	151.0000	23.6291	17.1129
190.0000	164.0000	0.1815	-68.5502
190.0000	215.0000	28.7677	73.9756
191.0000	100.0000	-75.0203	-15.0197
191.0000	151.0000	23.1825	17.1070
191.0000	164.0000	0.1782	-68.1371
191.0000	215.0000	29.4529	74.0982
192.0000	100.0000	-75.0205	-15.0110
192.0000	151.0000	22.7105	17.1009
192.0000	164.0000	0.1748	-67.6962
193.0000	100.0000	-75.0219	-14.9196
193.0000	151.0000	22.2176	17.0942
193.0000	164.0000	0.1710	-67.2274
194.0000	100.0000	-75.0246	-14.7522
194.0000	151.0000	21.7132	17.0875
194.0000	164.0000	0.1670	-66.7300
195.0000	100.0000	-75.0267	-14.6210
195.0000	151.0000	21.2040	17.0808
195.0000	164.0000	0.1626	-66.2041
196.0000	100.0000	-75.0268	-14.6123
196.0000	151.0000	20.7873	17.0753
196.0000	164.0000	0.1577	-65.6498
197.0000	100.0000	-75.0285	-14.5090
197.0000	151.0000	20.5955	17.0728
197.0000	164.0000	0.1531	-65.1250
198.0000	100.0000	-75.0298	-14.4264
198.0000	151.0000	20.3562	17.0696
198.0000	164.0000	0.1489	-64.7483
199.0000	100.0000	-75.0300	-14.4169
199.0000	151.0000	20.1415	17.0668
199.0000	164.0000	0.1438	-64.3610
200.0000	100.0000	-75.0315	-14.3192
200.0000	151.0000	20.0091	17.0651
200.0000	164.0000	0.1393	-63.9514
201.0000	100.0000	-75.0327	-14.2441
201.0000	151.0000	19.7948	17.0622
201.0000	164.0000	0.1345	-63.5181
202.0000	100.0000	-75.0328	-14.2350
202.0000	151.0000	19.5864	17.0595
202.0000	164.0000	0.1301	-63.1211
203.0000	100.0000	-75.0343	-14.1405
203.0000	151.0000	19.3936	17.0570
203.0000	164.0000	0.1261	-62.8730
204.0000	100.0000	-75.0354	-14.0695
204.0000	151.0000	19.1462	17.0537
204.0000	164.0000	0.1211	-62.6137
205.0000	100.0000	-75.0356	-14.0606
205.0000	151.0000	18.8603	17.0499
205.0000	164.0000	0.1182	-62.3975
206.0000	100.0000	-75.0370	-13.9689
206.0000	151.0000	18.5423	17.0457
206.0000	164.0000	0.1170	-62.3216
207.0000	100.0000	-75.0381	-13.8999
207.0000	151.0000	18.1941	17.0412
207.0000	164.0000	0.1155	-62.2315
208.0000	100.0000	-75.0383	-13.8918
208.0000	151.0000	17.8274	17.0361
208.0000	164.0000	0.1135	-62.1197
209.0000	100.0000	-75.0397	-13.8014
209.0000	151.0000	17.5577	17.0326
209.0000	164.0000	0.1111	-61.9832
210.0000	100.0000	-75.0407	-13.7345
210.0000	151.0000	17.5214	17.0321
210.0000	164.0000	0.1084	-61.8205
211.0000	100.0000	-75.0409	-13.7259
211.0000	151.0000	17.4193	17.0307
211.0000	164.0000	0.1050	-61.6301
212.0000	100.0000	-75.0422	-13.6365
212.0000	151.0000	17.2328	17.0283
212.0000	164.0000	0.1012	-61.4117
213.0000	100.0000	-75.0433	-13.5702
213.0000	151.0000	16.9799	17.0249
213.0000	164.0000	0.0970	-61.1655
214.0000	100.0000	-75.0434	-13.5616
214.0000	151.0000	16.6930	17.0212
214.0000	164.0000	0.0925	-60.8937
215.0000	100.0000	-75.0448	-13.4720
215.0000	151.0000	16.3939	17.0172
215.0000	164.0000	0.0888	-60.6686
216.0000	100.0000	-75.0458	-13.4078
216.0000	151.0000	16.1341	17.0138
216.0000	164.0000	0.0875	-60.5999
217.0000	100.0000	-75.0459	-13.3996
217.0000	151.0000	15.9046	17.0108
217.0000	164.0000	0.0862	-60.5251
218.0000	100.0000	-75.0473	-13.3126
218.0000	151.0000	15.7673	17.0090
218.0000	164.0000	0.0845	-60.4327
219.0000	100.0000	-75.0483	-13.2495
219.0000	151.0000	15.7578	17.0088
219.0000	164.0000	0.0825	-60.3198
220.0000	100.0000	-75.0483	-13.2506
220.0000	151.0000	15.6746	17.0078
220.0000	164.0000	0.0802	-60.1848
221.0000	100.0000	-75.0483	-13.2493
221.0000	151.0000	15.6197	17.0071
221.0000	164.0000	0.0775	-60.0294
222.0000	100.0000	-75.0483	-13.2466
222.0000	151.0000	15.6105	17.0070
222.0000	164.0000	0.0744	-59.8574
223.0000	100.0000	-75.0484	-13.2424
223.0000	151.0000	15.5241	17.0056
223.0000	164.0000	0.0712	-59.6733
224.0000	100.0000	-75.0484	-13.2404
224.0000	151.0000	15.4645	17.0048
224.0000	164.0000	0.0679	-59.4797
225.0000	100.0000	-75.0484	-13.2402
225.0000	151.0000	15.4550	17.0047
225.0000	164.0000	0.0644	-59.2788
226.0000	100.0000	-75.0484	-13.2401
226.0000	151.0000	15.3659	17.0035
226.0000	164.0000	0.0608	-59.0721
227.0000	100.0000	-75.0484	-13.2400
227.0000	151.0000	15.3050	17.0028
227.0000	164.0000	0.0572	-58.8609
228.0000	100.0000	-75.0484	-13.2421
228.0000	151.0000	15.2953	17.0013
228.0000	164.0000	0.0535	-58.6475
229.0000	100.0000	-75.0484	-13.2422
229.0000	151.0000	15.2074	16.9999
229.0000	164.0000	0.0497	-58.4301
230.0000	100.0000	-75.0484	-13.2429
230.0000	151.0000	15.1482	16.9985
230.0000	164.0000	0.0460	-58.2098
231.0000	100.0000	-75.0484	-13.2428
231.0000	151.0000	15.1390	16.9981
231.0000	164.0000	0.0421	-57.9868
232.0000	100.0000	-75.0484	-13.2424
232.0000	151.0000	15.0530	16.9970
232.0000	164.0000	0.0382	-57.7624
233.0000	100.0000	-75.0484	-13.2420
233.0000	151.0000	14.9941	16.9963
233.0000	164.0000	0.0346	-57.5482
234.0000	100.0000	-75.0484	-13.2423
234.0000	151.0000	14.9846	16.9959
234.0000	164.0000	0.0311	-57.3486
235.0000	100.0000	-75.0484	-13.2429
235.0000	151.0000	14.8958	16.9943
235.0000	164.0000	0.0281	-57.1606
236.0000	100.0000	-75.0485	-13.2430
236.0000	151.0000	14.8338	16.9934
236.0000	164.0000	0.0252	-56.9846
237.0000	100.0000	-75.0485	-13.2430
237.0000	151.0000	14.8238	16.9932
237.0000	164.0000	0.0224	-56.8215
238.0000	100.0000	-75.0485	-13.2430
238.0000	151.0000	14.7333	16.9921
238.0000	164.0000	0.0198	-56.6597
239.0000	100.0000	-75.0485	-13.2430
239.0000	151.0000	14.6714	16.9913
239.0000	164.0000	0.0169	-56.4879
240.0000	100.0000	-75.0485	-13.2434
240.0000	151.0000	14.6620	16.9909
240.0000	164.0000	0.0138	-56.3015
241.0000	100.0000	-75.0485	-13.2436
241.0000	151.0000	14.5732	16.9898
241.0000	164.0000	0.0105	-56.0965
242.0000	100.0000	-75.0485	-13.2425
242.0000	151.0000	14.5111	16.9890
242.0000	164.0000	0.0069	-55.8767
243.0000	100.0000	-75.0485	-13.2425
243.0000	151.0000	14.5012	16.9888
243.0000	164.0000	0.0034	-55.6485
244.0000	100.0000	-75.0485	-13.2425
244.0000	151.0000	14.4105	16.9877
244.0000	164.0000	-0.0000	-55.4165
245.0000	100.0000	-75.0485	-13.2425
245.0000	151.0000	14.3487	16.9869
245.0000	164.0000	-0.0032	-55.1808
246.0000	100.0000	-75.0485	-13.2425
246.0000	151.0000	14.3396	16.9867
246.0000	164.0000	-0.0056	-54.9425
247.0000	100.0000	-75.0485	-13.2414
247.0000	151.0000	14.2517	16.9856
247.0000	164.0000	-0.0099	-54.6953
248.0000	100.0000	-75.0485	-13.2414
248.0000	151.0000	14.1914	16.9848
248.0000	164.0000	-0.0145	-54.4318
249.0000	100.0000	-75.0485	-13.2414
249.0000	151.0000	14.1821	16.9847
249.0000	164.0000	-0.0186	-54.1496
250.0000	100.0000	-75.0485	-13.2403
250.0000	151.0000	14.0933	16.9836
250.0000	164.0000	-0.0224	-53.8388
251.0000	100.0000	-75.0485	-13.2403
251.0000	151.0000	14.0311	16.9828
251.0000	164.0000	-0.0261	-53.4928
252.0000	100.0000	-75.0485	-13.2403
252.0000	151.0000	14.0210	16.9826
252.0000	164.0000	-0.0296	-53.1189
253.0000	100.0000	-75.0485	-13.2392
253.0000	151.0000	13.9308	16.9815
253.0000	164.0000	-0.0356	-52.7223
254.0000	100.0000	-75.0485	-13.2391
254.0000	151.0000	13.8713	16.9808
254.0000	164.0000	-0.0410	-52.3025
255.0000	100.0000	-75.0486	-13.2394
255.0000	151.0000	13.8625	16.9804
255.0000	164.0000	-0.0448	-51.8680
256.0000	100.0000	-75.0486	-13.2394
256.0000	151.0000	13.7778	16.9793
256.0000	164.0000	-0.0460	-51.4102
257.0000	100.0000	-75.0486	-13.2393
257.0000	151.0000	13.7199	16.9785
257.0000	164.0000	-0.0521	-50.9294
258.0000	100.0000	-75.0486	-13.2393
258.0000	151.0000	13.7102	16.9784
258.0000	164.0000	-0.0580	-50.4289
259.0000	100.0000	-75.0486	-13.2393
259.0000	151.0000	13.6217	16.9772
259.0000	164.0000	-0.0591	-49.9102
260.0000	100.0000	-75.0486	-13.2393
260.0000	151.0000	13.5609	16.9764
260.0000	164.0000	-0.0634	-49.3734
261.0000	100.0000	-75.0486	-13.2393
261.0000	151.0000	13.5514	16.9763
261.0000	164.0000	-0.0694	-48.8179
262.0000	100.0000	-75.0486	-13.2393
262.0000	151.0000	13.4625	16.9752
262.0000	164.0000	-0.0741	-48.2627
263.0000	100.0000	-75.0486	-13.2393
263.0000	151.0000	13.4015	16.9744
263.0000	164.0000	-0.0779	-47.7108
264.0000	100.0000	-75.0486	-13.2382
264.0000	151.0000	13.3921	16.9743
264.0000	164.0000	-0.0811	-47.1622
265.0000	100.0000	-75.0486	-13.2382
265.0000	151.0000	13.3034	16.9731
265.0000	164.0000	-0.0842	-46.6169
266.0000	100.0000	-75.0486	-13.2381
266.0000	151.0000	13.2413	16.9723
266.0000	164.0000	-0.0869	-46.0733
267.0000	100.0000	-75.0486	-13.2384
267.0000	151.0000	13.2314	16.9719
267.0000	164.0000	-0.0895	-45.5158
268.0000	100.0000	-75.0486	-13.2388
268.0000	151.0000	13.1404	16.9705
268.0000	164.0000	-0.0919	-44.9389
269.0000	100.0000	-75.0486	-13.2389
269.0000	151.0000	13.0777	16.9696
269.0000	164.0000	-0.0941	-44.3465
270.0000	100.0000	-75.0486	-13.2388
270.0000	151.0000	13.0682	16.9695
270.0000	164.0000	-0.0961	-43.7442
271.0000	100.0000	-75.0486	-13.2387
271.0000	151.0000	12.9789	16.9683
271.0000	164.0000	-0.0979	-43.1337
272.0000	100.0000	-75.0486	-13.2386
272.0000	151.0000	12.9168	16.9675
272.0000	164.0000	-0.0993	-42.5729
273.0000	100.0000	-75.0486	-13.2386
273.0000	151.0000	12.9067	16.9674
273.0000	164.0000	-0.0997	-42.1434
274.0000	100.0000	-75.0486	-13.2386
274.0000	151.0000	12.8167	16.9662
274.0000	164.0000	-0.0996	-41.7097
275.0000	100.0000	-75.0486	-13.2386
275.0000	151.0000	12.7551	16.9654
275.0000	164.0000	-0.0997	-41.2636
276.0000	100.0000	-75.0486	-13.2386
276.0000	151.0000	12.7459	16.9653
276.0000	164.0000	-0.0997	-40.8009
277.0000	100.0000	-75.0486	-13.2387
277.0000	151.0000	12.6579	16.9639
277.0000	164.0000	-0.0996	-40.3192
278.0000	100.0000	-75.0486	-13.2387
278.0000	151.0000	12.5981	16.9631
278.0000	164.0000	-0.0992	-39.8574
279.0000	100.0000	-75.0486	-13.2387
279.0000	151.0000	12.5888	16.9630
279.0000	164.0000	-0.0983	-39.4277
280.0000	100.0000	-75.0486	-13.2387
280.0000	151.0000	12.5007	16.9618
280.0000	164.0000	-0.0973	-38.9858
281.0000	100.0000	-75.0486	-13.2387
281.0000	151.0000	12.4404	16.9611
281.0000	164.0000	-0.0963	-38.5318
282.0000	100.0000	-75.0486	-13.2388
282.0000	151.0000	12.4307	16.9609
282.0000	164.0000	-0.0952	-38.0691
283.0000	100.0000	-75.0488	-13.2264
283.0000	151.0000	12.3423	16.9598
283.0000	164.0000	-0.0941	-37.6663
284.0000	100.0000	-75.0494	-13.1842
284.0000	151.0000	12.2816	16.9590
284.0000	164.0000	-0.0930	-37.4405
285.0000	100.0000	-75.0507	-13.1036
285.0000	151.0000	12.2723	16.9589
285.0000	164.0000	-0.0913	-37.2297
286.0000	100.0000	-75.0521	-13.0085
286.0000	151.0000	12.1835	16.9577
286.0000	164.0000	-0.0901	-37.0212
287.0000	100.0000	-75.0538	-12.8981
287.0000	151.0000	12.1213	16.9569
287.0000	164.0000	-0.0888	-36.8149
288.0000	100.0000	-75.0546	-12.8451
288.0000	151.0000	12.1111	16.9568
288.0000	164.0000	-0.0874	-36.6013
289.0000	100.0000	-75.0547	-12.8407
289.0000	151.0000	12.0207	16.9556
289.0000	164.0000	-0.0868	-36.3680
290.0000	100.0000	-75.0556	-12.7804
290.0000	151.0000	11.9610	16.9549
290.0000	164.0000	-0.0855	-36.1100
291.0000	100.0000	-75.0561	-12.7445
291.0000	151.0000	11.9522	16.9547
291.0000	164.0000	-0.0837	-35.8242
292.0000	100.0000	-75.0562	-12.7377
292.0000	151.0000	11.8675	16.9536
292.0000	164.0000	-0.0814	-35.5090
293.0000	100.0000	-75.0573	-12.6661
293.0000	151.0000	11.8097	16.9529
293.0000	164.0000	-0.0791	-35.1659
294.0000	100.0000	-75.0580	-12.6210
294.0000	151.0000	11.8001	16.9528
294.0000	164.0000	-0.0772	-34.7987
295.0000	100.0000	-75.0581	-12.6133
295.0000	151.0000	11.7111	16.9516
295.0000	164.0000	-0.0761	-34.4125
296.0000	100.0000	-75.0593	-12.5366
296.0000	151.0000	11.6493	16.9508
296.0000	164.0000	-0.0742	-34.0722
297.0000	100.0000	-75.0600	-12.4852
297.0000	151.0000	11.6392	16.9507
297.0000	164.0000	-0.0725	-33.8868
298.0000	100.0000	-75.0602	-12.4777
298.0000	151.0000	11.5490	16.9495
298.0000	164.0000	-0.0714	-33.7579
299.0000	100.0000	-75.0613	-12.3978
299.0000	151.0000	11.4875	16.9487
299.0000	164.0000	-0.0713	-33.7532
300.0000	100.0000	-75.0622	-12.3427
300.0000	151.0000	11.4778	16.9486
300.0000	164.0000	-0.0711	-33.7248
301.0000	100.0000	-75.0623	-12.3357
301.0000	151.0000	11.3897	16.9463
301.0000	164.0000	-0.0706	-33.6700
302.0000	100.0000	-75.0635	-12.2528
302.0000	151.0000	11.3304	16.9453
302.0000	164.0000	-0.0699	-33.5823
303.0000	100.0000	-75.0658	-12.0974
303.0000	151.0000	11.3213	16.9452
303.0000	164.0000	-0.0694	-33.5186
304.0000	100.0000	-75.0675	-11.9811
304.0000	151.0000	11.2353	16.9441
304.0000	164.0000	-0.0693	-33.5071
305.0000	100.0000	-75.0677	-11.9732
305.0000	151.0000	11.1758	16.9434
305.0000	164.0000	-0.0689	-33.4612
306.0000	100.0000	-75.0691	-11.8754
306.0000	151.0000	11.1664	16.9434
306.0000	164.0000	-0.0682	-33.3798
307.0000	100.0000	-75.0701	-11.8053
307.0000	151.0000	11.0774	16.9423
307.0000	164.0000	-0.0672	-33.2627
308.0000	100.0000	-75.0702	-11.7968
308.0000	151.0000	11.0148	16.9416
308.0000	164.0000	-0.0661	-33.1153
309.0000	100.0000	-75.0715	-11.7095
309.0000	151.0000	11.0051	16.9414
309.0000	164.0000	-0.0647	-32.9542
310.0000	100.0000	-75.0739	-11.5486
310.0000	151.0000	10.9135	16.9402
310.0000	164.0000	-0.0634	-32.7937
311.0000	100.0000	-75.0757	-11.4256
311.0000	151.0000	10.8479	16.9394
311.0000	164.0000	-0.0620	-32.6335
312.0000	100.0000	-75.0759	-11.4175
312.0000	151.0000	10.8379	16.9390
312.0000	164.0000	-0.0608	-32.4741
313.0000	100.0000	-75.0773	-11.3166
313.0000	151.0000	10.7458	16.9378
313.0000	164.0000	-0.0595	-32.3151
314.0000	100.0000	-75.0799	-11.1363
314.0000	151.0000	10.6841	16.9370
314.0000	164.0000	-0.0580	-32.1489
315.0000	100.0000	-75.0821	-10.9894
315.0000	151.0000	10.6751	16.9369
315.0000	164.0000	-0.0565	-31.9596
316.0000	100.0000	-75.0823	-10.9792
316.0000	151.0000	10.5893	16.9357
316.0000	164.0000	-0.0548	-31.7684
317.0000	100.0000	-75.0838	-10.8714
317.0000	151.0000	10.5299	16.9350
317.0000	164.0000	-0.0532	-31.5788
318.0000	100.0000	-75.0866	-10.6800
318.0000	151.0000	10.5205	16.9349
318.0000	164.0000	-0.0514	-31.3764
319.0000	100.0000	-75.0889	-10.5189
319.0000	151.0000	10.4318	16.9337
319.0000	164.0000	-0.0496	-31.1628
320.0000	100.0000	-75.0892	-10.5017
320.0000	151.0000	10.3707	16.9329
320.0000	164.0000	-0.0477	-30.9421
321.0000	100.0000	-75.0909	-10.3855
321.0000	151.0000	10.3612	16.9328
321.0000	164.0000	-0.0458	-30.7170
322.0000	100.0000	-75.0923	-10.2870
322.0000	151.0000	10.3485	16.9326
322.0000	164.0000	-0.0438	-30.4879
323.0000	100.0000	-75.0925	-10.2770
323.0000	151.0000	10.3484	16.9326
323.0000	164.0000	-0.0417	-30.2550
324.0000	100.0000	-75.0940	-10.1727
324.0000	151.0000	10.3482	16.9326
324.0000	164.0000	-0.0397	-30.0189
325.0000	100.0000	-75.0952	-10.0885
325.0000	151.0000	10.3480	16.9326
325.0000	164.0000	-0.0376	-29.7805
326.0000	100.0000	-75.0953	-10.0795
326.0000	151.0000	10.3480	16.9326
326.0000	164.0000	-0.0355	-29.5402
327.0000	100.0000	-75.0967	-9.9815
327.0000	151.0000	10.3479	16.9326
327.0000	164.0000	-0.0334	-29.2985
328.0000	100.0000	-75.0978	-9.9055
328.0000	151.0000	10.3479	16.9326
328.0000	164.0000	-0.0313	-29.0555
329.0000	100.0000	-75.0980	-9.8962
329.0000	151.0000	10.3479	16.9327
329.0000	164.0000	-0.0292	-28.8120
330.0000	100.0000	-75.0993	-9.8026
330.0000	151.0000	10.3479	16.9324
330.0000	164.0000	-0.0271	-28.5696
331.0000	100.0000	-75.1003	-9.7340
331.0000	151.0000	10.3479	16.9324
331.0000	164.0000	-0.0250	-28.3278
332.0000	100.0000	-75.1004	-9.7264
332.0000	151.0000	10.3479	16.9324
332.0000	164.0000	-0.0229	-28.0869
333.0000	100.0000	-75.1017	-9.6391
333.0000	151.0000	10.3479	16.9324
333.0000	164.0000	-0.0209	-27.8469
334.0000	100.0000	-75.1026	-9.5756
334.0000	151.0000	10.3479	16.9324
334.0000	164.0000	-0.0194	-27.6728
335.0000	100.0000	-75.1027	-9.5675
335.0000	151.0000	10.3479	16.9324
335.0000	164.0000	-0.0193	-27.6650
336.0000	100.0000	-75.1039	-9.4801
336.0000	151.0000	10.3479	16.9324
336.0000	164.0000	-0.0193	-27.6638
337.0000	100.0000	-75.1049	-9.4161
337.0000	151.0000	10.3479	16.9325
337.0000	164.0000	-0.0193	-27.6629
338.0000	100.0000	-75.1050	-9.4085
338.0000	151.0000	10.3480	16.9322
338.0000	164.0000	-0.0194	-27.6626
339.0000	100.0000	-75.1063	-9.3207
339.0000	151.0000	10.3480	16.9322
339.0000	164.0000	-0.0194	-27.6623
340.0000	100.0000	-75.1072	-9.2564
340.0000	151.0000	10.3480	16.9322
340.0000	164.0000	-0.0194	-27.6622
341.0000	100.0000	-75.1074	-9.2486
341.0000	151.0000	10.3338	16.9319
341.0000	164.0000	-0.0194	-27.6621
342.0000	100.0000	-75.1086	-9.1607
342.0000	151.0000	10.2860	16.9313
342.0000	164.0000	-0.0194	-27.6620
343.0000	100.0000	-75.1096	-9.0962
343.0000	151.0000	10.1987	16.9303
343.0000	164.0000	-0.0194	-27.6619
344.0000	100.0000	-75.1097	-9.0881
344.0000	151.0000	10.0774	16.9285
344.0000	164.0000	-0.0195	-27.6621
345.0000	100.0000	-75.1110	-9.0000
345.0000	151.0000	9.9373	16.9266
345.0000	164.0000	-0.0195	-27.6621
346.0000	100.0000	-75.1119	-8.9355
346.0000	151.0000	9.7829	16.9243
346.0000	164.0000	-0.0195	-27.6621
347.0000	100.0000	-75.1120	-8.9276
347.0000	151.0000	9.6100	16.9214
347.0000	164.0000	-0.0195	-27.6621
348.0000	100.0000	-75.1133	-8.8393
348.0000	151.0000	9.4221	16.9182
348.0000	164.0000	-0.0195	-27.6621
349.0000	100.0000	-75.1156	-8.6772
349.0000	151.0000	9.3310	16.9163
349.0000	164.0000	-0.0195	-27.6621
350.0000	100.0000	-75.1174	-8.5526
350.0000	151.0000	9.3312	16.9165
350.0000	164.0000	-0.0195	-27.6621
351.0000	100.0000	-75.1176	-8.5445
351.0000	151.0000	9.3304	16.9166
351.0000	164.0000	-0.0195	-27.6621
352.0000	100.0000	-75.1190	-8.4438
352.0000	151.0000	9.3298	16.9166
352.0000	164.0000	-0.0195	-27.6621
353.0000	100.0000	-75.1201	-8.3645
353.0000	151.0000	9.3295	16.9166
353.0000	164.0000	-0.0195	-27.6621
354.0000	100.0000	-75.1203	-8.3550
354.0000	151.0000	9.3293	16.9166
354.0000	164.0000	-0.0195	-27.6620
355.0000	100.0000	-75.1216	-8.2601
355.0000	151.0000	9.3292	16.9163
355.0000	164.0000	-0.0196	-27.6623
356.0000	100.0000	-75.1226	-8.1906
356.0000	151.0000	9.3291	16.9163
356.0000	164.0000	-0.0195	-27.6623
357.0000	100.0000	-75.1228	-8.1829
357.0000	151.0000	9.3291	16.9163
357.0000	164.0000	-0.0196	-27.6623
358.0000	100.0000	-75.1240	-8.0957
358.0000	151.0000	9.3291	16.9163
358.0000	164.0000	-0.0196	-27.6623
359.0000	100.0000	-75.1249	-8.0325
359.0000	151.0000	9.3291	16.9163
359.0000	164.0000	-0.0196	-27.6623
360.0000	100.0000	-75.1250	-8.0242
360.0000	151.0000	9.3291	16.9163
360.0000	164.0000	-0.0196	-27.6623
361.0000	100.0000	-75.1262	-7.9368
361.0000	151.0000	9.3291	16.9163
361.0000	164.0000	-0.0196	-27.6623
362.0000	100.0000	-75.1272	-7.8730
362.0000	151.0000	9.3291	16.9163
362.0000	164.0000	-0.0196	-27.6623
363.0000	100.0000	-75.1273	-7.8652
363.0000	151.0000	9.3144	16.9159
363.0000	164.0000	-0.0196	-27.6623
364.0000	100.0000	-75.1285	-7.7774
364.0000	151.0000	9.2665	16.9149
364.0000	164.0000	-0.0196	-27.6623
365.0000	100.0000	-75.1294	-7.7133
365.0000	151.0000	9.1757	16.9125
365.0000	164.0000	-0.0196	-27.6623
366.0000	100.0000	-75.1294	-7.7144
366.0000	151.0000	9.0946	16.9102
366.0000	164.0000	-0.0196	-27.6623
367.0000	100.0000	-75.1294	-7.7134
367.0000	151.0000	9.0177	16.9078
367.0000	164.0000	-0.0196	-27.6623
368.0000	100.0000	-75.1294	-7.7126
368.0000	151.0000	8.9042	16.9046
368.0000	164.0000	-0.0196	-27.6623
369.0000	100.0000	-75.1294	-7.7122
369.0000	151.0000	8.7653	16.8997
369.0000	164.0000	-0.0196	-27.6623
370.0000	100.0000	-75.1299	-7.6802
370.0000	151.0000	8.6007	16.8922
370.0000	164.0000	-0.0196	-27.6623
371.0000	100.0000	-75.1301	-7.6624
371.0000	151.0000	8.4040	16.8830
371.0000	164.0000	-0.0196	-27.6623
372.0000	100.0000	-75.1301	-7.6626
372.0000	151.0000	8.1759	16.8695
372.0000	164.0000	-0.0196	-27.6623
373.0000	100.0000	-75.1301	-7.6623
373.0000	151.0000	7.9275	16.8523
373.0000	164.0000	-0.0196	-27.6623
374.0000	100.0000	-75.1301	-7.6621
374.0000	151.0000	7.6635	16.8280
374.0000	164.0000	-0.0196	-27.6623
375.0000	100.0000	-75.1302	-7.6608
375.0000	151.0000	7.3755	16.7940
375.0000	164.0000	-0.0196	-27.6623
376.0000	100.0000	-75.1302	-7.6571
376.0000	151.0000	7.0546	16.7460
376.0000	164.0000	-0.0196	-27.6623
377.0000	100.0000	-75.1302	-7.6555
377.0000	151.0000	6.6993	16.6770
377.0000	164.0000	-0.0196	-27.6623
378.0000	100.0000	-75.1302	-7.6555
378.0000	151.0000	6.3143	16.5901
378.0000	164.0000	-0.0196	-27.6623
379.0000	100.0000	-75.1302	-7.6554
379.0000	151.0000	5.9070	16.4806
379.0000	164.0000	-0.0196	-27.6622
380.0000	100.0000	-75.1302	-7.6557
380.0000	151.0000	5.4831	16.3599
380.0000	164.0000	-0.0196	-27.6625
381.0000	100.0000	-75.1303	-7.6545
381.0000	151.0000	5.1447	16.2499
381.0000	164.0000	-0.0196	-27.6625
382.0000	100.0000	-75.1303	-7.6545
382.0000	151.0000	5.0063	16.2182
382.0000	164.0000	-0.0196	-27.6625
383.0000	100.0000	-75.1303	-7.6545
383.0000	151.0000	4.8097	16.1700
383.0000	164.0000	-0.0196	-27.6625
384.0000	100.0000	-75.1303	-7.6544
384.0000	151.0000	4.6461	16.1156
384.0000	164.0000	-0.0196	-27.6625
385.0000	100.0000	-75.1303	-7.6543
385.0000	151.0000	4.6320	16.1113
385.0000	164.0000	-0.0196	-27.6624
386.0000	100.0000	-75.1303	-7.6541
386.0000	151.0000	4.5206	16.0730
386.0000	164.0000	-0.0198	-27.6626
387.0000	100.0000	-75.1303	-7.6545
387.0000	151.0000	4.3227	16.0025
387.0000	164.0000	-0.0198	-27.6629
388.0000	100.0000	-75.1303	-7.6546
388.0000	151.0000	4.0749	15.9091
388.0000	164.0000	-0.0198	-27.6630
389.0000	100.0000	-75.1303	-7.6545
389.0000	151.0000	3.8986	15.8334
389.0000	164.0000	-0.0198	-27.6630
390.0000	100.0000	-75.1303	-7.6544
390.0000	151.0000	3.8847	15.8306
390.0000	164.0000	-0.0198	-27.6630
391.0000	100.0000	-75.1303	-7.6544
391.0000	151.0000	3.7913	15.7935
391.0000	164.0000	-0.0198	-27.6630
392.0000	100.0000	-75.1303	-7.6543
392.0000	151.0000	3.7201	15.7640
392.0000	164.0000	-0.0198	-27.6630
393.0000	100.0000	-75.1303	-7.6543
393.0000	151.0000	3.7095	15.7606
393.0000	164.0000	-0.0198	-27.6630
394.0000	100.0000	-75.1303	-7.6544
394.0000	151.0000	3.6185	15.7212
394.0000	164.0000	-0.0198	-27.6630
395.0000	100.0000	-75.1303	-7.6545
395.0000	151.0000	3.5506	15.6907
395.0000	164.0000	-0.0198	-27.6630
396.0000	100.0000	-75.1303	-7.6534
396.0000	151.0000	3.5508	15.6916
396.0000	164.0000	-0.0198	-27.6630
397.0000	100.0000	-75.1303	-7.6534
397.0000	151.0000	3.5494	15.6912
397.0000	164.0000	-0.0198	-27.6630
398.0000	100.0000	-75.1303	-7.6535
398.0000	151.0000	3.4970	15.6666
398.0000	164.0000	-0.0198	-27.6630
399.0000	100.0000	-75.1303	-7.6535
399.0000	151.0000	3.3721	15.6104
399.0000	164.0000	-0.0198	-27.6630
400.0000	100.0000	-75.1303	-7.6535
400.0000	151.0000	3.1870	15.5237
400.0000	164.0000	-0.0198	-27.6630
401.0000	100.0000	-75.1303	-7.6535
401.0000	151.0000	2.9511	15.4079
401.0000	164.0000	-0.0198	-27.6630
402.0000	100.0000	-75.1303	-7.6534
402.0000	151.0000	2.6797	15.2565
402.0000	164.0000	-0.0198	-27.6629
403.0000	100.0000	-75.1303	-7.6536
403.0000	151.0000	2.4720	15.1281
403.0000	164.0000	-0.0198	-27.6632
404.0000	100.0000	-75.1303	-7.6536
404.0000	151.0000	2.4249	15.1088
404.0000	164.0000	-0.0198	-27.6632
405.0000	100.0000	-75.1303	-7.6536
405.0000	151.0000	2.3063	15.0450
405.0000	164.0000	-0.0198	-27.6632
406.0000	100.0000	-75.1303	-7.6535
406.0000	151.0000	2.2099	14.9880
406.0000	164.0000	-0.0198	-27.6632
407.0000	100.0000	-75.1303	-7.6536
407.0000	151.0000	2.1998	14.9831
407.0000	164.0000	-0.0198	-27.6632
408.0000	100.0000	-75.1303	-7.6525
408.0000	151.0000	2.1078	14.9259
408.0000	164.0000	-0.0198	-27.6632
409.0000	100.0000	-75.1304	-7.6504
409.0000	151.0000	2.0369	14.8805
409.0000	164.0000	-0.0198	-27.6632
410.0000	100.0000	-75.1304	-7.6492
410.0000	151.0000	2.0278	14.8748
410.0000	164.0000	-0.0198	-27.6632
411.0000	100.0000	-75.1304	-7.6492
411.0000	151.0000	1.9469	14.8220
411.0000	164.0000	-0.0198	-27.6632
412.0000	100.0000	-75.1304	-7.6492
412.0000	151.0000	1.8944	14.7873
412.0000	164.0000	-0.0198	-27.6632
413.0000	100.0000	-75.1304	-7.6492
413.0000	151.0000	1.8869	14.7831
413.0000	164.0000	-0.0198	-27.6632
414.0000	100.0000	-75.1304	-7.6491
414.0000	151.0000	1.8189	14.7378
414.0000	164.0000	-0.0198	-27.6631
415.0000	100.0000	-75.1304	-7.6510
415.0000	151.0000	1.7737	14.7058
415.0000	164.0000	-0.0198	-27.6643
416.0000	100.0000	-75.1304	-7.6510
416.0000	151.0000	1.7658	14.7010
416.0000	164.0000	-0.0198	-27.6645
417.0000	100.0000	-75.1304	-7.6519
417.0000	151.0000	1.6944	14.6514
417.0000	164.0000	-0.0198	-27.6651
418.0000	100.0000	-75.1304	-7.6562
418.0000	151.0000	1.6455	14.6136
418.0000	164.0000	-0.0198	-27.6688
419.0000	100.0000	-75.1304	-7.6558
419.0000	151.0000	1.6376	14.6081
419.0000	164.0000	-0.0198	-27.6694
420.0000	100.0000	-75.1304	-7.6546
420.0000	151.0000	1.5657	14.5571
420.0000	164.0000	-0.0198	-27.6694
421.0000	100.0000	-75.1304	-7.6537
421.0000	151.0000	1.5163	14.5229
421.0000	164.0000	-0.0198	-27.6694
422.0000	100.0000	-75.1304	-7.6530
422.0000	151.0000	1.5088	14.5181
422.0000	164.0000	-0.0198	-27.6694
423.0000	100.0000	-75.1304	-7.6564
423.0000	151.0000	1.4384	14.4646
423.0000	164.0000	-0.0198	-27.6716
424.0000	100.0000	-75.1301	-7.6719
424.0000	151.0000	1.3889	14.4212
424.0000	164.0000	-0.0184	-27.6790
425.0000	100.0000	-75.1293	-7.7147
425.0000	151.0000	1.3783	14.3954
425.0000	164.0000	-0.0144	-27.6998
426.0000	100.0000	-75.1291	-7.7736
426.0000	151.0000	1.3061	14.3022
426.0000	164.0000	-0.0137	-27.7392
427.0000	100.0000	-75.1291	-7.8732
427.0000	151.0000	1.2582	14.1938
427.0000	164.0000	-0.0134	-27.8106
428.0000	100.0000	-75.1292	-7.9992
428.0000	151.0000	1.2509	14.0898
428.0000	164.0000	-0.0132	-27.9084
429.0000	100.0000	-75.1292	-8.1419
429.0000	151.0000	1.1828	13.9147
429.0000	164.0000	-0.0130	-28.0295
430.0000	100.0000	-75.1292	-8.2977
430.0000	151.0000	1.1354	13.7335
430.0000	164.0000	-0.0127	-28.1728
431.0000	100.0000	-75.1291	-8.4662
431.0000	151.0000	1.1272	13.5626
431.0000	164.0000	-0.0125	-28.3382
432.0000	100.0000	-75.1291	-8.6491
432.0000	151.0000	1.0570	13.3203
432.0000	164.0000	-0.0123	-28.5253
433.0000	100.0000	-75.1290	-8.8489
433.0000	151.0000	1.0087	13.0735
433.0000	164.0000	-0.0120	-28.7341
434.0000	100.0000	-75.1289	-9.0677
434.0000	151.0000	1.0004	12.8387
434.0000	164.0000	-0.0117	-28.9641
435.0000	100.0000	-75.1287	-9.3069
435.0000	151.0000	0.9313	12.5308
435.0000	164.0000	-0.0114	-29.2146
436.0000	100.0000	-75.1286	-9.5673
436.0000	151.0000	0.8224	12.1746
436.0000	164.0000	-0.0112	-29.4847
437.0000	100.0000	-75.1285	-9.8490
437.0000	151.0000	0.6941	11.7756
437.0000	164.0000	-0.0108	-29.7738
438.0000	100.0000	-75.1284	-10.1516
438.0000	151.0000	0.5356	11.3355
438.0000	164.0000	-0.0105	-30.0812
439.0000	100.0000	-75.1283	-10.4743
439.0000	151.0000	0.3509	10.8438
439.0000	164.0000	-0.0102	-30.4061
440.0000	100.0000	-75.1282	-10.8159
440.0000	151.0000	0.1397	10.3023
440.0000	164.0000	-0.0099	-30.7478
441.0000	100.0000	-75.1281	-11.1678
441.0000	151.0000	-0.0818	9.7135
441.0000	164.0000	-0.0097	-31.1018
442.0000	100.0000	-75.1283	-11.4742
442.0000	151.0000	-0.3140	9.1174
442.0000	164.0000	-0.0100	-31.4415
443.0000	100.0000	-75.1285	-11.7366
443.0000	151.0000	-0.5539	8.5303
443.0000	164.0000	-0.0107	-31.7470
444.0000	100.0000	-75.1284	-11.9907
444.0000	151.0000	-0.7982	7.9313
444.0000	164.0000	-0.0110	-32.0383
445.0000	100.0000	-75.1283	-12.2667
445.0000	151.0000	-1.0338	7.2997
445.0000	164.0000	-0.0109	-32.3323
446.0000	100.0000	-75.1283	-12.5658
446.0000	151.0000	-1.2784	6.6439
446.0000	164.0000	-0.0109	-32.6315
447.0000	100.0000	-75.1285	-12.8420
447.0000	151.0000	-1.5146	5.9718
447.0000	164.0000	-0.0114	-32.9104
448.0000	100.0000	-75.1289	-13.0563
448.0000	151.0000	-1.7455	5.3100
448.0000	164.0000	-0.0123	-33.1433
449.0000	100.0000	-75.1292	-13.1960
449.0000	151.0000	-1.9690	4.6797
449.0000	164.0000	-0.0133	-33.3168
450.0000	100.0000	-75.1293	-13.2565
450.0000	151.0000	-2.1699	4.1032
450.0000	164.0000	-0.0140	-33.4210
451.0000	100.0000	-75.1294	-13.2524
451.0000	151.0000	-2.3684	3.5923
451.0000	164.0000	-0.0145	-33.4589
452.0000	100.0000	-75.1292	-13.2340
452.0000	151.0000	-2.5455	3.1121
452.0000	164.0000	-0.0145	-33.4579
453.0000	100.0000	-75.1310	-13.2575
453.0000	151.0000	-2.7105	2.6174
453.0000	164.0000	-0.0189	-33.4676
454.0000	100.0000	-75.1361	-13.3077
454.0000	151.0000	-2.8564	2.1009
454.0000	164.0000	-0.0321	-33.4921
455.0000	100.0000	-75.1316	-13.4483
455.0000	151.0000	-2.9962	1.5602
455.0000	164.0000	-0.0209	-33.5317
456.0000	50.0000	-75.1844	-27.1277
456.0000	100.0000	-75.1312	-13.6028
456.0000	151.0000	-3.1194	0.9847
456.0000	164.0000	-0.0192	-33.5976
457.0000	50.0000	-75.1954	-26.7759
457.0000	100.0000	-75.1315	-13.7728
457.0000	151.0000	-3.2124	0.4700
457.0000	164.0000	-0.0189	-33.6890
458.0000	50.0000	-75.1957	-26.4619
458.0000	100.0000	-75.1317	-13.9458
458.0000	151.0000	-3.2627	0.1553
458.0000	164.0000	-0.0186	-33.8038
459.0000	50.0000	-75.1987	-26.3328
459.0000	100.0000	-75.1319	-14.1166
459.0000	151.0000	-3.3140	-0.2267
459.0000	164.0000	-0.0183	-33.9430
460.0000	50.0000	-75.1940	-26.1470
460.0000	100.0000	-75.1318	-14.2862
460.0000	151.0000	-3.3627	-0.7009
460.0000	164.0000	-0.0180	-34.0980
461.0000	50.0000	-75.1914	-25.8951
461.0000	100.0000	-75.1317	-14.4593
461.0000	151.0000	-3.4148	-1.2367
461.0000	164.0000	-0.0175	-34.2544
462.0000	50.0000	-75.1909	-25.6880
462.0000	100.0000	-75.1315	-14.6424
462.0000	151.0000	-3.4664	-1.8181
462.0000	164.0000	-0.0166	-34.4037
463.0000	50.0000	-75.1906	-25.6723
463.0000	100.0000	-75.1312	-14.8413
463.0000	151.0000	-3.5160	-2.4458
463.0000	164.0000	-0.0156	-34.5384
464.0000	50.0000	-75.1810	-25.6067
464.0000	100.0000	-75.1306	-15.0620
464.0000	151.0000	-3.5642	-3.1210
464.0000	164.0000	-0.0144	-34.6659
465.0000	50.0000	-75.1779	-25.4894
465.0000	100.0000	-75.1303	-15.3088
465.0000	151.0000	-3.6093	-3.8373
465.0000	164.0000	-0.0128	-34.7968
466.0000	50.0000	-75.1801	-25.4309
466.0000	100.0000	-75.1301	-15.5838
466.0000	151.0000	-3.6506	-4.5869
466.0000	164.0000	-0.0112	-34.9314
467.0000	50.0000	-75.1743	-25.5663
467.0000	100.0000	-75.1299	-15.8865
467.0000	151.0000	-3.6879	-5.3658
467.0000	164.0000	-0.0093	-35.0663
468.0000	50.0000	-75.1731	-25.6481
468.0000	100.0000	-75.1297	-16.2154
468.0000	151.0000	-3.7212	-6.1725
468.0000	164.0000	-0.0073	-35.2054
469.0000	50.0000	-75.1669	-25.6769
469.0000	100.0000	-75.1296	-16.5675
469.0000	151.0000	-3.7507	-7.0051
469.0000	164.0000	-0.0053	-35.3544
470.0000	50.0000	-75.1663	-25.7568
470.0000	100.0000	-75.1295	-16.9396
470.0000	151.0000	-3.7761	-7.8608
470.0000	164.0000	-0.0033	-35.5126
471.0000	50.0000	-75.1648	-26.0145
471.0000	100.0000	-75.1293	-17.3273
471.0000	151.0000	-3.7983	-8.7372
471.0000	164.0000	-0.0011	-35.6782
472.0000	50.0000	-75.1627	-26.2018
472.0000	100.0000	-75.1291	-17.7295
472.0000	151.0000	-3.8140	-9.5359
472.0000	164.0000	0.0009	-35.8531
473.0000	50.0000	-75.1599	-26.4150
473.0000	100.0000	-75.1288	-18.1410
473.0000	151.0000	-3.8106	-10.1237
473.0000	164.0000	0.0030	-36.0399
474.0000	50.0000	-75.1589	-26.7751
474.0000	100.0000	-75.1287	-18.5545
474.0000	151.0000	-3.8033	-10.7698
474.0000	164.0000	0.0050	-36.2345
475.0000	50.0000	-75.1568	-27.0254
475.0000	100.0000	-75.1287	-18.9546
475.0000	151.0000	-3.8071	-11.4858
475.0000	164.0000	0.0068	-36.4264
476.0000	50.0000	-75.1544	-27.1797
476.0000	100.0000	-75.1287	-19.3453
476.0000	151.0000	-3.8130	-12.2418
476.0000	164.0000	0.0085	-36.6157
477.0000	50.0000	-75.1519	-27.3562
477.0000	100.0000	-75.1286	-19.7315
477.0000	151.0000	-3.8130	-13.0213
477.0000	164.0000	0.0102	-36.8027
478.0000	100.0000	-75.1285	-20.1177
478.0000	151.0000	-3.8128	-13.8245
478.0000	164.0000	0.0119	-36.9869
479.0000	100.0000	-75.1285	-20.5135
479.0000	151.0000	-3.8115	-14.5570
479.0000	164.0000	0.0137	-37.1725
480.0000	100.0000	-75.1282	-20.9471
480.0000	151.0000	-3.8035	-15.1052
480.0000	164.0000	0.0155	-37.4346
481.0000	100.0000	-75.1228	-21.4080
481.0000	151.0000	-3.7980	-15.7424
481.0000	164.0000	0.0153	-37.8732
482.0000	100.0000	-75.1091	-21.8866
482.0000	151.0000	-3.7905	-16.4743
482.0000	164.0000	0.0133	-38.3341
483.0000	100.0000	-75.0959	-22.3775
483.0000	151.0000	-3.7904	-17.2675
483.0000	164.0000	0.0111	-38.7721
484.0000	100.0000	-75.0837	-22.8666
484.0000	151.0000	-3.7865	-18.0975
484.0000	164.0000	0.0088	-39.2219
485.0000	100.0000	-75.0778	-23.3274
485.0000	151.0000	-3.7783	-18.9458
485.0000	164.0000	0.0105	-39.6744
486.0000	100.0000	-75.0786	-23.7875
486.0000	151.0000	-3.7673	-19.8268
486.0000	164.0000	0.0175	-40.0771
487.0000	100.0000	-75.0771	-24.2464
487.0000	151.0000	-3.7583	-20.7399
487.0000	164.0000	0.0188	-40.4527
488.0000	100.0000	-75.0735	-24.7113
488.0000	151.0000	-3.7516	-21.5728
488.0000	164.0000	0.0197	-40.8173
489.0000	100.0000	-75.0694	-25.1552
489.0000	151.0000	-3.7454	-22.1771
489.0000	164.0000	0.0205	-41.1548
490.0000	100.0000	-75.0649	-25.5936
490.0000	151.0000	-3.7384	-22.8346
490.0000	164.0000	0.0214	-41.4635
491.0000	100.0000	-75.0639	-26.0082
491.0000	151.0000	-3.7314	-23.5461
491.0000	164.0000	0.0214	-41.7323
492.0000	100.0000	-75.0669	-26.4214
492.0000	151.0000	-3.7253	-24.2936
492.0000	164.0000	0.0206	-41.9816
493.0000	100.0000	-75.0692	-26.8046
493.0000	151.0000	-3.7177	-25.0430
493.0000	164.0000	0.0199	-42.1970
494.0000	100.0000	-75.0708	-27.1669
494.0000	151.0000	-3.7087	-25.7968
494.0000	164.0000	0.0195	-42.3778
495.0000	100.0000	-75.0718	-27.5349
495.0000	151.0000	-3.6986	-26.5713
495.0000	164.0000	0.0196	-42.5397
496.0000	151.0000	-3.6881	-27.3558
496.0000	164.0000	0.0198	-42.6833
497.0000	151.0000	-3.6771	-28.1473
497.0000	164.0000	0.0198	-42.8149
498.0000	151.0000	-3.6658	-28.9371
498.0000	164.0000	0.0200	-42.9270
499.0000	151.0000	-3.6541	-29.7365
499.0000	164.0000	0.0203	-43.0317
500.0000	151.0000	-3.6452	-30.4241
500.0000	164.0000	0.0200	-43.1102
501.0000	151.0000	-3.6419	-30.8528
501.0000	164.0000	0.0192	-43.1414
502.0000	151.0000	-3.6372	-31.2777
502.0000	164.0000	0.0178	-43.1387
503.0000	151.0000	-3.6309	-31.7053
503.0000	164.0000	0.0168	-43.0889
504.0000	151.0000	-3.6233	-32.1074
504.0000	164.0000	0.0164	-42.9617
505.0000	151.0000	-3.6143	-32.4778
505.0000	164.0000	0.0170	-42.7646
506.0000	151.0000	-3.6041	-32.8672
506.0000	164.0000	0.0178	-42.5556
507.0000	151.0000	-3.5934	-33.2880
507.0000	164.0000	0.0184	-42.3503
508.0000	151.0000	-3.5823	-33.7321
508.0000	164.0000	0.0190	-42.1421
509.0000	151.0000	-3.5708	-34.1905
509.0000	164.0000	0.0196	-41.9255
510.0000	151.0000	-3.5591	-34.6594
510.0000	164.0000	0.0203	-41.7040
511.0000	151.0000	-3.5474	-35.1383
511.0000	164.0000	0.0209	-41.4817
512.0000	151.0000	-3.5355	-35.6273
512.0000	164.0000	0.0216	-41.2581
513.0000	151.0000	-3.5239	-36.1245
513.0000	164.0000	0.0222	-41.0320
514.0000	151.0000	-3.5124	-36.6286
514.0000	164.0000	0.0227	-40.8062
515.0000	151.0000	-3.5012	-37.1382
515.0000	164.0000	0.0232	-40.5816
516.0000	151.0000	-3.4923	-37.5550
516.0000	164.0000	0.0237	-40.3564
517.0000	151.0000	-3.4887	-37.7463
517.0000	164.0000	0.0241	-40.1296
518.0000	151.0000	-3.4844	-37.9847
518.0000	164.0000	0.0245	-39.9022
519.0000	151.0000	-3.4788	-38.2922
519.0000	164.0000	0.0248	-39.6746
520.0000	151.0000	-3.4725	-38.6402
520.0000	164.0000	0.0251	-39.4463
521.0000	151.0000	-3.4662	-39.0126
521.0000	164.0000	0.0253	-39.2172
522.0000	151.0000	-3.4597	-39.4100
522.0000	164.0000	0.0255	-38.9880
523.0000	151.0000	-3.4531	-39.8348
523.0000	164.0000	0.0256	-38.7587
524.0000	151.0000	-3.4465	-40.2813
524.0000	164.0000	0.0257	-38.5291
525.0000	151.0000	-3.4401	-40.7427
525.0000	164.0000	0.0257	-38.2992
526.0000	151.0000	-3.4338	-41.2156
526.0000	164.0000	0.0257	-38.0694
527.0000	151.0000	-3.4279	-41.6995
527.0000	164.0000	0.0256	-37.8396
528.0000	151.0000	-3.4221	-42.1929
528.0000	164.0000	0.0256	-37.6097
529.0000	151.0000	-3.4166	-42.6937
529.0000	164.0000	0.0255	-37.3798
530.0000	151.0000	-3.4115	-43.2000
530.0000	164.0000	0.0255	-37.1499
531.0000	151.0000	-3.4066	-43.7110
531.0000	164.0000	0.0254	-36.9201
532.0000	151.0000	-3.4022	-44.2246
532.0000	164.0000	0.0253	-36.6903
533.0000	151.0000	-3.3982	-44.7392
533.0000	164.0000	0.0252	-36.4603
534.0000	151.0000	-3.3948	-45.2559
534.0000	164.0000	0.0249	-36.2305
535.0000	151.0000	-3.3916	-45.7753
535.0000	164.0000	0.0246	-36.0005
536.0000	151.0000	-3.3894	-46.2008
536.0000	164.0000	0.0243	-35.7704
537.0000	151.0000	-3.3898	-46.3996
537.0000	164.0000	0.0239	-35.5403
538.0000	151.0000	-3.3914	-46.6437
538.0000	164.0000	0.0235	-35.3102
539.0000	151.0000	-3.3918	-46.9566
539.0000	164.0000	0.0231	-35.0801
540.0000	151.0000	-3.3913	-47.3096
540.0000	164.0000	0.0226	-34.8500
541.0000	151.0000	-3.3914	-47.6862
541.0000	164.0000	0.0222	-34.6198
542.0000	151.0000	-3.3922	-48.0871
542.0000	164.0000	0.0216	-34.3897
543.0000	151.0000	-3.3930	-48.5151
543.0000	164.0000	0.0211	-34.1595
544.0000	151.0000	-3.3939	-48.9646
544.0000	164.0000	0.0207	-33.9293
545.0000	151.0000	-3.3947	-49.3279
545.0000	164.0000	0.0202	-33.6990
546.0000	151.0000	-3.3968	-49.4756
546.0000	164.0000	0.0196	-33.4701
547.0000	151.0000	-3.3948	-49.6853
547.0000	164.0000	0.0215	-33.2449
548.0000	151.0000	-3.3772	-49.9831
548.0000	164.0000	0.0338	-33.0332
549.0000	151.0000	-3.3689	-50.3402
549.0000	164.0000	0.0391	-32.8361
550.0000	151.0000	-3.3661	-50.6458
550.0000	164.0000	0.0408	-32.6644
551.0000	151.0000	-3.3669	-50.7806
551.0000	164.0000	0.0399	-32.5229
552.0000	151.0000	-3.3684	-51.0194
552.0000	164.0000	0.0389	-32.4067
553.0000	151.0000	-3.3706	-51.3621
553.0000	164.0000	0.0378	-32.3137
554.0000	151.0000	-3.3737	-51.7833
554.0000	164.0000	0.0366	-32.2432
555.0000	151.0000	-3.3756	-52.1614
555.0000	164.0000	0.0357	-32.2534
556.0000	151.0000	-3.3766	-52.3811
556.0000	164.0000	0.0351	-32.4482
557.0000	151.0000	-3.3787	-52.7121
557.0000	164.0000	0.0345	-32.6724
558.0000	151.0000	-3.3815	-53.1480
558.0000	164.0000	0.0337	-32.9178
559.0000	151.0000	-3.3847	-53.6622
559.0000	164.0000	0.0332	-33.1835
560.0000	151.0000	-3.3874	-54.1272
560.0000	164.0000	0.0325	-33.4641
561.0000	151.0000	-3.3896	-54.4079
561.0000	164.0000	0.0311	-33.7303
562.0000	151.0000	-3.3944	-54.7340
562.0000	164.0000	0.0289	-33.9530
563.0000	151.0000	-3.3996	-55.0825
563.0000	164.0000	0.0268	-34.1165
564.0000	151.0000	-3.4045	-55.4176
564.0000	164.0000	0.0254	-34.2098
565.0000	151.0000	-3.4076	-55.6229
565.0000	164.0000	0.0246	-34.2372
566.0000	151.0000	-3.4076	-55.6325
566.0000	164.0000	0.0246	-34.2349
567.0000	151.0000	-3.4092	-55.7415
567.0000	164.0000	0.0244	-34.2371
568.0000	151.0000	-3.4118	-55.9378
568.0000	164.0000	0.0242	-34.2408
569.0000	151.0000	-3.4151	-56.1916
569.0000	164.0000	0.0239	-34.2436
570.0000	151.0000	-3.4183	-56.4881
570.0000	164.0000	0.0239	-34.2442
571.0000	151.0000	-3.4207	-56.7168
571.0000	164.0000	0.0238	-34.2427
572.0000	151.0000	-3.4213	-56.7478
572.0000	164.0000	0.0237	-34.2405
573.0000	151.0000	-3.4228	-56.8652
573.0000	164.0000	0.0237	-34.2388
574.0000	151.0000	-3.4252	-57.0718
574.0000	164.0000	0.0237	-34.2384
575.0000	151.0000	-3.4282	-57.3353
575.0000	164.0000	0.0237	-34.2392
576.0000	151.0000	-3.4317	-57.6408
576.0000	164.0000	0.0236	-34.2422
577.0000	151.0000	-3.4361	-57.9889
577.0000	164.0000	0.0231	-34.2490
578.0000	151.0000	-3.4440	-58.3693
578.0000	164.0000	0.0209	-34.2515
579.0000	151.0000	-3.4486	-58.7775
579.0000	164.0000	0.0208	-34.2522
580.0000	151.0000	-3.4534	-59.2070
580.0000	164.0000	0.0208	-34.2526
581.0000	151.0000	-3.4585	-59.6539
581.0000	164.0000	0.0207	-34.2527
582.0000	151.0000	-3.4637	-60.1165
582.0000	164.0000	0.0205	-34.2528
583.0000	151.0000	-3.4691	-60.5922
583.0000	164.0000	0.0204	-34.2527
584.0000	151.0000	-3.4745	-61.0781
584.0000	164.0000	0.0203	-34.2525
585.0000	151.0000	-3.4791	-61.5738
585.0000	164.0000	0.0202	-34.2522
586.0000	151.0000	-3.4839	-62.0781
586.0000	164.0000	0.0201	-34.2521
587.0000	151.0000	-3.4889	-62.5876
587.0000	164.0000	0.0200	-34.2518
588.0000	151.0000	-3.4936	-63.1000
588.0000	164.0000	0.0199	-34.2517
589.0000	151.0000	-3.4982	-63.6136
589.0000	164.0000	0.0198	-34.2516
590.0000	151.0000	-3.5031	-64.1284
590.0000	164.0000	0.0197	-34.2517
591.0000	151.0000	-3.5084	-64.6452
591.0000	164.0000	0.0196	-34.2517
592.0000	151.0000	-3.5137	-65.1650
592.0000	164.0000	0.0195	-34.2520
593.0000	151.0000	-3.5188	-65.6868
593.0000	164.0000	0.0194	-34.2522
594.0000	151.0000	-3.5239	-66.2100
594.0000	164.0000	0.0193	-34.2523
595.0000	151.0000	-3.5287	-66.7341
595.0000	164.0000	0.0192	-34.2523
596.0000	151.0000	-3.5335	-67.2592
596.0000	164.0000	0.0190	-34.2524
597.0000	151.0000	-3.5380	-67.7852
597.0000	164.0000	0.0190	-34.2524
598.0000	151.0000	-3.5424	-68.3120
598.0000	164.0000	0.0188	-34.2524
599.0000	151.0000	-3.5467	-68.8392
599.0000	164.0000	0.0187	-34.2524
600.0000	151.0000	-3.5508	-69.3669
600.0000	164.0000	0.0186	-34.2523
601.0000	151.0000	-3.5548	-69.8950
601.0000	164.0000	0.0185	-34.2523
602.0000	151.0000	-3.5583	-70.4232
602.0000	164.0000	0.0185	-34.2523
603.0000	151.0000	-3.5587	-70.9515
603.0000	164.0000	0.0184	-34.2535
604.0000	151.0000	-3.5540	-71.4838
604.0000	164.0000	0.0213	-34.2585
605.0000	151.0000	-3.5622	-72.0149
605.0000	164.0000	0.0202	-34.2598
606.0000	151.0000	-3.5644	-72.5481
606.0000	164.0000	0.0201	-34.2605
607.0000	151.0000	-3.5679	-73.0804
607.0000	164.0000	0.0200	-34.2608
608.0000	151.0000	-3.5743	-73.6103
608.0000	164.0000	0.0199	-34.2608
609.0000	151.0000	-3.5791	-74.1397
609.0000	164.0000	0.0198	-34.2608
610.0000	151.0000	-3.5825	-74.6721
610.0000	164.0000	0.0197	-34.2633
611.0000	151.0000	-3.5813	-75.2112
611.0000	164.0000	0.0210	-34.2720
612.0000	151.0000	-3.5719	-75.7642
612.0000	164.0000	0.0257	-34.2941
613.0000	151.0000	-3.5491	-76.3364
613.0000	164.0000	0.0362	-34.3345
614.0000	151.0000	-3.6013	-76.9051
614.0000	164.0000	0.0140	-34.3752
615.0000	151.0000	-3.6030	-77.4359
615.0000	164.0000	0.0138	-34.3765
616.0000	151.0000	-3.6043	-77.9723
616.0000	164.0000	0.0137	-34.3773
617.0000	151.0000	-3.6055	-78.5236
617.0000	164.0000	0.0136	-34.3777
618.0000	151.0000	-3.6064	-79.0752
618.0000	164.0000	0.0135	-34.3779
619.0000	151.0000	-3.6059	-79.6225
619.0000	164.0000	0.0134	-34.3780
620.0000	164.0000	0.0133	-34.3779
621.0000	164.0000	0.0132	-34.3777
622.0000	164.0000	0.0131	-34.3774
623.0000	164.0000	0.0130	-34.3772
624.0000	164.0000	0.0130	-34.3769
625.0000	164.0000	0.0130	-34.3768
626.0000	164.0000	0.0130	-34.3767
627.0000	164.0000	0.0130	-34.3767
628.0000	164.0000	0.0131	-34.3768
629.0000	164.0000	0.0131	-34.3769
630.0000	164.0000	0.0129	-34.3788
631.0000	164.0000	0.0143	-34.3841
632.0000	164.0000	0.0234	-34.4036
633.0000	164.0000	0.0377	-34.4398
634.0000	164.0000	0.0445	-34.5028
635.0000	164.0000	0.0441	-34.5981
636.0000	164.0000	0.0432	-34.7229
637.0000	164.0000	0.0430	-34.8752
638.0000	164.0000	0.0417	-35.0555
639.0000	164.0000	0.0408	-35.2622
640.0000	164.0000	0.0380	-35.4929
641.0000	164.0000	0.0363	-35.7455
642.0000	164.0000	0.0333	-36.0180
643.0000	164.0000	0.0298	-36.3080
644.0000	164.0000	0.0257	-36.6134
645.0000	164.0000	0.0212	-36.9320
646.0000	164.0000	0.0165	-37.2643
647.0000	164.0000	0.0116	-37.6157
648.0000	164.0000	0.0078	-37.9642
649.0000	164.0000	0.0039	-38.2893
650.0000	164.0000	0.0005	-38.6104
651.0000	164.0000	-0.0022	-38.9324
652.0000	164.0000	-0.0046	-39.2524
653.0000	164.0000	-0.0068	-39.5763
654.0000	164.0000	-0.0083	-39.9127
655.0000	164.0000	-0.0090	-40.2704
656.0000	164.0000	-0.0097	-40.6512
657.0000	164.0000	-0.0121	-41.0502
658.0000	164.0000	-0.0164	-41.4309
659.0000	164.0000	-0.0216	-41.7717
660.0000	164.0000	-0.0266	-42.0960
661.0000	164.0000	-0.0309	-42.4047
662.0000	164.0000	-0.0344	-42.7128
663.0000	164.0000	-0.0384	-42.9996
664.0000	164.0000	-0.0429	-43.2416
665.0000	164.0000	-0.0470	-43.4294
666.0000	164.0000	-0.0505	-43.5608
667.0000	164.0000	-0.0531	-43.6436
668.0000	164.0000	-0.0548	-43.6868
669.0000	164.0000	-0.0557	-43.7705
670.0000	164.0000	-0.0568	-43.9237
671.0000	164.0000	-0.0581	-44.1237
672.0000	164.0000	-0.0596	-44.3508
673.0000	164.0000	-0.0615	-44.5960
674.0000	164.0000	-0.0638	-44.8566
675.0000	164.0000	-0.0662	-45.1339
676.0000	164.0000	-0.0683	-45.4295
677.0000	164.0000	-0.0706	-45.7452
678.0000	164.0000	-0.0738	-46.0832
679.0000	164.0000	-0.0779	-46.4458
680.0000	164.0000	-0.0833	-46.8352
681.0000	164.0000	-0.0917	-47.2536
682.0000	164.0000	-0.1032	-47.6951
683.0000	164.0000	-0.1161	-48.1542
684.0000	164.0000	-0.1300	-48.6323
685.0000	164.0000	-0.1434	-49.1286
686.0000	164.0000	-0.1592	-49.6405
687.0000	164.0000	-0.1760	-50.1716
688.0000	164.0000	-0.1973	-50.7271
689.0000	164.0000	-0.2229	-51.2951
690.0000	164.0000	-0.2539	-51.8693
691.0000	164.0000	-0.2909	-52.4442
692.0000	164.0000	-0.3354	-53.0216
693.0000	164.0000	-0.3871	-53.6122
694.0000	164.0000	-0.4477	-54.2221
695.0000	164.0000	-0.5143	-54.8634
696.0000	164.0000	-0.5858	-55.5373
697.0000	164.0000	-0.6607	-56.2429
698.0000	164.0000	-0.7389	-56.9808
699.0000	164.0000	-0.8211	-57.7494
700.0000	164.0000	-0.9026	-58.5512
701.0000	164.0000	-0.9805	-59.3738
702.0000	164.0000	-1.0591	-60.2141
703.0000	164.0000	-1.1342	-61.0547
704.0000	164.0000	-1.2064	-61.9005
705.0000	164.0000	-1.2765	-62.7597
706.0000	164.0000	-1.3441	-63.6309
707.0000	164.0000	-1.4067	-64.5721
708.0000	164.0000	-1.4266	-65.7484
709.0000	164.0000	-1.2619	-67.3330
710.0000	164.0000	-13.0291	-65.2524
711.0000	164.0000	-24.9107	-60.5675
712.0000	164.0000	-35.6315	-54.1323
713.0000	164.0000	-44.7857	-46.6062
714.0000	164.0000	-51.6630	-39.1816
715.0000	164.0000	-55.9139	-33.2994
716.0000	164.0000	-58.0144	-29.8464
717.0000	164.0000	-58.8737	-28.9021
718.0000	164.0000	-58.9420	-29.8007
719.0000	164.0000	-59.2438	-30.5644
720.0000	164.0000	-59.5647	-30.8982
721.0000	164.0000	-59.6198	-30.9558
722.0000	164.0000	-59.7029	-30.8848
723.0000	164.0000	-59.7890	-30.7433
724.0000	164.0000	-59.8442	-30.5822
725.0000	164.0000	-59.8589	-30.4316
726.0000	164.0000	-59.8442	-30.3083
727.0000	164.0000	-59.8175	-30.2225
728.0000	164.0000	-59.7919	-30.1773
729.0000	164.0000	-59.7725	-30.1677
730.0000	164.0000	-59.7598	-30.1837
731.0000	164.0000	-59.7482	-30.2187
732.0000	164.0000	-59.7425	-30.2530
733.0000	164.0000	-59.7409	-30.2824
734.0000	164.0000	-59.7431	-30.3044
735.0000	164.0000	-59.7481	-30.3181
736.0000	164.0000	-59.7544	-30.3244
737.0000	164.0000	-59.7606	-30.3249
738.0000	164.0000	-59.7657	-30.3218
739.0000	164.0000	-59.7692	-30.3169
740.0000	164.0000	-59.7711	-30.3119
741.0000	164.0000	-59.7716	-30.3076
742.0000	164.0000	-59.7712	-30.3046
743.0000	164.0000	-59.7704	-30.3030
744.0000	164.0000	-59.7694	-30.3026
745.0000	164.0000	-59.7684	-30.3029
746.0000	164.0000	-59.7676	-30.3037
747.0000	164.0000	-59.7670	-30.3046
748.0000	164.0000	-59.7666	-30.3056
749.0000	164.0000	-59.7665	-30.3064
750.0000	164.0000	-59.7665	-30.3070
751.0000	164.0000	-59.7665	-30.3074
752.0000	164.0000	-59.7666	-30.3077
753.0000	164.0000	-59.7666	-30.3079
754.0000	164.0000	-59.7665	-30.3080
755.0000	164.0000	-59.7665	-30.3081
756.0000	164.0000	-59.7664	-30.3083
757.0000	164.0000	-59.7663	-30.3084
758.0000	164.0000	-59.7661	-30.3086
759.0000	164.0000	-59.7677	-30.3088
760.0000	164.0000	-59.7670	-30.3132
761.0000	164.0000	-59.7667	-30.3109
762.0000	164.0000	-59.7676	-30.3089
763.0000	164.0000	-59.7690	-30.3071
764.0000	164.0000	-59.7707	-30.3053
765.0000	164.0000	-59.7723	-30.3034
766.0000	164.0000	-59.7739	-30.3013
767.0000	164.0000	-59.7754	-30.2989
768.0000	164.0000	-59.7770	-30.2962
769.0000	164.0000	-59.7786	-30.2933
770.0000	164.0000	-59.7791	-30.2927
771.0000	164.0000	-59.7805	-30.2915
772.0000	164.0000	-59.7815	-30.2904
773.0000	164.0000	-59.7822	-30.2894
774.0000	164.0000	-59.7826	-30.2886
775.0000	164.0000	-59.7827	-30.2881
776.0000	164.0000	-59.7826	-30.2876
777.0000	164.0000	-59.7825	-30.2873
778.0000	164.0000	-59.7841	-30.2872
779.0000	164.0000	-59.7469	-30.4791
780.0000	164.0000	-59.6849	-30.5516
781.0000	164.0000	-59.6748	-30.5462
782.0000	164.0000	-59.6786	-30.5422
783.0000	164.0000	-59.6845	-30.5389
784.0000	164.0000	-59.6904	-30.5365
785.0000	164.0000	-59.6911	-30.5405
786.0000	164.0000	-59.6916	-30.5380
787.0000	164.0000	-59.6926	-30.5356
788.0000	164.0000	-59.6941	-30.5333
789.0000	164.0000	-59.6972	-30.5313
790.0000	164.0000	-59.6970	-30.5352
791.0000	164.0000	-59.6975	-30.5326
792.0000	164.0000	-59.6990	-30.5300
793.0000	164.0000	-59.7007	-30.5274
794.0000	164.0000	-59.7025	-30.5247
795.0000	164.0000	-59.7043	-30.5221
796.0000	164.0000	-59.7074	-30.5197
797.0000	164.0000	-59.7072	-30.5232
798.0000	164.0000	-59.7076	-30.5205
799.0000	164.0000	-59.7089	-30.5178
800.0000	164.0000	-59.7106	-30.5151
801.0000	164.0000	-59.7123	-30.5125
802.0000	164.0000	-59.7140	-30.5098
803.0000	164.0000	-59.7156	-30.5073
804.0000	164.0000	-59.7172	-30.5047
805.0000	164.0000	-59.7188	-30.5022
806.0000	164.0000	-59.7204	-30.4997
807.0000	164.0000	-59.7207	-30.4994
808.0000	164.0000	-59.7237	-30.4985
809.0000	164.0000	-59.7239	-30.5015
810.0000	164.0000	-59.7239	-30.4984
811.0000	164.0000	-59.7250	-30.4955
812.0000	164.0000	-59.7267	-30.4930
813.0000	164.0000	-59.7300	-30.4909
814.0000	164.0000	-59.7297	-30.4948
815.0000	164.0000	-59.7301	-30.4924
816.0000	164.0000	-59.7313	-30.4900
817.0000	164.0000	-59.7329	-30.4876
818.0000	164.0000	-59.7346	-30.4851
819.0000	164.0000	-59.7362	-30.4826
820.0000	164.0000	-59.7378	-30.4801
821.0000	164.0000	-59.7394	-30.4774
822.0000	164.0000	-59.7410	-30.4748
823.0000	164.0000	-59.7426	-30.4721
824.0000	164.0000	-59.7429	-30.4719
825.0000	164.0000	-59.7441	-30.4710
826.0000	164.0000	-59.7450	-30.4701
827.0000	164.0000	-59.7456	-30.4693
828.0000	164.0000	-59.7459	-30.4687
829.0000	164.0000	-59.7461	-30.4682
830.0000	164.0000	-59.7460	-30.4677
831.0000	164.0000	-59.7459	-30.4674
832.0000	164.0000	-59.7458	-30.4672
833.0000	164.0000	-59.7456	-30.4672
834.0000	164.0000	-59.7454	-30.4672
835.0000	164.0000	-59.7452	-30.4674
836.0000	164.0000	-59.7450	-30.4676
837.0000	164.0000	-59.7449	-30.4679
838.0000	164.0000	-59.7447	-30.4681
839.0000	164.0000	-59.7446	-30.4684
840.0000	164.0000	-59.7444	-30.4687
841.0000	164.0000	-59.7443	-30.4690
842.0000	164.0000	-59.7442	-30.4692
843.0000	164.0000	-59.7442	-30.4692
844.0000	164.0000	-59.7459	-30.4693
845.0000	164.0000	-59.7454	-30.4737
846.0000	164.0000	-59.7453	-30.4715
847.0000	164.0000	-59.7462	-30.4696
848.0000	164.0000	-59.7477	-30.4679
849.0000	164.0000	-59.7509	-30.4666
850.0000	164.0000	-59.7165	-30.6515
851.0000	164.0000	-59.6560	-30.7219
852.0000	164.0000	-59.6467	-30.7161
853.0000	164.0000	-59.6523	-30.7118
854.0000	164.0000	-59.6565	-30.7131
855.0000	164.0000	-59.6599	-30.7090
856.0000	164.0000	-59.6624	-30.7057
857.0000	164.0000	-59.6642	-30.7029
858.0000	164.0000	-59.6657	-30.7007
859.0000	164.0000	-59.6670	-30.6989
860.0000	164.0000	-59.6684	-30.6972
861.0000	164.0000	-59.6699	-30.6955
862.0000	164.0000	-59.6714	-30.6937
863.0000	164.0000	-59.6730	-30.6917
864.0000	164.0000	-59.6750	-30.6916
865.0000	164.0000	-59.6756	-30.6947
866.0000	164.0000	-59.6760	-30.6918
867.0000	164.0000	-59.6772	-30.6889
868.0000	164.0000	-59.6789	-30.6862
869.0000	164.0000	-59.6807	-30.6837
870.0000	164.0000	-59.6823	-30.6813
871.0000	164.0000	-59.6839	-30.6790
872.0000	164.0000	-59.6854	-30.6767
873.0000	164.0000	-59.6868	-30.6745
874.0000	164.0000	-59.6883	-30.6721
875.0000	164.0000	-59.6884	-30.6719
876.0000	164.0000	-59.6896	-30.6711
877.0000	164.0000	-59.6905	-30.6702
878.0000	164.0000	-59.6911	-30.6693
879.0000	164.0000	-59.6932	-30.6685
880.0000	164.0000	-59.6934	-30.6721
881.0000	164.0000	-59.6934	-30.6694
882.0000	164.0000	-59.6955	-30.6675
883.0000	164.0000	-59.6947	-30.6716
884.0000	164.0000	-59.6951	-30.6696
885.0000	164.0000	-59.6964	-30.6676
886.0000	164.0000	-59.6980	-30.6656
887.0000	164.0000	-59.6996	-30.6634
888.0000	164.0000	-59.7011	-30.6611
889.0000	164.0000	-59.7026	-30.6586
890.0000	164.0000	-59.7042	-30.6561
891.0000	164.0000	-59.7072	-30.6536
892.0000	164.0000	-59.7070	-30.6568
893.0000	164.0000	-59.7074	-30.6541
894.0000	164.0000	-59.7088	-30.6514
895.0000	164.0000	-59.7104	-30.6489
896.0000	164.0000	-59.7121	-30.6464
897.0000	164.0000	-59.7137	-30.6440
898.0000	164.0000	-59.7152	-30.6416
899.0000	164.0000	-59.7167	-30.6393
900.0000	164.0000	-59.7182	-30.6370
901.0000	164.0000	-59.7197	-30.6347
902.0000	164.0000	-59.7216	-30.6344
903.0000	164.0000	-59.7221	-30.6373
904.0000	164.0000	-59.7224	-30.6345
905.0000	164.0000	-59.7236	-30.6318
906.0000	164.0000	-59.7253	-30.6293
907.0000	164.0000	-59.7285	-30.6272
908.0000	164.0000	-59.7282	-30.6308
909.0000	164.0000	-59.7309	-30.6516
910.0000	164.0000	-59.7208	-30.6626
911.0000	164.0000	-59.7191	-30.6598
912.0000	164.0000	-59.7205	-30.6570
913.0000	164.0000	-59.7227	-30.6542
914.0000	164.0000	-59.7248	-30.6515
915.0000	164.0000	-59.7266	-30.6489
916.0000	164.0000	-59.7282	-30.6464
917.0000	164.0000	-59.7296	-30.6441
918.0000	164.0000	-59.7310	-30.6417
919.0000	164.0000	-59.7325	-30.6395
920.0000	164.0000	-59.7325	-30.6393
921.0000	164.0000	-59.7336	-30.6385
922.0000	164.0000	-59.7362	-30.6376
923.0000	164.0000	-59.7363	-30.6402
924.0000	164.0000	-59.7364	-30.6373
925.0000	164.0000	-59.7375	-30.6348
926.0000	164.0000	-59.7392	-30.6325
927.0000	164.0000	-59.7410	-30.6305
928.0000	164.0000	-59.7425	-30.6285
929.0000	164.0000	-59.7440	-30.6267
930.0000	164.0000	-59.7469	-30.6249
931.0000	164.0000	-59.7149	-30.7981
932.0000	164.0000	-59.6532	-30.8726
933.0000	164.0000	-59.6445	-30.8667
934.0000	164.0000	-59.6488	-30.8619
935.0000	164.0000	-59.6548	-30.8578
936.0000	164.0000	-59.6592	-30.8544
937.0000	164.0000	-59.6618	-30.8516
938.0000	164.0000	-59.6634	-30.8494
939.0000	164.0000	-59.6646	-30.8477
940.0000	164.0000	-59.6658	-30.8462
941.0000	164.0000	-59.6671	-30.8448
942.0000	164.0000	-59.6670	-30.8453
943.0000	164.0000	-59.6680	-30.8449
944.0000	164.0000	-59.6689	-30.8443
945.0000	164.0000	-59.6695	-30.8436
946.0000	164.0000	-59.6717	-30.8427
947.0000	164.0000	-59.6721	-30.8461
948.0000	164.0000	-59.6723	-30.8434
949.0000	164.0000	-59.6731	-30.8410
950.0000	164.0000	-59.6745	-30.8390
951.0000	164.0000	-59.6760	-30.8373
952.0000	164.0000	-59.6775	-30.8356
953.0000	164.0000	-59.6788	-30.8338
954.0000	164.0000	-59.6802	-30.8319
955.0000	164.0000	-59.6815	-30.8298
956.0000	164.0000	-59.6829	-30.8276
957.0000	164.0000	-59.6830	-30.8271
958.0000	164.0000	-59.6840	-30.8261
959.0000	164.0000	-59.6849	-30.8250
960.0000	164.0000	-59.6854	-30.8240
961.0000	164.0000	-59.6857	-30.8231
962.0000	164.0000	-59.6858	-30.8224
963.0000	164.0000	-59.6856	-30.8218
964.0000	164.0000	-59.6854	-30.8213
965.0000	164.0000	-59.6869	-30.8210
966.0000	164.0000	-59.6866	-30.8248
967.0000	164.0000	-59.6868	-30.8226
968.0000	164.0000	-59.6878	-30.8210
969.0000	164.0000	-59.6893	-30.8197
970.0000	164.0000	-59.6909	-30.8186
971.0000	164.0000	-59.6924	-30.8173
972.0000	164.0000	-59.6938	-30.8158
973.0000	164.0000	-59.6952	-30.8140
974.0000	164.0000	-59.6982	-30.8119
975.0000	164.0000	-59.6980	-30.8150
976.0000	164.0000	-59.6985	-30.8124
977.0000	164.0000	-59.6999	-30.8096
978.0000	164.0000	-59.7016	-30.8070
979.0000	164.0000	-59.7046	-30.8046
980.0000	164.0000	-59.7044	-30.8078
981.0000	164.0000	-59.7048	-30.8053
982.0000	43.0000	-69.5176	39.0652
982.0000	164.0000	-59.7060	-30.8030
983.0000	43.0000	-69.2545	38.4976
983.0000	164.0000	-59.7075	-30.8008
984.0000	43.0000	-68.9749	37.9030
984.0000	164.0000	-59.7091	-30.7986
985.0000	43.0000	-68.6789	37.2761
985.0000	164.0000	-59.7106	-30.7965
986.0000	43.0000	-68.3677	36.6202
986.0000	164.0000	-59.7121	-30.7944
987.0000	43.0000	-68.0450	35.9444
987.0000	164.0000	-59.7135	-30.7923
988.0000	43.0000	-67.7113	35.2490
988.0000	164.0000	-59.7149	-30.7902
989.0000	43.0000	-67.3671	34.5320
989.0000	164.0000	-59.7163	-30.7880
990.0000	43.0000	-67.0138	33.7940
990.0000	164.0000	-59.7162	-30.7878
991.0000	43.0000	-66.6532	33.0396
991.0000	164.0000	-59.7171	-30.7869
992.0000	43.0000	-66.2847	32.2700
992.0000	164.0000	-59.7180	-30.7860
993.0000	43.0000	-65.9088	31.4861
993.0000	164.0000	-59.7185	-30.7851
994.0000	43.0000	-65.5268	30.6891
994.0000	164.0000	-59.7188	-30.7844
995.0000	43.0000	-65.1465	29.8961
995.0000	164.0000	-59.7189	-30.7837
996.0000	43.0000	-64.7728	29.1175
996.0000	164.0000	-59.7187	-30.7831
997.0000	43.0000	-64.4067	28.3536
997.0000	164.0000	-59.7185	-30.7826
998.0000	43.0000	-64.0480	27.6046
998.0000	164.0000	-59.7183	-30.7823
999.0000	43.0000	-63.6971	26.8710
999.0000	164.0000	-59.7181	-30.7822
