243.0000	180.0000	-74.1710	29.0159
244.0000	180.0000	-73.9218	28.5917
245.0000	180.0000	-73.6569	28.1547
246.0000	180.0000	-73.3525	27.7192
247.0000	180.0000	-73.0209	27.2820
248.0000	180.0000	-72.6654	26.8408
249.0000	180.0000	-72.2693	26.4118
250.0000	180.0000	-71.8489	25.9818
251.0000	180.0000	-71.3909	25.5647
252.0000	180.0000	-70.9040	25.1544
253.0000	180.0000	-70.3781	24.7689
254.0000	180.0000	-69.8244	24.3942
255.0000	180.0000	-69.2369	24.0394
256.0000	180.0000	-68.6184	23.7094
257.0000	180.0000	-67.9779	23.3896
258.0000	180.0000	-67.2976	23.1021
259.0000	180.0000	-66.5856	22.8227
260.0000	180.0000	-65.8319	22.5644
261.0000	180.0000	-65.0439	22.3278
262.0000	180.0000	-64.2324	22.1073
263.0000	180.0000	-63.3975	21.9027
264.0000	180.0000	-62.5336	21.7162
265.0000	180.0000	-61.6308	21.5453
266.0000	180.0000	-60.7012	21.3886
267.0000	180.0000	-59.7727	21.2522
268.0000	180.0000	-58.8254	21.1301
269.0000	180.0000	-57.8756	21.0228
270.0000	180.0000	-56.9224	20.9245
271.0000	180.0000	-55.9576	20.8352
272.0000	180.0000	-54.9792	20.7577
273.0000	180.0000	-53.9672	20.6886
274.0000	180.0000	-52.9193	20.6248
275.0000	180.0000	-51.8383	20.5653
276.0000	180.0000	-50.7244	20.5061
277.0000	180.0000	-49.5898	20.4529
278.0000	180.0000	-48.4380	20.4100
279.0000	180.0000	-47.2692	20.3730
280.0000	180.0000	-46.1591	20.3402
281.0000	180.0000	-45.3002	20.3145
282.0000	180.0000	-44.7052	20.2962
283.0000	180.0000	-44.3743	20.2841
284.0000	180.0000	-44.1226	20.3519
285.0000	180.0000	-43.8863	20.3719
286.0000	180.0000	-43.8124	20.3549
287.0000	180.0000	-43.6685	20.3766
288.0000	180.0000	-43.5946	20.3825
289.0000	180.0000	-43.5945	20.3834
290.0000	180.0000	-43.5927	20.3854
291.0000	180.0000	-43.5915	20.3865
292.0000	180.0000	-43.5888	20.3876
293.0000	180.0000	-43.4977	20.3983
294.0000	180.0000	-43.3078	20.3892
295.0000	180.0000	-43.0051	20.4303
296.0000	180.0000	-42.6644	20.3655
297.0000	180.0000	-42.2584	20.3136
298.0000	180.0000	-41.7936	20.2448
299.0000	180.0000	-41.2764	20.1512
300.0000	180.0000	-40.7964	20.0340
301.0000	180.0000	-40.4943	19.8879
302.0000	180.0000	-40.1417	19.7302
303.0000	180.0000	-39.7192	19.5511
304.0000	180.0000	-39.3244	19.3504
305.0000	180.0000	-39.0937	19.1235
306.0000	180.0000	-38.7961	18.8856
307.0000	180.0000	-38.4225	18.6263
308.0000	180.0000	-38.0718	18.3489
309.0000	180.0000	-37.8771	18.0494
310.0000	180.0000	-37.6078	17.7364
311.0000	180.0000	-37.3493	17.4021
312.0000	180.0000	-37.2384	17.0455
313.0000	180.0000	-37.0389	16.6718
314.0000	180.0000	-36.8490	16.2793
315.0000	180.0000	-36.7920	15.8650
316.0000	180.0000	-36.6372	15.4371
317.0000	180.0000	-36.3945	14.9942
318.0000	180.0000	-36.1720	14.5341
319.0000	180.0000	-36.0925	14.0506
320.0000	180.0000	-35.9197	13.5534
321.0000	180.0000	-35.7592	13.0376
322.0000	180.0000	-35.7388	12.5016
323.0000	180.0000	-35.6158	11.9500
324.0000	180.0000	-35.5006	11.3824
325.0000	50.0000	-16.0733	77.9368
325.0000	180.0000	-35.4921	10.7956
326.0000	50.0000	-16.0871	77.1911
326.0000	180.0000	-35.3800	10.1946
327.0000	50.0000	-16.0838	76.3813
327.0000	180.0000	-35.2765	9.5855
328.0000	50.0000	-16.0763	75.5044
328.0000	180.0000	-35.2636	8.9608
329.0000	50.0000	-16.0355	74.5671
329.0000	180.0000	-35.1473	8.3352
330.0000	50.0000	-15.8120	73.6011
330.0000	180.0000	-35.0195	7.7776
331.0000	50.0000	-15.2678	72.6349
331.0000	180.0000	-34.9314	7.3523
332.0000	50.0000	-14.5028	71.6461
332.0000	180.0000	-34.7184	7.0156
333.0000	50.0000	-13.3508	70.6619
333.0000	180.0000	-34.4690	6.8513
334.0000	50.0000	-11.7717	69.6760
334.0000	180.0000	-34.2380	6.8836
335.0000	50.0000	-10.2038	68.6024
335.0000	180.0000	-33.9099	6.8964
336.0000	50.0000	-8.5469	67.4569
336.0000	180.0000	-33.5798	6.9485
337.0000	50.0000	-6.9081	66.2253
337.0000	180.0000	-33.3212	7.0002
338.0000	50.0000	-5.6366	64.8812
338.0000	180.0000	-33.0183	6.8609
339.0000	50.0000	-4.6744	63.4489
339.0000	180.0000	-32.7755	6.5746
340.0000	50.0000	-3.9620	61.9479
340.0000	180.0000	-32.6431	6.1789
341.0000	50.0000	-3.5538	60.3842
341.0000	180.0000	-32.4643	5.6125
342.0000	50.0000	-3.4897	58.8426
342.0000	180.0000	-32.3553	4.8580
343.0000	50.0000	-3.5915	57.4826
343.0000	180.0000	-32.3454	3.9940
344.0000	50.0000	-3.8359	56.0872
344.0000	180.0000	-32.2614	3.0216
345.0000	50.0000	-4.1809	54.6125
345.0000	180.0000	-32.2036	1.9881
346.0000	50.0000	-4.4459	53.0783
346.0000	180.0000	-32.2094	0.9737
347.0000	50.0000	-4.6434	51.5001
347.0000	180.0000	-32.1192	-0.0250
348.0000	50.0000	-4.9680	49.8608
348.0000	180.0000	-32.0518	-1.1075
349.0000	50.0000	-5.5003	48.1467
349.0000	180.0000	-32.0535	-2.3357
350.0000	50.0000	-6.1368	46.3688
350.0000	180.0000	-31.9559	-3.6734
351.0000	50.0000	-6.8049	44.5330
351.0000	180.0000	-31.8596	-5.0623
352.0000	50.0000	-7.4574	42.6467
352.0000	180.0000	-31.8118	-6.4696
353.0000	50.0000	-8.0451	40.7206
353.0000	180.0000	-31.6588	-7.8828
354.0000	50.0000	-8.5988	38.7525
354.0000	180.0000	-31.5051	-9.3081
355.0000	50.0000	-9.0852	36.7518
355.0000	180.0000	-31.4048	-10.7176
356.0000	50.0000	-9.4922	34.7261
356.0000	180.0000	-31.2059	-12.1151
357.0000	50.0000	-9.8328	32.6774
357.0000	180.0000	-31.0176	-13.4956
358.0000	50.0000	-10.1114	30.6255
358.0000	180.0000	-30.8883	-14.8593
359.0000	50.0000	-10.3400	28.5775
359.0000	180.0000	-30.6687	-16.2100
360.0000	50.0000	-10.5184	26.5347
360.0000	180.0000	-30.4715	-17.5395
361.0000	50.0000	-10.6477	24.4978
361.0000	180.0000	-30.3357	-18.8518
362.0000	50.0000	-10.7366	22.4668
362.0000	180.0000	-30.1189	-20.1524
363.0000	50.0000	-10.7860	20.4100
363.0000	180.0000	-29.9257	-21.4370
364.0000	50.0000	-10.7979	18.3155
364.0000	180.0000	-29.7949	-22.7082
365.0000	50.0000	-10.7778	16.1862
365.0000	180.0000	-29.5853	-23.9679
366.0000	50.0000	-10.7335	14.0233
366.0000	180.0000	-29.4025	-25.2135
367.0000	50.0000	-10.6707	11.8268
367.0000	180.0000	-29.2964	-26.4516
368.0000	50.0000	-10.5908	9.5996
368.0000	180.0000	-29.1943	-27.6809
369.0000	50.0000	-10.4983	7.3433
369.0000	180.0000	-29.0997	-28.9012
370.0000	50.0000	-10.3994	5.0575
370.0000	180.0000	-29.0090	-30.1175
371.0000	50.0000	-10.2954	2.7449
371.0000	180.0000	-28.9253	-31.3274
372.0000	50.0000	-10.1889	0.4061
372.0000	180.0000	-28.8468	-32.5333
373.0000	50.0000	-10.0822	-1.9554
373.0000	180.0000	-28.7777	-33.7311
374.0000	50.0000	-9.9759	-4.3293
374.0000	180.0000	-28.7131	-34.9188
375.0000	50.0000	-9.8647	-6.7038
375.0000	180.0000	-28.6499	-36.0789
376.0000	50.0000	-9.7592	-9.0413
376.0000	180.0000	-28.5852	-37.1843
377.0000	50.0000	-9.6718	-11.3289
377.0000	180.0000	-28.5188	-38.2217
378.0000	50.0000	-9.5872	-13.5351
378.0000	180.0000	-28.4480	-39.1794
379.0000	50.0000	-9.4943	-15.6340
379.0000	180.0000	-28.3713	-40.0413
380.0000	50.0000	-9.3990	-17.6341
380.0000	180.0000	-28.2859	-40.8178
381.0000	50.0000	-9.3097	-19.6012
381.0000	180.0000	-28.2065	-41.5672
382.0000	50.0000	-9.2341	-21.5538
382.0000	180.0000	-28.1524	-42.2940
383.0000	50.0000	-9.1693	-23.5187
383.0000	180.0000	-28.1238	-43.0200
384.0000	50.0000	-9.1059	-25.4412
384.0000	180.0000	-28.0998	-43.7580
385.0000	50.0000	-9.0556	-27.0870
385.0000	180.0000	-28.0783	-44.4981
386.0000	50.0000	-9.0188	-28.3748
386.0000	180.0000	-28.0630	-45.1840
387.0000	50.0000	-8.9793	-29.2733
387.0000	180.0000	-28.0255	-45.7856
388.0000	50.0000	-8.9429	-29.8853
388.0000	180.0000	-27.9761	-46.3728
389.0000	50.0000	-8.9259	-30.4630
389.0000	180.0000	-27.9509	-46.9518
390.0000	50.0000	-8.9217	-31.0344
390.0000	180.0000	-27.9451	-47.5189
391.0000	50.0000	-8.9130	-31.5425
391.0000	180.0000	-27.9306	-48.0303
392.0000	50.0000	-8.8871	-31.9643
392.0000	180.0000	-27.8892	-48.4686
393.0000	50.0000	-8.8575	-32.3702
393.0000	180.0000	-27.8425	-48.8928
394.0000	50.0000	-8.8419	-32.7671
394.0000	180.0000	-27.8181	-49.2993
395.0000	50.0000	-8.8276	-33.1298
395.0000	180.0000	-27.7958	-49.6711
396.0000	50.0000	-8.8136	-33.4869
396.0000	180.0000	-27.7741	-50.0367
397.0000	50.0000	-8.8082	-33.8249
397.0000	180.0000	-27.7659	-50.3780
398.0000	50.0000	-8.7898	-34.1364
398.0000	180.0000	-27.7375	-50.7009
399.0000	50.0000	-8.7784	-34.4465
399.0000	180.0000	-27.7200	-51.0178
400.0000	50.0000	-8.7734	-34.7447
400.0000	180.0000	-27.7124	-51.3191
401.0000	50.0000	-8.7641	-35.0247
401.0000	180.0000	-27.6981	-51.6047
402.0000	50.0000	-8.7576	-35.3063
402.0000	180.0000	-27.6883	-51.8900
403.0000	50.0000	-8.7583	-35.5814
403.0000	180.0000	-27.6893	-52.1647
404.0000	50.0000	-8.7511	-35.8506
404.0000	180.0000	-27.6784	-52.4381
405.0000	50.0000	-8.7500	-36.1202
405.0000	180.0000	-27.6767	-52.7082
406.0000	50.0000	-8.7520	-36.3894
406.0000	180.0000	-27.6798	-52.9762
407.0000	50.0000	-8.7506	-36.6574
407.0000	180.0000	-27.6777	-53.2449
408.0000	50.0000	-8.7512	-36.9236
408.0000	180.0000	-27.6787	-53.5108
409.0000	50.0000	-8.7522	-37.1893
409.0000	180.0000	-27.6801	-53.7759
410.0000	50.0000	-8.7526	-37.4546
410.0000	180.0000	-27.6808	-54.0410
411.0000	50.0000	-8.7530	-37.7192
411.0000	180.0000	-27.6813	-54.3054
412.0000	50.0000	-8.7534	-37.9833
412.0000	180.0000	-27.6818	-54.5693
413.0000	50.0000	-8.7540	-38.2469
413.0000	180.0000	-27.6829	-54.8324
414.0000	50.0000	-8.7561	-38.5097
414.0000	180.0000	-27.6860	-55.0942
415.0000	50.0000	-8.7595	-38.7719
415.0000	180.0000	-27.6910	-55.3545
416.0000	50.0000	-8.7638	-39.0335
416.0000	180.0000	-27.6973	-55.6138
417.0000	50.0000	-8.7701	-39.2945
417.0000	180.0000	-27.7064	-55.8714
418.0000	50.0000	-8.7775	-39.5549
418.0000	180.0000	-27.7173	-56.1279
419.0000	50.0000	-8.7871	-39.8145
419.0000	180.0000	-27.7314	-56.3825
420.0000	50.0000	-8.7981	-40.0594
420.0000	180.0000	-27.7473	-56.6220
421.0000	50.0000	-8.8065	-40.2304
421.0000	180.0000	-27.7595	-56.7895
422.0000	50.0000	-8.8093	-40.2836
422.0000	180.0000	-27.7635	-56.8421
423.0000	50.0000	-8.8093	-40.2834
423.0000	180.0000	-27.7635	-56.8416
424.0000	50.0000	-8.8093	-40.2832
424.0000	180.0000	-27.7635	-56.8407
425.0000	50.0000	-8.8093	-40.2830
425.0000	180.0000	-27.7635	-56.8400
426.0000	50.0000	-8.8093	-40.2829
426.0000	180.0000	-27.7635	-56.8397
427.0000	50.0000	-8.8093	-40.2828
427.0000	180.0000	-27.7636	-56.8395
428.0000	50.0000	-8.8093	-40.2828
428.0000	180.0000	-27.7635	-56.8394
429.0000	50.0000	-8.8093	-40.2828
429.0000	180.0000	-27.7635	-56.8393
430.0000	50.0000	-8.8093	-40.2828
430.0000	180.0000	-27.7635	-56.8393
431.0000	50.0000	-8.8093	-40.2828
431.0000	180.0000	-27.7635	-56.8393
432.0000	50.0000	-8.8093	-40.2827
432.0000	180.0000	-27.7635	-56.8393
433.0000	50.0000	-8.8093	-40.2828
433.0000	180.0000	-27.7635	-56.8393
434.0000	50.0000	-8.8093	-40.2828
434.0000	180.0000	-27.7635	-56.8393
435.0000	50.0000	-8.8093	-40.2828
435.0000	180.0000	-27.7635	-56.8393
436.0000	50.0000	-8.8095	-40.2827
436.0000	180.0000	-27.7635	-56.8393
437.0000	50.0000	-8.8142	-40.2937
437.0000	180.0000	-27.7635	-56.8393
438.0000	50.0000	-8.8245	-40.3330
438.0000	180.0000	-27.7635	-56.8393
439.0000	50.0000	-8.8364	-40.4126
439.0000	180.0000	-27.7635	-56.8393
440.0000	50.0000	-8.8404	-40.5407
440.0000	180.0000	-27.7635	-56.8393
441.0000	50.0000	-8.8568	-40.7187
441.0000	180.0000	-27.7635	-56.8393
442.0000	50.0000	-8.8747	-40.9475
442.0000	180.0000	-27.7635	-56.8393
443.0000	50.0000	-8.8684	-41.2283
443.0000	180.0000	-27.7635	-56.8393
444.0000	50.0000	-8.8756	-41.5598
444.0000	180.0000	-27.7635	-56.8393
445.0000	50.0000	-8.8861	-41.9430
445.0000	180.0000	-27.7635	-56.8393
446.0000	50.0000	-8.8994	-42.3796
446.0000	180.0000	-27.7635	-56.8393
447.0000	50.0000	-8.9080	-42.8636
447.0000	180.0000	-27.7635	-56.8393
448.0000	50.0000	-8.9159	-43.3830
448.0000	180.0000	-27.7635	-56.8393
449.0000	50.0000	-8.9178	-43.9385
449.0000	180.0000	-27.7635	-56.8393
450.0000	50.0000	-8.9270	-44.5384
450.0000	180.0000	-27.7635	-56.8393
451.0000	50.0000	-8.9264	-45.1796
451.0000	180.0000	-27.7635	-56.8393
452.0000	50.0000	-8.9059	-45.8550
452.0000	180.0000	-27.7635	-56.8393
453.0000	50.0000	-8.8644	-46.5613
453.0000	180.0000	-27.7635	-56.8393
454.0000	50.0000	-8.8059	-47.2964
454.0000	180.0000	-27.7635	-56.8393
455.0000	50.0000	-8.7251	-48.0576
455.0000	180.0000	-27.7635	-56.8393
456.0000	50.0000	-8.6204	-48.8425
456.0000	180.0000	-27.7635	-56.8393
457.0000	50.0000	-8.4967	-49.6497
457.0000	180.0000	-27.7635	-56.8393
458.0000	50.0000	-8.3533	-50.4773
458.0000	180.0000	-27.7635	-56.8393
459.0000	50.0000	-8.1925	-51.3238
459.0000	180.0000	-27.7635	-56.8393
460.0000	50.0000	-8.0194	-52.1886
460.0000	180.0000	-27.7635	-56.8393
461.0000	50.0000	-7.8370	-53.0718
461.0000	180.0000	-27.7635	-56.8393
462.0000	50.0000	-7.6488	-53.9701
462.0000	180.0000	-27.7635	-56.8393
463.0000	50.0000	-7.4588	-54.8639
463.0000	180.0000	-27.7635	-56.8393
464.0000	50.0000	-7.2719	-55.7515
464.0000	180.0000	-27.7635	-56.8393
465.0000	50.0000	-7.0864	-56.6330
465.0000	180.0000	-27.7635	-56.8393
466.0000	50.0000	-6.9019	-57.5078
466.0000	180.0000	-27.7635	-56.8393
467.0000	50.0000	-6.7196	-58.3778
467.0000	180.0000	-27.7635	-56.8393
468.0000	50.0000	-6.5323	-59.2771
468.0000	180.0000	-27.7635	-56.8393
469.0000	50.0000	-6.3379	-60.2131
469.0000	180.0000	-27.7635	-56.8393
470.0000	50.0000	-6.1400	-61.1845
470.0000	180.0000	-27.7635	-56.8393
471.0000	50.0000	-5.9420	-62.1902
471.0000	180.0000	-27.7635	-56.8393
472.0000	50.0000	-5.7445	-63.2285
472.0000	180.0000	-27.7635	-56.8393
473.0000	50.0000	-5.5492	-64.2978
473.0000	180.0000	-27.7635	-56.8393
474.0000	50.0000	-5.3574	-65.3966
474.0000	180.0000	-27.7635	-56.8393
475.0000	50.0000	-5.1702	-66.5232
475.0000	180.0000	-27.7635	-56.8393
476.0000	50.0000	-4.9890	-67.6765
476.0000	180.0000	-27.7635	-56.8393
477.0000	50.0000	-4.8147	-68.8547
477.0000	180.0000	-27.7635	-56.8393
478.0000	50.0000	-4.6476	-70.0565
478.0000	180.0000	-27.7635	-56.8393
479.0000	50.0000	-4.4880	-71.2805
479.0000	180.0000	-27.7635	-56.8393
480.0000	50.0000	-4.3360	-72.5254
480.0000	180.0000	-27.7635	-56.8393
481.0000	50.0000	-4.1917	-73.7899
481.0000	180.0000	-27.7635	-56.8393
482.0000	50.0000	-4.0549	-75.0725
482.0000	180.0000	-27.7635	-56.8393
483.0000	50.0000	-3.9273	-76.3543
483.0000	180.0000	-27.7635	-56.8393
484.0000	50.0000	-3.8093	-77.6265
484.0000	180.0000	-27.7635	-56.8393
485.0000	50.0000	-3.7002	-78.8891
485.0000	180.0000	-27.7635	-56.8393
486.0000	180.0000	-27.7635	-56.8393
487.0000	180.0000	-27.7635	-56.8393
488.0000	180.0000	-27.7635	-56.8394
489.0000	180.0000	-27.7635	-56.8394
490.0000	180.0000	-27.7635	-56.8394
491.0000	180.0000	-27.7635	-56.8394
492.0000	180.0000	-27.7635	-56.8394
493.0000	180.0000	-27.7635	-56.8394
494.0000	180.0000	-27.7635	-56.8394
495.0000	180.0000	-27.7635	-56.8394
496.0000	180.0000	-27.7635	-56.8394
497.0000	180.0000	-27.7635	-56.8394
498.0000	180.0000	-27.7635	-56.8394
499.0000	180.0000	-27.7635	-56.8394
500.0000	180.0000	-27.7635	-56.8394
501.0000	180.0000	-27.7635	-56.8394
502.0000	180.0000	-27.7635	-56.8394
503.0000	180.0000	-27.7635	-56.8394
504.0000	180.0000	-27.7635	-56.8394
505.0000	180.0000	-27.7635	-56.8394
506.0000	180.0000	-27.7635	-56.8394
507.0000	180.0000	-27.7635	-56.8394
508.0000	180.0000	-27.7635	-56.8394
509.0000	180.0000	-27.7635	-56.8394
510.0000	180.0000	-27.7635	-56.8394
511.0000	180.0000	-27.7635	-56.8394
512.0000	180.0000	-27.7635	-56.8394
513.0000	180.0000	-27.7635	-56.8394
514.0000	180.0000	-27.7635	-56.8394
515.0000	180.0000	-27.7635	-56.8394
516.0000	180.0000	-27.7635	-56.8394
517.0000	180.0000	-27.7635	-56.8394
518.0000	180.0000	-27.7635	-56.8394
519.0000	180.0000	-27.7635	-56.8394
520.0000	180.0000	-27.7635	-56.8394
521.0000	180.0000	-27.7635	-56.8394
522.0000	180.0000	-27.7635	-56.8394
523.0000	180.0000	-27.7635	-56.8394
524.0000	180.0000	-27.7635	-56.8394
525.0000	180.0000	-27.7635	-56.8394
526.0000	180.0000	-27.7635	-56.8394
527.0000	180.0000	-27.7635	-56.8394
528.0000	180.0000	-27.7635	-56.8394
529.0000	180.0000	-27.7635	-56.8394
530.0000	180.0000	-27.7635	-56.8394
531.0000	180.0000	-27.7635	-56.8394
532.0000	180.0000	-27.7635	-56.8394
533.0000	180.0000	-27.7635	-56.8394
534.0000	180.0000	-27.7635	-56.8394
535.0000	180.0000	-27.7635	-56.8394
536.0000	180.0000	-27.7635	-56.8394
537.0000	180.0000	-27.7635	-56.8394
538.0000	180.0000	-27.7635	-56.8394
539.0000	180.0000	-27.7635	-56.8394
540.0000	180.0000	-27.7635	-56.8394
541.0000	180.0000	-27.7635	-56.8394
542.0000	180.0000	-27.7635	-56.8394
543.0000	180.0000	-27.7635	-56.8394
544.0000	180.0000	-27.7635	-56.8394
545.0000	180.0000	-27.7635	-56.8394
546.0000	180.0000	-27.7635	-56.8394
547.0000	180.0000	-27.7635	-56.8394
548.0000	180.0000	-27.7635	-56.8394
549.0000	180.0000	-27.7635	-56.8394
550.0000	180.0000	-27.7635	-56.8394
551.0000	180.0000	-27.7635	-56.8394
552.0000	180.0000	-27.7635	-56.8394
553.0000	180.0000	-27.7635	-56.8394
554.0000	180.0000	-27.7635	-56.8394
555.0000	180.0000	-27.7635	-56.8394
556.0000	180.0000	-27.7635	-56.8394
557.0000	180.0000	-27.7635	-56.8394
558.0000	180.0000	-27.7635	-56.8394
559.0000	180.0000	-27.7635	-56.8394
560.0000	180.0000	-27.7635	-56.8394
561.0000	180.0000	-27.7635	-56.8394
562.0000	180.0000	-27.7635	-56.8394
563.0000	180.0000	-27.7635	-56.8394
564.0000	180.0000	-27.7635	-56.8395
565.0000	180.0000	-27.7635	-56.8395
566.0000	180.0000	-27.7635	-56.8395
567.0000	180.0000	-27.7635	-56.8395
568.0000	180.0000	-27.7635	-56.8395
569.0000	180.0000	-27.7635	-56.8395
570.0000	180.0000	-27.7635	-56.8395
571.0000	180.0000	-27.7635	-56.8395
572.0000	180.0000	-27.7635	-56.8395
573.0000	180.0000	-27.7635	-56.8395
574.0000	180.0000	-27.7635	-56.8395
575.0000	180.0000	-27.7635	-56.8395
576.0000	180.0000	-27.7635	-56.8395
577.0000	180.0000	-27.7635	-56.8395
578.0000	180.0000	-27.7635	-56.8395
579.0000	180.0000	-27.7635	-56.8395
580.0000	180.0000	-27.7635	-56.8395
581.0000	180.0000	-27.7635	-56.8395
582.0000	180.0000	-27.7635	-56.8395
583.0000	180.0000	-27.7635	-56.8395
584.0000	180.0000	-27.7635	-56.8395
585.0000	180.0000	-27.7635	-56.8395
586.0000	180.0000	-27.7635	-56.8395
587.0000	180.0000	-27.7635	-56.8395
588.0000	180.0000	-27.7635	-56.8395
589.0000	180.0000	-27.7635	-56.8395
590.0000	180.0000	-27.7634	-56.8395
591.0000	180.0000	-27.7451	-56.8389
592.0000	180.0000	-27.6912	-56.8367
593.0000	180.0000	-27.5937	-56.8325
594.0000	180.0000	-27.4880	-56.8274
595.0000	180.0000	-27.3757	-56.8224
596.0000	180.0000	-27.2431	-56.8193
597.0000	180.0000	-27.0740	-56.8376
598.0000	180.0000	-26.9239	-56.8561
599.0000	180.0000	-26.7631	-56.8928
600.0000	180.0000	-26.5544	-56.9612
601.0000	180.0000	-26.3187	-57.0462
602.0000	180.0000	-26.0494	-57.1467
603.0000	180.0000	-25.7433	-57.2633
604.0000	180.0000	-25.4130	-57.3976
605.0000	180.0000	-25.0669	-57.5497
606.0000	180.0000	-24.7030	-57.7185
607.0000	180.0000	-24.3224	-57.9043
608.0000	180.0000	-23.9303	-58.1071
609.0000	180.0000	-23.5375	-58.3270
610.0000	180.0000	-23.1429	-58.5661
611.0000	180.0000	-22.7592	-58.8246
612.0000	180.0000	-22.3932	-59.1008
613.0000	180.0000	-22.0464	-59.3964
614.0000	180.0000	-21.7875	-59.7124
615.0000	180.0000	-21.6091	-60.0512
616.0000	180.0000	-21.4047	-60.4048
617.0000	180.0000	-21.2895	-60.7804
618.0000	180.0000	-21.2763	-61.1737
619.0000	180.0000	-21.2050	-61.5780
620.0000	180.0000	-21.0809	-62.0042
621.0000	180.0000	-20.9061	-62.4514
622.0000	180.0000	-20.7243	-62.9164
623.0000	180.0000	-20.5399	-63.3991
624.0000	180.0000	-20.3317	-63.8988
625.0000	180.0000	-20.1017	-64.4168
626.0000	180.0000	-19.8680	-64.9501
627.0000	180.0000	-19.6325	-65.5088
628.0000	180.0000	-19.3936	-66.0825
629.0000	180.0000	-19.1534	-66.6804
630.0000	180.0000	-18.9111	-67.2988
631.0000	180.0000	-18.6669	-67.9390
632.0000	180.0000	-18.4080	-68.6032
633.0000	180.0000	-18.1476	-69.2922
634.0000	180.0000	-17.8798	-70.0097
635.0000	180.0000	-17.6033	-70.7428
636.0000	180.0000	-17.3200	-71.5174
637.0000	180.0000	-17.0303	-72.3128
638.0000	180.0000	-16.7286	-73.1477
639.0000	180.0000	-16.4086	-74.0068
640.0000	180.0000	-16.0850	-74.9263
641.0000	180.0000	-15.7390	-75.8505
642.0000	180.0000	-15.3930	-76.8421
643.0000	180.0000	-15.0361	-77.8741
659.0000	202.0000	-46.1410	65.2689
660.0000	202.0000	-46.1319	64.6677
661.0000	202.0000	-46.1236	64.0741
662.0000	202.0000	-46.1164	63.4969
663.0000	202.0000	-46.1084	62.9537
664.0000	202.0000	-46.1002	62.4140
665.0000	202.0000	-46.0947	61.8818
666.0000	202.0000	-46.0878	61.3783
667.0000	202.0000	-46.0818	60.8752
668.0000	202.0000	-46.0773	60.3691
669.0000	202.0000	-46.0737	59.8653
670.0000	202.0000	-46.0706	59.3642
671.0000	202.0000	-46.0680	58.8646
672.0000	202.0000	-46.0658	58.3668
673.0000	202.0000	-46.0636	57.8712
674.0000	202.0000	-46.0621	57.3770
675.0000	202.0000	-46.0608	56.8840
676.0000	202.0000	-46.0597	56.3922
677.0000	202.0000	-46.0590	55.9017
678.0000	202.0000	-46.0585	55.4122
679.0000	202.0000	-46.0580	54.9239
680.0000	202.0000	-46.0576	54.4366
681.0000	202.0000	-46.0574	53.9633
682.0000	202.0000	-46.0570	53.5355
683.0000	202.0000	-46.0566	53.1288
684.0000	202.0000	-46.0563	52.7392
685.0000	202.0000	-46.0558	52.3909
686.0000	202.0000	-46.0555	52.0458
687.0000	202.0000	-46.0554	51.7134
688.0000	202.0000	-46.0552	51.4155
689.0000	202.0000	-46.0550	51.1171
690.0000	202.0000	-46.0550	50.8259
691.0000	202.0000	-46.0548	50.5522
692.0000	202.0000	-46.0547	50.2755
693.0000	202.0000	-46.0545	50.0029
694.0000	202.0000	-46.0544	49.7376
695.0000	202.0000	-46.0544	49.4703
696.0000	202.0000	-46.0544	49.2023
697.0000	202.0000	-46.0546	48.9359
698.0000	202.0000	-46.0549	48.6707
699.0000	202.0000	-46.0551	48.4058
700.0000	202.0000	-46.0554	48.1411
701.0000	202.0000	-46.0560	47.8769
702.0000	202.0000	-46.0567	47.6129
703.0000	202.0000	-46.0575	47.3492
704.0000	202.0000	-46.0586	47.1000
705.0000	202.0000	-46.0595	46.9254
706.0000	202.0000	-46.0593	46.8712
707.0000	202.0000	-46.0593	46.8715
708.0000	202.0000	-46.0593	46.8719
709.0000	202.0000	-46.0593	46.8721
710.0000	202.0000	-46.0593	46.8722
711.0000	202.0000	-46.0593	46.8723
712.0000	202.0000	-46.0593	46.8723
713.0000	202.0000	-46.0593	46.8724
714.0000	202.0000	-46.0593	46.8724
715.0000	202.0000	-46.0593	46.8724
716.0000	202.0000	-46.0593	46.8724
717.0000	202.0000	-46.0593	46.8724
718.0000	202.0000	-46.0593	46.8724
719.0000	202.0000	-46.0593	46.8724
720.0000	202.0000	-46.0593	46.8724
721.0000	202.0000	-46.0593	46.8724
722.0000	202.0000	-46.0593	46.8724
723.0000	202.0000	-46.0593	46.8724
724.0000	202.0000	-46.0593	46.8724
725.0000	202.0000	-46.0593	46.8724
726.0000	202.0000	-46.0593	46.8724
727.0000	202.0000	-46.0593	46.8724
728.0000	202.0000	-46.0593	46.8724
729.0000	202.0000	-46.0593	46.8724
730.0000	202.0000	-46.0593	46.8724
731.0000	202.0000	-46.0593	46.8724
732.0000	202.0000	-46.0593	46.8724
733.0000	202.0000	-46.0593	46.8724
734.0000	202.0000	-46.0593	46.8724
735.0000	202.0000	-46.0593	46.8724
736.0000	202.0000	-46.0593	46.8724
737.0000	202.0000	-46.0593	46.8724
738.0000	202.0000	-46.0593	46.8724
739.0000	202.0000	-46.0593	46.8724
740.0000	202.0000	-46.0593	46.8724
741.0000	202.0000	-46.0593	46.8724
742.0000	202.0000	-46.0593	46.8724
743.0000	202.0000	-46.0593	46.8724
744.0000	202.0000	-46.0671	46.8724
745.0000	202.0000	-46.0964	46.8727
746.0000	202.0000	-46.1575	46.8731
747.0000	202.0000	-46.2538	46.8738
748.0000	202.0000	-46.3780	46.8747
749.0000	202.0000	-46.5187	46.8757
750.0000	202.0000	-46.6738	46.8769
751.0000	202.0000	-46.8450	46.8781
752.0000	202.0000	-47.0285	46.8795
753.0000	202.0000	-47.2191	46.8811
754.0000	202.0000	-47.4162	46.8827
755.0000	202.0000	-47.6206	46.8843
756.0000	202.0000	-47.8301	46.8861
757.0000	202.0000	-48.0427	46.8879
758.0000	202.0000	-48.2582	46.8898
759.0000	202.0000	-48.4770	46.8917
760.0000	202.0000	-48.6979	46.8936
761.0000	202.0000	-48.9201	46.8956
762.0000	202.0000	-49.1437	46.8977
763.0000	202.0000	-49.3686	46.8997
764.0000	202.0000	-49.5945	46.9018
765.0000	202.0000	-49.7621	46.9034
766.0000	202.0000	-49.7700	46.9035
767.0000	202.0000	-49.7711	46.9035
768.0000	202.0000	-49.7719	46.9035
769.0000	202.0000	-49.7724	46.9035
770.0000	202.0000	-49.7727	46.9035
771.0000	202.0000	-49.7729	46.9035
772.0000	202.0000	-49.7729	46.9035
773.0000	202.0000	-49.7730	46.9035
774.0000	202.0000	-49.7730	46.9035
775.0000	202.0000	-49.7731	46.9035
776.0000	202.0000	-49.7731	46.9035
777.0000	202.0000	-49.7731	46.9035
778.0000	202.0000	-49.7731	46.9035
779.0000	202.0000	-49.7731	46.9035
780.0000	202.0000	-49.7731	46.9037
781.0000	202.0000	-49.7731	46.8994
782.0000	202.0000	-49.7775	46.8763
783.0000	202.0000	-49.7941	46.8227
784.0000	202.0000	-49.7871	46.7750
785.0000	202.0000	-49.7877	46.6997
786.0000	202.0000	-49.7882	46.6037
787.0000	202.0000	-49.7888	46.4874
788.0000	202.0000	-49.7897	46.3524
789.0000	202.0000	-49.7907	46.2017
790.0000	202.0000	-49.7919	46.0374
791.0000	202.0000	-49.7932	45.8614
792.0000	202.0000	-49.7948	45.6747
793.0000	202.0000	-49.7965	45.4788
794.0000	202.0000	-49.7983	45.2748
795.0000	202.0000	-49.8004	45.0636
796.0000	202.0000	-49.8028	44.8460
797.0000	202.0000	-49.8052	44.6229
798.0000	202.0000	-49.8080	44.3948
799.0000	202.0000	-49.8107	44.1627
800.0000	202.0000	-49.8138	43.9264
801.0000	202.0000	-49.8168	43.6871
802.0000	202.0000	-49.8203	43.4445
803.0000	202.0000	-49.8240	43.1991
804.0000	202.0000	-49.8281	42.9512
805.0000	202.0000	-49.8324	42.7011
806.0000	202.0000	-49.8358	42.4502
807.0000	202.0000	-49.8402	42.1969
808.0000	202.0000	-49.8444	41.9425
809.0000	202.0000	-49.8490	41.6865
810.0000	202.0000	-49.8532	41.4297
811.0000	202.0000	-49.8582	41.1713
812.0000	202.0000	-49.8628	40.9126
813.0000	202.0000	-49.8679	40.6525
814.0000	202.0000	-49.8726	40.3923
815.0000	202.0000	-49.8780	40.1307
816.0000	202.0000	-49.8829	39.8693
817.0000	202.0000	-49.8884	39.6067
818.0000	202.0000	-49.8933	39.3444
819.0000	202.0000	-49.8980	39.0818
820.0000	202.0000	-49.9036	38.8180
821.0000	202.0000	-49.9086	38.5548
822.0000	202.0000	-49.9142	38.2905
823.0000	202.0000	-49.9191	38.0267
824.0000	202.0000	-49.9248	37.7619
825.0000	202.0000	-49.9298	37.4977
826.0000	202.0000	-49.9345	37.2337
827.0000	202.0000	-49.9399	36.9687
828.0000	202.0000	-49.9445	36.7044
829.0000	202.0000	-49.9498	36.4391
830.0000	202.0000	-49.9544	36.1746
831.0000	202.0000	-49.9598	35.9091
832.0000	202.0000	-49.9644	35.6446
833.0000	202.0000	-49.9686	35.3803
834.0000	202.0000	-49.9735	35.1150
835.0000	202.0000	-49.9777	34.8506
836.0000	202.0000	-49.9825	34.5853
837.0000	202.0000	-49.9866	34.3209
838.0000	202.0000	-49.9904	34.0567
839.0000	202.0000	-49.9949	33.7917
840.0000	202.0000	-49.9986	33.5277
841.0000	202.0000	-50.0029	33.2628
842.0000	202.0000	-50.0064	32.9987
843.0000	202.0000	-50.0096	32.7351
844.0000	202.0000	-50.0134	32.4705
845.0000	202.0000	-50.0166	32.2069
846.0000	202.0000	-50.0203	31.9424
847.0000	202.0000	-50.0234	31.6789
848.0000	202.0000	-50.0262	31.4158
849.0000	202.0000	-50.0292	31.1665
850.0000	202.0000	-50.0315	30.9929
851.0000	202.0000	-50.0320	30.9405
852.0000	202.0000	-50.0321	30.9407
853.0000	202.0000	-50.0321	30.9411
854.0000	202.0000	-50.0320	30.9413
855.0000	202.0000	-50.0320	30.9415
856.0000	202.0000	-50.0320	30.9415
857.0000	202.0000	-50.0320	30.9416
858.0000	202.0000	-50.0320	30.9416
859.0000	202.0000	-50.0320	30.9416
860.0000	202.0000	-50.0320	30.9416
861.0000	202.0000	-50.0320	30.9416
862.0000	202.0000	-50.0320	30.9416
863.0000	202.0000	-50.0320	30.9416
864.0000	202.0000	-50.0320	30.9416
865.0000	202.0000	-50.0320	30.9416
866.0000	202.0000	-50.0320	30.9416
867.0000	202.0000	-50.0320	30.9416
868.0000	202.0000	-50.0320	30.9416
869.0000	202.0000	-50.0320	30.9416
870.0000	202.0000	-50.0320	30.9416
871.0000	202.0000	-50.0320	30.9416
872.0000	202.0000	-50.0320	30.9416
873.0000	202.0000	-50.0320	30.9416
874.0000	202.0000	-50.0320	30.9416
875.0000	202.0000	-50.0320	30.9416
876.0000	202.0000	-50.0320	30.9416
877.0000	202.0000	-50.0320	30.9416
878.0000	202.0000	-50.0320	30.9416
879.0000	202.0000	-50.0320	30.9416
880.0000	202.0000	-50.0320	30.9416
881.0000	202.0000	-50.0320	30.9416
882.0000	202.0000	-50.0320	30.9416
883.0000	202.0000	-50.0320	30.9416
884.0000	202.0000	-50.0320	30.9416
885.0000	202.0000	-50.0320	30.9416
886.0000	202.0000	-50.0320	30.9416
887.0000	202.0000	-50.0320	30.9416
888.0000	202.0000	-50.0320	30.9416
889.0000	202.0000	-50.0320	30.9416
890.0000	202.0000	-50.0320	30.9416
891.0000	202.0000	-50.0320	30.9416
892.0000	202.0000	-50.0320	30.9416
893.0000	202.0000	-50.0320	30.9416
894.0000	202.0000	-50.0320	30.9416
895.0000	202.0000	-50.0320	30.9416
896.0000	202.0000	-50.0320	30.9416
897.0000	202.0000	-50.0320	30.9416
898.0000	202.0000	-50.0320	30.9416
899.0000	202.0000	-50.0320	30.9416
900.0000	202.0000	-50.0320	30.9416
901.0000	202.0000	-50.0320	30.9416
902.0000	202.0000	-50.0320	30.9416
903.0000	202.0000	-50.0320	30.9416
904.0000	202.0000	-50.0320	30.9416
905.0000	202.0000	-50.0320	30.9416
906.0000	202.0000	-50.0320	30.9416
907.0000	202.0000	-50.0320	30.9416
908.0000	202.0000	-50.0320	30.9416
909.0000	202.0000	-50.0320	30.9416
910.0000	202.0000	-50.0320	30.9416
911.0000	202.0000	-50.0320	30.9416
912.0000	202.0000	-50.0320	30.9416
913.0000	202.0000	-50.0320	30.9416
914.0000	202.0000	-50.0320	30.9416
915.0000	202.0000	-50.0320	30.9416
916.0000	202.0000	-50.0320	30.9416
917.0000	202.0000	-50.0320	30.9416
918.0000	202.0000	-50.0320	30.9416
919.0000	202.0000	-50.0320	30.9416
920.0000	202.0000	-50.0320	30.9416
921.0000	202.0000	-50.0320	30.9416
922.0000	202.0000	-50.0320	30.9416
923.0000	202.0000	-50.0320	30.9416
924.0000	202.0000	-50.0320	30.9416
925.0000	202.0000	-50.0320	30.9416
926.0000	202.0000	-50.0320	30.9416
927.0000	202.0000	-50.0320	30.9416
928.0000	202.0000	-50.0320	30.9416
929.0000	202.0000	-50.0320	30.9416
930.0000	202.0000	-50.0320	30.9416
931.0000	202.0000	-50.0320	30.9416
932.0000	202.0000	-50.0320	30.9416
933.0000	202.0000	-50.0320	30.9416
934.0000	202.0000	-50.0320	30.9416
935.0000	202.0000	-50.0320	30.9416
936.0000	202.0000	-50.0320	30.9416
937.0000	202.0000	-50.0320	30.9416
938.0000	202.0000	-50.0320	30.9416
939.0000	202.0000	-50.0320	30.9416
940.0000	202.0000	-50.0320	30.9416
941.0000	202.0000	-50.0320	30.9416
942.0000	202.0000	-50.0320	30.9416
943.0000	202.0000	-50.0320	30.9416
944.0000	202.0000	-50.0320	30.9416
945.0000	202.0000	-50.0320	30.9416
946.0000	202.0000	-50.0320	30.9416
947.0000	202.0000	-50.0320	30.9416
948.0000	202.0000	-50.0320	30.9416
949.0000	202.0000	-50.0320	30.9416
950.0000	202.0000	-50.0320	30.9416
951.0000	202.0000	-50.0320	30.9416
952.0000	202.0000	-50.0320	30.9416
953.0000	202.0000	-50.0320	30.9416
954.0000	202.0000	-50.0320	30.9416
955.0000	202.0000	-50.0320	30.9416
956.0000	202.0000	-50.0320	30.9416
957.0000	202.0000	-50.0320	30.9416
958.0000	202.0000	-50.0320	30.9416
959.0000	202.0000	-50.0320	30.9416
960.0000	202.0000	-50.0320	30.9416
961.0000	202.0000	-50.0320	30.9416
962.0000	202.0000	-50.0320	30.9416
963.0000	202.0000	-50.0320	30.9416
964.0000	202.0000	-50.0320	30.9416
965.0000	202.0000	-50.0320	30.9416
966.0000	202.0000	-50.0320	30.9416
967.0000	202.0000	-50.0320	30.9416
968.0000	202.0000	-50.0320	30.9416
969.0000	202.0000	-50.0320	30.9416
970.0000	202.0000	-50.0320	30.9416
971.0000	202.0000	-50.0320	30.9416
972.0000	202.0000	-50.0320	30.9416
973.0000	202.0000	-50.0320	30.9416
974.0000	202.0000	-50.0320	30.9416
975.0000	202.0000	-50.0320	30.9416
976.0000	202.0000	-50.0320	30.9416
977.0000	202.0000	-50.0320	30.9416
978.0000	202.0000	-50.0320	30.9416
979.0000	202.0000	-50.0320	30.9416
980.0000	202.0000	-50.0320	30.9416
981.0000	202.0000	-50.0320	30.9416
982.0000	202.0000	-50.0320	30.9416
983.0000	202.0000	-50.0320	30.9416
984.0000	202.0000	-50.0320	30.9416
985.0000	202.0000	-50.0320	30.9416
986.0000	202.0000	-50.0320	30.9416
987.0000	202.0000	-50.0320	30.9416
988.0000	202.0000	-50.0320	30.9416
989.0000	202.0000	-50.0320	30.9416
990.0000	202.0000	-50.0320	30.9416
991.0000	202.0000	-50.0320	30.9416
992.0000	202.0000	-50.0320	30.9416
993.0000	202.0000	-50.0320	30.9416
994.0000	202.0000	-50.0320	30.9416
995.0000	202.0000	-50.0320	30.9416
996.0000	202.0000	-50.0320	30.9416
997.0000	202.0000	-50.0320	30.9416
998.0000	202.0000	-50.0320	30.9416
999.0000	202.0000	-50.0320	30.9416
