60.0000	18.0000	-11.1905	79.0890
61.0000	18.0000	-11.1961	76.1594
62.0000	18.0000	-11.1997	73.1907
63.0000	18.0000	-11.2018	70.2692
64.0000	18.0000	-11.2017	67.5495
65.0000	18.0000	-11.1991	64.8044
66.0000	18.0000	-11.1969	61.9963
67.0000	18.0000	-11.1934	59.1367
68.0000	18.0000	-11.1884	56.2307
69.0000	18.0000	-11.1826	53.2829
70.0000	18.0000	-11.1764	50.2973
71.0000	18.0000	-11.1701	47.2774
72.0000	18.0000	-11.1637	44.3093
73.0000	18.0000	-11.1575	41.5475
74.0000	18.0000	-11.1508	38.7664
75.0000	18.0000	-11.1459	35.9247
76.0000	18.0000	-11.1410	33.0342
77.0000	18.0000	-11.1360	30.0996
78.0000	18.0000	-11.1314	27.1251
79.0000	18.0000	-11.1273	24.1147
80.0000	18.0000	-11.1241	21.0711
81.0000	18.0000	-11.1216	18.0807
82.0000	18.0000	-11.1192	15.2980
83.0000	18.0000	-11.1167	12.4980
84.0000	18.0000	-11.1155	9.6386
85.0000	18.0000	-11.1144	6.7316
86.0000	18.0000	-11.1133	3.7814
87.0000	18.0000	-11.1127	0.7922
88.0000	18.0000	-11.1124	-2.2320
89.0000	18.0000	-11.1125	-5.2883
90.0000	18.0000	-11.1128	-8.2910
91.0000	18.0000	-11.1131	-11.0844
92.0000	18.0000	-11.1130	-13.8941
93.0000	18.0000	-11.1139	-16.7578
94.0000	18.0000	-11.1147	-19.6369
95.0000	18.0000	-11.1150	-22.5095
96.0000	18.0000	-11.1153	-25.3807
97.0000	18.0000	-11.1158	-28.2642
98.0000	18.0000	-11.1164	-31.1656
99.0000	18.0000	-11.1170	-34.0806
100.0000	18.0000	-11.1171	-37.0036
101.0000	18.0000	-11.1166	-39.9349
102.0000	18.0000	-11.1160	-42.8778
103.0000	18.0000	-11.1158	-45.8347
104.0000	18.0000	-11.1158	-48.8069
105.0000	18.0000	-11.1150	-51.7986
106.0000	18.0000	-11.1142	-54.8138
107.0000	18.0000	-11.1138	-57.8521
108.0000	18.0000	-11.1135	-60.9145
109.0000	18.0000	-11.1133	-63.9174
110.0000	18.0000	-11.1121	-66.7077
111.0000	18.0000	-11.1101	-69.5130
112.0000	18.0000	-11.1094	-72.3706
113.0000	18.0000	-11.1098	-75.2564
114.0000	18.0000	-11.1103	-78.1564
367.0000	197.0000	-59.8670	52.8075
368.0000	197.0000	-59.3604	50.9742
369.0000	197.0000	-58.9196	49.0791
370.0000	197.0000	-58.5394	47.1264
371.0000	197.0000	-58.2125	45.1219
372.0000	197.0000	-57.9436	43.0578
373.0000	197.0000	-57.7306	40.9324
374.0000	197.0000	-57.5642	38.7534
375.0000	197.0000	-57.4358	36.5287
376.0000	197.0000	-57.3337	34.2716
377.0000	197.0000	-57.2516	31.9891
378.0000	197.0000	-57.1873	29.6827
379.0000	197.0000	-57.1398	27.3515
380.0000	197.0000	-57.1048	25.0006
381.0000	197.0000	-57.0788	22.6341
382.0000	197.0000	-57.0613	20.2513
383.0000	197.0000	-57.0500	17.8549
384.0000	197.0000	-57.0434	15.4465
385.0000	197.0000	-57.0400	13.0280
386.0000	197.0000	-57.0391	10.6000
387.0000	197.0000	-57.0396	8.1643
388.0000	197.0000	-57.0407	5.7227
389.0000	197.0000	-57.0420	3.2745
390.0000	197.0000	-57.0430	0.8210
391.0000	197.0000	-57.0433	-1.6378
392.0000	197.0000	-57.0425	-4.1015
393.0000	197.0000	-57.0404	-6.5693
394.0000	197.0000	-57.0367	-9.0408
395.0000	197.0000	-57.0314	-11.5148
396.0000	197.0000	-57.0243	-13.9907
397.0000	197.0000	-57.0155	-16.4688
398.0000	197.0000	-57.0048	-18.9487
399.0000	197.0000	-56.9922	-21.4302
400.0000	197.0000	-56.9784	-23.9115
401.0000	197.0000	-56.9658	-26.3863
401.0000	226.0000	-28.0285	74.4344
402.0000	197.0000	-56.9593	-28.8457
402.0000	226.0000	-27.1383	69.7722
403.0000	197.0000	-56.9671	-31.2763
403.0000	226.0000	-26.2472	65.1091
404.0000	197.0000	-57.0003	-33.6620
404.0000	226.0000	-25.3435	60.4515
405.0000	197.0000	-57.0747	-35.9828
405.0000	226.0000	-24.4166	55.8066
406.0000	197.0000	-57.2052	-38.2237
406.0000	226.0000	-23.4666	51.1781
407.0000	197.0000	-57.4083	-40.3683
407.0000	226.0000	-22.4967	46.5691
408.0000	197.0000	-57.6889	-42.4196
408.0000	226.0000	-21.5305	41.9751
409.0000	197.0000	-58.0483	-44.3827
409.0000	226.0000	-20.5918	37.3906
410.0000	197.0000	-58.4826	-46.2683
410.0000	226.0000	-19.7058	32.8097
411.0000	197.0000	-58.9855	-48.0881
411.0000	226.0000	-18.8945	28.2271
412.0000	197.0000	-59.5483	-49.8546
412.0000	226.0000	-18.1766	23.6390
413.0000	197.0000	-60.1727	-51.5664
413.0000	226.0000	-17.5615	19.0468
414.0000	226.0000	-17.0589	14.4520
415.0000	226.0000	-16.6822	9.8517
416.0000	226.0000	-16.4366	5.2492
417.0000	226.0000	-16.3265	0.6489
418.0000	226.0000	-16.3572	-3.9476
419.0000	226.0000	-16.5290	-8.5403
420.0000	226.0000	-16.8412	-13.1234
421.0000	226.0000	-17.2945	-17.6912
422.0000	9.0000	-30.6573	69.3000
422.0000	226.0000	-17.8870	-22.2420
423.0000	9.0000	-28.6020	65.2471
423.0000	226.0000	-18.6118	-26.7760
424.0000	9.0000	-26.6707	61.1345
424.0000	226.0000	-19.4689	-31.2877
425.0000	9.0000	-24.8579	56.9687
425.0000	226.0000	-20.4591	-35.7712
426.0000	9.0000	-23.1807	52.7472
426.0000	226.0000	-21.5727	-40.2284
427.0000	9.0000	-21.6360	48.4761
427.0000	226.0000	-22.7901	-44.5952
428.0000	9.0000	-20.2250	44.1593
428.0000	226.0000	-24.0345	-48.6624
429.0000	9.0000	-18.9517	39.7998
429.0000	226.0000	-25.2778	-52.4062
430.0000	9.0000	-17.8083	35.4053
430.0000	226.0000	-26.5327	-55.8331
431.0000	9.0000	-16.7964	30.9800
431.0000	226.0000	-27.9044	-59.1400
432.0000	9.0000	-15.9259	26.5237
432.0000	226.0000	-29.3449	-62.4324
433.0000	9.0000	-15.1927	22.0424
433.0000	226.0000	-30.8489	-65.7130
434.0000	9.0000	-14.5943	17.5424
434.0000	226.0000	-32.4443	-68.9720
435.0000	9.0000	-14.1355	13.0248
435.0000	226.0000	-34.1192	-72.2162
436.0000	9.0000	-13.8142	8.4949
437.0000	9.0000	-13.6295	3.9587
438.0000	9.0000	-13.5826	-0.5825
439.0000	9.0000	-13.6725	-5.1233
440.0000	9.0000	-13.8993	-9.6582
441.0000	9.0000	-14.2619	-14.1855
442.0000	9.0000	-14.7596	-18.7003
443.0000	9.0000	-15.3916	-23.1985
444.0000	9.0000	-16.1584	-27.6753
445.0000	9.0000	-17.0610	-32.1256
446.0000	9.0000	-18.0932	-36.5488
447.0000	9.0000	-19.2563	-40.9394
448.0000	9.0000	-20.5540	-45.2910
449.0000	9.0000	-21.9770	-49.6040
450.0000	9.0000	-23.5268	-53.8729
451.0000	9.0000	-25.2085	-58.0911
452.0000	9.0000	-27.0102	-62.2594
453.0000	9.0000	-28.9343	-66.3725
454.0000	9.0000	-30.9784	-70.4270
590.0000	19.0000	32.9534	71.5190
591.0000	19.0000	30.5685	69.0459
592.0000	19.0000	28.1806	66.5731
593.0000	19.0000	25.7900	64.1007
594.0000	19.0000	23.3967	61.6285
595.0000	19.0000	21.0004	59.1569
596.0000	19.0000	18.6006	56.6860
597.0000	19.0000	16.1975	54.2157
598.0000	19.0000	13.7912	51.7460
599.0000	19.0000	11.3818	49.2769
600.0000	19.0000	8.9692	46.8084
601.0000	19.0000	6.5521	44.3406
602.0000	19.0000	4.1323	41.8734
603.0000	19.0000	1.7099	39.4067
604.0000	19.0000	-0.7183	36.9406
605.0000	19.0000	-3.1475	34.4750
606.0000	19.0000	-5.5794	32.0099
607.0000	19.0000	-8.0166	29.5453
608.0000	19.0000	-10.4549	27.0813
609.0000	19.0000	-12.8969	24.6178
610.0000	19.0000	-15.3438	22.1546
611.0000	19.0000	-17.7920	19.6919
612.0000	19.0000	-20.2438	17.2294
613.0000	19.0000	-22.6990	14.7673
614.0000	19.0000	-25.1564	12.3056
615.0000	19.0000	-27.6169	9.8439
616.0000	19.0000	-30.0782	7.3822
617.0000	19.0000	-32.5369	4.9210
618.0000	19.0000	-34.9984	2.4600
619.0000	19.0000	-37.4625	-0.0007
620.0000	19.0000	-39.9291	-2.4615
621.0000	19.0000	-42.3982	-4.9227
622.0000	19.0000	-44.8694	-7.3844
623.0000	19.0000	-47.3429	-9.8464
624.0000	19.0000	-49.8186	-12.3086
625.0000	19.0000	-52.2963	-14.7708
626.0000	19.0000	-54.7759	-17.2331
627.0000	19.0000	-57.2572	-19.6960
628.0000	19.0000	-59.7402	-22.1593
629.0000	19.0000	-62.2247	-24.6232
630.0000	19.0000	-64.7108	-27.0876
631.0000	19.0000	-67.1984	-29.5521
632.0000	19.0000	-69.6884	-32.0168
633.0000	19.0000	-72.1789	-34.4820
