0.0000	20.0000	24.2980	17.3399
0.0000	49.0000	58.4864	14.3806
0.0000	88.0000	63.0171	13.2412
1.0000	20.0000	24.1310	17.3402
1.0000	49.0000	58.4864	14.3806
1.0000	88.0000	63.0171	13.2412
2.0000	20.0000	23.9645	17.3405
2.0000	49.0000	58.4864	14.3806
2.0000	88.0000	63.0171	13.2412
3.0000	20.0000	23.7986	17.3408
3.0000	49.0000	58.4864	14.3806
3.0000	88.0000	63.0171	13.2412
4.0000	20.0000	23.6298	17.3412
4.0000	49.0000	58.4864	14.3806
4.0000	88.0000	63.0171	13.2412
5.0000	20.0000	23.4427	17.3417
5.0000	49.0000	58.4864	14.3806
5.0000	88.0000	63.0171	13.2412
6.0000	20.0000	23.2363	17.3423
6.0000	49.0000	58.4864	14.3806
6.0000	88.0000	63.0285	13.2405
7.0000	20.0000	23.0177	17.3429
7.0000	49.0000	58.4864	14.3806
7.0000	88.0000	63.0645	13.2376
8.0000	20.0000	22.8520	17.3434
8.0000	49.0000	58.4864	14.3806
8.0000	88.0000	63.0770	13.2362
9.0000	20.0000	22.8408	17.3434
9.0000	49.0000	58.4864	14.3806
9.0000	88.0000	63.0770	13.2360
10.0000	20.0000	22.8065	17.3435
10.0000	49.0000	58.4940	14.3774
10.0000	88.0000	63.0772	13.2360
11.0000	20.0000	22.7304	17.3436
11.0000	49.0000	58.5221	14.3651
11.0000	88.0000	63.0772	13.2360
12.0000	20.0000	22.6170	17.3438
12.0000	49.0000	58.5773	14.3393
12.0000	88.0000	63.0773	13.2360
13.0000	20.0000	22.5310	17.3440
13.0000	49.0000	58.6115	14.3218
13.0000	88.0000	63.0773	13.2360
14.0000	20.0000	22.5286	17.3440
14.0000	49.0000	58.6107	14.3206
14.0000	88.0000	63.0773	13.2361
15.0000	20.0000	22.4865	17.3441
15.0000	49.0000	58.6109	14.3204
15.0000	88.0000	63.0773	13.2361
16.0000	20.0000	22.3952	17.3442
16.0000	49.0000	58.6112	14.3207
16.0000	88.0000	63.0774	13.2361
17.0000	20.0000	22.2806	17.3445
17.0000	49.0000	58.6115	14.3210
17.0000	88.0000	63.0773	13.2361
18.0000	20.0000	22.1514	17.3447
18.0000	49.0000	58.6116	14.3211
18.0000	88.0000	63.0773	13.2361
19.0000	20.0000	22.0040	17.3450
19.0000	49.0000	58.6116	14.3211
19.0000	88.0000	63.0773	13.2361
20.0000	20.0000	21.9211	17.3452
20.0000	49.0000	58.6117	14.3212
20.0000	88.0000	63.0773	13.2361
21.0000	20.0000	21.9212	17.3452
21.0000	49.0000	58.6117	14.3211
21.0000	88.0000	63.0773	13.2361
22.0000	20.0000	21.9205	17.3452
22.0000	49.0000	58.6117	14.3211
22.0000	88.0000	63.0773	13.2361
23.0000	20.0000	21.9201	17.3452
23.0000	49.0000	58.6117	14.3211
23.0000	88.0000	63.0773	13.2361
24.0000	20.0000	21.9199	17.3452
24.0000	49.0000	58.6117	14.3211
24.0000	88.0000	63.0773	13.2361
25.0000	20.0000	21.9197	17.3452
25.0000	49.0000	58.6117	14.3211
25.0000	88.0000	63.0773	13.2361
26.0000	20.0000	21.9196	17.3452
26.0000	49.0000	58.6117	14.3211
26.0000	88.0000	63.0773	13.2361
27.0000	20.0000	21.9196	17.3452
27.0000	49.0000	58.6117	14.3211
27.0000	88.0000	63.0773	13.2361
28.0000	20.0000	21.9196	17.3452
28.0000	49.0000	58.6117	14.3211
28.0000	88.0000	63.0773	13.2361
29.0000	20.0000	21.9195	17.3452
29.0000	49.0000	58.6117	14.3211
29.0000	88.0000	63.0773	13.2361
30.0000	20.0000	21.9195	17.3452
30.0000	49.0000	58.6117	14.3211
30.0000	88.0000	63.0773	13.2361
31.0000	20.0000	21.9070	17.3452
31.0000	49.0000	58.6117	14.3211
31.0000	88.0000	63.0850	13.2355
32.0000	20.0000	21.9055	17.3452
32.0000	49.0000	58.6117	14.3211
32.0000	88.0000	63.1154	13.2331
33.0000	20.0000	21.9055	17.3452
33.0000	49.0000	58.6117	14.3211
33.0000	88.0000	63.1767	13.2283
34.0000	20.0000	21.9055	17.3452
34.0000	49.0000	58.6116	14.3212
34.0000	88.0000	63.2724	13.2202
35.0000	20.0000	21.9055	17.3452
35.0000	49.0000	58.6190	14.3182
35.0000	88.0000	63.3905	13.2102
36.0000	20.0000	21.9054	17.3452
36.0000	49.0000	58.6480	14.3063
36.0000	88.0000	63.5244	13.1995
37.0000	20.0000	21.9054	17.3452
37.0000	49.0000	58.7039	14.2812
37.0000	88.0000	63.6772	13.1880
38.0000	20.0000	21.9054	17.3452
38.0000	49.0000	58.7407	14.2632
38.0000	88.0000	63.7888	13.1794
39.0000	20.0000	21.9054	17.3452
39.0000	49.0000	58.7400	14.2621
39.0000	88.0000	63.7892	13.1781
40.0000	20.0000	21.9054	17.3452
40.0000	49.0000	58.7401	14.2619
40.0000	88.0000	63.7898	13.1780
41.0000	20.0000	21.9054	17.3452
41.0000	49.0000	58.7404	14.2622
41.0000	88.0000	63.7903	13.1784
42.0000	20.0000	21.9054	17.3452
42.0000	49.0000	58.7406	14.2624
42.0000	88.0000	63.7907	13.1786
43.0000	20.0000	21.9054	17.3452
43.0000	49.0000	58.7407	14.2625
43.0000	88.0000	63.7908	13.1787
44.0000	20.0000	21.9054	17.3452
44.0000	49.0000	58.7407	14.2625
44.0000	88.0000	63.7918	13.1787
45.0000	20.0000	21.9054	17.3452
45.0000	49.0000	58.7408	14.2625
45.0000	88.0000	63.7919	13.1787
46.0000	20.0000	21.9054	17.3452
46.0000	49.0000	58.7408	14.2625
46.0000	88.0000	63.7919	13.1787
47.0000	20.0000	21.9054	17.3452
47.0000	49.0000	58.7408	14.2625
47.0000	88.0000	63.7919	13.1787
48.0000	20.0000	21.9054	17.3452
48.0000	49.0000	58.7408	14.2625
48.0000	88.0000	63.7919	13.1787
49.0000	20.0000	21.9054	17.3452
49.0000	49.0000	58.7408	14.2625
49.0000	88.0000	63.7919	13.1787
50.0000	20.0000	21.9054	17.3452
50.0000	49.0000	58.7408	14.2625
50.0000	88.0000	63.7919	13.1787
51.0000	20.0000	21.9054	17.3452
51.0000	49.0000	58.7408	14.2625
51.0000	88.0000	63.7919	13.1787
52.0000	20.0000	21.9054	17.3452
52.0000	49.0000	58.7408	14.2625
52.0000	88.0000	63.7919	13.1787
53.0000	20.0000	21.9055	17.3452
53.0000	49.0000	58.7408	14.2626
53.0000	88.0000	63.7919	13.1787
54.0000	20.0000	21.8979	17.3452
54.0000	49.0000	58.7416	14.2622
54.0000	88.0000	63.7919	13.1787
55.0000	20.0000	21.8688	17.3453
55.0000	49.0000	58.7416	14.2622
55.0000	88.0000	63.7919	13.1787
56.0000	20.0000	21.8104	17.3455
56.0000	49.0000	58.7416	14.2622
56.0000	88.0000	63.7919	13.1787
57.0000	20.0000	21.7736	17.3455
57.0000	49.0000	58.7416	14.2622
57.0000	88.0000	63.7919	13.1787
58.0000	20.0000	21.7737	17.3455
58.0000	49.0000	58.7416	14.2622
58.0000	88.0000	63.7919	13.1787
59.0000	20.0000	21.7735	17.3455
59.0000	49.0000	58.7416	14.2622
59.0000	88.0000	63.7919	13.1787
60.0000	20.0000	21.7733	17.3455
60.0000	49.0000	58.7416	14.2622
60.0000	88.0000	63.7919	13.1787
61.0000	20.0000	21.7732	17.3455
61.0000	49.0000	58.7416	14.2622
61.0000	88.0000	63.7928	13.1787
62.0000	20.0000	21.7732	17.3456
62.0000	49.0000	58.7416	14.2622
62.0000	88.0000	63.7928	13.1787
63.0000	20.0000	21.7731	17.3456
63.0000	49.0000	58.7416	14.2622
63.0000	88.0000	63.7928	13.1787
64.0000	20.0000	21.7731	17.3456
64.0000	49.0000	58.7416	14.2622
64.0000	88.0000	63.7928	13.1787
65.0000	20.0000	21.7731	17.3456
65.0000	49.0000	58.7416	14.2622
65.0000	88.0000	63.7928	13.1787
66.0000	20.0000	21.7731	17.3456
66.0000	49.0000	58.7416	14.2622
66.0000	88.0000	63.7928	13.1787
67.0000	20.0000	21.7731	17.3456
67.0000	49.0000	58.7416	14.2623
67.0000	88.0000	63.7928	13.1787
68.0000	20.0000	21.7723	17.3456
68.0000	49.0000	58.7494	14.2593
68.0000	88.0000	63.7928	13.1787
69.0000	20.0000	21.7723	17.3456
69.0000	49.0000	58.7506	14.2584
69.0000	88.0000	63.7928	13.1787
70.0000	20.0000	21.7723	17.3456
70.0000	49.0000	58.7506	14.2583
70.0000	88.0000	63.7928	13.1787
71.0000	20.0000	21.7723	17.3456
71.0000	49.0000	58.7506	14.2583
71.0000	88.0000	63.7927	13.1787
72.0000	20.0000	21.7723	17.3456
72.0000	49.0000	58.7514	14.2581
72.0000	88.0000	63.7936	13.1787
73.0000	20.0000	21.7723	17.3456
73.0000	49.0000	58.7535	14.2574
73.0000	88.0000	63.7936	13.1787
74.0000	20.0000	21.7723	17.3456
74.0000	49.0000	58.7802	14.2473
74.0000	88.0000	63.7936	13.1787
75.0000	20.0000	21.7723	17.3456
75.0000	49.0000	58.7896	14.2426
75.0000	88.0000	63.8074	13.1780
76.0000	20.0000	21.7723	17.3456
76.0000	49.0000	58.7894	14.2421
76.0000	88.0000	63.8477	13.1760
77.0000	20.0000	21.7723	17.3456
77.0000	49.0000	58.7895	14.2420
77.0000	88.0000	63.9218	13.1716
78.0000	20.0000	21.7723	17.3456
78.0000	49.0000	58.8151	14.2329
78.0000	88.0000	64.0355	13.1652
79.0000	20.0000	21.7723	17.3456
79.0000	49.0000	58.8261	14.2281
79.0000	88.0000	64.1890	13.1561
80.0000	20.0000	21.7723	17.3456
80.0000	49.0000	58.8291	14.2263
80.0000	88.0000	64.3816	13.1462
81.0000	20.0000	21.7723	17.3456
81.0000	49.0000	58.8719	14.2119
81.0000	88.0000	64.5531	13.1371
82.0000	20.0000	21.7723	17.3456
82.0000	49.0000	58.9555	14.1763
82.0000	88.0000	64.5678	13.1351
83.0000	20.0000	21.7723	17.3456
83.0000	49.0000	59.0639	14.1332
83.0000	88.0000	64.5686	13.1347
84.0000	20.0000	21.7723	17.3456
84.0000	49.0000	59.1798	14.0822
84.0000	88.0000	64.5692	13.1348
85.0000	20.0000	21.7723	17.3456
85.0000	49.0000	59.3107	14.0328
85.0000	88.0000	64.5697	13.1351
86.0000	20.0000	21.7723	17.3456
86.0000	49.0000	59.4059	13.9953
86.0000	88.0000	64.5699	13.1352
87.0000	20.0000	21.7723	17.3456
87.0000	49.0000	59.4055	13.9925
87.0000	88.0000	64.5700	13.1353
88.0000	20.0000	21.7723	17.3456
88.0000	49.0000	59.4060	13.9921
88.0000	88.0000	64.5701	13.1353
89.0000	20.0000	21.7723	17.3456
89.0000	49.0000	59.4067	13.9925
89.0000	88.0000	64.5702	13.1353
90.0000	20.0000	21.7723	17.3456
90.0000	49.0000	59.4072	13.9930
90.0000	88.0000	64.5702	13.1353
91.0000	20.0000	21.7723	17.3456
91.0000	49.0000	59.4075	13.9933
91.0000	88.0000	64.5711	13.1353
92.0000	20.0000	21.7723	17.3456
92.0000	49.0000	59.4076	13.9934
92.0000	88.0000	64.5711	13.1353
93.0000	20.0000	21.7723	17.3456
93.0000	49.0000	59.4076	13.9934
93.0000	88.0000	64.5711	13.1353
94.0000	20.0000	21.7723	17.3456
94.0000	49.0000	59.4077	13.9934
94.0000	88.0000	64.5880	13.1348
95.0000	20.0000	21.7723	17.3456
95.0000	49.0000	59.4077	13.9934
95.0000	88.0000	64.6351	13.1332
96.0000	20.0000	21.7723	17.3456
96.0000	49.0000	59.4085	13.9931
96.0000	88.0000	64.7186	13.1298
97.0000	20.0000	21.7723	17.3456
97.0000	49.0000	59.4104	13.9927
97.0000	88.0000	64.8366	13.1256
98.0000	20.0000	21.7723	17.3456
98.0000	49.0000	59.4310	13.9861
98.0000	88.0000	64.9883	13.1194
99.0000	20.0000	21.7723	17.3456
99.0000	49.0000	59.4809	13.9690
99.0000	88.0000	65.1672	13.1135
100.0000	20.0000	21.7723	17.3456
100.0000	49.0000	59.5658	13.9414
100.0000	88.0000	65.3645	13.1068
101.0000	20.0000	21.7723	17.3456
101.0000	49.0000	59.6815	13.9025
101.0000	88.0000	65.5769	13.1007
102.0000	20.0000	21.7723	17.3456
102.0000	49.0000	59.8152	13.8580
102.0000	88.0000	65.8037	13.0950
103.0000	20.0000	21.7723	17.3456
103.0000	49.0000	59.9595	13.8117
103.0000	88.0000	66.0428	13.0899
104.0000	20.0000	21.7723	17.3456
104.0000	49.0000	60.1180	13.7632
104.0000	88.0000	66.2888	13.0848
105.0000	20.0000	21.7723	17.3456
105.0000	49.0000	60.2929	13.7121
105.0000	88.0000	66.5330	13.0813
106.0000	20.0000	21.7723	17.3456
106.0000	49.0000	60.4774	13.6605
106.0000	88.0000	66.7815	13.0777
107.0000	20.0000	21.7714	17.3456
107.0000	49.0000	60.6075	13.6266
107.0000	88.0000	67.0466	13.0747
108.0000	20.0000	21.7714	17.3456
108.0000	49.0000	60.6169	13.6217
108.0000	88.0000	67.3316	13.0708
109.0000	20.0000	21.7715	17.3456
109.0000	49.0000	60.6715	13.6095
109.0000	88.0000	67.6182	13.0689
110.0000	20.0000	21.7706	17.3456
110.0000	49.0000	60.7408	13.5937
110.0000	88.0000	67.9039	13.0674
111.0000	20.0000	21.7706	17.3456
111.0000	49.0000	60.7515	13.5904
111.0000	88.0000	68.1886	13.0663
112.0000	20.0000	21.7706	17.3456
112.0000	49.0000	60.7519	13.5901
112.0000	88.0000	68.4722	13.0657
113.0000	20.0000	21.7706	17.3456
113.0000	49.0000	60.7523	13.5904
113.0000	88.0000	68.6943	13.0655
114.0000	20.0000	21.7706	17.3456
114.0000	49.0000	60.7525	13.5908
114.0000	88.0000	68.7222	13.0652
115.0000	20.0000	21.7706	17.3456
115.0000	49.0000	60.7527	13.5910
115.0000	88.0000	68.7237	13.0650
116.0000	20.0000	21.7706	17.3456
116.0000	49.0000	60.7737	13.5872
116.0000	88.0000	68.7692	13.0657
117.0000	20.0000	21.7706	17.3456
117.0000	49.0000	60.8300	13.5751
117.0000	88.0000	68.8789	13.0665
118.0000	20.0000	21.7706	17.3456
118.0000	49.0000	60.8671	13.5666
118.0000	88.0000	69.0465	13.0678
119.0000	20.0000	21.7706	17.3456
119.0000	49.0000	60.8726	13.5647
119.0000	88.0000	69.2675	13.0693
120.0000	20.0000	21.7706	17.3456
120.0000	49.0000	60.9240	13.5548
120.0000	88.0000	69.4776	13.0705
121.0000	20.0000	21.7706	17.3456
121.0000	49.0000	60.9670	13.5453
121.0000	88.0000	69.5861	13.0715
122.0000	20.0000	21.7706	17.3456
122.0000	49.0000	60.9666	13.5444
122.0000	88.0000	69.7494	13.0733
123.0000	20.0000	21.7706	17.3456
123.0000	49.0000	60.9668	13.5443
123.0000	88.0000	69.9684	13.0750
124.0000	20.0000	21.7706	17.3456
124.0000	49.0000	60.9671	13.5446
124.0000	88.0000	70.2389	13.0786
125.0000	20.0000	21.7706	17.3456
125.0000	49.0000	60.9672	13.5447
125.0000	88.0000	70.5577	13.0803
126.0000	20.0000	21.7706	17.3456
126.0000	49.0000	60.9673	13.5448
126.0000	88.0000	70.9223	13.0825
127.0000	20.0000	21.7706	17.3456
127.0000	49.0000	60.9673	13.5448
127.0000	88.0000	71.3301	13.0855
128.0000	20.0000	21.7706	17.3456
128.0000	49.0000	60.9673	13.5448
128.0000	88.0000	71.7766	13.0888
129.0000	20.0000	21.7706	17.3456
129.0000	49.0000	60.9674	13.5448
129.0000	88.0000	72.1701	13.0916
130.0000	20.0000	21.7706	17.3456
130.0000	49.0000	60.9673	13.5448
130.0000	88.0000	72.3879	13.0939
131.0000	20.0000	21.7706	17.3456
131.0000	49.0000	60.9673	13.5448
131.0000	88.0000	72.5252	13.0960
132.0000	20.0000	21.7706	17.3456
132.0000	49.0000	60.9673	13.5448
132.0000	88.0000	72.5271	13.0957
133.0000	20.0000	21.7706	17.3456
133.0000	49.0000	60.9673	13.5448
133.0000	88.0000	72.5298	13.0957
134.0000	20.0000	21.7706	17.3456
134.0000	49.0000	60.9791	13.5428
134.0000	88.0000	72.6088	13.0968
135.0000	20.0000	21.7706	17.3456
135.0000	49.0000	61.0147	13.5359
135.0000	88.0000	72.7865	13.0991
136.0000	20.0000	21.7706	17.3456
136.0000	49.0000	61.0263	13.5331
136.0000	88.0000	73.0477	13.1023
137.0000	20.0000	21.7706	17.3456
137.0000	49.0000	61.0291	13.5322
137.0000	88.0000	73.3218	13.1046
138.0000	20.0000	21.7706	17.3456
138.0000	49.0000	61.0693	13.5252
138.0000	88.0000	73.3940	13.1054
139.0000	20.0000	21.7706	17.3456
139.0000	49.0000	61.1549	13.5092
139.0000	88.0000	73.3958	13.1055
140.0000	20.0000	21.7706	17.3456
140.0000	49.0000	61.2253	13.4941
140.0000	88.0000	73.4521	13.1063
141.0000	20.0000	21.7706	17.3456
141.0000	49.0000	61.2244	13.4926
141.0000	88.0000	73.5199	13.1072
142.0000	20.0000	21.7706	17.3456
142.0000	49.0000	61.2247	13.4924
142.0000	88.0000	73.5267	13.1072
143.0000	20.0000	21.7706	17.3456
143.0000	49.0000	61.2250	13.4927
143.0000	88.0000	73.5945	13.1082
144.0000	20.0000	21.7706	17.3456
144.0000	49.0000	61.2252	13.4930
144.0000	88.0000	73.6635	13.1091
145.0000	20.0000	21.7706	17.3456
145.0000	49.0000	61.2254	13.4931
145.0000	88.0000	73.6699	13.1091
146.0000	20.0000	21.7706	17.3456
146.0000	49.0000	61.2488	13.4899
146.0000	88.0000	73.7320	13.1099
147.0000	20.0000	21.7706	17.3456
147.0000	49.0000	61.3058	13.4793
147.0000	88.0000	73.7920	13.1107
148.0000	20.0000	21.7706	17.3456
148.0000	49.0000	61.3462	13.4708
148.0000	88.0000	73.7918	13.1107
149.0000	20.0000	21.7623	17.3456
149.0000	49.0000	61.3459	13.4699
149.0000	88.0000	73.7921	13.1107
150.0000	20.0000	21.7324	17.3457
150.0000	49.0000	61.3461	13.4698
150.0000	88.0000	73.7924	13.1107
151.0000	20.0000	21.6718	17.3459
151.0000	49.0000	61.3463	13.4699
151.0000	88.0000	73.7925	13.1107
152.0000	20.0000	21.5748	17.3462
152.0000	49.0000	61.3464	13.4700
152.0000	88.0000	73.7926	13.1107
153.0000	20.0000	21.4494	17.3467
153.0000	49.0000	61.3465	13.4701
153.0000	88.0000	73.7926	13.1107
154.0000	20.0000	21.3078	17.3472
154.0000	49.0000	61.3659	13.4671
154.0000	88.0000	73.7927	13.1107
155.0000	20.0000	21.1522	17.3477
155.0000	49.0000	61.3701	13.4663
155.0000	88.0000	73.7927	13.1107
156.0000	20.0000	20.9807	17.3482
156.0000	49.0000	61.3702	13.4660
156.0000	88.0000	73.7927	13.1107
157.0000	20.0000	20.7967	17.3487
157.0000	49.0000	61.3702	13.4660
157.0000	88.0000	73.7927	13.1107
158.0000	20.0000	20.6057	17.3493
158.0000	49.0000	61.3703	13.4661
158.0000	88.0000	73.8135	13.1111
159.0000	20.0000	20.4073	17.3499
159.0000	49.0000	61.3703	13.4661
159.0000	88.0000	73.8695	13.1118
160.0000	20.0000	20.2526	17.3504
160.0000	49.0000	61.3704	13.4661
160.0000	88.0000	73.9071	13.1122
161.0000	20.0000	20.2263	17.3504
161.0000	49.0000	61.3704	13.4661
161.0000	88.0000	73.9070	13.1122
162.0000	20.0000	20.1489	17.3507
162.0000	49.0000	61.3704	13.4661
162.0000	88.0000	73.9073	13.1122
163.0000	20.0000	20.0114	17.3511
163.0000	49.0000	61.3704	13.4661
163.0000	88.0000	73.9074	13.1122
164.0000	20.0000	19.8834	17.3515
164.0000	49.0000	61.3704	13.4661
164.0000	88.0000	73.9305	13.1126
165.0000	20.0000	19.8589	17.3516
165.0000	49.0000	61.3704	13.4661
165.0000	88.0000	73.9943	13.1135
166.0000	20.0000	19.7726	17.3518
166.0000	49.0000	61.3704	13.4661
166.0000	88.0000	74.1026	13.1149
167.0000	20.0000	19.6818	17.3521
167.0000	49.0000	61.3704	13.4661
167.0000	88.0000	74.2561	13.1169
168.0000	20.0000	19.6717	17.3522
168.0000	49.0000	61.3704	13.4661
168.0000	88.0000	74.3916	13.1186
169.0000	20.0000	19.6623	17.3521
169.0000	49.0000	61.3704	13.4661
169.0000	88.0000	74.4080	13.1188
170.0000	20.0000	19.6619	17.3521
170.0000	49.0000	61.3704	13.4661
170.0000	88.0000	74.4758	13.1197
171.0000	20.0000	19.6617	17.3521
171.0000	49.0000	61.3704	13.4661
171.0000	88.0000	74.6071	13.1214
172.0000	20.0000	19.6615	17.3521
172.0000	49.0000	61.3704	13.4661
172.0000	88.0000	74.7956	13.1239
173.0000	20.0000	19.6614	17.3521
173.0000	49.0000	61.3704	13.4661
173.0000	88.0000	75.0366	13.1271
174.0000	20.0000	19.6614	17.3521
174.0000	49.0000	61.3704	13.4661
174.0000	88.0000	75.2309	13.1295
175.0000	20.0000	19.6613	17.3521
175.0000	49.0000	61.3704	13.4661
175.0000	88.0000	75.2467	13.1296
176.0000	20.0000	19.6613	17.3521
176.0000	49.0000	61.3704	13.4661
176.0000	88.0000	75.2477	13.1296
177.0000	20.0000	19.6613	17.3521
177.0000	49.0000	61.3704	13.4661
177.0000	88.0000	75.2484	13.1296
178.0000	20.0000	19.6442	17.3522
178.0000	49.0000	61.3704	13.4661
178.0000	88.0000	75.2489	13.1296
179.0000	20.0000	19.5997	17.3522
179.0000	49.0000	61.3704	13.4661
179.0000	88.0000	75.2932	13.1302
180.0000	20.0000	19.5188	17.3524
180.0000	49.0000	61.3704	13.4661
180.0000	88.0000	75.4192	13.1320
181.0000	20.0000	19.4007	17.3527
181.0000	49.0000	61.3704	13.4661
181.0000	88.0000	75.6164	13.1346
182.0000	20.0000	19.2615	17.3532
182.0000	49.0000	61.3704	13.4661
182.0000	88.0000	75.8785	13.1380
183.0000	20.0000	19.1754	17.3534
183.0000	49.0000	61.3704	13.4661
183.0000	88.0000	76.1999	13.1419
184.0000	20.0000	19.1757	17.3534
184.0000	49.0000	61.3704	13.4661
184.0000	88.0000	76.5170	13.1457
185.0000	20.0000	19.1751	17.3534
185.0000	49.0000	61.3704	13.4661
185.0000	88.0000	76.7276	13.1486
186.0000	20.0000	19.1747	17.3534
186.0000	49.0000	61.3704	13.4661
186.0000	88.0000	76.9860	13.1519
187.0000	20.0000	19.1744	17.3534
187.0000	49.0000	61.3704	13.4661
187.0000	88.0000	77.2971	13.1557
188.0000	20.0000	19.1743	17.3534
188.0000	49.0000	61.3704	13.4661
188.0000	88.0000	77.5983	13.1595
189.0000	20.0000	19.1742	17.3534
189.0000	49.0000	61.3704	13.4661
189.0000	88.0000	77.7901	13.1620
190.0000	20.0000	19.1742	17.3534
190.0000	49.0000	61.3704	13.4661
190.0000	88.0000	78.0285	13.1650
191.0000	20.0000	19.1742	17.3534
191.0000	49.0000	61.3704	13.4661
191.0000	88.0000	78.3186	13.1687
192.0000	20.0000	19.1742	17.3534
192.0000	49.0000	61.3704	13.4661
192.0000	88.0000	78.5980	13.1721
193.0000	20.0000	19.1742	17.3534
193.0000	49.0000	61.3704	13.4661
193.0000	88.0000	78.7681	13.1743
194.0000	20.0000	19.1742	17.3534
194.0000	49.0000	61.3704	13.4661
195.0000	20.0000	19.1742	17.3534
195.0000	49.0000	61.3704	13.4661
196.0000	20.0000	19.1742	17.3534
196.0000	49.0000	61.3704	13.4661
197.0000	20.0000	19.1742	17.3534
197.0000	49.0000	61.3704	13.4661
198.0000	20.0000	19.1742	17.3534
198.0000	49.0000	61.3704	13.4661
199.0000	20.0000	19.1742	17.3534
199.0000	49.0000	61.3704	13.4661
200.0000	20.0000	19.1742	17.3534
200.0000	49.0000	61.3704	13.4661
201.0000	20.0000	19.1742	17.3534
201.0000	49.0000	61.3704	13.4661
202.0000	20.0000	19.1742	17.3534
202.0000	49.0000	61.3704	13.4661
203.0000	20.0000	19.1742	17.3534
203.0000	49.0000	61.3704	13.4661
204.0000	20.0000	19.1742	17.3534
204.0000	49.0000	61.3704	13.4661
205.0000	20.0000	19.1742	17.3534
205.0000	49.0000	61.3704	13.4661
206.0000	20.0000	19.1742	17.3534
206.0000	49.0000	61.3704	13.4661
207.0000	20.0000	19.1742	17.3534
207.0000	49.0000	61.3704	13.4661
208.0000	20.0000	19.1742	17.3534
208.0000	49.0000	61.3704	13.4661
209.0000	20.0000	19.1742	17.3534
209.0000	49.0000	61.3704	13.4661
210.0000	20.0000	19.1742	17.3534
210.0000	49.0000	61.3703	13.4661
211.0000	20.0000	19.1733	17.3534
211.0000	49.0000	61.3712	13.4660
212.0000	20.0000	19.1719	17.3534
212.0000	49.0000	61.3712	13.4660
213.0000	20.0000	19.1537	17.3535
213.0000	49.0000	61.3712	13.4660
214.0000	20.0000	19.1501	17.3534
214.0000	49.0000	61.3712	13.4660
215.0000	20.0000	19.1501	17.3534
215.0000	49.0000	61.3712	13.4660
216.0000	20.0000	19.1501	17.3534
216.0000	49.0000	61.3712	13.4660
217.0000	20.0000	19.1491	17.3535
217.0000	49.0000	61.3712	13.4660
218.0000	20.0000	19.1491	17.3535
218.0000	49.0000	61.3712	13.4660
219.0000	20.0000	19.1491	17.3535
219.0000	49.0000	61.3712	13.4660
220.0000	20.0000	19.1491	17.3535
220.0000	49.0000	61.3712	13.4660
221.0000	20.0000	19.1491	17.3535
221.0000	49.0000	61.3712	13.4660
222.0000	20.0000	19.1491	17.3535
222.0000	49.0000	61.3712	13.4660
223.0000	20.0000	19.1491	17.3535
223.0000	49.0000	61.3712	13.4660
224.0000	20.0000	19.1491	17.3535
224.0000	49.0000	61.3712	13.4660
225.0000	20.0000	19.1491	17.3535
225.0000	49.0000	61.3712	13.4660
226.0000	20.0000	19.1491	17.3535
226.0000	49.0000	61.3712	13.4660
227.0000	20.0000	19.1491	17.3535
227.0000	49.0000	61.3712	13.4660
228.0000	20.0000	19.1491	17.3535
228.0000	49.0000	61.3712	13.4660
229.0000	20.0000	19.1491	17.3535
229.0000	49.0000	61.3711	13.4660
230.0000	20.0000	19.1492	17.3535
230.0000	49.0000	61.3720	13.4659
231.0000	20.0000	19.1483	17.3535
231.0000	49.0000	61.3720	13.4659
232.0000	20.0000	19.1483	17.3535
232.0000	49.0000	61.3720	13.4659
233.0000	20.0000	19.1483	17.3535
233.0000	49.0000	61.3720	13.4659
234.0000	20.0000	19.1483	17.3535
234.0000	49.0000	61.3720	13.4659
235.0000	20.0000	19.1483	17.3535
235.0000	49.0000	61.3728	13.4658
236.0000	20.0000	19.1483	17.3535
236.0000	49.0000	61.3728	13.4658
237.0000	20.0000	19.1483	17.3535
237.0000	49.0000	61.3728	13.4658
238.0000	20.0000	19.1483	17.3535
238.0000	49.0000	61.3728	13.4658
239.0000	20.0000	19.1483	17.3535
239.0000	49.0000	61.3728	13.4658
240.0000	20.0000	19.1483	17.3535
240.0000	49.0000	61.3728	13.4658
241.0000	20.0000	19.1483	17.3535
241.0000	49.0000	61.3728	13.4658
242.0000	20.0000	19.1483	17.3535
242.0000	49.0000	61.3728	13.4658
243.0000	20.0000	19.1483	17.3535
243.0000	49.0000	61.3728	13.4658
244.0000	20.0000	19.1483	17.3535
244.0000	49.0000	61.3728	13.4658
245.0000	20.0000	19.1483	17.3535
245.0000	49.0000	61.3728	13.4658
246.0000	20.0000	19.1475	17.3535
246.0000	49.0000	61.3728	13.4658
247.0000	20.0000	19.1460	17.3535
247.0000	49.0000	61.3728	13.4658
248.0000	20.0000	19.1450	17.3535
248.0000	49.0000	61.3728	13.4658
249.0000	20.0000	19.1427	17.3535
249.0000	49.0000	61.3728	13.4658
250.0000	20.0000	19.1176	17.3535
250.0000	49.0000	61.3807	13.4646
251.0000	20.0000	19.1112	17.3535
251.0000	49.0000	61.3822	13.4640
252.0000	20.0000	19.1111	17.3535
252.0000	49.0000	61.3822	13.4640
253.0000	20.0000	19.1111	17.3535
253.0000	49.0000	61.3822	13.4640
254.0000	20.0000	19.1110	17.3535
254.0000	49.0000	61.3822	13.4640
255.0000	20.0000	19.1110	17.3535
255.0000	49.0000	61.3822	13.4640
256.0000	20.0000	19.1110	17.3535
256.0000	49.0000	61.3822	13.4640
257.0000	20.0000	19.1109	17.3535
257.0000	49.0000	61.3822	13.4640
258.0000	20.0000	19.1109	17.3535
258.0000	49.0000	61.3822	13.4640
259.0000	20.0000	19.1109	17.3535
259.0000	49.0000	61.3822	13.4640
260.0000	20.0000	19.1109	17.3535
260.0000	49.0000	61.3822	13.4640
261.0000	20.0000	19.1109	17.3535
261.0000	49.0000	61.3822	13.4640
262.0000	20.0000	19.1109	17.3535
262.0000	49.0000	61.3822	13.4640
263.0000	20.0000	19.1110	17.3535
263.0000	49.0000	61.3822	13.4640
264.0000	20.0000	19.1101	17.3535
264.0000	49.0000	61.3822	13.4640
265.0000	20.0000	19.1101	17.3535
265.0000	49.0000	61.3822	13.4640
266.0000	20.0000	19.1101	17.3535
266.0000	49.0000	61.3822	13.4640
267.0000	20.0000	19.1101	17.3536
267.0000	49.0000	61.3822	13.4640
268.0000	20.0000	19.1101	17.3536
268.0000	49.0000	61.3822	13.4640
269.0000	20.0000	19.1101	17.3536
269.0000	49.0000	61.3822	13.4640
270.0000	20.0000	19.1101	17.3536
270.0000	49.0000	61.3822	13.4640
271.0000	20.0000	19.1101	17.3536
271.0000	49.0000	61.3822	13.4640
272.0000	20.0000	19.1101	17.3536
272.0000	49.0000	61.3822	13.4640
273.0000	20.0000	19.1101	17.3536
273.0000	49.0000	61.3822	13.4640
274.0000	20.0000	19.1101	17.3536
274.0000	49.0000	61.3822	13.4640
275.0000	20.0000	19.1101	17.3536
275.0000	49.0000	61.3822	13.4640
276.0000	20.0000	19.1101	17.3536
276.0000	49.0000	61.3822	13.4640
277.0000	20.0000	19.1101	17.3536
277.0000	49.0000	61.3822	13.4640
278.0000	20.0000	19.1101	17.3536
278.0000	49.0000	61.3822	13.4640
279.0000	20.0000	19.1101	17.3536
279.0000	49.0000	61.3822	13.4640
280.0000	20.0000	19.1102	17.3536
280.0000	49.0000	61.3822	13.4640
281.0000	20.0000	19.1011	17.3536
281.0000	49.0000	61.3822	13.4640
282.0000	20.0000	19.0693	17.3536
282.0000	49.0000	61.3822	13.4640
283.0000	20.0000	19.0578	17.3536
283.0000	49.0000	61.3822	13.4640
284.0000	20.0000	19.0577	17.3536
284.0000	49.0000	61.3822	13.4640
285.0000	20.0000	19.0576	17.3536
285.0000	49.0000	61.3822	13.4640
286.0000	20.0000	19.0575	17.3536
286.0000	49.0000	61.3822	13.4640
287.0000	20.0000	19.0575	17.3536
287.0000	49.0000	61.3822	13.4640
288.0000	20.0000	19.0575	17.3536
288.0000	49.0000	61.3822	13.4640
289.0000	20.0000	19.0574	17.3536
289.0000	49.0000	61.3822	13.4640
290.0000	20.0000	19.0574	17.3536
290.0000	49.0000	61.3822	13.4640
291.0000	20.0000	19.0574	17.3536
291.0000	49.0000	61.3822	13.4640
292.0000	20.0000	19.0574	17.3536
292.0000	49.0000	61.3822	13.4640
293.0000	20.0000	19.0574	17.3536
293.0000	49.0000	61.3822	13.4640
294.0000	20.0000	19.0574	17.3536
294.0000	49.0000	61.3822	13.4640
295.0000	20.0000	19.0574	17.3536
295.0000	49.0000	61.3822	13.4640
296.0000	20.0000	19.0575	17.3536
296.0000	49.0000	61.3822	13.4640
297.0000	20.0000	19.0482	17.3536
297.0000	49.0000	61.3822	13.4640
298.0000	20.0000	19.0469	17.3536
298.0000	49.0000	61.3822	13.4640
299.0000	20.0000	19.0469	17.3536
299.0000	49.0000	61.3822	13.4640
300.0000	20.0000	19.0468	17.3536
300.0000	49.0000	61.3822	13.4640
301.0000	20.0000	19.0468	17.3536
301.0000	49.0000	61.3822	13.4640
302.0000	20.0000	19.0468	17.3536
302.0000	49.0000	61.3822	13.4640
303.0000	20.0000	19.0468	17.3536
303.0000	49.0000	61.3822	13.4640
304.0000	20.0000	19.0468	17.3536
304.0000	49.0000	61.3822	13.4640
305.0000	20.0000	19.0468	17.3536
305.0000	49.0000	61.3822	13.4640
306.0000	20.0000	19.0468	17.3536
306.0000	49.0000	61.3822	13.4640
307.0000	20.0000	19.0468	17.3536
307.0000	49.0000	61.3822	13.4640
308.0000	20.0000	19.0365	17.3536
308.0000	49.0000	61.3822	13.4640
309.0000	20.0000	19.0349	17.3537
309.0000	49.0000	61.3822	13.4640
310.0000	20.0000	19.0349	17.3537
310.0000	49.0000	61.3822	13.4640
311.0000	20.0000	19.0349	17.3537
311.0000	49.0000	61.3822	13.4640
312.0000	20.0000	19.0348	17.3536
312.0000	49.0000	61.3822	13.4640
313.0000	20.0000	19.0348	17.3536
313.0000	49.0000	61.3822	13.4640
314.0000	20.0000	19.0348	17.3536
314.0000	49.0000	61.3822	13.4640
315.0000	20.0000	19.0215	17.3537
315.0000	49.0000	61.3822	13.4640
316.0000	20.0000	19.0157	17.3536
316.0000	49.0000	61.3822	13.4640
317.0000	20.0000	19.0157	17.3536
317.0000	49.0000	61.3822	13.4640
318.0000	20.0000	19.0156	17.3536
318.0000	49.0000	61.3822	13.4641
319.0000	20.0000	19.0156	17.3536
319.0000	49.0000	61.3903	13.4629
320.0000	20.0000	19.0156	17.3537
320.0000	49.0000	61.4197	13.4582
321.0000	20.0000	19.0156	17.3537
321.0000	49.0000	61.4795	13.4478
322.0000	20.0000	19.0156	17.3536
322.0000	49.0000	61.5763	13.4315
323.0000	20.0000	19.0156	17.3536
323.0000	49.0000	61.6532	13.4179
324.0000	20.0000	19.0156	17.3536
324.0000	49.0000	61.6523	13.4162
325.0000	20.0000	19.0156	17.3536
325.0000	49.0000	61.6527	13.4160
326.0000	20.0000	19.0156	17.3536
326.0000	49.0000	61.6530	13.4163
327.0000	20.0000	19.0054	17.3537
327.0000	49.0000	61.6532	13.4167
328.0000	20.0000	19.0040	17.3536
328.0000	49.0000	61.6534	13.4167
329.0000	20.0000	19.0040	17.3536
329.0000	49.0000	61.6534	13.4168
330.0000	20.0000	19.0040	17.3536
330.0000	49.0000	61.6535	13.4168
331.0000	20.0000	18.9830	17.3537
331.0000	49.0000	61.6535	13.4168
332.0000	20.0000	18.9764	17.3537
332.0000	49.0000	61.6535	13.4168
333.0000	20.0000	18.9764	17.3537
333.0000	49.0000	61.6535	13.4168
334.0000	20.0000	18.9763	17.3537
334.0000	49.0000	61.6535	13.4168
335.0000	20.0000	18.9762	17.3537
335.0000	49.0000	61.6535	13.4168
336.0000	20.0000	18.9762	17.3537
336.0000	49.0000	61.6535	13.4168
337.0000	20.0000	18.9762	17.3537
337.0000	49.0000	61.6535	13.4168
338.0000	20.0000	18.9762	17.3537
338.0000	49.0000	61.6535	13.4168
339.0000	20.0000	18.9762	17.3537
339.0000	49.0000	61.6535	13.4168
340.0000	20.0000	18.9762	17.3537
340.0000	49.0000	61.6535	13.4168
341.0000	20.0000	18.9762	17.3537
341.0000	49.0000	61.6535	13.4168
342.0000	20.0000	18.9762	17.3537
342.0000	49.0000	61.6535	13.4168
343.0000	20.0000	18.9762	17.3537
343.0000	49.0000	61.6535	13.4168
344.0000	20.0000	18.9762	17.3537
344.0000	49.0000	61.6535	13.4168
345.0000	20.0000	18.9762	17.3537
345.0000	49.0000	61.6535	13.4168
346.0000	20.0000	18.9762	17.3537
346.0000	49.0000	61.6535	13.4168
347.0000	20.0000	18.9762	17.3537
347.0000	49.0000	61.6535	13.4168
348.0000	20.0000	18.9762	17.3537
348.0000	49.0000	61.6535	13.4168
349.0000	20.0000	18.9762	17.3537
349.0000	49.0000	61.6535	13.4168
350.0000	20.0000	18.9680	17.3537
350.0000	49.0000	61.6535	13.4168
351.0000	20.0000	18.9666	17.3537
351.0000	49.0000	61.6535	13.4168
352.0000	20.0000	18.9638	17.3537
352.0000	49.0000	61.6535	13.4168
353.0000	20.0000	18.9621	17.3537
353.0000	49.0000	61.6535	13.4168
354.0000	20.0000	18.9621	17.3537
354.0000	49.0000	61.6535	13.4168
355.0000	20.0000	18.9621	17.3537
355.0000	49.0000	61.6535	13.4168
356.0000	20.0000	18.9612	17.3537
356.0000	49.0000	61.6535	13.4168
357.0000	20.0000	18.9611	17.3537
357.0000	49.0000	61.6535	13.4168
358.0000	20.0000	18.9612	17.3537
358.0000	49.0000	61.6535	13.4168
359.0000	20.0000	18.9612	17.3537
359.0000	49.0000	61.6535	13.4168
360.0000	20.0000	18.9612	17.3537
360.0000	49.0000	61.6535	13.4168
361.0000	20.0000	18.9612	17.3537
361.0000	49.0000	61.6535	13.4168
362.0000	20.0000	18.9612	17.3537
362.0000	49.0000	61.6535	13.4168
363.0000	20.0000	18.9612	17.3537
363.0000	49.0000	61.6535	13.4168
364.0000	20.0000	18.9612	17.3537
364.0000	49.0000	61.6535	13.4168
365.0000	20.0000	18.9612	17.3537
365.0000	49.0000	61.6535	13.4168
366.0000	20.0000	18.9612	17.3537
366.0000	49.0000	61.6535	13.4168
367.0000	20.0000	18.9612	17.3537
367.0000	49.0000	61.6614	13.4158
368.0000	20.0000	18.9603	17.3537
368.0000	49.0000	61.6918	13.4114
369.0000	20.0000	18.9603	17.3537
369.0000	49.0000	61.7011	13.4096
370.0000	20.0000	18.9603	17.3537
370.0000	49.0000	61.7011	13.4092
371.0000	20.0000	18.9603	17.3537
371.0000	49.0000	61.7012	13.4092
372.0000	20.0000	18.9603	17.3537
372.0000	49.0000	61.7013	13.4093
373.0000	20.0000	18.9603	17.3537
373.0000	49.0000	61.7013	13.4093
374.0000	20.0000	18.9603	17.3537
374.0000	49.0000	61.7014	13.4093
375.0000	20.0000	18.9603	17.3537
375.0000	49.0000	61.7014	13.4094
376.0000	20.0000	18.9603	17.3537
376.0000	49.0000	61.7014	13.4094
377.0000	20.0000	18.9603	17.3537
377.0000	49.0000	61.7147	13.4076
378.0000	20.0000	18.9603	17.3537
378.0000	49.0000	61.7187	13.4066
379.0000	20.0000	18.9603	17.3537
379.0000	49.0000	61.7188	13.4064
380.0000	20.0000	18.9603	17.3537
380.0000	49.0000	61.7188	13.4065
381.0000	20.0000	18.9603	17.3537
381.0000	49.0000	61.7188	13.4065
382.0000	20.0000	18.9604	17.3537
382.0000	49.0000	61.7189	13.4065
383.0000	20.0000	18.9517	17.3537
383.0000	49.0000	61.7189	13.4065
384.0000	20.0000	18.9501	17.3536
384.0000	49.0000	61.7189	13.4065
385.0000	20.0000	18.9501	17.3536
385.0000	49.0000	61.7189	13.4065
386.0000	20.0000	18.9501	17.3536
386.0000	49.0000	61.7189	13.4065
387.0000	20.0000	18.9501	17.3537
387.0000	49.0000	61.7189	13.4065
388.0000	20.0000	18.9501	17.3536
388.0000	49.0000	61.7189	13.4065
389.0000	20.0000	18.9492	17.3537
389.0000	49.0000	61.7189	13.4065
390.0000	20.0000	18.9492	17.3537
390.0000	49.0000	61.7189	13.4065
391.0000	20.0000	18.9492	17.3537
391.0000	49.0000	61.7189	13.4065
392.0000	20.0000	18.9492	17.3537
392.0000	49.0000	61.7189	13.4065
393.0000	20.0000	18.9492	17.3537
393.0000	49.0000	61.7189	13.4065
394.0000	20.0000	18.9492	17.3537
394.0000	49.0000	61.7189	13.4065
395.0000	20.0000	18.9368	17.3536
395.0000	49.0000	61.7189	13.4065
396.0000	20.0000	18.8974	17.3537
396.0000	49.0000	61.7189	13.4065
397.0000	20.0000	18.8251	17.3538
397.0000	49.0000	61.7189	13.4065
398.0000	20.0000	18.7137	17.3540
398.0000	49.0000	61.7189	13.4065
399.0000	20.0000	18.5624	17.3542
399.0000	49.0000	61.7189	13.4065
400.0000	20.0000	18.3720	17.3543
400.0000	49.0000	61.7189	13.4065
401.0000	20.0000	18.1436	17.3546
401.0000	49.0000	61.7189	13.4065
402.0000	20.0000	17.9363	17.3548
402.0000	49.0000	61.7189	13.4065
403.0000	20.0000	17.8261	17.3550
403.0000	49.0000	61.7189	13.4065
404.0000	20.0000	17.6603	17.3551
404.0000	49.0000	61.7189	13.4065
405.0000	20.0000	17.4431	17.3554
405.0000	49.0000	61.7189	13.4065
406.0000	20.0000	17.2002	17.3556
406.0000	49.0000	61.7189	13.4065
407.0000	20.0000	16.9583	17.3559
407.0000	49.0000	61.7189	13.4065
408.0000	20.0000	16.7172	17.3562
408.0000	49.0000	61.7189	13.4065
409.0000	20.0000	16.4769	17.3565
409.0000	49.0000	61.7189	13.4065
410.0000	20.0000	16.2374	17.3567
410.0000	49.0000	61.7189	13.4066
411.0000	20.0000	15.9858	17.3570
411.0000	49.0000	61.7265	13.4055
412.0000	20.0000	15.6969	17.3574
412.0000	49.0000	61.7573	13.4012
413.0000	20.0000	15.4294	17.3577
413.0000	49.0000	61.8173	13.3921
414.0000	20.0000	15.2728	17.3579
414.0000	49.0000	61.9127	13.3773
415.0000	20.0000	15.0696	17.3582
415.0000	49.0000	61.9792	13.3666
416.0000	20.0000	14.8777	17.3584
416.0000	49.0000	61.9787	13.3653
417.0000	20.0000	14.8575	17.3584
417.0000	49.0000	61.9790	13.3652
418.0000	20.0000	14.8560	17.3584
418.0000	49.0000	61.9794	13.3655
419.0000	20.0000	14.8090	17.3585
419.0000	49.0000	61.9796	13.3658
420.0000	20.0000	14.6960	17.3587
420.0000	49.0000	61.9797	13.3659
421.0000	20.0000	14.5242	17.3591
421.0000	49.0000	61.9797	13.3659
422.0000	20.0000	14.2983	17.3593
422.0000	49.0000	61.9798	13.3659
423.0000	20.0000	14.0219	17.3597
423.0000	49.0000	61.9798	13.3659
424.0000	20.0000	13.6978	17.3601
424.0000	49.0000	61.9798	13.3659
425.0000	20.0000	13.3285	17.3606
425.0000	49.0000	61.9798	13.3659
426.0000	20.0000	12.9881	17.3611
426.0000	49.0000	61.9798	13.3659
427.0000	20.0000	12.8329	17.3614
427.0000	49.0000	61.9798	13.3659
428.0000	20.0000	12.7026	17.3616
428.0000	49.0000	61.9798	13.3659
429.0000	20.0000	12.5729	17.3619
429.0000	49.0000	61.9798	13.3660
430.0000	20.0000	12.4441	17.3621
430.0000	49.0000	61.9806	13.3659
431.0000	20.0000	12.2999	17.3624
431.0000	49.0000	61.9822	13.3657
432.0000	20.0000	12.0849	17.3629
432.0000	49.0000	61.9832	13.3656
433.0000	20.0000	11.8025	17.3632
433.0000	49.0000	61.9832	13.3655
434.0000	20.0000	11.5191	17.3636
434.0000	49.0000	61.9832	13.3655
435.0000	20.0000	11.3370	17.3640
435.0000	49.0000	61.9832	13.3655
436.0000	20.0000	11.1027	17.3644
436.0000	49.0000	61.9832	13.3655
437.0000	20.0000	10.8742	17.3649
437.0000	49.0000	61.9832	13.3655
438.0000	20.0000	10.7500	17.3651
438.0000	49.0000	61.9832	13.3655
439.0000	20.0000	10.5726	17.3654
439.0000	49.0000	61.9832	13.3655
440.0000	20.0000	10.3390	17.3659
440.0000	49.0000	61.9832	13.3655
441.0000	20.0000	10.1138	17.3663
441.0000	49.0000	61.9831	13.3656
442.0000	20.0000	9.9942	17.3666
442.0000	49.0000	61.9933	13.3643
443.0000	20.0000	9.8224	17.3669
443.0000	49.0000	62.0270	13.3600
444.0000	20.0000	9.6584	17.3672
444.0000	49.0000	62.0903	13.3511
445.0000	20.0000	9.6157	17.3673
445.0000	49.0000	62.1318	13.3449
446.0000	20.0000	9.5251	17.3675
446.0000	49.0000	62.1316	13.3441
447.0000	20.0000	9.3707	17.3678
447.0000	49.0000	62.1318	13.3440
448.0000	20.0000	9.2209	17.3681
448.0000	49.0000	62.1320	13.3441
449.0000	20.0000	9.1956	17.3682
449.0000	49.0000	62.1321	13.3442
450.0000	20.0000	9.1209	17.3683
450.0000	49.0000	62.1322	13.3443
451.0000	20.0000	8.9796	17.3686
451.0000	49.0000	62.1323	13.3443
452.0000	20.0000	8.8409	17.3689
452.0000	49.0000	62.1323	13.3443
453.0000	20.0000	8.8176	17.3689
453.0000	49.0000	62.1323	13.3443
454.0000	20.0000	8.7417	17.3690
454.0000	49.0000	62.1323	13.3443
455.0000	20.0000	8.5995	17.3693
455.0000	49.0000	62.1323	13.3443
456.0000	20.0000	8.4604	17.3696
456.0000	49.0000	62.1323	13.3443
457.0000	20.0000	8.4371	17.3696
457.0000	49.0000	62.1323	13.3443
458.0000	20.0000	8.3612	17.3698
458.0000	49.0000	62.1323	13.3443
459.0000	20.0000	8.2839	17.3699
459.0000	49.0000	62.1323	13.3443
460.0000	20.0000	8.2774	17.3700
460.0000	49.0000	62.1323	13.3443
461.0000	20.0000	8.2141	17.3701
461.0000	49.0000	62.1323	13.3443
462.0000	20.0000	8.0877	17.3703
462.0000	49.0000	62.1323	13.3443
463.0000	20.0000	7.9672	17.3706
463.0000	49.0000	62.1323	13.3443
464.0000	20.0000	7.9652	17.3706
464.0000	49.0000	62.1323	13.3443
465.0000	20.0000	7.9646	17.3706
465.0000	49.0000	62.1323	13.3443
466.0000	20.0000	7.9641	17.3706
466.0000	49.0000	62.1323	13.3443
467.0000	20.0000	7.9639	17.3706
467.0000	49.0000	62.1323	13.3443
468.0000	20.0000	7.9637	17.3706
468.0000	49.0000	62.1323	13.3443
469.0000	20.0000	7.9636	17.3706
469.0000	49.0000	62.1331	13.3442
470.0000	20.0000	7.9636	17.3706
470.0000	49.0000	62.1331	13.3442
471.0000	20.0000	7.9636	17.3706
471.0000	49.0000	62.1331	13.3442
472.0000	20.0000	7.9635	17.3706
472.0000	49.0000	62.1331	13.3442
473.0000	20.0000	7.9635	17.3706
473.0000	49.0000	62.1331	13.3442
474.0000	20.0000	7.9635	17.3706
474.0000	49.0000	62.1331	13.3442
475.0000	20.0000	7.9635	17.3706
475.0000	49.0000	62.1331	13.3442
476.0000	20.0000	7.9635	17.3706
476.0000	49.0000	62.1331	13.3442
477.0000	20.0000	7.9635	17.3706
477.0000	49.0000	62.1331	13.3442
478.0000	20.0000	7.9636	17.3706
478.0000	49.0000	62.1331	13.3442
479.0000	20.0000	7.9517	17.3706
479.0000	49.0000	62.1331	13.3442
480.0000	20.0000	7.9142	17.3707
480.0000	49.0000	62.1331	13.3442
481.0000	20.0000	7.8450	17.3708
481.0000	49.0000	62.1331	13.3442
482.0000	20.0000	7.7357	17.3710
482.0000	49.0000	62.1331	13.3442
483.0000	20.0000	7.6483	17.3712
483.0000	49.0000	62.1331	13.3442
484.0000	20.0000	7.6434	17.3712
484.0000	49.0000	62.1331	13.3442
485.0000	20.0000	7.6415	17.3712
485.0000	49.0000	62.1331	13.3442
486.0000	20.0000	7.6411	17.3712
486.0000	49.0000	62.1331	13.3442
487.0000	20.0000	7.6409	17.3712
487.0000	49.0000	62.1331	13.3442
488.0000	20.0000	7.6408	17.3712
488.0000	49.0000	62.1331	13.3442
489.0000	20.0000	7.6407	17.3712
489.0000	49.0000	62.1331	13.3442
490.0000	20.0000	7.6303	17.3712
490.0000	49.0000	62.1331	13.3442
491.0000	20.0000	7.5635	17.3714
491.0000	49.0000	62.1331	13.3442
492.0000	20.0000	7.5032	17.3715
492.0000	49.0000	62.1339	13.3441
493.0000	20.0000	7.4960	17.3715
493.0000	49.0000	62.1339	13.3441
494.0000	20.0000	7.4308	17.3715
494.0000	49.0000	62.1339	13.3441
495.0000	20.0000	7.3677	17.3717
495.0000	49.0000	62.1339	13.3441
496.0000	20.0000	7.3610	17.3717
496.0000	49.0000	62.1339	13.3441
497.0000	20.0000	7.2931	17.3718
497.0000	49.0000	62.1339	13.3441
498.0000	20.0000	7.2263	17.3719
498.0000	49.0000	62.1339	13.3441
499.0000	20.0000	7.2268	17.3719
499.0000	49.0000	62.1339	13.3441
500.0000	20.0000	7.2256	17.3719
500.0000	49.0000	62.1339	13.3441
501.0000	20.0000	7.2239	17.3719
501.0000	49.0000	62.1339	13.3442
502.0000	20.0000	7.2202	17.3720
502.0000	49.0000	62.1434	13.3431
503.0000	20.0000	7.1737	17.3720
503.0000	49.0000	62.1446	13.3427
504.0000	20.0000	7.0854	17.3722
504.0000	49.0000	62.1446	13.3427
505.0000	20.0000	6.9727	17.3724
505.0000	49.0000	62.1446	13.3427
506.0000	20.0000	6.8412	17.3727
506.0000	49.0000	62.1447	13.3427
507.0000	20.0000	6.7510	17.3728
507.0000	49.0000	62.1447	13.3427
508.0000	20.0000	6.7455	17.3728
508.0000	49.0000	62.1447	13.3427
509.0000	20.0000	6.6905	17.3730
509.0000	49.0000	62.1447	13.3427
510.0000	20.0000	6.6150	17.3732
510.0000	49.0000	62.1447	13.3427
511.0000	20.0000	6.5977	17.3735
511.0000	49.0000	62.1447	13.3427
512.0000	20.0000	6.5949	17.3735
512.0000	49.0000	62.1447	13.3427
513.0000	20.0000	6.5506	17.3736
513.0000	49.0000	62.1447	13.3427
514.0000	20.0000	6.4671	17.3739
514.0000	49.0000	62.1556	13.3415
515.0000	20.0000	6.3594	17.3743
515.0000	49.0000	62.1904	13.3375
516.0000	20.0000	6.2292	17.3747
516.0000	49.0000	62.2557	13.3290
517.0000	20.0000	6.0780	17.3752
517.0000	49.0000	62.3015	13.3229
518.0000	20.0000	5.9117	17.3757
518.0000	49.0000	62.3012	13.3219
519.0000	20.0000	5.7351	17.3759
519.0000	49.0000	62.3015	13.3218
520.0000	20.0000	5.5475	17.3760
520.0000	49.0000	62.3017	13.3219
521.0000	20.0000	5.4005	17.3754
521.0000	49.0000	62.3018	13.3220
522.0000	20.0000	5.3786	17.3753
522.0000	49.0000	62.3019	13.3220
523.0000	20.0000	5.3033	17.3750
523.0000	49.0000	62.3020	13.3221
524.0000	20.0000	5.2282	17.3743
524.0000	49.0000	62.3020	13.3221
525.0000	20.0000	5.2285	17.3745
525.0000	49.0000	62.3020	13.3221
526.0000	20.0000	5.2280	17.3745
526.0000	49.0000	62.3020	13.3221
527.0000	20.0000	5.2277	17.3745
527.0000	49.0000	62.3020	13.3221
528.0000	20.0000	5.2275	17.3745
528.0000	49.0000	62.3020	13.3221
529.0000	20.0000	5.2274	17.3745
529.0000	49.0000	62.3124	13.3212
530.0000	20.0000	5.2273	17.3745
530.0000	49.0000	62.3146	13.3209
531.0000	20.0000	5.2273	17.3745
531.0000	49.0000	62.3171	13.3206
532.0000	20.0000	5.2273	17.3745
532.0000	49.0000	62.3489	13.3173
533.0000	20.0000	5.2272	17.3745
533.0000	49.0000	62.4180	13.3095
534.0000	20.0000	5.2272	17.3745
534.0000	49.0000	62.5280	13.2965
535.0000	20.0000	5.2272	17.3745
535.0000	49.0000	62.6788	13.2794
536.0000	20.0000	5.2272	17.3745
536.0000	49.0000	62.8691	13.2591
537.0000	20.0000	5.2272	17.3745
537.0000	49.0000	63.0978	13.2361
538.0000	20.0000	5.2272	17.3745
538.0000	49.0000	63.3563	13.2121
539.0000	20.0000	5.2273	17.3745
539.0000	49.0000	63.6165	13.1894
540.0000	20.0000	5.2176	17.3744
540.0000	49.0000	63.8761	13.1696
541.0000	20.0000	5.1853	17.3739
541.0000	49.0000	64.1349	13.1513
542.0000	20.0000	5.1205	17.3732
542.0000	49.0000	64.3931	13.1358
543.0000	20.0000	5.0167	17.3714
543.0000	49.0000	64.6550	13.1219
544.0000	20.0000	4.8733	17.3684
544.0000	49.0000	64.8857	13.1090
545.0000	20.0000	4.6910	17.3637
545.0000	49.0000	64.9199	13.1059
546.0000	20.0000	4.4706	17.3547
546.0000	49.0000	64.9212	13.1054
547.0000	20.0000	4.2166	17.3416
547.0000	49.0000	64.9240	13.1055
548.0000	20.0000	4.0231	17.3269
548.0000	49.0000	64.9246	13.1057
549.0000	20.0000	4.0072	17.3289
549.0000	49.0000	64.9250	13.1058
550.0000	20.0000	4.0060	17.3298
550.0000	49.0000	64.9252	13.1059
551.0000	20.0000	4.0052	17.3296
551.0000	49.0000	64.9253	13.1059
552.0000	20.0000	4.0009	17.3286
552.0000	49.0000	64.9254	13.1059
553.0000	20.0000	3.9234	17.3218
553.0000	49.0000	64.9254	13.1059
554.0000	20.0000	3.8275	17.3131
554.0000	49.0000	64.9263	13.1059
555.0000	20.0000	3.8170	17.3131
555.0000	49.0000	64.9263	13.1059
556.0000	20.0000	3.7367	17.3056
556.0000	49.0000	64.9263	13.1059
557.0000	20.0000	3.6489	17.2979
557.0000	49.0000	64.9263	13.1059
558.0000	20.0000	3.6404	17.2976
558.0000	49.0000	64.9263	13.1059
559.0000	20.0000	3.5676	17.2897
559.0000	49.0000	64.9263	13.1059
560.0000	20.0000	3.4915	17.2809
560.0000	49.0000	64.9263	13.1059
561.0000	20.0000	3.4847	17.2811
561.0000	49.0000	64.9263	13.1059
562.0000	20.0000	3.4172	17.2716
562.0000	49.0000	64.9263	13.1059
563.0000	20.0000	3.3489	17.2643
563.0000	49.0000	64.9263	13.1059
564.0000	20.0000	3.3492	17.2653
564.0000	49.0000	64.9263	13.1059
565.0000	20.0000	3.3489	17.2653
565.0000	49.0000	64.9263	13.1059
566.0000	20.0000	3.3486	17.2651
566.0000	49.0000	64.9263	13.1059
567.0000	20.0000	3.3485	17.2650
567.0000	49.0000	64.9263	13.1059
568.0000	20.0000	3.3484	17.2649
568.0000	49.0000	64.9263	13.1059
569.0000	20.0000	3.3483	17.2649
569.0000	49.0000	64.9263	13.1059
570.0000	20.0000	3.3483	17.2649
570.0000	49.0000	64.9263	13.1059
571.0000	20.0000	3.3483	17.2648
571.0000	49.0000	64.9263	13.1059
572.0000	20.0000	3.3483	17.2649
572.0000	49.0000	64.9263	13.1059
573.0000	20.0000	3.3483	17.2649
573.0000	49.0000	64.9263	13.1059
574.0000	20.0000	3.3483	17.2649
574.0000	49.0000	64.9263	13.1059
575.0000	20.0000	3.3483	17.2649
575.0000	49.0000	64.9263	13.1059
576.0000	20.0000	3.3483	17.2649
576.0000	49.0000	64.9263	13.1059
577.0000	20.0000	3.3483	17.2649
577.0000	49.0000	64.9263	13.1059
578.0000	20.0000	3.3338	17.2629
578.0000	49.0000	64.9345	13.1059
579.0000	20.0000	3.2900	17.2572
579.0000	49.0000	64.9647	13.1052
580.0000	20.0000	3.2105	17.2471
580.0000	49.0000	65.0260	13.1035
581.0000	20.0000	3.0917	17.2299
581.0000	49.0000	65.1250	13.1002
582.0000	20.0000	2.9335	17.2067
582.0000	49.0000	65.2640	13.0966
583.0000	20.0000	2.7372	17.1760
583.0000	49.0000	65.3817	13.0923
584.0000	20.0000	2.5047	17.1322
584.0000	49.0000	65.3955	13.0913
585.0000	20.0000	2.2934	17.0912
585.0000	49.0000	65.4708	13.0903
586.0000	20.0000	2.1779	17.0693
586.0000	49.0000	65.6081	13.0874
587.0000	20.0000	2.0095	17.0312
587.0000	49.0000	65.7968	13.0838
588.0000	20.0000	1.7934	16.9752
588.0000	49.0000	66.0305	13.0792
589.0000	20.0000	1.5605	16.9183
589.0000	49.0000	66.2141	13.0749
590.0000	20.0000	1.3324	16.8483
590.0000	49.0000	66.2265	13.0734
591.0000	20.0000	1.1062	16.7750
591.0000	49.0000	66.2274	13.0733
592.0000	20.0000	0.8836	16.6941
592.0000	49.0000	66.2281	13.0734
593.0000	20.0000	0.6640	16.6077
593.0000	49.0000	66.2286	13.0735
594.0000	20.0000	0.4860	16.5309
594.0000	49.0000	66.2289	13.0735
595.0000	20.0000	0.4098	16.4969
595.0000	49.0000	66.2290	13.0735
596.0000	20.0000	0.2860	16.4434
596.0000	49.0000	66.2291	13.0736
597.0000	20.0000	0.1220	16.3509
597.0000	49.0000	66.2291	13.0736
598.0000	20.0000	-0.0340	16.2702
598.0000	49.0000	66.2292	13.0736
599.0000	20.0000	-0.0990	16.2329
599.0000	49.0000	66.2292	13.0736
600.0000	20.0000	-0.2145	16.1682
600.0000	49.0000	66.2292	13.0736
601.0000	20.0000	-0.3744	16.0657
601.0000	49.0000	66.2292	13.0736
602.0000	20.0000	-0.5222	15.9618
602.0000	49.0000	66.2292	13.0736
603.0000	20.0000	-0.5922	15.9203
603.0000	49.0000	66.2292	13.0736
604.0000	20.0000	-0.7031	15.8353
604.0000	49.0000	66.2292	13.0736
605.0000	20.0000	-0.8117	15.7562
605.0000	49.0000	66.2292	13.0736
606.0000	20.0000	-0.8296	15.7435
606.0000	49.0000	66.2292	13.0736
607.0000	20.0000	-0.8925	15.6942
607.0000	49.0000	66.2292	13.0736
608.0000	20.0000	-0.9549	15.6392
608.0000	49.0000	66.2292	13.0736
609.0000	20.0000	-0.9607	15.6361
609.0000	49.0000	66.2292	13.0736
610.0000	20.0000	-1.0127	15.5889
610.0000	49.0000	66.2292	13.0736
611.0000	20.0000	-1.1159	15.5025
611.0000	49.0000	66.2292	13.0736
612.0000	20.0000	-1.2116	15.4155
612.0000	49.0000	66.2292	13.0736
613.0000	20.0000	-1.2241	15.4078
613.0000	49.0000	66.2292	13.0736
614.0000	20.0000	-1.2782	15.3562
614.0000	49.0000	66.2292	13.0736
615.0000	20.0000	-1.3761	15.2530
615.0000	49.0000	66.2292	13.0736
616.0000	20.0000	-1.5189	15.1112
616.0000	49.0000	66.2292	13.0736
617.0000	20.0000	-1.6900	14.9359
617.0000	49.0000	66.2292	13.0736
618.0000	20.0000	-1.8494	14.7470
618.0000	49.0000	66.2292	13.0736
619.0000	20.0000	-2.0151	14.5651
619.0000	49.0000	66.2292	13.0736
620.0000	20.0000	-2.1637	14.3707
620.0000	49.0000	66.2292	13.0736
621.0000	20.0000	-2.2986	14.1677
621.0000	49.0000	66.2292	13.0736
622.0000	20.0000	-2.4315	13.9582
622.0000	49.0000	66.2292	13.0736
623.0000	20.0000	-2.5819	13.7183
623.0000	49.0000	66.2292	13.0736
624.0000	20.0000	-2.7206	13.4266
624.0000	49.0000	66.2292	13.0736
625.0000	20.0000	-2.8583	13.0901
625.0000	49.0000	66.2292	13.0736
626.0000	20.0000	-3.0062	12.7135
626.0000	49.0000	66.2292	13.0736
627.0000	20.0000	-3.1553	12.2931
627.0000	49.0000	66.2292	13.0736
628.0000	20.0000	-3.3005	11.8287
628.0000	49.0000	66.2292	13.0736
629.0000	20.0000	-3.4425	11.3222
629.0000	49.0000	66.2292	13.0736
630.0000	20.0000	-3.5727	10.7737
630.0000	49.0000	66.2292	13.0736
631.0000	20.0000	-3.6996	10.1873
631.0000	49.0000	66.2292	13.0736
632.0000	20.0000	-3.8107	9.5628
632.0000	49.0000	66.2292	13.0736
633.0000	20.0000	-3.9213	8.9046
633.0000	49.0000	66.2292	13.0736
634.0000	20.0000	-4.0135	8.2127
634.0000	49.0000	66.2292	13.0736
635.0000	20.0000	-4.1037	7.4905
635.0000	49.0000	66.2292	13.0736
636.0000	20.0000	-4.1786	6.7388
636.0000	49.0000	66.2292	13.0736
637.0000	20.0000	-4.2487	5.9621
637.0000	49.0000	66.2292	13.0736
638.0000	20.0000	-4.3051	5.1824
638.0000	49.0000	66.2292	13.0736
639.0000	20.0000	-4.3533	4.4056
639.0000	49.0000	66.2291	13.0736
640.0000	20.0000	-4.3899	3.6317
640.0000	49.0000	66.2369	13.0736
641.0000	20.0000	-4.4205	2.8608
641.0000	49.0000	66.2686	13.0735
642.0000	20.0000	-4.4437	2.0923
642.0000	49.0000	66.3293	13.0730
643.0000	20.0000	-4.4610	1.3091
643.0000	49.0000	66.4276	13.0720
644.0000	20.0000	-4.4745	0.5038
644.0000	49.0000	66.5661	13.0713
645.0000	20.0000	-4.4838	-0.3245
645.0000	49.0000	66.7439	13.0694
646.0000	20.0000	-4.4894	-1.1764
646.0000	49.0000	66.9601	13.0679
647.0000	20.0000	-4.4921	-2.0520
647.0000	49.0000	67.2118	13.0669
648.0000	20.0000	-4.4920	-2.9513
648.0000	49.0000	67.4708	13.0647
649.0000	20.0000	-4.4890	-3.8738
649.0000	49.0000	67.7290	13.0648
650.0000	20.0000	-4.4840	-4.8190
650.0000	49.0000	67.9864	13.0652
651.0000	20.0000	-4.4768	-5.7862
651.0000	49.0000	68.2429	13.0654
652.0000	20.0000	-4.4678	-6.7748
652.0000	49.0000	68.4993	13.0661
653.0000	20.0000	-4.4573	-7.7841
653.0000	49.0000	68.7786	13.0673
654.0000	20.0000	-4.4453	-8.8132
654.0000	49.0000	69.0924	13.0675
655.0000	20.0000	-4.4320	-9.8613
655.0000	49.0000	69.4425	13.0684
656.0000	20.0000	-4.4176	-10.9276
656.0000	49.0000	69.8298	13.0692
657.0000	20.0000	-4.4022	-12.0110
657.0000	49.0000	70.2541	13.0704
658.0000	20.0000	-4.3861	-13.0969
658.0000	49.0000	70.7145	13.0717
659.0000	20.0000	-4.3694	-14.1776
659.0000	49.0000	71.2100	13.0733
660.0000	20.0000	-4.3522	-15.2531
660.0000	49.0000	71.7389	13.0751
661.0000	20.0000	-4.3346	-16.3234
661.0000	49.0000	72.2999	13.0771
662.0000	20.0000	-4.3166	-17.3885
662.0000	49.0000	72.8912	13.0793
663.0000	20.0000	-4.2980	-18.4671
663.0000	49.0000	73.5111	13.0817
664.0000	20.0000	-4.2785	-19.5740
664.0000	49.0000	74.1580	13.0842
665.0000	20.0000	-4.2582	-20.7088
665.0000	49.0000	74.8303	13.0870
666.0000	20.0000	-4.2368	-21.8712
666.0000	49.0000	75.4763	13.0896
667.0000	20.0000	-4.2146	-23.0605
667.0000	49.0000	75.9908	13.0921
668.0000	20.0000	-4.1915	-24.2764
668.0000	49.0000	76.5045	13.0949
669.0000	20.0000	-4.1677	-25.5183
669.0000	49.0000	77.0157	13.0976
670.0000	20.0000	-4.1432	-26.7855
670.0000	49.0000	77.5246	13.1003
671.0000	20.0000	-4.1183	-28.0774
671.0000	49.0000	78.0313	13.1031
672.0000	20.0000	-4.0931	-29.3934
672.0000	49.0000	78.5358	13.1061
673.0000	20.0000	-4.0678	-30.7329
674.0000	20.0000	-4.0425	-32.0952
675.0000	20.0000	-4.0176	-33.4797
676.0000	20.0000	-3.9928	-34.8857
677.0000	20.0000	-3.9684	-36.3127
678.0000	20.0000	-3.9454	-37.7036
679.0000	20.0000	-3.9266	-38.8600
680.0000	20.0000	-3.9124	-39.7236
681.0000	20.0000	-3.9035	-40.3979
682.0000	20.0000	-3.8974	-41.0660
683.0000	20.0000	-3.8918	-41.6919
684.0000	20.0000	-3.8895	-42.2168
685.0000	20.0000	-3.8879	-42.7529
686.0000	20.0000	-3.8865	-43.2251
687.0000	20.0000	-3.8899	-43.5734
688.0000	20.0000	-3.8926	-43.9380
689.0000	20.0000	-3.8938	-44.2618
690.0000	20.0000	-3.8997	-44.4477
691.0000	20.0000	-3.9022	-44.6508
692.0000	20.0000	-3.9063	-44.8803
693.0000	20.0000	-3.9116	-45.1389
694.0000	20.0000	-3.9153	-45.4292
695.0000	20.0000	-3.9206	-45.7532
696.0000	20.0000	-3.9260	-46.1129
697.0000	20.0000	-3.9320	-46.5095
698.0000	20.0000	-3.9383	-46.9441
699.0000	20.0000	-3.9451	-47.4173
700.0000	20.0000	-3.9523	-47.9294
701.0000	20.0000	-3.9600	-48.4807
702.0000	20.0000	-3.9680	-49.0712
703.0000	20.0000	-3.9763	-49.7007
704.0000	20.0000	-3.9849	-50.3690
705.0000	20.0000	-3.9936	-51.0758
706.0000	20.0000	-4.0019	-51.8205
707.0000	20.0000	-4.0022	-52.6027
708.0000	20.0000	-3.9803	-53.4214
709.0000	20.0000	-3.9200	-54.2738
710.0000	20.0000	-3.8077	-55.1555
711.0000	20.0000	-3.6440	-56.0634
712.0000	20.0000	-3.4099	-56.9879
713.0000	20.0000	-3.1118	-57.9277
714.0000	20.0000	-2.7289	-58.8657
715.0000	20.0000	-2.2651	-59.8013
716.0000	20.0000	-1.7184	-60.7205
717.0000	20.0000	-1.0687	-61.6024
718.0000	20.0000	-0.3296	-62.4458
719.0000	20.0000	0.4937	-63.2449
720.0000	20.0000	1.3980	-63.9908
721.0000	20.0000	2.3746	-64.6861
722.0000	20.0000	3.4190	-65.3224
723.0000	20.0000	4.5224	-65.9101
724.0000	20.0000	5.6806	-66.4389
725.0000	20.0000	6.8878	-66.9209
726.0000	20.0000	8.0937	-67.3411
727.0000	20.0000	9.1666	-67.6795
728.0000	20.0000	10.2485	-67.9767
729.0000	20.0000	11.3968	-68.2492
730.0000	20.0000	12.4983	-68.5238
731.0000	20.0000	13.4377	-68.7441
732.0000	20.0000	14.2866	-68.8762
733.0000	20.0000	15.1473	-68.9882
734.0000	20.0000	16.0225	-69.0850
735.0000	20.0000	16.9205	-69.1744
736.0000	20.0000	17.7818	-69.2803
737.0000	20.0000	18.4881	-69.4004
738.0000	20.0000	19.1843	-69.5485
739.0000	20.0000	19.8330	-69.7336
740.0000	20.0000	20.3484	-69.9368
741.0000	20.0000	20.8695	-70.1632
742.0000	20.0000	21.3752	-70.3951
743.0000	20.0000	21.8614	-70.6154
744.0000	20.0000	22.3599	-70.8360
745.0000	20.0000	22.8690	-71.0239
746.0000	20.0000	23.3915	-71.0709
747.0000	20.0000	23.9411	-71.0595
748.0000	20.0000	24.5156	-71.0571
749.0000	20.0000	25.1175	-71.0518
750.0000	20.0000	25.6911	-71.0433
751.0000	20.0000	26.1176	-71.0313
752.0000	20.0000	26.5582	-71.0170
753.0000	20.0000	26.9945	-71.0067
754.0000	20.0000	27.3895	-71.0148
755.0000	20.0000	27.7429	-71.0729
756.0000	20.0000	28.2237	-71.1181
757.0000	20.0000	28.6931	-71.2070
758.0000	20.0000	29.1701	-71.3314
759.0000	20.0000	29.6504	-71.4897
760.0000	20.0000	30.1312	-71.6806
761.0000	20.0000	30.6123	-71.9025
762.0000	20.0000	31.0921	-72.1553
763.0000	20.0000	31.5128	-72.4414
764.0000	20.0000	31.8376	-72.7598
765.0000	20.0000	32.0976	-73.0915
