154.0000	95.0000	-61.6267	50.8689
155.0000	95.0000	-61.6091	50.1589
156.0000	95.0000	-61.5931	49.5000
157.0000	95.0000	-61.5823	49.0466
158.0000	95.0000	-61.5717	48.5721
159.0000	95.0000	-61.5597	48.0368
160.0000	95.0000	-61.5470	47.4522
161.0000	95.0000	-61.5338	46.8231
162.0000	95.0000	-61.5202	46.1538
163.0000	95.0000	-61.5064	45.4482
164.0000	95.0000	-61.4924	44.7100
165.0000	95.0000	-61.4799	44.0256
166.0000	95.0000	-61.4720	43.5508
167.0000	95.0000	-61.4664	43.0599
168.0000	95.0000	-61.4578	42.5106
169.0000	95.0000	-61.4497	41.9133
170.0000	95.0000	-61.4420	41.2726
171.0000	95.0000	-61.4340	40.5929
172.0000	95.0000	-61.4260	39.8777
173.0000	95.0000	-61.4180	39.1307
174.0000	95.0000	-61.4103	38.3566
175.0000	95.0000	-61.4028	37.5601
176.0000	95.0000	-61.3962	36.8263
177.0000	95.0000	-61.3925	36.3121
178.0000	95.0000	-61.3922	35.7927
179.0000	95.0000	-61.3883	35.2201
180.0000	95.0000	-61.3850	34.6029
181.0000	95.0000	-61.3832	33.9449
182.0000	95.0000	-61.3810	33.2499
183.0000	95.0000	-61.3788	32.5212
184.0000	95.0000	-61.3768	31.7625
185.0000	95.0000	-61.3749	30.9784
186.0000	95.0000	-61.3731	30.1735
187.0000	95.0000	-61.3716	29.4326
188.0000	95.0000	-61.3712	28.9121
189.0000	95.0000	-61.3734	28.3880
190.0000	95.0000	-61.3728	27.8115
191.0000	95.0000	-61.3729	27.1906
192.0000	95.0000	-61.3741	26.5295
193.0000	95.0000	-61.3751	25.8316
194.0000	95.0000	-61.3760	25.1003
195.0000	95.0000	-61.3770	24.3393
196.0000	95.0000	-61.3781	23.5529
197.0000	95.0000	-61.3792	22.7460
198.0000	95.0000	-61.3803	21.9223
199.0000	95.0000	-61.3813	21.1652
200.0000	95.0000	-61.3823	20.6310
201.0000	95.0000	-61.3846	20.0967
202.0000	95.0000	-61.3856	19.5113
203.0000	95.0000	-61.3868	18.8828
204.0000	95.0000	-61.3885	18.2149
205.0000	95.0000	-61.3903	17.5109
206.0000	95.0000	-61.3919	16.7743
207.0000	95.0000	-61.3935	16.0084
208.0000	95.0000	-61.3951	15.2179
209.0000	95.0000	-61.3967	14.4073
210.0000	95.0000	-61.3982	13.5803
211.0000	95.0000	-61.3994	12.8202
212.0000	95.0000	-61.4004	12.2834
213.0000	95.0000	-61.4020	11.7468
214.0000	95.0000	-61.4028	11.1595
215.0000	95.0000	-61.4037	10.5292
216.0000	95.0000	-61.4049	9.8596
217.0000	95.0000	-61.4060	9.1541
218.0000	95.0000	-61.4069	8.4160
219.0000	95.0000	-61.4078	7.6488
220.0000	95.0000	-61.4086	6.8569
221.0000	95.0000	-61.4093	6.0449
222.0000	95.0000	-61.4099	5.2166
223.0000	95.0000	-61.4103	4.3748
224.0000	95.0000	-61.4106	3.6018
225.0000	95.0000	-61.4108	3.0538
226.0000	95.0000	-61.4112	2.5089
227.0000	95.0000	-61.4111	1.9144
228.0000	95.0000	-61.4110	1.2778
229.0000	95.0000	-61.4109	0.6026
230.0000	95.0000	-61.4107	-0.1079
231.0000	95.0000	-61.4103	-0.8506
232.0000	95.0000	-61.4098	-1.6219
233.0000	95.0000	-61.4091	-2.4174
234.0000	95.0000	-61.4083	-3.2326
235.0000	95.0000	-61.4073	-4.0638
236.0000	95.0000	-61.4062	-4.9082
237.0000	95.0000	-61.4050	-5.6837
238.0000	95.0000	-61.4042	-6.2340
239.0000	95.0000	-61.4034	-6.7807
240.0000	95.0000	-61.4023	-7.3769
241.0000	95.0000	-61.4010	-8.0151
242.0000	95.0000	-61.3996	-8.6917
243.0000	95.0000	-61.3981	-9.4036
244.0000	95.0000	-61.3963	-10.1475
245.0000	95.0000	-61.3943	-10.9200
246.0000	95.0000	-61.3922	-11.7168
247.0000	95.0000	-61.3899	-12.5333
248.0000	95.0000	-61.3874	-13.3659
249.0000	95.0000	-61.3851	-14.1315
250.0000	95.0000	-61.3834	-14.6736
251.0000	95.0000	-61.3819	-15.2146
252.0000	95.0000	-61.3799	-15.8059
253.0000	95.0000	-61.3778	-16.4400
254.0000	95.0000	-61.3754	-17.1131
255.0000	95.0000	-61.3729	-17.8218
256.0000	95.0000	-61.3702	-18.5630
257.0000	95.0000	-61.3673	-19.3335
258.0000	95.0000	-61.3642	-20.1288
259.0000	95.0000	-61.3610	-20.9444
260.0000	95.0000	-61.3576	-21.7765
261.0000	95.0000	-61.3540	-22.6221
262.0000	95.0000	-61.3507	-23.3990
263.0000	95.0000	-61.3484	-23.9509
264.0000	95.0000	-61.3465	-24.4992
265.0000	95.0000	-61.3439	-25.0969
266.0000	95.0000	-61.3412	-25.7366
267.0000	95.0000	-61.3384	-26.4147
268.0000	95.0000	-61.3354	-27.1279
269.0000	95.0000	-61.3322	-27.8732
270.0000	95.0000	-61.3288	-28.6472
271.0000	95.0000	-61.3253	-29.4458
272.0000	95.0000	-61.3217	-30.2642
273.0000	95.0000	-61.3183	-31.0184
274.0000	95.0000	-61.3160	-31.5512
275.0000	95.0000	-61.3143	-32.0855
276.0000	95.0000	-61.3118	-32.6715
277.0000	95.0000	-61.3091	-33.3011
278.0000	95.0000	-61.3066	-33.9704
279.0000	95.0000	-61.3038	-34.6757
280.0000	95.0000	-61.3008	-35.4141
281.0000	95.0000	-61.2981	-36.1000
282.0000	95.0000	-61.2964	-36.5779
283.0000	95.0000	-61.2954	-37.0723
284.0000	95.0000	-61.2933	-37.6257
285.0000	95.0000	-61.2911	-38.2272
286.0000	95.0000	-61.2892	-38.8722
287.0000	95.0000	-61.2873	-39.4713
288.0000	95.0000	-61.2864	-39.8735
289.0000	95.0000	-61.2862	-40.3074
290.0000	95.0000	-61.2848	-40.7347
291.0000	95.0000	-61.2847	-41.1288
292.0000	95.0000	-61.2839	-41.5681
293.0000	95.0000	-61.2831	-42.0482
294.0000	95.0000	-61.2824	-42.5691
295.0000	95.0000	-61.2816	-43.1298
296.0000	95.0000	-61.2808	-43.6414
297.0000	95.0000	-61.2808	-43.9583
298.0000	95.0000	-61.2817	-44.3202
299.0000	95.0000	-61.2808	-44.6563
300.0000	95.0000	-61.2821	-44.8278
301.0000	95.0000	-61.2823	-45.0753
302.0000	95.0000	-61.2823	-45.4028
303.0000	95.0000	-61.2825	-45.7971
304.0000	95.0000	-61.2830	-46.2509
305.0000	95.0000	-61.2834	-46.7578
306.0000	95.0000	-61.2836	-47.2235
307.0000	95.0000	-61.2842	-47.5025
308.0000	95.0000	-61.2854	-47.8360
309.0000	95.0000	-61.2851	-48.1468
310.0000	95.0000	-61.2860	-48.2974
311.0000	95.0000	-61.2867	-48.5283
312.0000	95.0000	-61.2871	-48.8405
313.0000	95.0000	-61.2875	-49.2209
314.0000	95.0000	-61.2883	-49.6617
315.0000	95.0000	-61.2890	-50.0638
316.0000	95.0000	-61.2898	-50.2876
317.0000	95.0000	-61.2909	-50.5764
318.0000	95.0000	-61.2908	-50.9409
319.0000	95.0000	-61.2914	-51.3688
459.0000	189.0000	-4.1953	79.8343
460.0000	189.0000	-4.1945	79.3543
461.0000	189.0000	-4.1936	78.8286
462.0000	189.0000	-4.2255	78.2491
463.0000	189.0000	-4.2554	77.6144
464.0000	189.0000	-4.3614	76.9445
465.0000	189.0000	-4.3541	76.2797
466.0000	189.0000	-4.3556	75.5714
467.0000	189.0000	-4.3391	74.8321
468.0000	189.0000	-4.3364	74.1432
469.0000	189.0000	-4.2719	73.4399
470.0000	189.0000	-4.2689	72.6935
471.0000	189.0000	-4.2680	71.8999
472.0000	189.0000	-4.2675	71.0695
473.0000	189.0000	-4.2672	70.2154
474.0000	189.0000	-4.2662	69.3613
475.0000	189.0000	-4.2657	68.4983
476.0000	189.0000	-4.2647	67.6185
477.0000	189.0000	-4.2642	66.7250
478.0000	189.0000	-4.2632	65.8242
479.0000	189.0000	-4.2621	64.9162
480.0000	189.0000	-4.2608	64.0003
481.0000	189.0000	-4.2594	63.0788
482.0000	189.0000	-4.2580	62.1532
483.0000	189.0000	-4.2564	61.2238
484.0000	189.0000	-4.2548	60.2908
485.0000	189.0000	-4.2528	59.3553
486.0000	189.0000	-4.2509	58.4177
487.0000	189.0000	-4.2490	57.4781
488.0000	189.0000	-4.2470	56.5422
489.0000	189.0000	-4.2449	55.6345
490.0000	189.0000	-4.2427	54.7731
491.0000	189.0000	-4.2363	53.9641
492.0000	189.0000	-4.2340	53.2313
493.0000	189.0000	-4.2319	52.5141
494.0000	189.0000	-4.2298	51.7972
495.0000	189.0000	-4.2277	51.0796
496.0000	189.0000	-4.2256	50.3615
497.0000	189.0000	-4.2235	49.6430
498.0000	189.0000	-4.2216	49.0069
499.0000	189.0000	-4.2204	48.5960
500.0000	189.0000	-4.2192	48.1736
501.0000	189.0000	-4.2178	47.6989
502.0000	189.0000	-4.2166	47.2738
503.0000	189.0000	-4.2159	47.0365
504.0000	189.0000	-4.2153	46.8408
505.0000	189.0000	-4.2151	46.7880
506.0000	189.0000	-4.2147	46.6402
507.0000	189.0000	-4.2143	46.5075
508.0000	189.0000	-4.2143	46.4955
509.0000	189.0000	-4.2139	46.3830
510.0000	189.0000	-4.2137	46.2856
511.0000	189.0000	-4.2136	46.2759
512.0000	189.0000	-4.2133	46.1716
513.0000	189.0000	-4.2131	46.0868
514.0000	189.0000	-4.2131	46.0776
515.0000	189.0000	-4.2128	45.9796
516.0000	189.0000	-4.2126	45.9038
517.0000	189.0000	-4.2125	45.8947
518.0000	189.0000	-4.2123	45.8009
519.0000	189.0000	-4.2120	45.7314
520.0000	189.0000	-4.2120	45.7235
521.0000	189.0000	-4.2118	45.6344
522.0000	189.0000	-4.2113	45.4713
523.0000	189.0000	-4.2106	45.2430
524.0000	189.0000	-4.2101	45.0549
525.0000	189.0000	-4.2100	45.0282
526.0000	189.0000	-4.2097	44.9101
527.0000	189.0000	-4.2094	44.8095
528.0000	189.0000	-4.2094	44.7992
529.0000	189.0000	-4.2093	44.7784
530.0000	189.0000	-4.2093	44.7778
531.0000	189.0000	-4.2093	44.7771
532.0000	189.0000	-4.2093	44.7767
533.0000	189.0000	-4.2093	44.7765
534.0000	189.0000	-4.2093	44.7764
535.0000	189.0000	-4.2093	44.7764
536.0000	189.0000	-4.2093	44.7764
537.0000	189.0000	-4.2093	44.7763
538.0000	189.0000	-4.2093	44.7763
539.0000	189.0000	-4.2093	44.7764
540.0000	189.0000	-4.2092	44.7580
541.0000	189.0000	-4.2091	44.7065
542.0000	189.0000	-4.2088	44.6123
543.0000	189.0000	-4.2084	44.4685
544.0000	189.0000	-4.2078	44.2737
545.0000	189.0000	-4.2071	44.0276
546.0000	189.0000	-4.2062	43.7305
547.0000	189.0000	-4.2052	43.3832
548.0000	189.0000	-4.2040	42.9865
549.0000	189.0000	-4.2027	42.5420
550.0000	189.0000	-4.2012	42.0516
551.0000	189.0000	-4.1996	41.5198
552.0000	189.0000	-4.1979	40.9534
553.0000	189.0000	-4.1961	40.3597
554.0000	189.0000	-4.1943	39.7437
555.0000	189.0000	-4.1923	39.1096
556.0000	189.0000	-4.1903	38.4603
557.0000	189.0000	-4.1883	37.7985
558.0000	189.0000	-4.1862	37.1266
559.0000	189.0000	-4.1841	36.4463
560.0000	189.0000	-4.1820	35.7592
561.0000	189.0000	-4.1798	35.0664
562.0000	189.0000	-4.1775	34.3692
563.0000	189.0000	-4.1753	33.6681
564.0000	189.0000	-4.1730	32.9639
565.0000	189.0000	-4.1707	32.2572
566.0000	189.0000	-4.1684	31.5485
567.0000	189.0000	-4.1660	30.8380
568.0000	189.0000	-4.1637	30.1261
569.0000	189.0000	-4.1613	29.4131
570.0000	189.0000	-4.1588	28.6990
571.0000	189.0000	-4.1564	27.9842
572.0000	189.0000	-4.1539	27.2687
573.0000	189.0000	-4.1514	26.5527
574.0000	189.0000	-4.1488	25.8363
575.0000	189.0000	-4.1463	25.1194
576.0000	189.0000	-4.1437	24.4022
577.0000	189.0000	-4.1411	23.6847
578.0000	189.0000	-4.1384	22.9670
579.0000	189.0000	-4.1357	22.2491
580.0000	189.0000	-4.1330	21.5310
581.0000	189.0000	-4.1306	20.8955
582.0000	189.0000	-4.1290	20.4846
583.0000	189.0000	-4.1271	20.0623
584.0000	189.0000	-4.1252	19.5879
585.0000	189.0000	-4.1231	19.0713
586.0000	189.0000	-4.1207	18.5196
587.0000	189.0000	-4.1186	18.0262
588.0000	189.0000	-4.1172	17.7349
589.0000	189.0000	-4.1154	17.3999
590.0000	189.0000	-4.1137	16.9990
591.0000	189.0000	-4.1116	16.5440
592.0000	189.0000	-4.1096	16.1351
593.0000	189.0000	-4.1083	15.9111
594.0000	189.0000	-4.1066	15.6258
595.0000	189.0000	-4.1050	15.2673
596.0000	189.0000	-4.1033	14.9423
597.0000	189.0000	-4.1021	14.7853
598.0000	189.0000	-4.1008	14.5516
599.0000	189.0000	-4.0990	14.2384
600.0000	189.0000	-4.0975	13.9543
601.0000	189.0000	-4.0965	13.8311
602.0000	189.0000	-4.0953	13.6245
603.0000	189.0000	-4.0935	13.3358
604.0000	189.0000	-4.0920	13.0754
605.0000	189.0000	-4.0912	12.9728
606.0000	189.0000	-4.0900	12.7833
607.0000	189.0000	-4.0888	12.6102
608.0000	189.0000	-4.0887	12.5828
609.0000	189.0000	-4.0878	12.4573
610.0000	189.0000	-4.0863	12.2427
611.0000	189.0000	-4.0843	11.9542
612.0000	189.0000	-4.0821	11.6004
613.0000	189.0000	-4.0794	11.1877
614.0000	189.0000	-4.0763	10.7216
615.0000	189.0000	-4.0729	10.2091
616.0000	189.0000	-4.0693	9.6581
617.0000	189.0000	-4.0655	9.0761
618.0000	189.0000	-4.0615	8.4688
619.0000	189.0000	-4.0574	7.8408
620.0000	189.0000	-4.0531	7.1956
621.0000	189.0000	-4.0488	6.5363
622.0000	189.0000	-4.0444	5.8654
623.0000	189.0000	-4.0399	5.1851
624.0000	189.0000	-4.0354	4.4971
625.0000	189.0000	-4.0308	3.8026
626.0000	189.0000	-4.0262	3.1030
627.0000	189.0000	-4.0215	2.3992
628.0000	189.0000	-4.0174	1.7751
629.0000	189.0000	-4.0148	1.3732
630.0000	189.0000	-4.0120	0.9570
631.0000	189.0000	-4.0089	0.4872
632.0000	189.0000	-4.0056	-0.0262
633.0000	189.0000	-4.0019	-0.5760
634.0000	189.0000	-3.9981	-1.1566
635.0000	189.0000	-3.9941	-1.7628
636.0000	189.0000	-3.9900	-2.3901
637.0000	189.0000	-3.9857	-3.0350
638.0000	189.0000	-3.9814	-3.6942
639.0000	189.0000	-3.9769	-4.3650
640.0000	189.0000	-3.9725	-5.0456
641.0000	189.0000	-3.9679	-5.7340
642.0000	189.0000	-3.9634	-6.4288
643.0000	189.0000	-3.9588	-7.1290
644.0000	189.0000	-3.9541	-7.8335
645.0000	189.0000	-3.9495	-8.5415
646.0000	189.0000	-3.9448	-9.2525
647.0000	189.0000	-3.9402	-9.9659
648.0000	189.0000	-3.9355	-10.6813
649.0000	189.0000	-3.9308	-11.3983
650.0000	189.0000	-3.9261	-12.1166
651.0000	189.0000	-3.9214	-12.8359
652.0000	189.0000	-3.9168	-13.5563
653.0000	189.0000	-3.9121	-14.2773
654.0000	189.0000	-3.9075	-14.9990
655.0000	189.0000	-3.9028	-15.7212
656.0000	189.0000	-3.8982	-16.4439
657.0000	189.0000	-3.8936	-17.1669
658.0000	189.0000	-3.8890	-17.8902
659.0000	189.0000	-3.8844	-18.6138
660.0000	189.0000	-3.8798	-19.3376
661.0000	189.0000	-3.8752	-20.0616
662.0000	189.0000	-3.8707	-20.7858
663.0000	189.0000	-3.8662	-21.5101
664.0000	189.0000	-3.8617	-22.2346
665.0000	189.0000	-3.8572	-22.9591
666.0000	189.0000	-3.8528	-23.6838
667.0000	189.0000	-3.8483	-24.4086
668.0000	189.0000	-3.8439	-25.1334
669.0000	189.0000	-3.8395	-25.8584
670.0000	189.0000	-3.8357	-26.5008
671.0000	189.0000	-3.8332	-26.9178
672.0000	189.0000	-3.8309	-27.3454
673.0000	189.0000	-3.8286	-27.7330
674.0000	189.0000	-3.8276	-27.9427
675.0000	189.0000	-3.8264	-28.2129
676.0000	189.0000	-3.8251	-28.4329
677.0000	189.0000	-3.8249	-28.4746
678.0000	189.0000	-3.8243	-28.5973
679.0000	189.0000	-3.8239	-28.6954
680.0000	189.0000	-3.8238	-28.7052
681.0000	189.0000	-3.8234	-28.8051
682.0000	189.0000	-3.8230	-28.8833
683.0000	189.0000	-3.8230	-28.8926
684.0000	189.0000	-3.8226	-28.9882
685.0000	189.0000	-3.8219	-29.1615
686.0000	189.0000	-3.8209	-29.4023
687.0000	189.0000	-3.8195	-29.7045
688.0000	189.0000	-3.8178	-30.0638
689.0000	189.0000	-3.8164	-30.3807
690.0000	189.0000	-3.8160	-30.5249
691.0000	189.0000	-3.8151	-30.7447
692.0000	189.0000	-3.8139	-31.0426
693.0000	189.0000	-3.8123	-31.4067
694.0000	189.0000	-3.8105	-31.8300
695.0000	189.0000	-3.8090	-32.2127
696.0000	189.0000	-3.8083	-32.4172
697.0000	189.0000	-3.8074	-32.6886
698.0000	189.0000	-3.8060	-33.0357
699.0000	189.0000	-3.8047	-33.3501
700.0000	189.0000	-3.8044	-33.4977
701.0000	189.0000	-3.8036	-33.7237
702.0000	189.0000	-3.8026	-34.0296
703.0000	189.0000	-3.8015	-34.3065
704.0000	189.0000	-3.8012	-34.4232
705.0000	189.0000	-3.8006	-34.6246
706.0000	189.0000	-3.7997	-34.9081
707.0000	189.0000	-3.7988	-35.1635
708.0000	189.0000	-3.7986	-35.2616
709.0000	189.0000	-3.7980	-35.4472
710.0000	189.0000	-3.7976	-35.6165
711.0000	189.0000	-3.7974	-35.6516
712.0000	189.0000	-3.7971	-35.7866
713.0000	189.0000	-3.7964	-36.0071
714.0000	189.0000	-3.7959	-36.2000
715.0000	189.0000	-3.7958	-36.2426
716.0000	189.0000	-3.7954	-36.3803
717.0000	189.0000	-3.7951	-36.5023
718.0000	189.0000	-3.7950	-36.5130
719.0000	189.0000	-3.7947	-36.6228
720.0000	189.0000	-3.7945	-36.7179
721.0000	189.0000	-3.7945	-36.7328
722.0000	189.0000	-3.7872	-36.8530
723.0000	189.0000	-3.7943	-36.9708
724.0000	189.0000	-3.7935	-37.0613
725.0000	189.0000	-3.7951	-37.2613
726.0000	189.0000	-3.8081	-37.3811
727.0000	189.0000	-3.8081	-37.3907
728.0000	189.0000	-3.8079	-37.4786
729.0000	189.0000	-3.8078	-37.5430
730.0000	189.0000	-3.8077	-37.5506
731.0000	189.0000	-3.8076	-37.6391
732.0000	189.0000	-3.8074	-37.7033
733.0000	189.0000	-3.8074	-37.7115
734.0000	189.0000	-3.8072	-37.7994
735.0000	189.0000	-3.8071	-37.8640
736.0000	189.0000	-3.8071	-37.8719
737.0000	189.0000	-3.8069	-37.9599
738.0000	189.0000	-3.8068	-38.0246
739.0000	189.0000	-3.8068	-38.0234
740.0000	189.0000	-3.8068	-38.0269
741.0000	189.0000	-3.8068	-38.0325
742.0000	189.0000	-3.8178	-38.0525
743.0000	189.0000	-3.8281	-38.1298
744.0000	189.0000	-3.8200	-38.2997
745.0000	189.0000	-3.8143	-38.4417
746.0000	189.0000	-3.8137	-38.5496
747.0000	189.0000	-3.8127	-38.7460
748.0000	189.0000	-3.8127	-38.9416
749.0000	189.0000	-3.8126	-39.1084
750.0000	189.0000	-3.8125	-39.3543
751.0000	189.0000	-3.8124	-39.5851
752.0000	189.0000	-3.8124	-39.7813
753.0000	189.0000	-3.8123	-40.0573
754.0000	189.0000	-3.8122	-40.3135
755.0000	189.0000	-3.8122	-40.5263
756.0000	189.0000	-3.8120	-40.8205
757.0000	189.0000	-3.8120	-41.0928
758.0000	189.0000	-3.8120	-41.3165
759.0000	189.0000	-3.8120	-41.6196
760.0000	189.0000	-3.8120	-41.8948
761.0000	189.0000	-3.8121	-42.0799
762.0000	189.0000	-3.8123	-42.2200
763.0000	189.0000	-3.8146	-42.3054
764.0000	189.0000	-3.8148	-42.3525
765.0000	189.0000	-3.8147	-42.3769
766.0000	189.0000	-3.8147	-42.3949
767.0000	189.0000	-3.8146	-42.4719
768.0000	189.0000	-3.8145	-42.5114
769.0000	189.0000	-3.8145	-42.5283
770.0000	189.0000	-3.8144	-42.6025
771.0000	189.0000	-3.8144	-42.6415
772.0000	189.0000	-3.8144	-42.6411
773.0000	189.0000	-3.8144	-42.6419
774.0000	189.0000	-3.8144	-42.6424
775.0000	189.0000	-3.8144	-42.6427
776.0000	189.0000	-3.8144	-42.6429
777.0000	189.0000	-3.8144	-42.6429
778.0000	189.0000	-3.8144	-42.6429
779.0000	189.0000	-3.8144	-42.6430
780.0000	189.0000	-3.8144	-42.6430
781.0000	189.0000	-3.8144	-42.6430
782.0000	189.0000	-3.8144	-42.6429
783.0000	189.0000	-3.8144	-42.6429
784.0000	189.0000	-3.8144	-42.6429
785.0000	189.0000	-3.8144	-42.6429
786.0000	189.0000	-3.8144	-42.6429
787.0000	189.0000	-3.8144	-42.6429
788.0000	189.0000	-3.8144	-42.6429
789.0000	189.0000	-3.8144	-42.6429
790.0000	189.0000	-3.8144	-42.6429
791.0000	189.0000	-3.8144	-42.6429
792.0000	189.0000	-3.8144	-42.6429
793.0000	189.0000	-3.8144	-42.6429
794.0000	189.0000	-3.8144	-42.6429
795.0000	189.0000	-3.8144	-42.6429
796.0000	189.0000	-3.8144	-42.6429
797.0000	189.0000	-3.8144	-42.6429
798.0000	189.0000	-3.8144	-42.6429
799.0000	189.0000	-3.8144	-42.6429
800.0000	189.0000	-3.8144	-42.6429
801.0000	189.0000	-3.8144	-42.6429
802.0000	189.0000	-3.8144	-42.6428
803.0000	189.0000	-3.8144	-42.6454
804.0000	189.0000	-3.8144	-42.6503
805.0000	189.0000	-3.7930	-42.6710
806.0000	189.0000	-3.7815	-42.6802
807.0000	189.0000	-3.7815	-42.6803
808.0000	189.0000	-3.7815	-42.6803
809.0000	189.0000	-3.7815	-42.6803
810.0000	189.0000	-3.7815	-42.6808
811.0000	189.0000	-3.7815	-42.6817
812.0000	189.0000	-3.7815	-42.6820
813.0000	189.0000	-3.7815	-42.6820
814.0000	189.0000	-3.7815	-42.6820
815.0000	189.0000	-3.7815	-42.6853
816.0000	189.0000	-3.7815	-42.6858
817.0000	189.0000	-3.7815	-42.6858
818.0000	189.0000	-3.7815	-42.6858
819.0000	189.0000	-3.7815	-42.6858
820.0000	189.0000	-3.7815	-42.6892
821.0000	189.0000	-3.7815	-42.6897
822.0000	189.0000	-3.7815	-42.6897
823.0000	189.0000	-3.7815	-42.6897
824.0000	189.0000	-3.7815	-42.6897
825.0000	189.0000	-3.7815	-42.6896
826.0000	189.0000	-3.7815	-42.6928
827.0000	189.0000	-3.7814	-42.6991
828.0000	189.0000	-3.7530	-42.7259
829.0000	189.0000	-3.7488	-42.7812
830.0000	189.0000	-3.7477	-42.8713
831.0000	189.0000	-3.7479	-42.9874
832.0000	189.0000	-3.7482	-43.1162
833.0000	189.0000	-3.7477	-43.2527
834.0000	189.0000	-3.7655	-43.3373
835.0000	189.0000	-3.7657	-43.3428
836.0000	189.0000	-3.7657	-43.3427
837.0000	189.0000	-3.7657	-43.3424
838.0000	189.0000	-3.7657	-43.3421
839.0000	189.0000	-3.7657	-43.3417
840.0000	189.0000	-3.7657	-43.3416
841.0000	189.0000	-3.7657	-43.3415
842.0000	189.0000	-3.7657	-43.3415
843.0000	189.0000	-3.7657	-43.3414
844.0000	189.0000	-3.7657	-43.3414
845.0000	189.0000	-3.7657	-43.3414
846.0000	189.0000	-3.7657	-43.3414
847.0000	189.0000	-3.7657	-43.3414
848.0000	189.0000	-3.7657	-43.3414
849.0000	189.0000	-3.7657	-43.3414
850.0000	189.0000	-3.7657	-43.3414
851.0000	189.0000	-3.7657	-43.3414
852.0000	189.0000	-3.7657	-43.3414
853.0000	189.0000	-3.7657	-43.3414
854.0000	189.0000	-3.7657	-43.3414
855.0000	189.0000	-3.7657	-43.3414
856.0000	189.0000	-3.7657	-43.3414
857.0000	189.0000	-3.7657	-43.3414
858.0000	189.0000	-3.7657	-43.3414
859.0000	189.0000	-3.7657	-43.3414
860.0000	189.0000	-3.7657	-43.3414
861.0000	189.0000	-3.7657	-43.3414
862.0000	189.0000	-3.7657	-43.3414
863.0000	189.0000	-3.7657	-43.3414
864.0000	189.0000	-3.7657	-43.3414
865.0000	189.0000	-3.7657	-43.3414
866.0000	189.0000	-3.7657	-43.3414
867.0000	189.0000	-3.7657	-43.3414
868.0000	189.0000	-3.7657	-43.3414
869.0000	189.0000	-3.7657	-43.3414
870.0000	189.0000	-3.7657	-43.3414
871.0000	189.0000	-3.7657	-43.3414
872.0000	189.0000	-3.7657	-43.3414
873.0000	189.0000	-3.7657	-43.3414
874.0000	189.0000	-3.7657	-43.3414
875.0000	189.0000	-3.7657	-43.3414
876.0000	189.0000	-3.7657	-43.3414
877.0000	189.0000	-3.7657	-43.3414
878.0000	189.0000	-3.7657	-43.3414
879.0000	189.0000	-3.7657	-43.3414
880.0000	189.0000	-3.7657	-43.3414
881.0000	189.0000	-3.7657	-43.3414
882.0000	189.0000	-3.7657	-43.3413
883.0000	189.0000	-3.7657	-43.3438
884.0000	189.0000	-3.7657	-43.3487
885.0000	189.0000	-3.7597	-43.3679
886.0000	189.0000	-3.7648	-43.3728
887.0000	189.0000	-3.7648	-43.3729
888.0000	189.0000	-3.7648	-43.3729
889.0000	189.0000	-3.7648	-43.3728
890.0000	189.0000	-3.7648	-43.3728
891.0000	189.0000	-3.7648	-43.3728
892.0000	189.0000	-3.7648	-43.3728
893.0000	189.0000	-3.7648	-43.3728
894.0000	189.0000	-3.7648	-43.3728
895.0000	189.0000	-3.7648	-43.3728
896.0000	189.0000	-3.7648	-43.3728
897.0000	189.0000	-3.7648	-43.3728
898.0000	189.0000	-3.7648	-43.3728
899.0000	189.0000	-3.7648	-43.3728
900.0000	189.0000	-3.7648	-43.3728
901.0000	189.0000	-3.7648	-43.3728
902.0000	189.0000	-3.7648	-43.3728
903.0000	189.0000	-3.7648	-43.3728
904.0000	189.0000	-3.7648	-43.3728
905.0000	189.0000	-3.7648	-43.3728
906.0000	189.0000	-3.7648	-43.3728
907.0000	189.0000	-3.7648	-43.3727
908.0000	189.0000	-3.7648	-43.3752
909.0000	189.0000	-3.7648	-43.3756
910.0000	189.0000	-3.7648	-43.3756
911.0000	189.0000	-3.7648	-43.3756
912.0000	189.0000	-3.7648	-43.3756
913.0000	189.0000	-3.7648	-43.3756
914.0000	189.0000	-3.7648	-43.3756
915.0000	189.0000	-3.7648	-43.3756
916.0000	189.0000	-3.7648	-43.3756
917.0000	189.0000	-3.7648	-43.3756
918.0000	189.0000	-3.7648	-43.3756
919.0000	189.0000	-3.7648	-43.3756
920.0000	189.0000	-3.7648	-43.3756
921.0000	189.0000	-3.7648	-43.3756
922.0000	189.0000	-3.7648	-43.3756
923.0000	189.0000	-3.7648	-43.3756
924.0000	189.0000	-3.7648	-43.3755
925.0000	189.0000	-3.7648	-43.3780
926.0000	189.0000	-3.7648	-43.3829
927.0000	189.0000	-3.7585	-43.4018
928.0000	189.0000	-3.7665	-43.4445
929.0000	189.0000	-3.7669	-43.5291
930.0000	189.0000	-3.7672	-43.6512
931.0000	189.0000	-3.7677	-43.8017
932.0000	189.0000	-3.7683	-43.9769
933.0000	189.0000	-3.7691	-44.1751
934.0000	189.0000	-3.7701	-44.3956
935.0000	189.0000	-3.7714	-44.6377
936.0000	189.0000	-3.7728	-44.9010
937.0000	189.0000	-3.7744	-45.1850
938.0000	189.0000	-3.7761	-45.4895
939.0000	189.0000	-3.7781	-45.8140
940.0000	189.0000	-3.7802	-46.1535
941.0000	189.0000	-3.7827	-46.4876
942.0000	189.0000	-3.7854	-46.8189
943.0000	189.0000	-3.7884	-47.1525
944.0000	189.0000	-3.7916	-47.4713
945.0000	189.0000	-3.7954	-47.7692
946.0000	189.0000	-3.7991	-48.0543
947.0000	189.0000	-3.8031	-48.3329
948.0000	189.0000	-3.8073	-48.6037
949.0000	189.0000	-3.8122	-48.8660
950.0000	189.0000	-3.8165	-49.1298
951.0000	189.0000	-3.8210	-49.3998
952.0000	189.0000	-3.8260	-49.6593
953.0000	189.0000	-3.8311	-49.9082
954.0000	189.0000	-3.8373	-50.1563
955.0000	189.0000	-3.8418	-50.4153
956.0000	189.0000	-3.8469	-50.6849
957.0000	189.0000	-3.8521	-50.9457
958.0000	189.0000	-3.8578	-51.1936
959.0000	189.0000	-3.8647	-51.4362
960.0000	189.0000	-3.8702	-51.6820
961.0000	189.0000	-3.8765	-51.9386
962.0000	189.0000	-3.8819	-52.1772
963.0000	189.0000	-3.8880	-52.4128
964.0000	189.0000	-3.8944	-52.6501
965.0000	189.0000	-3.8998	-52.8863
966.0000	189.0000	-3.9060	-53.1199
967.0000	189.0000	-3.9125	-53.3528
968.0000	189.0000	-3.9179	-53.5861
969.0000	189.0000	-3.9241	-53.8186
970.0000	189.0000	-3.9305	-54.0502
971.0000	189.0000	-3.9358	-54.2818
972.0000	189.0000	-3.9420	-54.5132
973.0000	189.0000	-3.9483	-54.7442
974.0000	189.0000	-3.9535	-54.9750
975.0000	189.0000	-3.9595	-55.2057
976.0000	189.0000	-3.9657	-55.4362
977.0000	189.0000	-3.9707	-55.6667
978.0000	189.0000	-3.9766	-55.8971
979.0000	189.0000	-3.9826	-56.1272
980.0000	189.0000	-3.9874	-56.3575
981.0000	189.0000	-3.9931	-56.5878
982.0000	189.0000	-3.9988	-56.8179
983.0000	189.0000	-4.0047	-57.0480
984.0000	189.0000	-4.0092	-57.2728
985.0000	189.0000	-4.0138	-57.4684
986.0000	189.0000	-4.0171	-57.6167
987.0000	189.0000	-4.0163	-57.7129
988.0000	189.0000	-4.0166	-57.7297
989.0000	189.0000	-4.0166	-57.7298
990.0000	189.0000	-4.0166	-57.7297
991.0000	189.0000	-4.0166	-57.7293
992.0000	189.0000	-4.0166	-57.7291
993.0000	189.0000	-4.0166	-57.7287
994.0000	189.0000	-4.0166	-57.7285
995.0000	189.0000	-4.0166	-57.7285
996.0000	189.0000	-4.0166	-57.7284
997.0000	189.0000	-4.0166	-57.7284
998.0000	189.0000	-4.0166	-57.7284
999.0000	189.0000	-4.0166	-57.7284
