0.0000	78.0000	49.6524	-34.7573
1.0000	78.0000	49.6610	-34.7940
2.0000	78.0000	49.6641	-34.8715
3.0000	78.0000	49.6718	-34.9592
4.0000	78.0000	49.6734	-34.9773
5.0000	78.0000	49.6734	-34.9772
6.0000	78.0000	49.6719	-34.9902
7.0000	78.0000	49.6829	-35.0038
8.0000	78.0000	49.6904	-35.0484
9.0000	78.0000	49.7066	-35.0827
10.0000	78.0000	49.7067	-35.0968
11.0000	78.0000	49.6980	-35.1742
12.0000	78.0000	49.6829	-35.3227
13.0000	78.0000	49.6843	-35.5266
14.0000	78.0000	49.6892	-35.8086
15.0000	78.0000	49.6950	-36.1737
16.0000	78.0000	49.7017	-36.6181
17.0000	78.0000	49.7099	-37.1389
18.0000	78.0000	49.7167	-37.6376
19.0000	78.0000	49.7188	-37.9884
20.0000	78.0000	49.7233	-38.4425
21.0000	78.0000	49.7289	-38.9990
22.0000	78.0000	49.7368	-39.6370
23.0000	78.0000	49.7457	-40.3229
24.0000	78.0000	49.7535	-40.9735
25.0000	78.0000	49.7567	-41.4651
26.0000	78.0000	49.7620	-42.0483
27.0000	78.0000	49.7690	-42.7223
28.0000	78.0000	49.7773	-43.4306
29.0000	78.0000	49.7866	-44.1441
30.0000	78.0000	49.7950	-44.8087
31.0000	78.0000	49.7978	-45.2142
32.0000	78.0000	49.7978	-45.5019
33.0000	78.0000	49.7977	-45.8150
34.0000	78.0000	49.7976	-46.1493
35.0000	78.0000	49.7975	-46.4967
36.0000	78.0000	49.7973	-46.8236
37.0000	78.0000	49.7971	-47.1266
38.0000	78.0000	49.7972	-47.4257
39.0000	78.0000	49.7983	-47.7172
40.0000	78.0000	49.8083	-47.9869
41.0000	78.0000	49.8442	-48.2232
42.0000	78.0000	49.9059	-48.4272
43.0000	78.0000	50.0910	-48.4881
44.0000	78.0000	50.4353	-48.3643
45.0000	78.0000	50.8746	-48.1249
46.0000	78.0000	51.5539	-47.5940
47.0000	78.0000	52.4489	-46.7761
48.0000	78.0000	53.1503	-46.1609
49.0000	78.0000	54.1930	-45.0751
50.0000	78.0000	55.5980	-43.4126
51.0000	78.0000	56.7291	-42.0259
52.0000	78.0000	58.0996	-40.1796
53.0000	78.0000	59.4509	-38.2331
54.0000	78.0000	60.7586	-36.2432
55.0000	78.0000	62.2486	-33.7496
56.0000	78.0000	63.7415	-31.0024
57.0000	78.0000	64.9199	-28.7762
58.0000	78.0000	66.1824	-26.1207
59.0000	78.0000	67.5760	-22.6399
60.0000	78.0000	68.5893	-20.0484
61.0000	78.0000	69.5318	-17.4388
62.0000	78.0000	70.5599	-13.6866
63.0000	78.0000	71.3382	-10.6074
64.0000	78.0000	72.0094	-7.5350
65.0000	78.0000	72.5028	-4.3033
66.0000	78.0000	72.6828	-0.6878
67.0000	78.0000	72.7408	2.5342
68.0000	78.0000	72.7061	5.1338
69.0000	78.0000	72.3161	8.5039
70.0000	78.0000	71.7994	11.9192
71.0000	78.0000	71.6067	13.6174
72.0000	78.0000	71.3799	15.2282
73.0000	78.0000	70.6683	17.9103
74.0000	78.0000	70.2834	19.4697
75.0000	78.0000	69.8499	21.0234
76.0000	78.0000	69.3283	22.3877
77.0000	78.0000	68.9299	23.5565
78.0000	78.0000	68.4431	24.8384
79.0000	78.0000	67.9524	25.8209
80.0000	78.0000	67.5021	26.8636
81.0000	78.0000	67.0431	27.8280
82.0000	78.0000	66.4782	28.7954
83.0000	78.0000	66.0636	29.6009
84.0000	78.0000	65.6431	30.3450
85.0000	78.0000	65.1116	31.1377
86.0000	78.0000	64.7397	31.7478
87.0000	78.0000	64.4652	32.2992
88.0000	78.0000	64.2263	32.8847
89.0000	78.0000	64.1403	33.2872
90.0000	78.0000	64.0168	33.6821
91.0000	78.0000	63.6863	34.1537
92.0000	78.0000	63.5511	34.4228
93.0000	78.0000	63.3951	34.6901
94.0000	78.0000	63.1268	34.9130
95.0000	78.0000	62.9437	35.1527
96.0000	78.0000	62.7692	35.3514
97.0000	78.0000	62.5565	35.4644
98.0000	78.0000	62.4153	35.6128
99.0000	78.0000	62.4161	35.6678
100.0000	78.0000	62.4637	35.7581
101.0000	78.0000	62.4905	35.8243
102.0000	78.0000	62.4051	35.8153
103.0000	78.0000	62.3850	35.8431
104.0000	78.0000	62.3967	35.7950
105.0000	78.0000	62.2650	35.7784
106.0000	78.0000	62.2726	35.7000
107.0000	78.0000	62.2190	35.6939
108.0000	78.0000	62.1422	35.5868
109.0000	78.0000	62.1659	35.4723
110.0000	78.0000	62.1306	35.4184
111.0000	78.0000	62.0743	35.2781
112.0000	78.0000	62.0348	35.1277
113.0000	78.0000	61.9848	34.9732
114.0000	78.0000	61.9251	34.8803
115.0000	78.0000	61.9007	34.8029
116.0000	78.0000	61.8932	34.7986
117.0000	78.0000	61.8933	34.7989
118.0000	78.0000	61.8934	34.7990
119.0000	78.0000	61.8934	34.7990
120.0000	78.0000	61.8934	34.7990
121.0000	78.0000	61.8934	34.7990
122.0000	78.0000	61.8935	34.7990
123.0000	78.0000	61.8934	34.7990
124.0000	78.0000	61.8935	34.7990
125.0000	78.0000	61.8935	34.7990
126.0000	78.0000	61.8935	34.7990
127.0000	78.0000	61.8934	34.7990
128.0000	78.0000	61.8934	34.7990
129.0000	78.0000	61.8934	34.7990
130.0000	78.0000	61.8934	34.7990
131.0000	78.0000	61.9063	34.7993
132.0000	78.0000	61.9494	34.8008
133.0000	78.0000	62.0314	34.8036
134.0000	78.0000	62.0727	34.8049
135.0000	78.0000	62.0724	34.8049
136.0000	78.0000	62.0733	34.8049
137.0000	78.0000	62.0739	34.8048
138.0000	78.0000	62.0742	34.8048
139.0000	78.0000	62.0744	34.8048
140.0000	78.0000	62.0744	34.8047
141.0000	78.0000	62.0745	34.8047
142.0000	78.0000	62.0745	34.8046
143.0000	78.0000	62.0745	34.8046
144.0000	78.0000	62.0745	34.8046
145.0000	78.0000	62.0745	34.8046
146.0000	78.0000	62.0897	34.8049
147.0000	78.0000	62.1363	34.8064
148.0000	78.0000	62.1537	34.8071
149.0000	78.0000	62.1536	34.8071
150.0000	78.0000	62.1542	34.8070
151.0000	78.0000	62.1545	34.8070
152.0000	78.0000	62.1547	34.8070
153.0000	78.0000	62.1547	34.8069
154.0000	78.0000	62.1548	34.8069
155.0000	78.0000	62.1548	34.8068
156.0000	78.0000	62.1548	34.8068
157.0000	78.0000	62.1548	34.8067
158.0000	78.0000	62.1548	34.8067
159.0000	78.0000	62.1548	34.8067
160.0000	78.0000	62.1548	34.8067
161.0000	78.0000	62.1548	34.8067
162.0000	78.0000	62.1548	34.8067
163.0000	78.0000	62.1548	34.8067
164.0000	78.0000	62.1548	34.8067
165.0000	78.0000	62.1548	34.8067
166.0000	78.0000	62.1547	34.8067
167.0000	78.0000	62.1667	34.8069
168.0000	78.0000	62.2076	34.8084
169.0000	78.0000	62.2894	34.8111
170.0000	78.0000	62.4192	34.8154
171.0000	78.0000	62.5997	34.8208
172.0000	78.0000	62.7279	34.8250
173.0000	78.0000	62.7356	34.8257
174.0000	78.0000	62.8305	34.8303
175.0000	78.0000	63.0015	34.8364
176.0000	78.0000	63.2385	34.8439
177.0000	78.0000	63.5362	34.8537
178.0000	78.0000	63.7927	34.8623
179.0000	78.0000	63.8837	34.8653
180.0000	78.0000	64.0583	34.8709
181.0000	78.0000	64.2135	34.8762
182.0000	78.0000	64.2284	34.8767
183.0000	78.0000	64.3435	34.8810
184.0000	78.0000	64.4439	34.8845
185.0000	78.0000	64.4537	34.8849
186.0000	78.0000	64.5591	34.8885
187.0000	78.0000	64.6457	34.8914
188.0000	78.0000	64.6555	34.8918
189.0000	78.0000	64.7554	34.8951
190.0000	78.0000	64.8332	34.8977
191.0000	78.0000	64.8422	34.8980
192.0000	78.0000	64.9369	34.9012
193.0000	78.0000	65.0072	34.9036
194.0000	78.0000	65.0156	34.9038
195.0000	78.0000	65.1060	34.9069
196.0000	78.0000	65.1726	34.9091
197.0000	78.0000	65.1812	34.9094
198.0000	78.0000	65.2702	34.9124
199.0000	78.0000	65.3360	34.9146
200.0000	78.0000	65.3441	34.9148
201.0000	78.0000	65.4329	34.9178
202.0000	78.0000	65.4974	34.9200
203.0000	78.0000	65.5057	34.9203
204.0000	78.0000	65.5940	34.9233
205.0000	78.0000	65.6577	34.9254
206.0000	78.0000	65.6664	34.9257
207.0000	78.0000	65.7543	34.9287
208.0000	78.0000	65.8181	34.9309
209.0000	78.0000	65.8258	34.9311
210.0000	78.0000	65.9127	34.9341
211.0000	78.0000	65.9754	34.9362
212.0000	78.0000	65.9836	34.9364
213.0000	78.0000	66.0707	34.9394
214.0000	78.0000	66.1341	34.9416
215.0000	78.0000	66.1419	34.9418
216.0000	78.0000	66.2295	34.9449
217.0000	78.0000	66.2936	34.9470
218.0000	78.0000	66.3014	34.9473
219.0000	78.0000	66.3892	34.9503
220.0000	78.0000	66.4535	34.9525
221.0000	78.0000	66.4613	34.9528
222.0000	78.0000	66.5492	34.9558
223.0000	78.0000	66.6137	34.9580
224.0000	78.0000	66.6216	34.9582
225.0000	78.0000	66.7096	34.9612
226.0000	78.0000	66.7741	34.9634
227.0000	78.0000	66.7820	34.9637
228.0000	78.0000	66.8700	34.9667
229.0000	78.0000	66.9345	34.9689
230.0000	78.0000	66.9424	34.9691
231.0000	78.0000	67.0305	34.9721
232.0000	78.0000	67.0950	34.9743
233.0000	78.0000	67.1029	34.9746
234.0000	78.0000	67.1909	34.9776
235.0000	78.0000	67.2554	34.9798
236.0000	78.0000	67.2633	34.9800
237.0000	78.0000	67.3513	34.9831
238.0000	78.0000	67.4158	34.9853
239.0000	78.0000	67.4237	34.9855
240.0000	78.0000	67.5117	34.9886
241.0000	78.0000	67.5763	34.9908
242.0000	78.0000	67.5842	34.9910
243.0000	78.0000	67.6722	34.9940
244.0000	78.0000	67.7367	34.9962
245.0000	78.0000	67.7447	34.9965
246.0000	78.0000	67.8327	34.9995
247.0000	78.0000	67.8972	35.0017
248.0000	78.0000	67.9052	35.0020
249.0000	78.0000	67.9932	35.0050
250.0000	78.0000	68.0577	35.0072
251.0000	78.0000	68.0657	35.0074
252.0000	78.0000	68.1543	35.0091
253.0000	78.0000	68.2201	35.0106
254.0000	78.0000	68.2281	35.0114
255.0000	78.0000	68.3181	35.0146
256.0000	78.0000	68.3837	35.0164
257.0000	78.0000	68.3917	35.0167
258.0000	78.0000	68.4823	35.0192
259.0000	78.0000	68.5485	35.0214
260.0000	78.0000	68.5471	35.0217
261.0000	78.0000	68.5482	35.0217
262.0000	78.0000	68.5489	35.0217
263.0000	78.0000	68.5493	35.0217
264.0000	78.0000	68.5495	35.0216
265.0000	78.0000	68.5496	35.0216
266.0000	78.0000	68.5496	35.0215
267.0000	78.0000	68.5496	35.0214
268.0000	78.0000	68.5497	35.0213
269.0000	78.0000	68.5496	35.0213
270.0000	78.0000	68.5496	35.0213
271.0000	78.0000	68.5496	35.0213
272.0000	78.0000	68.5496	35.0213
273.0000	78.0000	68.5496	35.0213
274.0000	78.0000	68.5496	35.0213
275.0000	78.0000	68.5496	35.0213
276.0000	78.0000	68.5496	35.0213
277.0000	78.0000	68.5496	35.0213
278.0000	78.0000	68.5496	35.0213
279.0000	78.0000	68.5496	35.0213
280.0000	78.0000	68.5496	35.0213
281.0000	78.0000	68.5496	35.0213
282.0000	78.0000	68.5496	35.0213
283.0000	78.0000	68.5496	35.0213
284.0000	78.0000	68.5496	35.0213
285.0000	78.0000	68.5496	35.0213
286.0000	78.0000	68.5496	35.0213
287.0000	78.0000	68.5496	35.0213
288.0000	78.0000	68.5496	35.0213
289.0000	78.0000	68.5496	35.0213
290.0000	78.0000	68.5496	35.0213
291.0000	78.0000	68.5496	35.0213
292.0000	78.0000	68.5496	35.0213
293.0000	78.0000	68.5496	35.0213
294.0000	78.0000	68.5496	35.0213
295.0000	78.0000	68.5496	35.0213
296.0000	78.0000	68.5496	35.0213
297.0000	78.0000	68.5496	35.0213
298.0000	78.0000	68.5496	35.0213
299.0000	78.0000	68.5496	35.0213
300.0000	78.0000	68.5496	35.0213
301.0000	78.0000	68.5496	35.0213
302.0000	78.0000	68.5496	35.0213
303.0000	78.0000	68.5629	35.0215
304.0000	78.0000	68.6072	35.0229
305.0000	78.0000	68.6909	35.0257
306.0000	78.0000	68.7767	35.0285
307.0000	78.0000	68.8723	35.0325
308.0000	78.0000	69.0060	35.0375
309.0000	78.0000	69.1577	35.0436
310.0000	78.0000	69.3145	35.0498
311.0000	78.0000	69.4837	35.0567
312.0000	78.0000	69.6790	35.0633
313.0000	78.0000	69.9069	35.0708
314.0000	78.0000	70.1298	35.0782
315.0000	78.0000	70.3466	35.0862
316.0000	78.0000	70.4804	35.0916
317.0000	78.0000	70.4878	35.0919
318.0000	78.0000	70.5628	35.0946
319.0000	78.0000	70.6124	35.0964
320.0000	78.0000	70.6205	35.0968
321.0000	78.0000	70.6977	35.0997
322.0000	78.0000	70.7505	35.1015
323.0000	78.0000	70.7584	35.1019
324.0000	78.0000	70.8397	35.1051
325.0000	78.0000	70.8964	35.1073
326.0000	78.0000	70.8954	35.1072
327.0000	78.0000	70.8964	35.1073
328.0000	78.0000	70.8970	35.1074
329.0000	78.0000	70.8974	35.1074
330.0000	78.0000	70.8975	35.1074
331.0000	78.0000	70.8976	35.1074
332.0000	78.0000	70.8977	35.1074
333.0000	78.0000	70.8977	35.1074
334.0000	78.0000	70.8977	35.1074
335.0000	78.0000	70.8977	35.1074
336.0000	78.0000	70.8977	35.1074
337.0000	78.0000	70.8977	35.1074
338.0000	78.0000	70.8977	35.1074
339.0000	78.0000	70.8977	35.1074
340.0000	78.0000	70.8977	35.1074
341.0000	78.0000	70.8977	35.1074
342.0000	78.0000	70.8977	35.1074
343.0000	78.0000	70.8977	35.1074
344.0000	78.0000	70.8977	35.1074
345.0000	78.0000	70.8977	35.1074
346.0000	78.0000	70.8977	35.1074
347.0000	78.0000	70.8977	35.1074
348.0000	78.0000	70.8977	35.1074
349.0000	78.0000	70.8977	35.1074
350.0000	78.0000	70.8977	35.1074
351.0000	78.0000	70.8977	35.1074
352.0000	78.0000	70.8977	35.1074
353.0000	78.0000	70.8977	35.1074
354.0000	78.0000	70.8977	35.1074
355.0000	78.0000	70.8977	35.1074
356.0000	78.0000	70.8977	35.1074
357.0000	78.0000	70.8977	35.1074
358.0000	78.0000	70.8977	35.1074
359.0000	78.0000	70.8977	35.1074
360.0000	78.0000	70.8977	35.1074
361.0000	78.0000	70.8977	35.1074
362.0000	78.0000	70.8977	35.1074
363.0000	78.0000	70.8977	35.1074
364.0000	78.0000	70.8977	35.1074
365.0000	78.0000	70.8977	35.1074
366.0000	78.0000	70.8977	35.1074
367.0000	78.0000	70.8977	35.1074
368.0000	78.0000	70.8977	35.1074
369.0000	78.0000	70.8977	35.1074
370.0000	78.0000	70.8977	35.1074
371.0000	78.0000	70.8977	35.1074
372.0000	78.0000	70.8977	35.1074
373.0000	78.0000	70.8977	35.1074
374.0000	78.0000	70.8977	35.1074
375.0000	78.0000	70.8977	35.1074
376.0000	78.0000	70.8977	35.1074
377.0000	78.0000	70.8977	35.1074
378.0000	78.0000	70.8977	35.1074
379.0000	78.0000	70.8977	35.1074
380.0000	78.0000	70.8976	35.1074
381.0000	78.0000	70.9090	35.1078
382.0000	78.0000	70.9496	35.1093
383.0000	78.0000	70.9651	35.1097
384.0000	78.0000	70.9650	35.1098
385.0000	78.0000	70.9653	35.1098
386.0000	78.0000	70.9656	35.1098
387.0000	78.0000	70.9658	35.1098
388.0000	78.0000	70.9658	35.1098
389.0000	78.0000	70.9883	35.1107
390.0000	78.0000	71.0489	35.1128
391.0000	78.0000	71.1571	35.1166
392.0000	78.0000	71.3163	35.1221
393.0000	78.0000	71.5271	35.1293
394.0000	78.0000	71.7895	35.1383
546.0000	43.0000	50.0557	61.6603
547.0000	43.0000	49.3519	60.7447
548.0000	43.0000	49.1886	59.4760
549.0000	43.0000	49.1252	58.1953
550.0000	43.0000	49.1275	56.8720
551.0000	43.0000	49.1308	55.5199
552.0000	43.0000	49.1350	54.1407
553.0000	43.0000	49.1394	52.8143
554.0000	43.0000	49.1434	51.7410
555.0000	43.0000	49.1496	50.6973
556.0000	43.0000	49.1563	49.6278
557.0000	43.0000	49.1631	48.5315
558.0000	43.0000	49.1709	47.4051
559.0000	43.0000	49.1795	46.2468
560.0000	43.0000	49.1889	45.0553
561.0000	43.0000	49.1940	43.8312
562.0000	43.0000	49.1663	42.5940
563.0000	43.0000	49.1133	41.4110
564.0000	43.0000	49.0437	40.4963
565.0000	43.0000	48.9369	39.8901
566.0000	43.0000	48.8306	39.5494
567.0000	43.0000	48.7554	39.2978
568.0000	43.0000	48.6577	39.0293
569.0000	43.0000	48.5226	38.7921
570.0000	43.0000	48.4323	38.4510
571.0000	43.0000	48.3407	38.0268
572.0000	43.0000	48.3715	37.3723
573.0000	43.0000	48.4084	36.6302
574.0000	43.0000	48.4249	35.8287
575.0000	43.0000	48.4510	35.0256
576.0000	43.0000	48.4694	34.4156
577.0000	43.0000	48.4894	33.7496
577.0000	78.0000	-5.8994	79.6231
578.0000	43.0000	48.5099	32.9944
578.0000	78.0000	-5.8841	79.0272
579.0000	43.0000	48.5262	32.2638
579.0000	78.0000	-5.8791	78.4108
580.0000	43.0000	48.5334	31.7223
580.0000	78.0000	-5.8795	77.7199
581.0000	43.0000	48.5397	31.1123
581.0000	78.0000	-5.8816	77.0233
582.0000	43.0000	48.5504	30.4113
582.0000	78.0000	-5.8769	76.4517
583.0000	43.0000	48.5638	29.7268
583.0000	78.0000	-5.8668	75.7639
584.0000	43.0000	48.5763	29.1461
584.0000	78.0000	-5.8405	75.0700
585.0000	43.0000	48.5962	28.5037
585.0000	78.0000	-5.7967	74.4823
586.0000	43.0000	48.6212	27.8341
586.0000	78.0000	-5.7447	73.7733
587.0000	43.0000	48.6503	27.1441
587.0000	78.0000	-5.6800	73.0661
588.0000	43.0000	48.6803	26.4787
588.0000	78.0000	-5.6075	72.4751
589.0000	43.0000	48.7089	25.8725
589.0000	78.0000	-5.5434	71.8462
590.0000	43.0000	48.7381	25.2916
590.0000	78.0000	-5.4808	71.1845
591.0000	43.0000	48.7710	24.6727
591.0000	78.0000	-5.4204	70.4848
592.0000	43.0000	48.8067	24.0186
592.0000	78.0000	-5.3539	69.7546
593.0000	43.0000	48.8452	23.3217
593.0000	78.0000	-5.2907	68.9927
594.0000	43.0000	48.8858	22.5783
594.0000	78.0000	-5.2268	68.1997
595.0000	43.0000	48.9279	21.7879
595.0000	78.0000	-5.1636	67.3760
596.0000	43.0000	48.9712	20.9466
596.0000	78.0000	-5.0975	66.6120
597.0000	43.0000	49.0149	20.0541
597.0000	78.0000	-5.0259	66.0479
598.0000	43.0000	49.0588	19.1103
598.0000	78.0000	-4.9566	65.4374
599.0000	43.0000	49.1025	18.1148
599.0000	78.0000	-4.8852	64.7634
600.0000	43.0000	49.1456	17.0682
600.0000	78.0000	-4.8142	64.1304
601.0000	43.0000	49.1875	15.9716
601.0000	78.0000	-4.7395	63.6735
602.0000	43.0000	49.2279	14.8262
602.0000	78.0000	-4.6650	63.1484
603.0000	43.0000	49.2663	13.6334
603.0000	78.0000	-4.5932	62.5492
604.0000	43.0000	49.3024	12.3946
604.0000	78.0000	-4.5212	61.9835
605.0000	43.0000	49.3332	11.1202
605.0000	78.0000	-4.4563	61.5832
606.0000	43.0000	49.3629	9.7973
606.0000	78.0000	-4.3861	61.1051
607.0000	43.0000	49.3896	8.4333
607.0000	78.0000	-4.3183	60.5483
608.0000	43.0000	49.4108	7.0395
608.0000	78.0000	-4.2640	60.0211
609.0000	43.0000	49.4301	5.6018
609.0000	78.0000	-4.1965	59.6554
610.0000	43.0000	49.4443	4.1373
610.0000	78.0000	-4.1441	59.2053
611.0000	43.0000	49.4559	2.6323
611.0000	78.0000	-4.0841	58.7734
612.0000	43.0000	49.4629	1.1036
612.0000	78.0000	-4.0333	58.4866
613.0000	43.0000	49.4668	-0.4624
613.0000	78.0000	-3.9767	58.1023
614.0000	43.0000	49.4665	-2.0487
614.0000	78.0000	-3.9324	57.7318
615.0000	43.0000	49.4629	-3.6669
615.0000	78.0000	-3.8797	57.4761
616.0000	43.0000	49.4557	-5.2995
616.0000	78.0000	-3.8388	57.1195
617.0000	43.0000	49.4448	-6.9572
617.0000	78.0000	-3.7937	56.7044
618.0000	43.0000	49.4310	-8.6232
618.0000	78.0000	-3.7587	56.3706
619.0000	43.0000	49.4145	-10.2325
619.0000	78.0000	-3.7158	56.1173
620.0000	43.0000	49.3982	-11.5793
620.0000	78.0000	-3.6756	55.7962
621.0000	43.0000	49.3800	-12.8347
621.0000	78.0000	-3.6538	55.4492
622.0000	43.0000	49.3613	-14.0325
622.0000	78.0000	-3.6408	55.1159
623.0000	43.0000	49.3433	-15.1585
623.0000	78.0000	-3.6393	54.8292
624.0000	43.0000	49.3263	-16.1912
624.0000	78.0000	-3.6451	54.5420
625.0000	43.0000	49.3169	-16.9753
625.0000	78.0000	-3.6685	54.2105
626.0000	43.0000	49.2985	-17.7883
626.0000	78.0000	-3.6692	53.9267
627.0000	43.0000	49.2732	-18.6032
627.0000	78.0000	-3.6335	53.7188
628.0000	43.0000	49.2592	-19.1708
628.0000	78.0000	-3.6242	53.4299
629.0000	43.0000	49.2340	-19.7090
629.0000	78.0000	-3.6074	53.2006
630.0000	43.0000	49.2229	-20.1624
630.0000	78.0000	-3.5927	53.0522
631.0000	43.0000	49.2163	-20.3874
631.0000	78.0000	-3.5659	52.8180
632.0000	43.0000	49.2098	-20.5962
632.0000	78.0000	-3.5459	52.5869
633.0000	43.0000	49.1989	-20.8710
633.0000	78.0000	-3.5234	52.3705
634.0000	43.0000	49.1831	-21.2739
634.0000	78.0000	-3.5052	52.0598
635.0000	43.0000	49.1716	-21.6946
635.0000	78.0000	-3.4811	51.6563
636.0000	43.0000	49.1663	-22.0007
636.0000	78.0000	-3.4680	51.1658
637.0000	43.0000	49.1557	-22.4166
637.0000	78.0000	-3.4604	50.5929
638.0000	43.0000	49.1405	-22.9332
638.0000	78.0000	-3.4551	50.0506
639.0000	43.0000	49.1235	-23.4993
639.0000	78.0000	-3.4451	49.7047
640.0000	43.0000	49.1045	-24.0861
640.0000	78.0000	-3.4248	49.3388
641.0000	43.0000	49.0796	-24.6764
641.0000	78.0000	-3.4133	48.9509
642.0000	43.0000	49.0504	-25.3314
642.0000	78.0000	-3.4007	48.5988
643.0000	43.0000	49.0216	-26.0638
643.0000	78.0000	-3.3914	48.3813
644.0000	43.0000	48.9912	-26.8760
644.0000	78.0000	-3.3848	48.0470
645.0000	43.0000	48.9566	-27.7719
645.0000	78.0000	-3.3756	47.6041
646.0000	43.0000	48.9188	-28.7463
646.0000	78.0000	-3.3653	47.1655
647.0000	43.0000	48.8779	-29.7960
647.0000	78.0000	-3.3539	46.8535
648.0000	43.0000	48.8390	-30.9087
648.0000	78.0000	-3.3505	46.4217
649.0000	43.0000	48.7997	-32.0783
649.0000	78.0000	-3.3503	45.9909
650.0000	43.0000	48.7556	-33.2814
650.0000	78.0000	-3.3461	45.6849
651.0000	43.0000	48.6908	-34.5182
651.0000	78.0000	-3.3399	45.2855
652.0000	43.0000	48.5581	-35.7427
652.0000	78.0000	-3.3335	44.9441
653.0000	43.0000	48.3056	-36.8983
653.0000	78.0000	-3.3278	44.7555
654.0000	43.0000	47.9170	-37.9367
654.0000	78.0000	-3.3248	44.5494
655.0000	43.0000	47.4043	-38.8490
655.0000	78.0000	-3.3220	44.4499
656.0000	43.0000	46.7847	-39.7060
656.0000	78.0000	-3.3222	44.4410
657.0000	43.0000	46.0564	-40.5085
657.0000	78.0000	-3.3219	44.3436
658.0000	43.0000	45.2299	-41.2533
658.0000	78.0000	-3.3219	44.1677
659.0000	43.0000	44.3094	-41.9128
659.0000	78.0000	-3.3219	43.9251
660.0000	43.0000	43.3826	-42.4727
660.0000	78.0000	-3.3220	43.6266
661.0000	43.0000	42.6936	-42.9050
661.0000	78.0000	-3.3231	43.2784
662.0000	43.0000	42.2329	-43.2108
662.0000	78.0000	-3.3234	42.8845
663.0000	43.0000	41.7600	-43.4697
663.0000	78.0000	-3.3238	42.4489
664.0000	43.0000	41.2102	-43.6780
664.0000	78.0000	-3.3244	41.9764
665.0000	43.0000	40.5930	-43.8242
665.0000	78.0000	-3.3251	41.4713
666.0000	43.0000	40.0271	-44.0135
666.0000	78.0000	-3.3258	40.9371
667.0000	43.0000	39.6739	-44.1526
667.0000	78.0000	-3.3265	40.3786
668.0000	43.0000	39.3535	-44.2605
668.0000	78.0000	-3.3272	39.8104
669.0000	43.0000	39.0217	-44.3123
669.0000	78.0000	-3.3278	39.3209
670.0000	43.0000	38.6983	-44.3766
670.0000	78.0000	-3.3280	38.9163
671.0000	43.0000	38.3788	-44.4446
671.0000	78.0000	-3.3285	38.5046
672.0000	43.0000	38.0535	-44.4923
672.0000	78.0000	-3.3290	38.0761
673.0000	43.0000	37.6888	-44.5437
673.0000	78.0000	-3.3294	37.6223
674.0000	43.0000	37.2783	-44.5850
674.0000	78.0000	-3.3299	37.1435
675.0000	43.0000	36.8247	-44.6357
675.0000	78.0000	-3.3304	36.6437
676.0000	43.0000	36.3219	-44.6763
676.0000	78.0000	-3.3309	36.1249
677.0000	43.0000	35.7763	-44.7123
677.0000	78.0000	-3.3315	35.5870
678.0000	43.0000	35.2774	-44.7464
678.0000	78.0000	-3.3321	35.0301
679.0000	43.0000	34.9711	-44.7593
679.0000	78.0000	-3.3327	34.4552
680.0000	43.0000	34.6177	-44.7648
680.0000	78.0000	-3.3334	33.8636
681.0000	43.0000	34.1961	-44.7878
681.0000	78.0000	-3.3341	33.2561
682.0000	43.0000	33.8097	-44.7915
682.0000	78.0000	-3.3351	32.6333
683.0000	43.0000	33.5997	-44.7806
683.0000	78.0000	-3.3387	32.0818
684.0000	43.0000	33.3198	-44.7733
684.0000	78.0000	-3.3399	31.8115
685.0000	43.0000	32.9624	-44.7854
685.0000	78.0000	-3.3391	31.7855
686.0000	43.0000	32.6354	-44.7749
686.0000	78.0000	-3.3391	31.7791
687.0000	43.0000	32.4747	-44.7539
687.0000	78.0000	-3.3392	31.7743
688.0000	43.0000	32.2354	-44.7506
688.0000	78.0000	-3.3392	31.7716
689.0000	43.0000	31.9159	-44.7416
689.0000	78.0000	-3.3392	31.7703
690.0000	43.0000	31.6252	-44.7318
690.0000	78.0000	-3.3392	31.7697
691.0000	43.0000	31.4963	-44.7151
691.0000	78.0000	-3.3392	31.7694
692.0000	43.0000	31.2838	-44.7090
692.0000	78.0000	-3.3393	31.7397
693.0000	43.0000	30.9901	-44.6884
693.0000	78.0000	-3.3397	31.6625
694.0000	43.0000	30.7240	-44.6817
694.0000	78.0000	-3.3403	31.5330
695.0000	43.0000	30.6170	-44.6686
695.0000	78.0000	-3.3412	31.3507
696.0000	43.0000	30.4232	-44.6588
696.0000	78.0000	-3.3423	31.1156
697.0000	43.0000	30.2461	-44.6476
697.0000	78.0000	-3.3436	30.8286
698.0000	43.0000	30.2093	-44.6451
698.0000	78.0000	-3.3453	30.4905
699.0000	43.0000	30.0731	-44.6348
699.0000	78.0000	-3.3483	30.1026
700.0000	43.0000	29.8505	-44.6207
700.0000	78.0000	-3.3619	29.6665
701.0000	43.0000	29.6548	-44.6074
701.0000	78.0000	-3.4052	29.1866
702.0000	43.0000	29.6090	-44.6085
702.0000	78.0000	-3.4894	28.6674
703.0000	43.0000	29.4642	-44.6197
703.0000	78.0000	-3.5927	28.1016
704.0000	43.0000	29.3188	-44.6674
704.0000	78.0000	-3.7424	27.4942
705.0000	43.0000	29.3034	-44.7429
705.0000	78.0000	-3.9307	26.8187
706.0000	43.0000	29.1923	-44.8398
706.0000	78.0000	-4.2008	26.0973
707.0000	43.0000	28.9945	-44.9626
707.0000	78.0000	-4.5265	25.3379
708.0000	43.0000	28.8263	-45.1134
708.0000	78.0000	-4.9100	24.5604
709.0000	43.0000	28.8040	-45.3019
709.0000	78.0000	-5.3657	23.7750
710.0000	43.0000	28.6825	-45.5072
710.0000	78.0000	-5.8880	22.9905
711.0000	43.0000	28.5776	-45.7391
711.0000	78.0000	-6.4726	22.2065
712.0000	43.0000	28.5661	-46.0020
712.0000	78.0000	-7.1283	21.4510
713.0000	43.0000	28.4616	-46.2802
713.0000	78.0000	-7.8273	20.6848
714.0000	43.0000	28.3768	-46.5837
714.0000	78.0000	-8.5770	19.9400
715.0000	43.0000	28.3675	-46.9169
715.0000	78.0000	-9.3734	19.2141
716.0000	43.0000	28.2685	-47.2666
716.0000	78.0000	-10.2050	18.5069
717.0000	43.0000	28.1915	-47.6415
717.0000	78.0000	-11.0488	17.8119
718.0000	43.0000	28.1827	-48.0362
718.0000	78.0000	-11.8984	17.1442
719.0000	43.0000	28.0881	-48.3971
719.0000	78.0000	-12.7519	16.5391
720.0000	43.0000	28.0160	-48.7168
720.0000	78.0000	-13.6066	16.0129
721.0000	43.0000	28.0072	-49.0328
721.0000	78.0000	-14.4618	15.5203
722.0000	43.0000	27.9146	-49.3410
722.0000	78.0000	-15.3483	15.0530
723.0000	43.0000	27.8451	-49.6369
723.0000	78.0000	-16.2818	14.6149
724.0000	43.0000	27.8369	-49.9296
724.0000	78.0000	-17.2520	14.2001
725.0000	43.0000	27.7468	-50.2091
725.0000	78.0000	-18.2520	13.8089
726.0000	43.0000	27.6800	-50.4834
726.0000	78.0000	-19.2780	13.4396
727.0000	43.0000	27.6722	-50.7564
727.0000	78.0000	-20.3252	13.0904
728.0000	43.0000	27.5833	-51.0190
728.0000	78.0000	-21.3896	12.7579
729.0000	43.0000	27.5183	-51.2797
729.0000	78.0000	-22.4678	12.4421
730.0000	43.0000	27.5109	-51.5409
730.0000	78.0000	-23.5574	12.1413
731.0000	43.0000	27.4237	-51.7934
731.0000	78.0000	-24.6560	11.8560
732.0000	43.0000	27.3614	-52.0454
732.0000	78.0000	-25.7618	11.5867
733.0000	43.0000	27.3558	-52.2993
733.0000	78.0000	-26.8735	11.3328
734.0000	43.0000	27.2719	-52.5456
734.0000	78.0000	-27.9897	11.0950
735.0000	43.0000	27.2123	-52.7923
735.0000	78.0000	-29.1093	10.8747
736.0000	43.0000	27.2073	-53.0414
736.0000	78.0000	-30.2314	10.6721
737.0000	43.0000	27.1242	-53.2838
737.0000	78.0000	-31.3551	10.4879
738.0000	43.0000	27.0659	-53.5268
738.0000	78.0000	-32.4793	10.3243
739.0000	43.0000	27.0618	-53.7727
739.0000	78.0000	-33.6034	10.1815
740.0000	43.0000	26.9788	-54.0123
740.0000	78.0000	-34.7270	10.0599
741.0000	43.0000	26.9202	-54.2528
741.0000	78.0000	-35.8485	9.9613
742.0000	43.0000	26.9179	-54.4879
742.0000	78.0000	-36.9675	9.8957
743.0000	43.0000	26.8350	-54.6719
743.0000	78.0000	-38.0824	9.9017
744.0000	43.0000	26.7740	-54.7862
744.0000	78.0000	-39.1931	10.0066
745.0000	43.0000	26.7685	-54.8205
745.0000	78.0000	-40.2977	10.2229
746.0000	43.0000	26.6809	-54.8142
746.0000	78.0000	-41.3957	10.5048
747.0000	43.0000	26.6168	-54.8095
747.0000	78.0000	-42.4866	10.8149
748.0000	43.0000	26.6090	-54.8089
748.0000	78.0000	-43.5687	11.1531
749.0000	43.0000	26.5213	-54.8027
749.0000	78.0000	-44.6421	11.5202
750.0000	43.0000	26.4571	-54.7981
750.0000	78.0000	-45.7059	11.9154
751.0000	43.0000	26.4582	-54.7982
751.0000	78.0000	-46.7579	12.3400
752.0000	43.0000	26.4571	-54.7981
752.0000	78.0000	-47.7979	12.7945
753.0000	43.0000	26.4564	-54.7981
753.0000	78.0000	-48.8244	13.2778
754.0000	43.0000	26.4560	-54.7980
754.0000	78.0000	-49.8375	13.7906
755.0000	43.0000	26.4559	-54.7980
755.0000	78.0000	-50.8348	14.3324
756.0000	43.0000	26.4558	-54.7980
756.0000	78.0000	-51.8163	14.9032
757.0000	43.0000	26.4557	-54.7980
757.0000	78.0000	-52.7814	15.5015
758.0000	43.0000	26.4557	-54.7980
758.0000	78.0000	-53.7279	16.1285
759.0000	43.0000	26.4557	-54.7980
759.0000	78.0000	-54.6557	16.7840
760.0000	43.0000	26.4557	-54.7980
760.0000	78.0000	-55.5631	17.4664
761.0000	43.0000	26.4557	-54.7980
761.0000	78.0000	-56.4507	18.1768
762.0000	43.0000	26.4557	-54.7980
762.0000	78.0000	-57.2650	18.8618
763.0000	43.0000	26.4557	-54.7980
763.0000	78.0000	-57.8919	19.3909
764.0000	43.0000	26.4557	-54.7980
764.0000	78.0000	-58.4273	19.8649
765.0000	43.0000	26.4557	-54.7980
765.0000	78.0000	-58.7702	20.1720
766.0000	43.0000	26.4557	-54.7980
766.0000	78.0000	-59.0648	20.4437
767.0000	43.0000	26.4557	-54.7980
767.0000	78.0000	-59.3452	20.7235
768.0000	43.0000	26.4557	-54.7980
768.0000	78.0000	-59.6225	20.9985
769.0000	43.0000	26.4557	-54.7980
769.0000	78.0000	-59.8922	21.2747
770.0000	43.0000	26.4557	-54.7980
770.0000	78.0000	-60.1609	21.5580
771.0000	43.0000	26.4557	-54.7980
771.0000	78.0000	-60.4458	21.8659
772.0000	43.0000	26.4557	-54.7980
772.0000	78.0000	-60.7492	22.2044
773.0000	43.0000	26.4557	-54.7980
773.0000	78.0000	-61.0740	22.5744
774.0000	43.0000	26.4557	-54.7980
774.0000	78.0000	-61.4179	22.9785
775.0000	43.0000	26.4557	-54.7980
775.0000	78.0000	-61.7795	23.4173
776.0000	43.0000	26.4557	-54.7980
776.0000	78.0000	-62.1572	23.8910
777.0000	43.0000	26.4557	-54.7980
777.0000	78.0000	-62.5485	24.3996
778.0000	43.0000	26.4557	-54.7980
778.0000	78.0000	-62.9505	24.9421
779.0000	43.0000	26.4557	-54.7978
779.0000	78.0000	-63.3130	25.4486
780.0000	43.0000	26.4557	-54.8016
780.0000	78.0000	-63.5628	25.7833
781.0000	43.0000	26.4437	-54.8262
781.0000	78.0000	-63.8098	26.1473
782.0000	43.0000	26.4239	-54.8766
782.0000	78.0000	-64.0740	26.5588
783.0000	43.0000	26.4252	-54.9466
783.0000	78.0000	-64.3760	26.9581
784.0000	43.0000	26.4269	-55.0473
784.0000	78.0000	-64.6932	27.3704
785.0000	43.0000	26.4308	-55.1697
785.0000	78.0000	-65.0228	27.7989
786.0000	43.0000	26.4347	-55.3081
786.0000	78.0000	-65.3610	28.2497
787.0000	43.0000	26.4391	-55.4618
787.0000	78.0000	-65.7041	28.7211
788.0000	43.0000	26.4440	-55.6297
788.0000	78.0000	-66.0145	29.1360
789.0000	43.0000	26.4502	-55.8082
789.0000	78.0000	-66.2349	29.3533
790.0000	43.0000	26.4566	-55.9958
790.0000	78.0000	-66.4522	29.5853
791.0000	43.0000	26.4634	-56.1915
791.0000	78.0000	-66.6445	29.7884
792.0000	43.0000	26.4708	-56.3941
792.0000	78.0000	-66.7685	29.8185
793.0000	43.0000	26.4799	-56.6016
793.0000	78.0000	-66.9062	29.8997
794.0000	43.0000	26.4889	-56.8142
794.0000	78.0000	-67.0752	30.0432
795.0000	43.0000	26.4985	-57.0307
795.0000	78.0000	-67.2250	30.1558
796.0000	43.0000	26.5073	-57.2513
796.0000	78.0000	-67.2745	30.0168
797.0000	43.0000	26.5175	-57.4742
797.0000	78.0000	-67.2853	29.7791
798.0000	43.0000	26.5268	-57.7001
798.0000	78.0000	-67.3234	29.6292
799.0000	43.0000	26.5371	-57.9188
799.0000	78.0000	-67.4017	29.5786
800.0000	43.0000	26.5456	-58.0931
800.0000	78.0000	-67.4734	29.5574
801.0000	43.0000	26.5498	-58.1978
801.0000	78.0000	-67.4910	29.4797
802.0000	43.0000	26.5534	-58.2172
802.0000	78.0000	-67.5400	29.5833
803.0000	43.0000	26.5534	-58.2171
803.0000	78.0000	-67.5839	29.6995
804.0000	43.0000	26.5534	-58.2170
804.0000	78.0000	-67.5854	29.6970
805.0000	43.0000	26.5534	-58.2169
805.0000	78.0000	-67.5853	29.6991
806.0000	43.0000	26.5534	-58.2168
806.0000	78.0000	-67.5852	29.7008
807.0000	43.0000	26.5534	-58.2168
807.0000	78.0000	-67.5852	29.7016
808.0000	43.0000	26.5534	-58.2168
808.0000	78.0000	-67.5852	29.7020
809.0000	43.0000	26.5534	-58.2168
809.0000	78.0000	-67.5956	29.7329
810.0000	43.0000	26.5534	-58.2168
810.0000	78.0000	-67.6265	29.8189
811.0000	43.0000	26.5534	-58.2168
811.0000	78.0000	-67.6771	29.9567
812.0000	43.0000	26.5534	-58.2168
812.0000	78.0000	-67.7458	30.1462
813.0000	43.0000	26.5534	-58.2168
813.0000	78.0000	-67.8325	30.3864
814.0000	43.0000	26.5534	-58.2168
814.0000	78.0000	-67.9351	30.6768
815.0000	43.0000	26.5534	-58.2168
815.0000	78.0000	-68.0518	31.0161
816.0000	43.0000	26.5534	-58.2168
816.0000	78.0000	-68.1807	31.4040
817.0000	43.0000	26.5534	-58.2168
817.0000	78.0000	-68.3200	31.8386
818.0000	43.0000	26.5534	-58.2168
818.0000	78.0000	-68.4678	32.3188
819.0000	43.0000	26.5534	-58.2168
819.0000	78.0000	-68.6224	32.8424
820.0000	43.0000	26.5534	-58.2168
820.0000	78.0000	-68.7788	33.4080
821.0000	43.0000	26.5534	-58.2168
821.0000	78.0000	-68.9368	34.0129
822.0000	43.0000	26.5534	-58.2168
822.0000	78.0000	-69.0921	34.6557
823.0000	43.0000	26.5534	-58.2168
823.0000	78.0000	-69.2431	35.3342
824.0000	43.0000	26.5534	-58.2168
824.0000	78.0000	-69.3886	36.0465
825.0000	43.0000	26.5534	-58.2168
825.0000	78.0000	-69.5242	36.7903
826.0000	43.0000	26.5534	-58.2168
826.0000	78.0000	-69.6541	37.5630
827.0000	43.0000	26.5534	-58.2168
827.0000	78.0000	-69.7736	38.3633
828.0000	43.0000	26.5534	-58.2168
829.0000	43.0000	26.5534	-58.2168
830.0000	43.0000	26.5534	-58.2168
831.0000	43.0000	26.5534	-58.2168
832.0000	43.0000	26.5534	-58.2168
833.0000	43.0000	26.5534	-58.2168
834.0000	43.0000	26.5534	-58.2168
835.0000	43.0000	26.5534	-58.2168
836.0000	43.0000	26.5534	-58.2168
837.0000	43.0000	26.5534	-58.2168
838.0000	43.0000	26.5534	-58.2168
839.0000	43.0000	26.5534	-58.2168
840.0000	43.0000	26.5412	-58.2159
841.0000	43.0000	26.4994	-58.2131
842.0000	43.0000	26.4194	-58.2076
843.0000	43.0000	26.3445	-58.2025
844.0000	43.0000	26.2656	-58.1970
845.0000	43.0000	26.1455	-58.1888
846.0000	43.0000	26.0028	-58.1791
847.0000	43.0000	25.8516	-58.1687
848.0000	43.0000	25.6870	-58.1576
849.0000	43.0000	25.4994	-58.1448
850.0000	43.0000	25.3196	-58.1327
851.0000	43.0000	25.1480	-58.1212
852.0000	43.0000	24.9617	-58.1087
853.0000	43.0000	24.7493	-58.0948
854.0000	43.0000	24.5090	-58.0791
855.0000	43.0000	24.2503	-58.0625
856.0000	43.0000	23.9773	-58.0452
857.0000	43.0000	23.6857	-58.0271
858.0000	43.0000	23.3733	-58.0080
859.0000	43.0000	23.1313	-57.9933
860.0000	43.0000	22.9686	-57.9839
861.0000	43.0000	22.7571	-57.9716
862.0000	43.0000	22.5048	-57.9575
863.0000	43.0000	22.2300	-57.9423
864.0000	43.0000	21.9442	-57.9267
865.0000	43.0000	21.6406	-57.9106
866.0000	43.0000	21.3101	-57.8934
867.0000	43.0000	20.9569	-57.8752
868.0000	43.0000	20.5884	-57.8568
869.0000	43.0000	20.2058	-57.8382
870.0000	43.0000	19.8061	-57.8191
871.0000	43.0000	19.3894	-57.7996
872.0000	43.0000	18.9577	-57.7799
873.0000	43.0000	18.5124	-57.7600
874.0000	43.0000	18.0535	-57.7401
875.0000	43.0000	17.5809	-57.7199
876.0000	43.0000	17.0952	-57.6997
877.0000	43.0000	16.5970	-57.6795
878.0000	43.0000	16.0849	-57.6591
879.0000	43.0000	15.5509	-57.6381
880.0000	43.0000	14.9892	-57.6166
881.0000	43.0000	14.3970	-57.5942
882.0000	43.0000	13.7743	-57.5710
883.0000	43.0000	13.1241	-57.5472
884.0000	43.0000	12.4528	-57.5230
885.0000	43.0000	11.7742	-57.4990
886.0000	43.0000	11.0968	-57.4752
887.0000	43.0000	10.4145	-57.4546
888.0000	43.0000	9.7277	-57.4458
889.0000	43.0000	9.1169	-57.4510
890.0000	43.0000	8.7035	-57.5081
891.0000	43.0000	8.2665	-57.6015
892.0000	43.0000	7.8672	-57.7013
893.0000	43.0000	7.6421	-57.8374
894.0000	43.0000	7.3541	-57.9882
895.0000	43.0000	6.9903	-58.1362
896.0000	43.0000	6.5635	-58.2982
896.0000	63.0000	51.2319	60.7915
897.0000	43.0000	6.0888	-58.4327
897.0000	63.0000	51.2018	60.0839
898.0000	43.0000	5.5953	-58.4917
898.0000	63.0000	51.1663	59.3529
899.0000	43.0000	5.0875	-58.5162
899.0000	63.0000	51.1323	58.6019
900.0000	43.0000	4.6314	-58.5449
900.0000	63.0000	51.1030	57.8330
901.0000	43.0000	4.3293	-58.6873
901.0000	63.0000	51.0726	57.0504
902.0000	43.0000	3.9673	-58.8435
902.0000	63.0000	51.0456	56.2513
903.0000	43.0000	3.5858	-58.8887
903.0000	63.0000	51.0178	55.4426
904.0000	43.0000	3.2169	-58.8276
904.0000	63.0000	50.9900	54.6214
905.0000	43.0000	2.8677	-58.7166
905.0000	63.0000	50.9660	53.7777
906.0000	43.0000	2.4748	-58.6071
906.0000	63.0000	50.9441	52.9099
907.0000	43.0000	2.0860	-58.4518
907.0000	63.0000	50.9226	52.0214
908.0000	43.0000	1.7540	-58.2207
908.0000	63.0000	50.9030	51.1133
909.0000	43.0000	1.4530	-58.0435
909.0000	63.0000	50.8816	50.1924
910.0000	43.0000	1.2137	-58.0698
910.0000	63.0000	50.8656	49.2584
911.0000	43.0000	0.9759	-58.0566
911.0000	63.0000	50.8478	48.3314
912.0000	43.0000	0.7946	-57.9026
912.0000	63.0000	50.8247	47.4475
913.0000	43.0000	0.6632	-57.6431
913.0000	63.0000	50.7983	46.6054
914.0000	43.0000	0.4716	-57.3540
914.0000	63.0000	50.7731	45.7660
915.0000	43.0000	0.2748	-57.0346
915.0000	63.0000	50.7519	44.9098
916.0000	43.0000	0.1431	-56.6721
916.0000	63.0000	50.7310	44.0376
917.0000	43.0000	-0.0021	-56.2696
917.0000	63.0000	50.7111	43.1716
918.0000	43.0000	-0.1209	-55.7978
918.0000	63.0000	50.6897	42.3389
919.0000	43.0000	-0.2287	-55.2802
919.0000	63.0000	50.6679	41.5208
920.0000	43.0000	-0.3182	-54.7332
920.0000	63.0000	50.6465	40.7035
921.0000	43.0000	-0.3988	-54.1639
921.0000	63.0000	50.6275	39.8797
922.0000	43.0000	-0.4663	-53.5683
922.0000	63.0000	50.6078	39.0592
923.0000	43.0000	-0.5227	-52.9477
923.0000	63.0000	50.5897	38.2413
924.0000	43.0000	-0.5675	-52.3039
924.0000	63.0000	50.5712	37.4245
925.0000	43.0000	-0.6046	-51.6400
925.0000	63.0000	50.5540	36.6055
926.0000	43.0000	-0.6312	-50.9759
926.0000	63.0000	50.5365	35.7887
927.0000	43.0000	-0.6481	-50.3177
927.0000	63.0000	50.5194	34.9729
928.0000	43.0000	-0.6597	-49.6657
928.0000	63.0000	50.5036	34.1555
929.0000	43.0000	-0.6625	-49.0198
929.0000	63.0000	50.4873	33.3398
930.0000	43.0000	-0.6602	-48.3800
930.0000	63.0000	50.4723	32.5233
931.0000	43.0000	-0.6527	-47.7180
931.0000	63.0000	50.4573	31.7078
932.0000	43.0000	-0.6436	-47.0175
932.0000	63.0000	50.4432	30.8914
933.0000	43.0000	-0.6307	-46.2720
933.0000	63.0000	50.4285	30.0845
934.0000	43.0000	-0.6150	-45.4463
934.0000	63.0000	50.4146	29.3225
935.0000	43.0000	-0.5985	-44.5160
935.0000	63.0000	50.4021	28.6309
936.0000	43.0000	-0.5846	-43.4701
936.0000	63.0000	50.3932	28.0186
937.0000	43.0000	-0.5654	-42.3611
937.0000	63.0000	50.3822	27.4448
938.0000	43.0000	-0.5447	-41.2250
938.0000	63.0000	50.3713	26.8710
939.0000	43.0000	-0.5224	-40.0632
939.0000	63.0000	50.3605	26.2969
940.0000	43.0000	-0.4989	-38.8774
940.0000	63.0000	50.3499	25.7228
941.0000	43.0000	-0.4742	-37.6690
941.0000	63.0000	50.3394	25.1485
942.0000	43.0000	-0.4486	-36.4394
942.0000	63.0000	50.3290	24.5741
943.0000	43.0000	-0.4222	-35.1897
943.0000	63.0000	50.3187	23.9997
944.0000	43.0000	-0.3957	-33.9211
944.0000	63.0000	50.3086	23.4253
945.0000	43.0000	-0.3691	-32.6349
945.0000	63.0000	50.2985	22.8508
946.0000	43.0000	-0.3458	-31.3447
946.0000	63.0000	50.2886	22.2762
947.0000	43.0000	-0.3337	-30.0653
947.0000	63.0000	50.2788	21.7016
948.0000	43.0000	-0.3404	-28.7963
948.0000	63.0000	50.2691	21.1270
949.0000	43.0000	-0.3746	-27.5388
949.0000	63.0000	50.2595	20.5523
950.0000	43.0000	-0.4436	-26.2941
950.0000	63.0000	50.2500	19.9776
951.0000	43.0000	-0.5403	-25.1289
951.0000	63.0000	50.2406	19.4029
952.0000	43.0000	-0.6075	-24.2410
952.0000	63.0000	50.2314	18.8281
953.0000	43.0000	-0.6496	-23.6525
953.0000	63.0000	50.2222	18.2533
954.0000	43.0000	-0.6728	-23.3645
954.0000	63.0000	50.2131	17.6785
955.0000	43.0000	-0.6781	-23.3301
955.0000	63.0000	50.2041	17.1036
956.0000	43.0000	-0.6770	-23.3217
956.0000	63.0000	50.1952	16.5286
957.0000	43.0000	-0.6735	-23.3157
957.0000	63.0000	50.1863	15.9536
958.0000	43.0000	-0.6703	-23.3120
958.0000	63.0000	50.1775	15.3787
959.0000	43.0000	-0.6683	-23.3100
959.0000	63.0000	50.1689	14.8036
960.0000	43.0000	-0.6674	-23.3090
960.0000	63.0000	50.1603	14.2285
961.0000	43.0000	-0.6671	-23.3084
961.0000	63.0000	50.1518	13.6534
962.0000	43.0000	-0.6671	-23.3082
962.0000	63.0000	50.1433	13.0782
963.0000	43.0000	-0.6672	-23.3080
963.0000	63.0000	50.1349	12.5030
964.0000	43.0000	-0.6672	-23.3080
964.0000	63.0000	50.1266	11.9277
965.0000	43.0000	-0.6672	-23.3078
965.0000	63.0000	50.1183	11.3526
966.0000	43.0000	-0.6673	-23.3115
966.0000	63.0000	50.1100	10.7736
967.0000	43.0000	-0.6591	-23.3299
967.0000	63.0000	50.0971	10.1997
968.0000	43.0000	-0.6429	-23.3702
968.0000	63.0000	50.0802	9.6230
969.0000	43.0000	-0.6414	-23.4394
969.0000	63.0000	50.0718	8.9822
970.0000	43.0000	-0.6406	-23.5385
970.0000	63.0000	50.0639	8.3099
971.0000	43.0000	-0.6399	-23.6606
971.0000	63.0000	50.0561	7.6143
972.0000	43.0000	-0.6390	-23.8019
972.0000	63.0000	50.0483	6.8998
973.0000	43.0000	-0.6387	-23.9646
973.0000	63.0000	50.0409	6.1626
974.0000	43.0000	-0.6376	-24.1489
974.0000	63.0000	50.0333	5.4056
975.0000	43.0000	-0.6369	-24.3453
975.0000	63.0000	50.0258	4.6354
976.0000	43.0000	-0.6374	-24.5493
976.0000	63.0000	50.0170	3.8566
977.0000	43.0000	-0.6378	-24.7637
977.0000	63.0000	50.0081	3.0671
978.0000	43.0000	-0.6371	-24.9900
978.0000	63.0000	49.9997	2.2665
979.0000	43.0000	-0.6353	-25.2319
979.0000	63.0000	49.9931	1.4512
980.0000	43.0000	-0.6328	-25.4941
980.0000	63.0000	49.9883	0.6153
981.0000	43.0000	-0.6307	-25.7786
981.0000	63.0000	49.9844	-0.2438
982.0000	43.0000	-0.6298	-26.0843
982.0000	63.0000	49.9797	-1.1258
983.0000	43.0000	-0.6304	-26.4094
983.0000	63.0000	49.9736	-2.0288
984.0000	43.0000	-0.6319	-26.7527
984.0000	63.0000	49.9667	-2.9508
985.0000	43.0000	-0.6334	-27.1130
985.0000	63.0000	49.9598	-3.8900
986.0000	43.0000	-0.6353	-27.4890
986.0000	63.0000	49.9525	-4.8452
987.0000	43.0000	-0.6391	-27.8794
987.0000	63.0000	49.9434	-5.8159
988.0000	43.0000	-0.6421	-28.2828
988.0000	63.0000	49.9358	-6.7984
989.0000	43.0000	-0.6419	-28.6984
989.0000	63.0000	49.9311	-7.7909
990.0000	43.0000	-0.6404	-29.1254
990.0000	63.0000	49.9264	-8.7939
991.0000	43.0000	-0.6399	-29.5624
991.0000	63.0000	49.9202	-9.8073
992.0000	43.0000	-0.6399	-30.0086
992.0000	63.0000	49.9134	-10.8300
993.0000	43.0000	-0.6399	-30.4629
993.0000	63.0000	49.9065	-11.8606
994.0000	43.0000	-0.6400	-30.9246
994.0000	63.0000	49.8997	-12.8988
995.0000	43.0000	-0.6400	-31.3929
995.0000	63.0000	49.8928	-13.9435
996.0000	43.0000	-0.6399	-31.8673
996.0000	63.0000	49.8860	-14.9943
997.0000	43.0000	-0.6399	-32.3472
997.0000	63.0000	49.8792	-16.0507
998.0000	43.0000	-0.6399	-32.8320
998.0000	63.0000	49.8724	-17.1121
999.0000	43.0000	-0.6400	-33.3212
999.0000	63.0000	49.8656	-18.1779
