11.0000	226.0000	-20.9348	75.9501
12.0000	226.0000	-20.9148	74.4179
13.0000	226.0000	-20.8893	72.8950
14.0000	226.0000	-20.8599	71.3816
15.0000	226.0000	-19.5974	70.2165
16.0000	226.0000	-16.5094	69.4879
17.0000	226.0000	-14.8646	68.3581
18.0000	226.0000	-13.7513	67.0444
19.0000	226.0000	-12.4695	65.7013
20.0000	226.0000	-11.5712	64.2390
21.0000	226.0000	-10.5782	62.7525
22.0000	226.0000	-9.8453	61.1878
23.0000	226.0000	-9.1330	59.5884
24.0000	51.0000	-8.0213	78.9849
24.0000	226.0000	-8.6158	57.9327
25.0000	51.0000	-7.2196	77.2970
25.0000	226.0000	-8.0863	56.2543
26.0000	51.0000	-6.6444	75.5624
26.0000	226.0000	-7.7344	54.5302
27.0000	51.0000	-6.0111	73.8094
27.0000	226.0000	-7.3497	52.7916
28.0000	51.0000	-5.4068	72.0321
28.0000	226.0000	-6.9968	51.0320
29.0000	51.0000	-4.8634	70.2304
29.0000	226.0000	-6.6990	49.2504
30.0000	51.0000	-4.5478	68.3966
30.0000	226.0000	-6.5743	47.4343
31.0000	51.0000	-4.9722	66.5004
31.0000	226.0000	-6.9792	45.5363
32.0000	51.0000	-5.6677	64.5685
32.0000	226.0000	-7.5731	43.5951
33.0000	51.0000	-6.2153	62.6500
33.0000	226.0000	-8.0603	41.6714
34.0000	51.0000	-6.6887	60.7443
34.0000	226.0000	-8.4931	39.7623
35.0000	51.0000	-7.1094	58.8511
35.0000	226.0000	-8.8877	37.8670
36.0000	51.0000	-7.6096	56.9558
36.0000	226.0000	-9.3320	35.9672
37.0000	51.0000	-8.3164	55.0359
37.0000	226.0000	-9.9058	34.0370
38.0000	51.0000	-9.1323	53.0746
38.0000	226.0000	-10.5427	32.0631
39.0000	51.0000	-10.0570	51.0592
39.0000	226.0000	-11.2381	30.0337
40.0000	51.0000	-10.9547	49.0801
40.0000	226.0000	-11.9143	27.9676
41.0000	51.0000	-11.8299	47.3143
41.0000	226.0000	-12.5932	25.8538
42.0000	51.0000	-12.6490	45.5619
42.0000	226.0000	-13.2234	23.7110
43.0000	51.0000	-13.4627	43.7657
43.0000	226.0000	-13.8270	21.5295
44.0000	51.0000	-14.2111	41.9570
44.0000	226.0000	-14.3728	19.3262
45.0000	51.0000	-14.9260	40.1409
45.0000	226.0000	-14.8673	17.1671
46.0000	51.0000	-15.5723	38.3357
46.0000	226.0000	-15.2703	15.2559
47.0000	51.0000	-16.1635	36.5388
47.0000	226.0000	-15.6259	13.3755
48.0000	51.0000	-16.7148	34.7388
48.0000	226.0000	-15.9485	11.4702
49.0000	51.0000	-17.2082	32.9376
49.0000	226.0000	-16.2315	9.5488
50.0000	51.0000	-17.6547	31.1266
50.0000	226.0000	-16.4806	7.6068
51.0000	51.0000	-18.0611	29.3003
51.0000	226.0000	-16.6991	5.6421
52.0000	51.0000	-18.4231	27.4594
52.0000	226.0000	-16.8810	3.7372
53.0000	51.0000	-18.7473	25.6002
53.0000	226.0000	-17.0171	2.0805
54.0000	51.0000	-19.0356	23.7219
54.0000	226.0000	-17.1310	0.4458
55.0000	51.0000	-19.2930	21.8223
55.0000	226.0000	-17.2286	-1.2155
56.0000	51.0000	-19.5213	19.9012
56.0000	226.0000	-17.3112	-2.9036
57.0000	51.0000	-19.7162	18.0406
57.0000	226.0000	-17.3807	-4.6181
58.0000	51.0000	-19.8770	16.4267
58.0000	226.0000	-17.4385	-6.3636
59.0000	51.0000	-20.0180	14.8317
59.0000	226.0000	-17.4860	-8.1393
60.0000	51.0000	-20.1400	13.2137
60.0000	226.0000	-17.5219	-9.8601
61.0000	51.0000	-20.2486	11.5749
61.0000	226.0000	-17.5405	-11.3408
62.0000	51.0000	-20.3440	9.9221
62.0000	226.0000	-17.5536	-12.8132
63.0000	51.0000	-20.4255	8.2634
63.0000	226.0000	-17.5647	-14.3183
64.0000	51.0000	-20.4971	6.6004
64.0000	226.0000	-17.5723	-15.8604
65.0000	51.0000	-20.5596	4.9388
65.0000	226.0000	-17.5776	-17.4401
66.0000	51.0000	-20.6137	3.2744
66.0000	226.0000	-17.5815	-19.0573
67.0000	51.0000	-20.6603	1.6021
67.0000	226.0000	-17.5844	-20.6252
68.0000	51.0000	-20.7014	-0.0868
68.0000	226.0000	-17.5807	-21.9590
69.0000	51.0000	-20.7378	-1.7958
69.0000	226.0000	-17.5771	-23.2955
70.0000	51.0000	-20.7700	-3.5252
70.0000	226.0000	-17.5763	-24.6737
71.0000	51.0000	-20.7989	-5.2801
71.0000	226.0000	-17.5759	-26.0958
72.0000	51.0000	-20.8251	-7.0614
72.0000	226.0000	-17.5765	-27.5626
73.0000	51.0000	-20.8493	-8.8681
73.0000	226.0000	-17.5803	-29.0725
74.0000	51.0000	-20.8718	-10.7027
74.0000	226.0000	-17.5848	-30.6270
75.0000	51.0000	-20.8922	-12.4852
75.0000	226.0000	-17.5895	-32.1389
76.0000	51.0000	-20.9096	-14.0240
76.0000	226.0000	-17.5943	-33.4191
77.0000	51.0000	-20.9266	-15.5490
77.0000	226.0000	-17.6006	-34.7072
78.0000	51.0000	-20.9436	-17.1072
78.0000	226.0000	-17.6083	-36.0428
79.0000	51.0000	-20.9613	-18.6979
79.0000	226.0000	-17.6191	-37.4246
80.0000	51.0000	-20.9794	-20.3239
80.0000	226.0000	-17.6317	-38.8542
81.0000	51.0000	-20.9979	-21.9858
81.0000	226.0000	-17.6459	-40.3314
82.0000	51.0000	-21.0174	-23.6833
82.0000	226.0000	-17.6617	-41.7674
83.0000	51.0000	-21.0375	-25.4165
83.0000	226.0000	-17.6763	-42.9724
84.0000	51.0000	-21.0577	-27.1031
84.0000	226.0000	-17.6924	-44.1708
85.0000	51.0000	-21.0769	-28.5524
85.0000	226.0000	-17.7102	-45.4236
86.0000	51.0000	-21.0968	-29.9963
86.0000	226.0000	-17.7295	-46.7288
87.0000	51.0000	-21.1174	-31.4792
87.0000	226.0000	-17.7503	-48.0868
88.0000	51.0000	-21.1390	-33.0009
88.0000	226.0000	-17.7725	-49.4971
89.0000	51.0000	-21.1615	-34.5628
89.0000	226.0000	-17.7959	-50.9583
90.0000	51.0000	-21.1847	-36.1652
90.0000	226.0000	-17.8196	-52.3815
91.0000	51.0000	-21.2086	-37.8078
91.0000	226.0000	-17.8413	-53.5758
92.0000	51.0000	-21.2331	-39.4899
92.0000	226.0000	-17.8635	-54.7665
93.0000	51.0000	-21.2573	-41.1281
93.0000	226.0000	-17.8859	-56.0132
94.0000	51.0000	-21.2794	-42.5321
94.0000	226.0000	-17.9086	-57.3139
95.0000	51.0000	-21.3017	-43.9349
95.0000	226.0000	-17.9322	-58.6683
96.0000	51.0000	-21.3252	-45.3794
96.0000	226.0000	-17.9573	-60.0756
97.0000	51.0000	-21.3500	-46.8650
97.0000	226.0000	-17.9841	-61.5343
98.0000	51.0000	-21.3765	-48.3927
98.0000	226.0000	-18.0120	-62.9550
99.0000	51.0000	-21.4048	-49.9626
99.0000	226.0000	-18.0395	-64.1466
100.0000	51.0000	-21.4350	-51.5741
100.0000	226.0000	-18.0687	-65.3346
101.0000	51.0000	-21.4677	-53.2261
101.0000	226.0000	-18.1008	-66.5783
102.0000	51.0000	-21.5023	-54.8341
102.0000	226.0000	-18.1362	-67.8750
103.0000	51.0000	-21.5364	-56.2087
103.0000	226.0000	-18.1741	-69.2255
104.0000	51.0000	-21.5733	-57.5833
104.0000	226.0000	-18.2159	-70.6284
105.0000	51.0000	-21.6136	-59.0003
105.0000	226.0000	-18.2617	-72.0822
106.0000	51.0000	-21.6554	-60.4600
106.0000	226.0000	-18.3085	-73.4985
107.0000	51.0000	-21.7013	-61.9626
107.0000	226.0000	-18.3564	-74.6853
108.0000	51.0000	-21.7510	-63.5081
108.0000	226.0000	-18.4078	-75.8684
109.0000	51.0000	-21.8020	-65.0969
109.0000	226.0000	-18.4605	-77.1077
110.0000	51.0000	-21.8564	-66.6425
111.0000	51.0000	-21.9114	-67.9558
112.0000	51.0000	-21.9661	-69.2746
113.0000	51.0000	-22.0251	-70.6384
114.0000	51.0000	-22.0882	-72.0468
115.0000	51.0000	-22.1506	-73.5022
116.0000	51.0000	-22.2176	-75.0030
117.0000	51.0000	-22.2886	-76.5485
163.0000	176.0000	-1.5032	79.8445
164.0000	176.0000	-3.0781	77.2803
165.0000	176.0000	-4.5935	74.6521
166.0000	176.0000	-6.0477	71.9623
167.0000	176.0000	-7.4402	69.2129
168.0000	176.0000	-8.7683	66.4060
169.0000	176.0000	-10.0306	63.5436
170.0000	176.0000	-11.2264	60.6283
171.0000	176.0000	-12.3544	57.6626
172.0000	176.0000	-13.4131	54.6488
173.0000	176.0000	-14.4037	51.5895
174.0000	176.0000	-15.3276	48.4884
175.0000	176.0000	-16.1870	45.3488
176.0000	176.0000	-16.9842	42.1736
177.0000	176.0000	-17.7207	38.9653
178.0000	176.0000	-18.3992	35.7260
179.0000	176.0000	-19.0214	32.4585
180.0000	176.0000	-19.5908	29.1643
181.0000	176.0000	-20.1092	25.8456
182.0000	176.0000	-20.5791	22.5044
183.0000	176.0000	-21.0034	19.1421
184.0000	176.0000	-21.3846	15.7599
185.0000	176.0000	-21.7250	12.3594
186.0000	176.0000	-22.0279	8.9415
187.0000	176.0000	-22.2965	5.5074
188.0000	176.0000	-22.5339	2.0579
189.0000	176.0000	-22.7424	-1.4061
190.0000	176.0000	-22.9246	-4.8792
191.0000	176.0000	-23.0827	-8.3550
192.0000	176.0000	-23.2172	-11.8367
193.0000	176.0000	-23.3247	-15.3312
194.0000	176.0000	-23.3989	-18.8444
195.0000	176.0000	-23.4277	-22.3892
196.0000	176.0000	-23.3846	-25.9863
197.0000	176.0000	-23.2646	-29.6003
198.0000	176.0000	-23.0555	-33.2435
199.0000	176.0000	-22.7228	-36.9359
200.0000	176.0000	-22.2458	-40.6772
201.0000	176.0000	-21.6023	-44.4644
202.0000	176.0000	-20.7873	-48.2838
203.0000	176.0000	-19.7736	-52.1323
204.0000	176.0000	-18.6330	-55.9680
205.0000	176.0000	-17.2820	-59.8122
206.0000	176.0000	-15.7451	-63.6435
207.0000	176.0000	-14.0638	-67.4421
208.0000	176.0000	-12.2081	-71.2081
209.0000	176.0000	-10.1208	-74.9408
210.0000	176.0000	-7.9590	-78.6094
232.0000	0.0000	39.6726	69.2228
233.0000	0.0000	36.1452	67.2853
234.0000	0.0000	32.6730	65.2349
235.0000	0.0000	29.2613	63.0701
236.0000	0.0000	25.9670	60.7687
237.0000	0.0000	22.7852	58.3420
238.0000	0.0000	19.7487	55.7854
239.0000	0.0000	16.8022	53.1247
240.0000	0.0000	13.9930	50.3460
241.0000	0.0000	11.2867	47.4667
242.0000	0.0000	8.6804	44.4908
243.0000	0.0000	6.2087	41.4144
244.0000	0.0000	3.9088	38.2412
245.0000	0.0000	1.7241	34.9801
246.0000	0.0000	-0.3297	31.6324
247.0000	0.0000	-2.1847	28.1993
248.0000	0.0000	-3.8823	24.6852
249.0000	0.0000	-5.4129	21.0922
250.0000	0.0000	-6.7224	17.4348
251.0000	0.0000	-7.8351	13.7166
252.0000	0.0000	-8.7440	9.9417
253.0000	0.0000	-9.4195	6.1351
254.0000	0.0000	-9.8751	2.2979
255.0000	0.0000	-10.1024	-1.5578
256.0000	0.0000	-10.0996	-5.3895
257.0000	0.0000	-9.8864	-9.1879
258.0000	0.0000	-9.4755	-12.9515
259.0000	0.0000	-8.8752	-16.6749
260.0000	0.0000	-8.1047	-20.3470
261.0000	0.0000	-7.1860	-23.9567
262.0000	0.0000	-6.1226	-27.5073
263.0000	0.0000	-4.9260	-30.9935
264.0000	0.0000	-3.6204	-34.4130
265.0000	0.0000	-2.2173	-37.7645
266.0000	0.0000	-0.7198	-41.0459
267.0000	0.0000	0.8632	-44.2537
268.0000	0.0000	2.5232	-47.3891
269.0000	0.0000	4.2515	-50.4508
270.0000	0.0000	6.0399	-53.4397
271.0000	0.0000	7.8829	-56.3555
272.0000	0.0000	9.7805	-59.1945
273.0000	0.0000	11.7241	-61.9581
274.0000	0.0000	13.7094	-64.6468
275.0000	0.0000	15.7310	-67.2614
276.0000	0.0000	17.7894	-69.7980
277.0000	0.0000	19.8796	-72.2561
278.0000	0.0000	21.9980	-74.6375
428.0000	64.0000	-16.4538	77.9450
429.0000	64.0000	-16.4709	74.3040
430.0000	64.0000	-16.4909	70.6465
431.0000	64.0000	-16.5156	66.9772
432.0000	64.0000	-16.5462	63.3176
433.0000	64.0000	-16.5785	59.6611
434.0000	64.0000	-16.6165	56.0043
435.0000	64.0000	-16.6591	52.3483
436.0000	64.0000	-16.7070	48.6926
437.0000	64.0000	-16.7610	45.0370
438.0000	64.0000	-16.8198	41.3821
439.0000	64.0000	-16.8843	37.7248
440.0000	64.0000	-16.9568	34.0654
441.0000	64.0000	-17.0372	30.4032
442.0000	64.0000	-17.1253	26.7373
443.0000	64.0000	-17.2183	23.0693
444.0000	64.0000	-17.3157	19.3991
445.0000	64.0000	-17.4190	15.7249
446.0000	64.0000	-17.5268	12.0479
447.0000	64.0000	-17.6399	8.3680
448.0000	64.0000	-17.7583	4.6838
449.0000	64.0000	-17.8811	0.9955
450.0000	64.0000	-18.0076	-2.6967
451.0000	64.0000	-18.1373	-6.3923
452.0000	64.0000	-18.2702	-10.0925
453.0000	64.0000	-18.4060	-13.7951
454.0000	64.0000	-18.5438	-17.5033
455.0000	64.0000	-18.6825	-21.2148
456.0000	64.0000	-18.8228	-24.9293
457.0000	64.0000	-18.9640	-28.6468
458.0000	64.0000	-19.1062	-32.3716
459.0000	64.0000	-19.2485	-36.1028
460.0000	64.0000	-19.3909	-39.8335
461.0000	64.0000	-19.5312	-43.5667
462.0000	64.0000	-19.6687	-47.3020
463.0000	64.0000	-19.8071	-51.0452
464.0000	64.0000	-19.9515	-54.7993
465.0000	64.0000	-20.0974	-58.5517
466.0000	64.0000	-20.2375	-62.3056
467.0000	64.0000	-20.3749	-66.0639
468.0000	64.0000	-20.5112	-69.8265
469.0000	64.0000	-20.6470	-73.5930
669.0000	169.0000	-19.8553	76.4046
670.0000	169.0000	-19.9070	73.8479
671.0000	169.0000	-19.9595	71.2842
672.0000	169.0000	-20.0134	68.7112
673.0000	169.0000	-20.0692	66.1320
674.0000	169.0000	-20.1255	63.5460
675.0000	158.0000	-12.8401	76.9420
675.0000	169.0000	-20.1814	60.9530
676.0000	158.0000	-12.8861	74.5886
676.0000	169.0000	-20.2378	58.3543
677.0000	158.0000	-12.9329	72.2200
677.0000	169.0000	-20.2950	55.7503
678.0000	158.0000	-12.9818	69.8393
678.0000	169.0000	-20.3538	53.1433
679.0000	158.0000	-13.0308	67.4467
679.0000	169.0000	-20.4130	50.5307
680.0000	158.0000	-13.0794	65.0425
680.0000	169.0000	-20.4720	47.9122
681.0000	158.0000	-13.1285	62.6295
681.0000	169.0000	-20.5316	45.2891
682.0000	158.0000	-13.1784	60.2097
682.0000	169.0000	-20.5919	42.6614
683.0000	158.0000	-13.2288	57.7858
683.0000	169.0000	-20.6527	40.0299
684.0000	158.0000	-13.2805	55.3589
684.0000	169.0000	-20.7147	37.3944
685.0000	158.0000	-13.3328	52.9289
685.0000	169.0000	-20.7772	34.7558
686.0000	158.0000	-13.3850	50.4967
686.0000	169.0000	-20.8399	32.1123
687.0000	158.0000	-13.4375	48.0645
687.0000	169.0000	-20.9030	29.4643
688.0000	158.0000	-13.4900	45.6313
688.0000	169.0000	-20.9664	26.8128
689.0000	158.0000	-13.5440	43.1967
689.0000	169.0000	-21.0308	24.1576
690.0000	158.0000	-13.5989	40.7611
690.0000	169.0000	-21.0959	21.4984
691.0000	158.0000	-13.6535	38.3243
691.0000	169.0000	-21.1610	18.8355
692.0000	158.0000	-13.7085	35.8921
692.0000	169.0000	-21.2264	16.1758
693.0000	158.0000	-13.7635	33.4963
693.0000	169.0000	-21.2914	13.5489
694.0000	158.0000	-13.8158	31.1675
694.0000	169.0000	-21.3546	10.9859
695.0000	158.0000	-13.8626	28.9035
695.0000	169.0000	-21.4151	8.4849
696.0000	158.0000	-13.9055	26.6870
696.0000	169.0000	-21.4741	6.0288
697.0000	158.0000	-13.9467	24.5144
697.0000	169.0000	-21.5329	3.6157
698.0000	158.0000	-13.9873	22.3827
698.0000	169.0000	-21.5921	1.2416
699.0000	158.0000	-14.0269	20.2904
699.0000	169.0000	-21.6517	-1.0941
700.0000	158.0000	-14.0671	18.2334
700.0000	169.0000	-21.7124	-3.3983
701.0000	158.0000	-14.1085	16.2080
701.0000	169.0000	-21.7740	-5.6739
702.0000	158.0000	-14.1501	14.2113
702.0000	169.0000	-21.8368	-7.9228
703.0000	158.0000	-14.1929	12.2397
703.0000	169.0000	-21.9006	-10.1492
704.0000	158.0000	-14.2364	10.2916
704.0000	169.0000	-21.9660	-12.3548
705.0000	158.0000	-14.2815	8.3627
705.0000	169.0000	-22.0323	-14.5422
706.0000	158.0000	-14.3278	6.4515
706.0000	169.0000	-22.1000	-16.7139
707.0000	158.0000	-14.3756	4.5556
707.0000	169.0000	-22.1684	-18.8738
708.0000	158.0000	-14.4249	2.6733
708.0000	169.0000	-22.2369	-21.0228
709.0000	158.0000	-14.4750	0.8042
709.0000	169.0000	-22.3065	-23.1607
710.0000	158.0000	-14.5263	-1.0544
710.0000	169.0000	-22.3760	-25.2907
711.0000	158.0000	-14.5785	-2.9037
711.0000	169.0000	-22.4450	-27.4135
712.0000	158.0000	-14.6313	-4.7429
712.0000	169.0000	-22.5152	-29.5280
713.0000	158.0000	-14.6850	-6.5772
713.0000	169.0000	-22.5868	-31.6406
714.0000	158.0000	-14.7391	-8.4113
714.0000	169.0000	-22.6558	-33.7555
715.0000	158.0000	-14.7932	-10.2430
715.0000	169.0000	-22.7225	-35.8708
716.0000	158.0000	-14.8480	-12.0715
716.0000	169.0000	-22.7911	-37.9848
717.0000	158.0000	-14.9022	-13.8910
717.0000	169.0000	-22.8573	-40.0929
718.0000	158.0000	-14.9556	-15.6642
718.0000	169.0000	-22.9224	-42.1578
719.0000	158.0000	-15.0105	-17.3636
719.0000	169.0000	-22.9950	-44.1524
720.0000	158.0000	-15.0684	-18.9909
720.0000	169.0000	-23.0770	-46.0624
721.0000	158.0000	-15.1318	-20.5631
721.0000	169.0000	-23.1731	-47.9007
722.0000	158.0000	-15.1951	-22.1258
722.0000	169.0000	-23.2656	-49.7157
723.0000	158.0000	-15.2526	-23.6916
723.0000	169.0000	-23.3416	-51.5234
724.0000	158.0000	-15.3090	-25.2256
724.0000	169.0000	-23.4140	-53.2877
725.0000	158.0000	-15.3785	-26.6991
725.0000	169.0000	-23.5168	-54.9976
726.0000	158.0000	-15.4528	-28.1506
726.0000	169.0000	-23.6292	-56.7020
727.0000	158.0000	-15.5142	-29.6019
727.0000	169.0000	-23.7131	-58.4296
728.0000	158.0000	-15.5769	-31.0184
728.0000	169.0000	-23.8003	-60.1430
729.0000	158.0000	-15.6595	-32.3893
729.0000	169.0000	-23.9288	-61.8255
730.0000	158.0000	-15.7372	-33.7546
730.0000	169.0000	-24.0467	-63.5232
731.0000	158.0000	-15.8065	-35.1074
731.0000	169.0000	-24.1478	-65.2308
732.0000	158.0000	-15.8883	-36.4396
732.0000	169.0000	-24.2736	-66.9361
733.0000	158.0000	-15.9592	-37.7696
733.0000	169.0000	-24.3787	-68.6620
734.0000	158.0000	-16.0346	-39.0894
734.0000	169.0000	-24.4928	-70.3961
735.0000	158.0000	-16.0957	-40.4173
735.0000	169.0000	-24.5805	-72.1604
736.0000	158.0000	-16.1588	-41.7369
736.0000	169.0000	-24.6730	-73.9339
737.0000	158.0000	-16.2348	-43.0286
737.0000	169.0000	-24.7902	-75.6946
738.0000	158.0000	-16.3155	-44.3138
739.0000	158.0000	-16.3888	-45.5909
740.0000	158.0000	-16.4608	-46.8653
741.0000	158.0000	-16.5227	-48.1424
742.0000	158.0000	-16.5813	-49.4180
743.0000	158.0000	-16.6452	-50.6889
744.0000	158.0000	-16.7093	-51.9572
745.0000	158.0000	-16.7627	-53.1765
746.0000	158.0000	-16.8115	-54.2200
747.0000	158.0000	-16.8527	-55.2496
748.0000	158.0000	-16.8921	-56.2843
749.0000	158.0000	-16.9349	-57.3271
750.0000	158.0000	-16.9780	-58.3829
751.0000	158.0000	-17.0211	-59.4548
752.0000	158.0000	-17.0614	-60.5459
753.0000	158.0000	-17.1018	-61.6487
754.0000	158.0000	-17.1452	-62.7259
755.0000	158.0000	-17.1876	-63.7675
756.0000	158.0000	-17.2305	-64.8085
757.0000	158.0000	-17.2725	-65.7919
758.0000	158.0000	-17.3146	-66.7284
759.0000	158.0000	-17.3571	-67.6758
760.0000	158.0000	-17.4005	-68.6396
761.0000	158.0000	-17.4396	-69.6358
762.0000	158.0000	-17.4887	-70.6692
763.0000	158.0000	-17.5368	-71.7438
764.0000	158.0000	-17.5834	-72.8470
765.0000	158.0000	-17.6324	-73.9554
766.0000	158.0000	-17.6821	-75.0776
767.0000	158.0000	-17.7314	-76.2236
768.0000	158.0000	-17.7814	-77.3948
793.0000	101.0000	-15.3115	78.1643
794.0000	101.0000	-15.4010	77.2585
795.0000	101.0000	-15.4644	76.2914
796.0000	101.0000	-15.5319	75.2663
797.0000	101.0000	-15.6012	74.1812
798.0000	101.0000	-15.6633	73.1332
799.0000	101.0000	-15.7290	72.3077
800.0000	101.0000	-15.8125	71.4583
801.0000	101.0000	-15.8524	70.5466
802.0000	101.0000	-15.9110	69.5748
803.0000	101.0000	-15.9719	68.5415
804.0000	101.0000	-16.0239	67.5477
805.0000	101.0000	-16.0676	66.8096
806.0000	101.0000	-16.1110	66.1118
807.0000	101.0000	-16.1477	65.4108
808.0000	101.0000	-16.1843	64.7093
809.0000	101.0000	-16.2175	64.0048
810.0000	101.0000	-16.2534	63.2457
811.0000	101.0000	-16.2900	62.4158
812.0000	101.0000	-16.3256	61.5157
813.0000	101.0000	-16.3587	60.5457
814.0000	101.0000	-16.3934	59.6112
815.0000	101.0000	-16.4234	58.8835
816.0000	101.0000	-16.4479	58.1071
817.0000	101.0000	-16.4783	57.2624
818.0000	101.0000	-16.5100	56.3502
819.0000	101.0000	-16.5358	55.4764
820.0000	101.0000	-16.5536	54.8207
821.0000	101.0000	-16.5730	54.1153
822.0000	101.0000	-16.5957	53.3390
823.0000	101.0000	-16.6210	52.4934
824.0000	101.0000	-16.6441	51.6867
825.0000	101.0000	-16.6583	51.0584
826.0000	101.0000	-16.6728	50.4289
827.0000	101.0000	-16.6871	49.7996
828.0000	101.0000	-16.7015	49.1707
829.0000	101.0000	-16.7159	48.5420
830.0000	101.0000	-16.7323	47.8730
831.0000	101.0000	-16.7526	47.1234
832.0000	101.0000	-16.7763	46.2986
833.0000	101.0000	-16.7970	45.5084
834.0000	101.0000	-16.8100	44.8728
835.0000	101.0000	-16.8268	44.1632
836.0000	101.0000	-16.8464	43.3792
837.0000	101.0000	-16.8634	42.6326
838.0000	101.0000	-16.8750	41.9987
839.0000	101.0000	-16.8896	41.2940
840.0000	101.0000	-16.9067	40.5176
841.0000	101.0000	-16.9221	39.7810
842.0000	101.0000	-16.9312	39.1470
843.0000	101.0000	-16.9433	38.4457
844.0000	101.0000	-16.9583	37.6741
845.0000	101.0000	-16.9699	36.9671
846.0000	101.0000	-16.9767	36.3406
847.0000	101.0000	-16.9828	35.7120
848.0000	101.0000	-16.9895	35.0836
849.0000	101.0000	-16.9953	34.4561
850.0000	101.0000	-17.0021	33.7976
851.0000	101.0000	-17.0148	33.0478
852.0000	101.0000	-17.0254	32.3234
853.0000	101.0000	-17.0303	31.6912
854.0000	101.0000	-17.0409	30.9776
855.0000	101.0000	-17.0495	30.2881
856.0000	101.0000	-17.0546	29.6542
857.0000	101.0000	-17.0650	28.9486
858.0000	101.0000	-17.0733	28.2689
859.0000	101.0000	-17.0786	27.6355
860.0000	101.0000	-17.0879	26.9355
861.0000	101.0000	-17.0968	26.2525
862.0000	101.0000	-17.1040	25.6009
863.0000	101.0000	-17.1167	24.8724
864.0000	101.0000	-17.1277	24.1554
865.0000	101.0000	-17.1382	23.4678
866.0000	101.0000	-17.1494	22.7648
867.0000	101.0000	-17.1611	22.0597
868.0000	101.0000	-17.1724	21.3562
869.0000	101.0000	-17.1836	20.6542
870.0000	101.0000	-17.1959	19.9388
871.0000	101.0000	-17.2127	19.1501
872.0000	101.0000	-17.2276	18.3753
873.0000	101.0000	-17.2413	17.6338
874.0000	101.0000	-17.2614	16.7991
875.0000	101.0000	-17.2799	15.9762
876.0000	101.0000	-17.2963	15.1899
877.0000	101.0000	-17.3179	14.3149
878.0000	101.0000	-17.3382	13.4523
879.0000	101.0000	-17.3559	12.6299
880.0000	101.0000	-17.3789	11.7169
881.0000	101.0000	-17.4008	10.8157
882.0000	101.0000	-17.4198	9.9567
883.0000	101.0000	-17.4441	9.0069
884.0000	101.0000	-17.4673	8.0696
885.0000	101.0000	-17.4876	7.1744
886.0000	101.0000	-17.5129	6.1886
887.0000	101.0000	-17.5372	5.2147
888.0000	101.0000	-17.5584	4.2849
889.0000	101.0000	-17.5848	3.2639
890.0000	101.0000	-17.6101	2.2547
891.0000	101.0000	-17.6323	1.2903
892.0000	101.0000	-17.6596	0.2348
893.0000	101.0000	-17.6858	-0.8086
894.0000	101.0000	-17.7083	-1.7979
895.0000	101.0000	-17.7312	-2.8009
896.0000	101.0000	-17.7544	-3.8140
897.0000	101.0000	-17.7779	-4.8362
898.0000	101.0000	-17.8023	-5.8652
899.0000	101.0000	-17.8287	-6.8968
900.0000	101.0000	-17.8594	-7.9252
901.0000	101.0000	-17.8971	-8.9462
902.0000	101.0000	-17.9460	-9.9539
903.0000	101.0000	-18.0098	-10.9451
904.0000	101.0000	-18.0914	-11.9193
905.0000	101.0000	-18.1913	-12.8810
906.0000	101.0000	-18.3105	-13.8297
907.0000	101.0000	-18.4495	-14.7580
908.0000	101.0000	-18.6055	-15.6712
909.0000	101.0000	-18.7817	-16.5655
910.0000	101.0000	-18.9750	-17.4467
911.0000	101.0000	-19.1843	-18.3187
912.0000	101.0000	-19.4172	-19.1831
913.0000	101.0000	-19.6712	-20.0433
914.0000	101.0000	-19.9475	-20.8976
915.0000	101.0000	-20.2393	-21.7532
916.0000	101.0000	-20.5510	-22.6051
917.0000	101.0000	-20.8831	-23.4525
918.0000	101.0000	-21.2262	-24.3054
919.0000	101.0000	-21.5881	-25.1553
920.0000	101.0000	-21.9703	-26.0008
921.0000	101.0000	-22.3675	-26.8468
922.0000	101.0000	-22.7795	-27.6931
923.0000	101.0000	-23.2009	-28.5449
924.0000	101.0000	-23.6412	-29.3928
925.0000	101.0000	-24.1080	-30.2297
926.0000	101.0000	-24.5850	-31.0701
927.0000	101.0000	-25.0713	-31.9145
928.0000	101.0000	-25.5745	-32.7559
929.0000	101.0000	-26.1017	-33.5879
930.0000	101.0000	-26.6394	-34.4218
931.0000	101.0000	-27.1862	-35.2586
932.0000	101.0000	-27.7581	-36.0842
933.0000	101.0000	-28.3510	-36.9016
934.0000	101.0000	-28.9569	-37.7175
935.0000	101.0000	-29.5681	-38.5378
936.0000	101.0000	-30.2004	-39.3491
937.0000	101.0000	-30.8555	-40.1495
938.0000	101.0000	-31.5346	-40.9375
939.0000	101.0000	-32.2128	-41.7336
940.0000	101.0000	-32.9045	-42.5256
941.0000	101.0000	-33.6325	-43.2935
942.0000	101.0000	-34.3712	-44.0586
943.0000	101.0000	-35.1144	-44.8256
944.0000	101.0000	-35.8870	-45.5731
945.0000	101.0000	-36.6725	-46.3146
946.0000	101.0000	-37.4636	-47.0561
947.0000	101.0000	-38.2836	-47.7769
948.0000	101.0000	-39.0489	-48.5496
949.0000	101.0000	-39.8051	-49.3358
950.0000	101.0000	-40.6088	-50.0858
951.0000	101.0000	-41.4595	-50.7992
952.0000	101.0000	-42.3408	-51.4890
953.0000	101.0000	-43.2445	-52.1613
954.0000	101.0000	-44.1728	-52.8133
955.0000	101.0000	-45.1251	-53.4444
956.0000	101.0000	-46.0981	-54.0566
957.0000	101.0000	-47.0900	-54.6508
958.0000	101.0000	-48.1151	-55.2126
959.0000	101.0000	-49.1339	-55.7780
960.0000	101.0000	-50.1795	-56.3155
961.0000	101.0000	-51.2635	-56.8126
962.0000	101.0000	-52.3407	-57.3117
963.0000	101.0000	-53.4167	-57.8074
964.0000	101.0000	-54.5285	-58.2626
