0.0000	20.0000	0.2757	50.7492
1.0000	20.0000	0.3815	50.6426
2.0000	20.0000	0.4513	50.6018
3.0000	20.0000	0.4941	50.5056
4.0000	20.0000	0.5032	50.4875
5.0000	20.0000	0.5032	50.4896
6.0000	20.0000	0.5053	50.5348
7.0000	20.0000	0.5029	50.6287
8.0000	20.0000	0.5069	50.7893
9.0000	20.0000	0.5053	51.0010
10.0000	20.0000	0.5037	51.2549
11.0000	20.0000	0.5039	51.4905
12.0000	20.0000	0.5018	51.6289
13.0000	20.0000	0.5005	51.8212
14.0000	20.0000	0.4980	52.0540
15.0000	20.0000	0.4961	52.2890
16.0000	20.0000	0.4989	52.5196
17.0000	20.0000	0.4958	52.7439
18.0000	20.0000	0.4937	52.9490
19.0000	20.0000	0.4981	53.1153
20.0000	20.0000	0.4975	53.1699
21.0000	20.0000	0.4961	53.2757
22.0000	20.0000	0.4941	53.4433
22.0000	50.0000	73.0888	31.9701
23.0000	20.0000	0.4916	53.6670
23.0000	50.0000	72.5558	31.9900
24.0000	20.0000	0.4891	53.8817
24.0000	50.0000	71.9913	32.0108
25.0000	20.0000	0.4879	53.9958
25.0000	50.0000	71.3969	32.0320
26.0000	20.0000	0.4858	54.1652
26.0000	50.0000	70.8256	32.0521
27.0000	20.0000	0.4857	54.3249
27.0000	50.0000	70.3809	32.0614
28.0000	20.0000	0.4914	54.3693
28.0000	50.0000	69.9161	32.0595
29.0000	20.0000	0.4904	54.4746
29.0000	50.0000	69.4158	32.0729
30.0000	20.0000	0.4883	54.6457
30.0000	50.0000	68.8843	32.0892
31.0000	20.0000	0.4863	54.8119
31.0000	50.0000	68.3224	32.1058
32.0000	20.0000	0.4862	54.8245
32.0000	50.0000	67.7887	32.1212
33.0000	20.0000	0.4862	54.8253
33.0000	50.0000	67.4272	32.1311
34.0000	20.0000	0.4862	54.8260
34.0000	50.0000	67.0825	32.1390
35.0000	20.0000	0.4861	54.8264
35.0000	50.0000	66.7393	32.1472
36.0000	20.0000	0.4916	54.8231
36.0000	50.0000	66.4012	32.1451
37.0000	20.0000	0.5075	54.8102
37.0000	50.0000	66.1276	32.1197
38.0000	20.0000	0.5396	54.7790
38.0000	50.0000	66.0759	32.0529
39.0000	20.0000	0.5324	54.7713
39.0000	50.0000	66.0691	32.0520
40.0000	20.0000	0.5319	54.8073
40.0000	50.0000	66.0107	32.0529
41.0000	20.0000	0.5309	54.8932
41.0000	50.0000	65.8752	32.0551
42.0000	20.0000	0.5294	55.0254
42.0000	50.0000	65.6712	32.0584
43.0000	20.0000	0.5276	55.2006
43.0000	50.0000	65.4043	32.0626
44.0000	20.0000	0.5258	55.3569
44.0000	50.0000	65.0794	32.0687
45.0000	20.0000	0.5252	55.4075
45.0000	50.0000	64.7006	32.0754
46.0000	20.0000	0.5240	55.5157
46.0000	50.0000	64.2713	32.0831
47.0000	20.0000	0.5239	55.6804
47.0000	50.0000	63.7961	32.0856
48.0000	20.0000	0.5267	55.8893
48.0000	50.0000	63.2789	32.0787
49.0000	20.0000	0.5307	56.0652
49.0000	50.0000	62.7209	32.0520
50.0000	20.0000	0.5647	56.1238
50.0000	50.0000	62.1948	31.9698
51.0000	20.0000	0.6190	56.1984
51.0000	50.0000	61.9045	31.8203
52.0000	20.0000	0.6609	56.2943
52.0000	50.0000	61.8749	31.6479
53.0000	20.0000	0.7514	56.4091
53.0000	50.0000	61.9255	31.3975
54.0000	20.0000	0.7940	56.4833
54.0000	50.0000	61.8967	31.1728
55.0000	20.0000	0.8624	56.3663
55.0000	50.0000	61.8097	30.9001
56.0000	20.0000	0.9384	56.2049
56.0000	50.0000	61.6615	30.5978
57.0000	20.0000	1.0449	56.0264
57.0000	50.0000	61.5020	30.2488
58.0000	20.0000	1.1230	55.8663
58.0000	50.0000	61.3269	29.9482
59.0000	20.0000	1.1782	55.7531
59.0000	50.0000	61.1398	29.7187
60.0000	20.0000	1.2099	55.7473
60.0000	50.0000	60.9403	29.5702
61.0000	20.0000	1.2271	55.8883
61.0000	50.0000	60.7339	29.5124
62.0000	20.0000	1.2277	56.1365
62.0000	50.0000	60.4998	29.5171
63.0000	20.0000	1.2286	56.4413
63.0000	50.0000	60.2209	29.5230
64.0000	20.0000	1.2298	56.7968
64.0000	50.0000	59.8964	29.5301
65.0000	20.0000	1.2314	57.1989
65.0000	50.0000	59.5873	29.5364
66.0000	20.0000	1.2334	57.6441
66.0000	50.0000	59.3964	29.5386
67.0000	20.0000	1.2359	58.1292
67.0000	50.0000	59.1646	29.5425
68.0000	20.0000	1.2385	58.5972
68.0000	50.0000	58.9477	29.5460
69.0000	20.0000	1.2408	58.9478
69.0000	50.0000	58.8456	29.5478
70.0000	20.0000	1.2449	59.3281
70.0000	50.0000	58.6979	29.5456
71.0000	20.0000	1.2651	59.7418
71.0000	50.0000	58.5056	29.5231
72.0000	20.0000	1.3187	60.1727
72.0000	50.0000	58.2775	29.4511
72.0000	88.0000	74.4062	29.0769
73.0000	20.0000	1.3220	60.6178
73.0000	50.0000	58.0343	29.4040
73.0000	88.0000	74.0889	29.0329
74.0000	20.0000	1.3633	61.0068
74.0000	50.0000	58.0104	29.2828
74.0000	88.0000	73.7913	28.9079
75.0000	20.0000	1.4171	61.2119
75.0000	50.0000	58.0330	29.1140
75.0000	88.0000	73.5009	28.7328
76.0000	20.0000	1.4524	61.3839
76.0000	50.0000	58.0454	28.9416
76.0000	88.0000	73.2014	28.5590
77.0000	20.0000	1.4922	61.5095
77.0000	50.0000	58.0483	28.7836
77.0000	88.0000	72.9060	28.3983
78.0000	20.0000	1.5042	61.4970
78.0000	50.0000	58.0393	28.7268
78.0000	88.0000	72.5817	28.3451
79.0000	20.0000	1.5042	61.4986
79.0000	50.0000	58.0252	28.7270
79.0000	88.0000	72.2156	28.3527
80.0000	20.0000	1.5043	61.5006
80.0000	50.0000	58.0113	28.7279
80.0000	88.0000	71.8114	28.3621
81.0000	20.0000	1.5043	61.5028
81.0000	50.0000	57.9974	28.7287
81.0000	88.0000	71.3686	28.3719
82.0000	20.0000	1.5056	61.5575
82.0000	50.0000	57.9721	28.7293
82.0000	88.0000	70.8872	28.3823
83.0000	20.0000	1.5083	61.6871
83.0000	50.0000	57.9008	28.7307
83.0000	88.0000	70.4241	28.3922
84.0000	20.0000	1.5124	61.8839
84.0000	50.0000	57.8440	28.7318
84.0000	88.0000	70.0825	28.3992
85.0000	20.0000	1.5229	62.1386
85.0000	50.0000	57.8465	28.7239
85.0000	88.0000	69.7107	28.3975
86.0000	20.0000	1.5429	62.4413
86.0000	50.0000	57.8527	28.6987
86.0000	88.0000	69.3019	28.3784
87.0000	20.0000	1.5787	62.7791
87.0000	50.0000	57.8394	28.6428
87.0000	88.0000	68.9170	28.3254
88.0000	20.0000	1.5962	63.1445
88.0000	50.0000	57.7654	28.5823
88.0000	88.0000	68.7506	28.2656
89.0000	20.0000	1.6185	63.4653
89.0000	50.0000	57.6433	28.4837
89.0000	88.0000	68.7544	28.1622
90.0000	20.0000	1.6639	63.6381
90.0000	50.0000	57.4829	28.3312
90.0000	88.0000	68.7691	27.9999
91.0000	20.0000	1.7100	63.8213
91.0000	50.0000	57.2726	28.1511
91.0000	88.0000	68.7836	27.8087
92.0000	20.0000	1.7654	64.0255
92.0000	50.0000	57.0800	27.9382
92.0000	88.0000	68.8020	27.5832
93.0000	20.0000	1.7948	64.2516
93.0000	50.0000	57.0588	27.7209
93.0000	88.0000	68.8075	27.3613
94.0000	20.0000	1.8416	64.4978
94.0000	50.0000	57.0706	27.4669
94.0000	88.0000	68.8199	27.1006
95.0000	20.0000	1.9119	64.6892
95.0000	50.0000	57.0930	27.1702
95.0000	88.0000	68.8426	26.7931
96.0000	20.0000	1.9299	64.6846
96.0000	50.0000	57.0937	26.8913
96.0000	88.0000	68.8436	26.5116
97.0000	20.0000	1.9446	64.6439
97.0000	50.0000	57.0921	26.5940
97.0000	88.0000	68.8423	26.2123
98.0000	20.0000	1.9475	64.5870
98.0000	50.0000	57.0857	26.2900
98.0000	88.0000	68.8359	25.9080
99.0000	20.0000	1.9554	64.5460
99.0000	50.0000	57.0817	25.9992
99.0000	88.0000	68.8320	25.6162
100.0000	20.0000	2.0004	64.5657
100.0000	50.0000	57.0938	25.7255
100.0000	88.0000	68.8440	25.3354
101.0000	20.0000	2.0263	64.6922
101.0000	50.0000	57.0976	25.5168
101.0000	88.0000	68.8468	25.1235
102.0000	20.0000	2.0581	64.8868
102.0000	50.0000	57.1031	25.3155
102.0000	88.0000	68.8522	24.9183
103.0000	20.0000	2.0952	65.1245
103.0000	50.0000	57.1098	25.1003
103.0000	88.0000	68.8587	24.6987
104.0000	20.0000	2.1263	65.4027
104.0000	50.0000	57.1127	24.8802
104.0000	88.0000	68.8615	24.4755
105.0000	20.0000	2.1560	65.7508
105.0000	50.0000	57.1135	24.6842
105.0000	88.0000	68.8631	24.2771
106.0000	20.0000	2.1832	66.1831
106.0000	50.0000	57.1138	24.5302
106.0000	88.0000	68.8625	24.1216
107.0000	20.0000	2.2079	66.6081
107.0000	50.0000	57.1133	24.3813
107.0000	88.0000	68.8603	23.9716
108.0000	20.0000	2.2340	66.8939
108.0000	50.0000	57.0968	24.2129
108.0000	88.0000	68.8607	23.8006
109.0000	20.0000	2.2567	67.1885
109.0000	50.0000	57.0922	24.0274
109.0000	88.0000	68.8599	23.6137
110.0000	20.0000	2.2855	67.4421
110.0000	50.0000	57.0938	23.8142
110.0000	88.0000	68.8614	23.3979
111.0000	20.0000	2.3052	67.5484
111.0000	50.0000	57.0932	23.5824
111.0000	88.0000	68.8608	23.1641
112.0000	20.0000	2.3188	67.6644
112.0000	50.0000	57.0893	23.3343
112.0000	88.0000	68.8569	22.9153
113.0000	20.0000	2.3326	67.8003
113.0000	50.0000	57.0847	23.0650
113.0000	88.0000	68.8522	22.6455
114.0000	20.0000	2.3362	67.8977
114.0000	50.0000	57.0762	22.7814
114.0000	88.0000	68.8438	22.3626
115.0000	20.0000	2.3359	67.8519
115.0000	50.0000	57.0675	22.4758
115.0000	88.0000	68.8352	22.0577
116.0000	20.0000	2.3390	67.8186
116.0000	50.0000	57.0594	22.1474
116.0000	88.0000	68.8270	21.7297
117.0000	20.0000	2.3410	67.7092
117.0000	50.0000	57.0514	21.7969
117.0000	88.0000	68.8190	21.3791
118.0000	20.0000	2.3342	67.3953
118.0000	50.0000	57.0428	21.4266
118.0000	88.0000	68.8104	21.0089
119.0000	20.0000	2.3243	67.0406
119.0000	50.0000	57.0330	21.0378
119.0000	88.0000	68.8007	20.6205
120.0000	20.0000	2.3103	66.6709
120.0000	50.0000	57.0216	20.6374
120.0000	88.0000	68.7894	20.2212
121.0000	20.0000	2.2942	66.3182
121.0000	50.0000	57.0097	20.2553
121.0000	88.0000	68.7766	19.8405
122.0000	20.0000	2.2846	66.0429
122.0000	50.0000	57.0002	19.9149
122.0000	88.0000	68.7672	19.5010
123.0000	20.0000	2.2828	65.8711
123.0000	50.0000	56.9936	19.6273
123.0000	88.0000	68.7606	19.2134
124.0000	20.0000	2.2859	65.8084
124.0000	50.0000	56.9889	19.4000
124.0000	88.0000	68.7558	18.9858
125.0000	20.0000	2.2903	65.8571
125.0000	50.0000	56.9849	19.2374
125.0000	88.0000	68.7518	18.8233
126.0000	20.0000	2.2968	66.0164
126.0000	50.0000	56.9818	19.1372
126.0000	88.0000	68.7488	18.7235
127.0000	20.0000	2.2998	66.2370
127.0000	50.0000	56.9792	19.1176
127.0000	88.0000	68.7461	18.7050
128.0000	20.0000	2.3051	66.3590
128.0000	50.0000	56.9792	19.1188
128.0000	88.0000	68.7462	18.7062
129.0000	20.0000	2.3118	66.5167
129.0000	50.0000	56.9793	19.1198
129.0000	88.0000	68.7462	18.7073
130.0000	20.0000	2.3206	66.7186
130.0000	50.0000	56.9793	19.1204
130.0000	88.0000	68.7463	18.7078
131.0000	20.0000	2.3312	66.9659
131.0000	50.0000	56.9794	19.1207
131.0000	88.0000	68.7464	18.7081
132.0000	20.0000	2.3437	67.2598
132.0000	50.0000	56.9794	19.1208
132.0000	88.0000	68.7464	18.7083
133.0000	20.0000	2.3553	67.5367
133.0000	50.0000	56.9794	19.1209
133.0000	88.0000	68.7464	18.7084
134.0000	20.0000	2.3618	67.6863
134.0000	50.0000	56.9786	19.1210
134.0000	88.0000	68.7464	18.7084
135.0000	20.0000	2.3697	67.8701
135.0000	50.0000	56.9786	19.1210
135.0000	88.0000	68.7464	18.7084
136.0000	20.0000	2.3766	68.0301
136.0000	50.0000	56.9786	19.1210
136.0000	88.0000	68.7464	18.7084
137.0000	20.0000	2.3773	68.0459
137.0000	50.0000	56.9786	19.1210
137.0000	88.0000	68.7455	18.7085
138.0000	20.0000	2.3790	68.0873
138.0000	50.0000	56.9786	19.1210
138.0000	88.0000	68.7455	18.7085
139.0000	20.0000	2.3826	68.1726
139.0000	50.0000	56.9664	19.1213
139.0000	88.0000	68.7455	18.7085
140.0000	20.0000	2.3879	68.2963
140.0000	50.0000	56.9294	19.1223
140.0000	88.0000	68.7455	18.7085
141.0000	20.0000	2.3943	68.4463
141.0000	50.0000	56.8600	19.1241
141.0000	88.0000	68.7455	18.7085
142.0000	20.0000	2.4008	68.5993
142.0000	50.0000	56.7514	19.1269
142.0000	88.0000	68.7455	18.7085
143.0000	20.0000	2.4073	68.7519
143.0000	50.0000	56.6639	19.1291
143.0000	88.0000	68.7455	18.7085
144.0000	20.0000	2.4110	68.8376
144.0000	50.0000	56.6568	19.1293
144.0000	88.0000	68.7455	18.7085
145.0000	20.0000	2.4110	68.8376
145.0000	50.0000	56.6495	19.1295
145.0000	88.0000	68.7455	18.7085
146.0000	20.0000	2.4111	68.8396
146.0000	50.0000	56.6433	19.1297
146.0000	88.0000	68.7455	18.7085
147.0000	20.0000	2.4125	68.8730
147.0000	50.0000	56.6415	19.1297
147.0000	88.0000	68.7455	18.7085
148.0000	20.0000	2.4159	68.9530
148.0000	50.0000	56.6376	19.1298
148.0000	88.0000	68.7455	18.7085
149.0000	20.0000	2.4214	69.0816
149.0000	50.0000	56.5900	19.1311
149.0000	88.0000	68.7455	18.7085
150.0000	20.0000	2.4262	69.1933
150.0000	50.0000	56.5495	19.1321
150.0000	88.0000	68.7455	18.7085
151.0000	20.0000	2.4265	69.2009
151.0000	50.0000	56.5496	19.1321
151.0000	88.0000	68.7455	18.7085
152.0000	20.0000	2.4288	69.2549
152.0000	50.0000	56.5494	19.1321
152.0000	88.0000	68.7455	18.7085
153.0000	20.0000	2.4320	69.3310
153.0000	50.0000	56.5492	19.1321
153.0000	88.0000	68.7455	18.7085
154.0000	20.0000	2.4359	69.4214
154.0000	50.0000	56.5492	19.1321
154.0000	88.0000	68.7455	18.7085
155.0000	20.0000	2.4415	69.5514
155.0000	50.0000	56.5482	19.1321
155.0000	88.0000	68.7455	18.7085
156.0000	20.0000	2.4478	69.6970
156.0000	50.0000	56.5481	19.1321
156.0000	88.0000	68.7455	18.7085
157.0000	20.0000	2.4544	69.8512
157.0000	50.0000	56.5481	19.1321
157.0000	88.0000	68.7455	18.7085
158.0000	20.0000	2.4617	70.0228
158.0000	50.0000	56.5481	19.1321
158.0000	88.0000	68.7455	18.7085
159.0000	20.0000	2.4697	70.2099
159.0000	50.0000	56.5481	19.1321
159.0000	88.0000	68.7455	18.7085
160.0000	20.0000	2.4783	70.4089
160.0000	50.0000	56.5481	19.1321
160.0000	88.0000	68.7455	18.7085
161.0000	20.0000	2.4871	70.6163
161.0000	50.0000	56.5481	19.1321
161.0000	88.0000	68.7455	18.7085
162.0000	20.0000	2.4960	70.8253
162.0000	50.0000	56.5481	19.1321
162.0000	88.0000	68.7455	18.7085
163.0000	20.0000	2.5021	70.9672
163.0000	50.0000	56.5481	19.1321
163.0000	88.0000	68.7455	18.7085
164.0000	20.0000	2.5022	70.9698
164.0000	50.0000	56.5481	19.1321
164.0000	88.0000	68.7455	18.7085
165.0000	20.0000	2.5022	70.9708
165.0000	50.0000	56.5481	19.1321
165.0000	88.0000	68.7455	18.7085
166.0000	20.0000	2.5023	70.9714
166.0000	50.0000	56.5481	19.1321
166.0000	88.0000	68.7455	18.7085
167.0000	20.0000	2.5033	70.9943
167.0000	50.0000	56.5481	19.1321
167.0000	88.0000	68.7455	18.7085
168.0000	20.0000	2.5037	71.0033
168.0000	50.0000	56.5481	19.1321
168.0000	88.0000	68.7456	18.7085
169.0000	20.0000	2.5038	71.0062
169.0000	50.0000	56.5481	19.1321
169.0000	88.0000	68.7447	18.7085
170.0000	20.0000	2.5054	71.0441
170.0000	50.0000	56.5481	19.1321
170.0000	88.0000	68.7447	18.7085
171.0000	20.0000	2.5080	71.1041
171.0000	50.0000	56.5481	19.1321
171.0000	88.0000	68.7447	18.7085
172.0000	20.0000	2.5112	71.1805
172.0000	50.0000	56.5481	19.1321
172.0000	88.0000	68.7447	18.7085
173.0000	20.0000	2.5159	71.2896
173.0000	50.0000	56.5481	19.1321
173.0000	88.0000	68.7448	18.7085
174.0000	20.0000	2.5191	71.3639
174.0000	50.0000	56.5481	19.1321
174.0000	88.0000	68.7439	18.7085
175.0000	20.0000	2.5191	71.3637
175.0000	50.0000	56.5481	19.1321
175.0000	88.0000	68.7439	18.7085
176.0000	20.0000	2.5191	71.3642
176.0000	50.0000	56.5481	19.1321
176.0000	88.0000	68.7439	18.7085
177.0000	20.0000	2.5192	71.3645
177.0000	50.0000	56.5481	19.1321
177.0000	88.0000	68.7430	18.7086
178.0000	20.0000	2.5192	71.3647
178.0000	50.0000	56.5481	19.1321
178.0000	88.0000	68.7430	18.7086
179.0000	20.0000	2.5192	71.3648
179.0000	50.0000	56.5481	19.1321
179.0000	88.0000	68.7431	18.7086
180.0000	20.0000	2.5192	71.3648
180.0000	50.0000	56.5481	19.1321
180.0000	88.0000	68.7422	18.7086
181.0000	20.0000	2.5192	71.3649
181.0000	50.0000	56.5481	19.1321
181.0000	88.0000	68.7422	18.7086
182.0000	20.0000	2.5192	71.3649
182.0000	50.0000	56.5481	19.1321
182.0000	88.0000	68.7422	18.7086
183.0000	20.0000	2.5192	71.3649
183.0000	50.0000	56.5481	19.1321
183.0000	88.0000	68.7422	18.7086
184.0000	20.0000	2.5192	71.3649
184.0000	50.0000	56.5481	19.1321
184.0000	88.0000	68.7422	18.7086
185.0000	20.0000	2.5192	71.3649
185.0000	50.0000	56.5481	19.1321
185.0000	88.0000	68.7422	18.7086
186.0000	20.0000	2.5192	71.3649
186.0000	50.0000	56.5481	19.1321
186.0000	88.0000	68.7422	18.7086
187.0000	20.0000	2.5192	71.3649
187.0000	50.0000	56.5481	19.1321
187.0000	88.0000	68.7422	18.7086
188.0000	20.0000	2.5192	71.3649
188.0000	50.0000	56.5481	19.1321
188.0000	88.0000	68.7422	18.7086
189.0000	20.0000	2.5192	71.3649
189.0000	50.0000	56.5481	19.1321
189.0000	88.0000	68.7422	18.7086
190.0000	20.0000	2.5192	71.3649
190.0000	50.0000	56.5481	19.1321
190.0000	88.0000	68.7422	18.7086
191.0000	20.0000	2.5192	71.3649
191.0000	50.0000	56.5481	19.1321
191.0000	88.0000	68.7413	18.7086
192.0000	20.0000	2.5192	71.3649
192.0000	50.0000	56.5481	19.1321
192.0000	88.0000	68.7413	18.7086
193.0000	20.0000	2.5192	71.3649
193.0000	50.0000	56.5481	19.1321
193.0000	88.0000	68.7413	18.7086
194.0000	20.0000	2.5192	71.3649
194.0000	50.0000	56.5481	19.1321
194.0000	88.0000	68.7413	18.7086
195.0000	20.0000	2.5192	71.3649
195.0000	50.0000	56.5481	19.1321
195.0000	88.0000	68.7413	18.7086
196.0000	20.0000	2.5192	71.3649
196.0000	50.0000	56.5481	19.1321
196.0000	88.0000	68.7413	18.7086
197.0000	20.0000	2.5192	71.3649
197.0000	50.0000	56.5481	19.1321
197.0000	88.0000	68.7413	18.7086
198.0000	20.0000	2.5192	71.3649
198.0000	50.0000	56.5481	19.1321
198.0000	88.0000	68.7413	18.7086
199.0000	20.0000	2.5192	71.3649
199.0000	50.0000	56.5481	19.1321
199.0000	88.0000	68.7413	18.7086
200.0000	20.0000	2.5192	71.3649
200.0000	50.0000	56.5481	19.1321
200.0000	88.0000	68.7413	18.7086
201.0000	20.0000	2.5192	71.3648
201.0000	50.0000	56.5481	19.1321
201.0000	88.0000	68.7413	18.7086
202.0000	20.0000	2.5192	71.3657
202.0000	50.0000	56.5481	19.1321
202.0000	88.0000	68.7413	18.7086
203.0000	20.0000	2.5192	71.3657
203.0000	50.0000	56.5481	19.1321
203.0000	88.0000	68.7413	18.7086
204.0000	20.0000	2.5192	71.3657
204.0000	50.0000	56.5481	19.1321
204.0000	88.0000	68.7413	18.7086
205.0000	20.0000	2.5192	71.3657
205.0000	50.0000	56.5481	19.1321
205.0000	88.0000	68.7413	18.7086
206.0000	20.0000	2.5192	71.3657
206.0000	50.0000	56.5481	19.1321
206.0000	88.0000	68.7413	18.7086
207.0000	20.0000	2.5192	71.3657
207.0000	50.0000	56.5481	19.1321
207.0000	88.0000	68.7413	18.7086
208.0000	20.0000	2.5192	71.3657
208.0000	50.0000	56.5481	19.1321
208.0000	88.0000	68.7413	18.7086
209.0000	20.0000	2.5192	71.3657
209.0000	50.0000	56.5481	19.1321
209.0000	88.0000	68.7414	18.7086
210.0000	20.0000	2.5192	71.3666
210.0000	50.0000	56.5481	19.1321
210.0000	88.0000	68.7405	18.7086
211.0000	20.0000	2.5192	71.3666
211.0000	50.0000	56.5481	19.1321
211.0000	88.0000	68.7405	18.7086
212.0000	20.0000	2.5192	71.3666
212.0000	50.0000	56.5481	19.1321
212.0000	88.0000	68.7405	18.7086
213.0000	20.0000	2.5193	71.3674
213.0000	50.0000	56.5481	19.1321
213.0000	88.0000	68.7405	18.7086
214.0000	20.0000	2.5193	71.3674
214.0000	50.0000	56.5481	19.1321
214.0000	88.0000	68.7405	18.7087
215.0000	20.0000	2.5193	71.3674
215.0000	50.0000	56.5404	19.1323
215.0000	88.0000	68.7396	18.7087
216.0000	20.0000	2.5193	71.3674
216.0000	50.0000	56.5108	19.1331
216.0000	88.0000	68.7396	18.7087
217.0000	20.0000	2.5193	71.3674
217.0000	50.0000	56.4496	19.1348
217.0000	88.0000	68.7396	18.7087
218.0000	20.0000	2.5193	71.3674
218.0000	50.0000	56.4081	19.1361
218.0000	88.0000	68.7396	18.7087
219.0000	20.0000	2.5193	71.3674
219.0000	50.0000	56.4082	19.1360
219.0000	88.0000	68.7396	18.7087
220.0000	20.0000	2.5193	71.3674
220.0000	50.0000	56.4080	19.1360
220.0000	88.0000	68.7397	18.7087
221.0000	20.0000	2.5193	71.3674
221.0000	50.0000	56.4078	19.1361
221.0000	88.0000	68.7388	18.7087
222.0000	20.0000	2.5193	71.3674
222.0000	50.0000	56.4077	19.1361
222.0000	88.0000	68.7388	18.7087
223.0000	20.0000	2.5193	71.3674
223.0000	50.0000	56.4068	19.1361
223.0000	88.0000	68.7388	18.7087
224.0000	20.0000	2.5193	71.3674
224.0000	50.0000	56.4034	19.1362
224.0000	88.0000	68.7388	18.7087
225.0000	20.0000	2.5193	71.3674
225.0000	50.0000	56.3721	19.1371
225.0000	88.0000	68.7388	18.7087
226.0000	20.0000	2.5193	71.3674
226.0000	50.0000	56.3593	19.1374
226.0000	88.0000	68.7379	18.7087
227.0000	20.0000	2.5193	71.3674
227.0000	50.0000	56.3592	19.1374
227.0000	88.0000	68.7379	18.7087
228.0000	20.0000	2.5193	71.3674
228.0000	50.0000	56.3591	19.1374
228.0000	88.0000	68.7379	18.7087
229.0000	20.0000	2.5193	71.3674
229.0000	50.0000	56.3590	19.1375
229.0000	88.0000	68.7380	18.7087
230.0000	20.0000	2.5193	71.3674
230.0000	50.0000	56.3373	19.1380
230.0000	88.0000	68.7371	18.7088
231.0000	20.0000	2.5193	71.3674
231.0000	50.0000	56.2763	19.1401
231.0000	88.0000	68.7371	18.7088
232.0000	20.0000	2.5193	71.3674
232.0000	50.0000	56.2331	19.1414
232.0000	88.0000	68.7371	18.7088
233.0000	20.0000	2.5193	71.3674
233.0000	50.0000	56.2332	19.1413
233.0000	88.0000	68.7371	18.7088
234.0000	20.0000	2.5193	71.3674
234.0000	50.0000	56.2330	19.1413
234.0000	88.0000	68.7362	18.7088
235.0000	20.0000	2.5193	71.3674
235.0000	50.0000	56.2328	19.1413
235.0000	88.0000	68.7362	18.7088
236.0000	20.0000	2.5193	71.3674
236.0000	50.0000	56.2327	19.1413
236.0000	88.0000	68.7362	18.7088
237.0000	20.0000	2.5193	71.3674
237.0000	50.0000	56.2326	19.1414
237.0000	88.0000	68.7362	18.7088
238.0000	20.0000	2.5193	71.3674
238.0000	50.0000	56.2326	19.1414
238.0000	88.0000	68.7362	18.7088
239.0000	20.0000	2.5193	71.3674
239.0000	50.0000	56.2326	19.1414
239.0000	88.0000	68.7362	18.7088
240.0000	20.0000	2.5193	71.3674
240.0000	50.0000	56.2326	19.1414
240.0000	88.0000	68.7362	18.7088
241.0000	20.0000	2.5193	71.3674
241.0000	50.0000	56.2326	19.1414
241.0000	88.0000	68.7362	18.7088
242.0000	20.0000	2.5193	71.3674
242.0000	50.0000	56.2326	19.1414
242.0000	88.0000	68.7362	18.7088
243.0000	20.0000	2.5193	71.3674
243.0000	50.0000	56.2326	19.1414
243.0000	88.0000	68.7362	18.7088
244.0000	20.0000	2.5193	71.3674
244.0000	50.0000	56.2326	19.1414
244.0000	88.0000	68.7362	18.7088
245.0000	20.0000	2.5193	71.3674
245.0000	50.0000	56.2326	19.1414
245.0000	88.0000	68.7362	18.7088
246.0000	20.0000	2.5193	71.3674
246.0000	50.0000	56.2326	19.1414
246.0000	88.0000	68.7362	18.7088
247.0000	20.0000	2.5193	71.3674
247.0000	50.0000	56.2326	19.1414
247.0000	88.0000	68.7362	18.7088
248.0000	20.0000	2.5193	71.3674
248.0000	50.0000	56.2326	19.1414
248.0000	88.0000	68.7363	18.7088
249.0000	20.0000	2.5193	71.3674
249.0000	50.0000	56.2326	19.1414
249.0000	88.0000	68.7354	18.7088
250.0000	20.0000	2.5193	71.3674
250.0000	50.0000	56.2326	19.1414
250.0000	88.0000	68.7354	18.7088
251.0000	20.0000	2.5193	71.3674
251.0000	50.0000	56.2326	19.1414
251.0000	88.0000	68.7354	18.7088
252.0000	20.0000	2.5193	71.3674
252.0000	50.0000	56.2326	19.1414
252.0000	88.0000	68.7354	18.7088
253.0000	20.0000	2.5193	71.3674
253.0000	50.0000	56.2326	19.1414
253.0000	88.0000	68.7354	18.7088
254.0000	20.0000	2.5193	71.3674
254.0000	50.0000	56.2326	19.1414
254.0000	88.0000	68.7354	18.7088
255.0000	20.0000	2.5193	71.3683
255.0000	50.0000	56.2318	19.1414
255.0000	88.0000	68.7354	18.7088
256.0000	20.0000	2.5193	71.3683
256.0000	50.0000	56.2318	19.1414
256.0000	88.0000	68.7354	18.7088
257.0000	20.0000	2.5193	71.3683
257.0000	50.0000	56.2318	19.1414
257.0000	88.0000	68.7354	18.7088
258.0000	20.0000	2.5193	71.3682
258.0000	50.0000	56.2318	19.1414
258.0000	88.0000	68.7354	18.7088
259.0000	20.0000	2.5194	71.3691
259.0000	50.0000	56.2190	19.1418
259.0000	88.0000	68.7354	18.7088
260.0000	20.0000	2.5194	71.3691
260.0000	50.0000	56.1806	19.1431
260.0000	88.0000	68.7354	18.7088
261.0000	20.0000	2.5194	71.3691
261.0000	50.0000	56.1677	19.1436
261.0000	88.0000	68.7354	18.7088
262.0000	20.0000	2.5194	71.3691
262.0000	50.0000	56.1676	19.1436
262.0000	88.0000	68.7354	18.7088
263.0000	20.0000	2.5194	71.3691
263.0000	50.0000	56.1675	19.1436
263.0000	88.0000	68.7354	18.7088
264.0000	20.0000	2.5194	71.3691
264.0000	50.0000	56.1674	19.1436
264.0000	88.0000	68.7346	18.7089
265.0000	20.0000	2.5194	71.3691
265.0000	50.0000	56.1674	19.1436
265.0000	88.0000	68.7346	18.7089
266.0000	20.0000	2.5194	71.3691
266.0000	50.0000	56.1673	19.1436
266.0000	88.0000	68.7346	18.7089
267.0000	20.0000	2.5194	71.3691
267.0000	50.0000	56.1673	19.1436
267.0000	88.0000	68.7346	18.7089
268.0000	20.0000	2.5194	71.3691
268.0000	50.0000	56.1673	19.1436
268.0000	88.0000	68.7346	18.7088
269.0000	20.0000	2.5194	71.3691
269.0000	50.0000	56.1673	19.1436
269.0000	88.0000	68.7231	18.7091
270.0000	20.0000	2.5194	71.3691
270.0000	50.0000	56.1673	19.1436
270.0000	88.0000	68.7217	18.7091
271.0000	20.0000	2.5194	71.3691
271.0000	50.0000	56.1673	19.1436
271.0000	88.0000	68.7191	18.7092
272.0000	20.0000	2.5194	71.3691
272.0000	50.0000	56.1673	19.1436
272.0000	88.0000	68.7172	18.7093
273.0000	20.0000	2.5194	71.3691
273.0000	50.0000	56.1673	19.1436
273.0000	88.0000	68.7172	18.7093
274.0000	20.0000	2.5194	71.3691
274.0000	50.0000	56.1673	19.1436
274.0000	88.0000	68.7172	18.7093
275.0000	20.0000	2.5194	71.3691
275.0000	50.0000	56.1673	19.1436
275.0000	88.0000	68.7163	18.7093
276.0000	20.0000	2.5194	71.3691
276.0000	50.0000	56.1673	19.1436
276.0000	88.0000	68.7135	18.7094
277.0000	20.0000	2.5194	71.3699
277.0000	50.0000	56.1673	19.1436
277.0000	88.0000	68.7118	18.7094
278.0000	20.0000	2.5194	71.3699
278.0000	50.0000	56.1673	19.1436
278.0000	88.0000	68.7118	18.7094
279.0000	20.0000	2.5194	71.3699
279.0000	50.0000	56.1673	19.1436
279.0000	88.0000	68.7118	18.7094
280.0000	20.0000	2.5194	71.3699
280.0000	50.0000	56.1673	19.1436
280.0000	88.0000	68.7118	18.7094
281.0000	20.0000	2.5194	71.3699
281.0000	50.0000	56.1673	19.1436
281.0000	88.0000	68.7109	18.7095
282.0000	20.0000	2.5194	71.3699
282.0000	50.0000	56.1673	19.1436
282.0000	88.0000	68.7109	18.7095
283.0000	20.0000	2.5194	71.3699
283.0000	50.0000	56.1673	19.1436
283.0000	88.0000	68.7109	18.7095
284.0000	20.0000	2.5194	71.3699
284.0000	50.0000	56.1673	19.1436
284.0000	88.0000	68.7109	18.7095
285.0000	20.0000	2.5194	71.3699
285.0000	50.0000	56.1673	19.1436
285.0000	88.0000	68.7109	18.7095
286.0000	20.0000	2.5194	71.3699
286.0000	50.0000	56.1673	19.1436
286.0000	88.0000	68.7109	18.7095
287.0000	20.0000	2.5194	71.3699
287.0000	50.0000	56.1673	19.1436
287.0000	88.0000	68.7109	18.7095
288.0000	20.0000	2.5194	71.3699
288.0000	50.0000	56.1673	19.1436
288.0000	88.0000	68.7109	18.7095
289.0000	20.0000	2.5194	71.3699
289.0000	50.0000	56.1673	19.1436
289.0000	88.0000	68.7109	18.7095
290.0000	20.0000	2.5194	71.3699
290.0000	50.0000	56.1673	19.1436
290.0000	88.0000	68.7109	18.7095
291.0000	20.0000	2.5194	71.3699
291.0000	50.0000	56.1673	19.1436
291.0000	88.0000	68.7109	18.7095
292.0000	20.0000	2.5194	71.3708
292.0000	50.0000	56.1673	19.1436
292.0000	88.0000	68.7109	18.7095
293.0000	20.0000	2.5194	71.3708
293.0000	50.0000	56.1673	19.1436
293.0000	88.0000	68.7109	18.7095
294.0000	20.0000	2.5194	71.3708
294.0000	50.0000	56.1673	19.1436
294.0000	88.0000	68.7109	18.7095
295.0000	20.0000	2.5194	71.3708
295.0000	50.0000	56.1673	19.1436
295.0000	88.0000	68.7110	18.7095
296.0000	20.0000	2.5194	71.3707
296.0000	50.0000	56.1665	19.1437
296.0000	88.0000	68.7101	18.7095
297.0000	20.0000	2.5199	71.3822
297.0000	50.0000	56.1665	19.1437
297.0000	88.0000	68.7101	18.7095
298.0000	20.0000	2.5199	71.3837
298.0000	50.0000	56.1665	19.1437
298.0000	88.0000	68.7101	18.7095
299.0000	20.0000	2.5201	71.3862
299.0000	50.0000	56.1665	19.1437
299.0000	88.0000	68.7101	18.7095
300.0000	20.0000	2.5201	71.3881
300.0000	50.0000	56.1665	19.1437
300.0000	88.0000	68.7101	18.7095
301.0000	20.0000	2.5201	71.3882
301.0000	50.0000	56.1665	19.1437
301.0000	88.0000	68.7101	18.7095
302.0000	20.0000	2.5202	71.3882
302.0000	50.0000	56.1665	19.1437
302.0000	88.0000	68.7101	18.7095
303.0000	20.0000	2.5202	71.3891
303.0000	50.0000	56.1665	19.1437
303.0000	88.0000	68.7101	18.7095
304.0000	20.0000	2.5203	71.3919
304.0000	50.0000	56.1563	19.1440
304.0000	88.0000	68.7101	18.7095
305.0000	20.0000	2.5204	71.3936
305.0000	50.0000	56.1235	19.1453
305.0000	88.0000	68.7101	18.7095
306.0000	20.0000	2.5204	71.3936
306.0000	50.0000	56.0590	19.1477
306.0000	88.0000	68.7101	18.7095
307.0000	20.0000	2.5204	71.3936
307.0000	50.0000	55.9562	19.1515
307.0000	88.0000	68.7102	18.7095
308.0000	20.0000	2.5204	71.3936
308.0000	50.0000	55.8135	19.1580
308.0000	88.0000	68.7093	18.7095
309.0000	20.0000	2.5204	71.3936
309.0000	50.0000	55.6923	19.1662
309.0000	88.0000	68.7078	18.7096
310.0000	20.0000	2.5204	71.3936
310.0000	50.0000	55.6774	19.1669
310.0000	88.0000	68.7068	18.7096
311.0000	20.0000	2.5204	71.3936
311.0000	50.0000	55.6008	19.1714
311.0000	88.0000	68.7068	18.7096
312.0000	20.0000	2.5204	71.3936
312.0000	50.0000	55.4644	19.1822
312.0000	88.0000	68.7068	18.7096
313.0000	20.0000	2.5204	71.3936
313.0000	50.0000	55.2873	19.1970
313.0000	88.0000	68.7068	18.7096
314.0000	20.0000	2.5204	71.3936
314.0000	50.0000	55.0787	19.2232
314.0000	88.0000	68.7068	18.7096
315.0000	20.0000	2.5204	71.3936
315.0000	50.0000	54.8444	19.2572
315.0000	88.0000	68.7068	18.7096
316.0000	20.0000	2.5204	71.3936
316.0000	50.0000	54.6537	19.2923
316.0000	88.0000	68.7068	18.7096
317.0000	20.0000	2.5204	71.3936
317.0000	50.0000	54.6359	19.2910
317.0000	88.0000	68.7068	18.7096
318.0000	20.0000	2.5204	71.3936
318.0000	50.0000	54.6346	19.2891
318.0000	88.0000	68.7059	18.7096
319.0000	20.0000	2.5204	71.3936
319.0000	50.0000	54.6338	19.2895
319.0000	88.0000	68.7059	18.7096
320.0000	20.0000	2.5204	71.3936
320.0000	50.0000	54.6334	19.2902
320.0000	88.0000	68.7059	18.7096
321.0000	20.0000	2.5204	71.3936
321.0000	50.0000	54.6331	19.2908
321.0000	88.0000	68.7059	18.7096
322.0000	20.0000	2.5204	71.3936
322.0000	50.0000	54.6320	19.2914
322.0000	88.0000	68.7059	18.7096
323.0000	20.0000	2.5204	71.3945
323.0000	50.0000	54.6319	19.2915
323.0000	88.0000	68.7059	18.7096
324.0000	20.0000	2.5204	71.3945
324.0000	50.0000	54.6318	19.2915
324.0000	88.0000	68.7059	18.7096
325.0000	20.0000	2.5204	71.3945
325.0000	50.0000	54.6318	19.2915
325.0000	88.0000	68.7059	18.7096
326.0000	20.0000	2.5204	71.3945
326.0000	50.0000	54.6318	19.2915
326.0000	88.0000	68.7059	18.7096
327.0000	20.0000	2.5204	71.3945
327.0000	50.0000	54.6317	19.2915
327.0000	88.0000	68.7059	18.7096
328.0000	20.0000	2.5204	71.3945
328.0000	50.0000	54.6317	19.2915
328.0000	88.0000	68.7059	18.7096
329.0000	20.0000	2.5204	71.3945
329.0000	50.0000	54.6317	19.2915
329.0000	88.0000	68.7059	18.7096
330.0000	20.0000	2.5204	71.3945
330.0000	50.0000	54.6317	19.2915
330.0000	88.0000	68.7059	18.7096
331.0000	20.0000	2.5204	71.3945
331.0000	50.0000	54.6317	19.2915
331.0000	88.0000	68.7059	18.7096
332.0000	20.0000	2.5204	71.3945
332.0000	50.0000	54.6317	19.2915
332.0000	88.0000	68.7059	18.7096
333.0000	20.0000	2.5204	71.3945
333.0000	50.0000	54.6317	19.2915
333.0000	88.0000	68.7059	18.7096
334.0000	20.0000	2.5204	71.3944
334.0000	50.0000	54.6317	19.2915
334.0000	88.0000	68.7059	18.7096
335.0000	20.0000	2.5205	71.3953
335.0000	50.0000	54.6317	19.2915
335.0000	88.0000	68.7059	18.7096
336.0000	20.0000	2.5205	71.3968
336.0000	50.0000	54.6317	19.2915
336.0000	88.0000	68.7059	18.7096
337.0000	20.0000	2.5206	71.3978
337.0000	50.0000	54.6317	19.2915
337.0000	88.0000	68.7059	18.7096
338.0000	20.0000	2.5206	71.3978
338.0000	50.0000	54.6317	19.2915
338.0000	88.0000	68.7059	18.7096
339.0000	20.0000	2.5206	71.3978
339.0000	50.0000	54.6317	19.2915
339.0000	88.0000	68.7059	18.7096
340.0000	20.0000	2.5206	71.3978
340.0000	50.0000	54.6317	19.2915
340.0000	88.0000	68.7059	18.7096
341.0000	20.0000	2.5206	71.3978
341.0000	50.0000	54.6317	19.2915
341.0000	88.0000	68.7060	18.7096
342.0000	20.0000	2.5206	71.3978
342.0000	50.0000	54.6317	19.2915
342.0000	88.0000	68.6976	18.7099
343.0000	20.0000	2.5206	71.3978
343.0000	50.0000	54.6317	19.2915
343.0000	88.0000	68.6962	18.7100
344.0000	20.0000	2.5206	71.3978
344.0000	50.0000	54.6318	19.2915
344.0000	88.0000	68.6962	18.7100
345.0000	20.0000	2.5206	71.3986
345.0000	50.0000	54.6310	19.2917
345.0000	88.0000	68.6962	18.7100
346.0000	20.0000	2.5206	71.3986
346.0000	50.0000	54.6310	19.2917
346.0000	88.0000	68.6962	18.7100
347.0000	20.0000	2.5206	71.3986
347.0000	50.0000	54.6310	19.2917
347.0000	88.0000	68.6962	18.7100
348.0000	20.0000	2.5206	71.3986
348.0000	50.0000	54.6310	19.2917
348.0000	88.0000	68.6962	18.7100
349.0000	20.0000	2.5206	71.3986
349.0000	50.0000	54.6310	19.2917
349.0000	88.0000	68.6962	18.7100
350.0000	20.0000	2.5206	71.3986
350.0000	50.0000	54.6310	19.2917
350.0000	88.0000	68.6962	18.7100
351.0000	20.0000	2.5206	71.3986
351.0000	50.0000	54.6310	19.2917
351.0000	88.0000	68.6962	18.7100
352.0000	20.0000	2.5206	71.3986
352.0000	50.0000	54.6310	19.2917
352.0000	88.0000	68.6962	18.7100
353.0000	20.0000	2.5206	71.3986
353.0000	50.0000	54.6310	19.2917
353.0000	88.0000	68.6953	18.7100
354.0000	20.0000	2.5206	71.3986
354.0000	50.0000	54.6310	19.2917
354.0000	88.0000	68.6953	18.7100
355.0000	20.0000	2.5206	71.3986
355.0000	50.0000	54.6310	19.2917
355.0000	88.0000	68.6953	18.7100
356.0000	20.0000	2.5206	71.3986
356.0000	50.0000	54.6310	19.2917
356.0000	88.0000	68.6953	18.7100
357.0000	20.0000	2.5206	71.3986
357.0000	50.0000	54.6310	19.2917
357.0000	88.0000	68.6953	18.7100
358.0000	20.0000	2.5206	71.3986
358.0000	50.0000	54.6310	19.2917
358.0000	88.0000	68.6953	18.7100
359.0000	20.0000	2.5206	71.3986
359.0000	50.0000	54.6310	19.2917
359.0000	88.0000	68.6953	18.7100
360.0000	20.0000	2.5206	71.3986
360.0000	50.0000	54.6310	19.2917
360.0000	88.0000	68.6953	18.7100
361.0000	20.0000	2.5206	71.3986
361.0000	50.0000	54.6231	19.2934
361.0000	88.0000	68.6953	18.7100
362.0000	20.0000	2.5206	71.3986
362.0000	50.0000	54.5943	19.2995
362.0000	88.0000	68.6953	18.7100
363.0000	20.0000	2.5206	71.3986
363.0000	50.0000	54.5356	19.3133
363.0000	88.0000	68.6953	18.7100
364.0000	20.0000	2.5206	71.3986
364.0000	50.0000	54.4955	19.3200
364.0000	88.0000	68.6953	18.7100
365.0000	20.0000	2.5206	71.3986
365.0000	50.0000	54.4955	19.3189
365.0000	88.0000	68.6953	18.7100
366.0000	20.0000	2.5206	71.3986
366.0000	50.0000	54.4953	19.3189
366.0000	88.0000	68.6953	18.7100
367.0000	20.0000	2.5206	71.3986
367.0000	50.0000	54.4951	19.3192
367.0000	88.0000	68.6953	18.7100
368.0000	20.0000	2.5206	71.3986
368.0000	50.0000	54.4690	19.3264
368.0000	88.0000	68.6953	18.7100
369.0000	20.0000	2.5209	71.4067
369.0000	50.0000	54.4022	19.3416
369.0000	88.0000	68.6954	18.7100
370.0000	20.0000	2.5209	71.4087
370.0000	50.0000	54.3490	19.3540
370.0000	88.0000	68.6945	18.7100
371.0000	20.0000	2.5209	71.4087
371.0000	50.0000	54.3490	19.3521
371.0000	88.0000	68.6945	18.7100
372.0000	20.0000	2.5209	71.4088
372.0000	50.0000	54.3487	19.3519
372.0000	88.0000	68.6945	18.7100
373.0000	20.0000	2.5210	71.4088
373.0000	50.0000	54.3486	19.3523
373.0000	88.0000	68.6945	18.7100
374.0000	20.0000	2.5210	71.4088
374.0000	50.0000	54.3484	19.3526
374.0000	88.0000	68.6945	18.7100
375.0000	20.0000	2.5210	71.4088
375.0000	50.0000	54.3484	19.3528
375.0000	88.0000	68.6945	18.7100
376.0000	20.0000	2.5210	71.4088
376.0000	50.0000	54.3484	19.3529
376.0000	88.0000	68.6945	18.7100
377.0000	20.0000	2.5210	71.4088
377.0000	50.0000	54.3484	19.3529
377.0000	88.0000	68.6945	18.7100
378.0000	20.0000	2.5210	71.4088
378.0000	50.0000	54.3483	19.3529
378.0000	88.0000	68.6937	18.7100
379.0000	20.0000	2.5210	71.4088
379.0000	50.0000	54.3483	19.3529
379.0000	88.0000	68.6937	18.7100
380.0000	20.0000	2.5210	71.4088
380.0000	50.0000	54.3483	19.3529
380.0000	88.0000	68.6937	18.7100
381.0000	20.0000	2.5210	71.4088
381.0000	50.0000	54.3483	19.3529
381.0000	88.0000	68.6937	18.7100
382.0000	20.0000	2.5210	71.4088
382.0000	50.0000	54.3483	19.3529
382.0000	88.0000	68.6937	18.7100
383.0000	20.0000	2.5210	71.4088
383.0000	50.0000	54.3483	19.3529
383.0000	88.0000	68.6937	18.7100
384.0000	20.0000	2.5210	71.4088
384.0000	50.0000	54.3483	19.3529
384.0000	88.0000	68.6928	18.7101
385.0000	20.0000	2.5210	71.4088
385.0000	50.0000	54.3483	19.3529
385.0000	88.0000	68.6928	18.7101
386.0000	20.0000	2.5210	71.4088
386.0000	50.0000	54.3483	19.3529
386.0000	88.0000	68.6928	18.7101
387.0000	20.0000	2.5210	71.4088
387.0000	50.0000	54.3483	19.3529
387.0000	88.0000	68.6928	18.7101
388.0000	20.0000	2.5210	71.4088
388.0000	50.0000	54.3483	19.3529
388.0000	88.0000	68.6928	18.7101
389.0000	20.0000	2.5210	71.4088
389.0000	50.0000	54.3483	19.3529
389.0000	88.0000	68.6928	18.7101
390.0000	20.0000	2.5210	71.4088
390.0000	50.0000	54.3483	19.3529
390.0000	88.0000	68.6928	18.7101
391.0000	20.0000	2.5210	71.4088
391.0000	50.0000	54.3483	19.3529
391.0000	88.0000	68.6928	18.7101
392.0000	20.0000	2.5210	71.4088
392.0000	50.0000	54.3483	19.3529
392.0000	88.0000	68.6928	18.7101
393.0000	20.0000	2.5210	71.4088
393.0000	50.0000	54.3483	19.3529
393.0000	88.0000	68.6920	18.7101
394.0000	20.0000	2.5210	71.4088
394.0000	50.0000	54.3483	19.3529
394.0000	88.0000	68.6920	18.7101
395.0000	20.0000	2.5210	71.4088
395.0000	50.0000	54.3483	19.3529
395.0000	88.0000	68.6920	18.7101
396.0000	20.0000	2.5210	71.4088
396.0000	50.0000	54.3483	19.3529
396.0000	88.0000	68.6920	18.7101
397.0000	20.0000	2.5210	71.4088
397.0000	50.0000	54.3483	19.3529
397.0000	88.0000	68.6920	18.7101
398.0000	20.0000	2.5210	71.4088
398.0000	50.0000	54.3483	19.3529
398.0000	88.0000	68.6920	18.7101
399.0000	20.0000	2.5210	71.4088
399.0000	50.0000	54.3483	19.3529
399.0000	88.0000	68.6920	18.7101
400.0000	20.0000	2.5210	71.4088
400.0000	50.0000	54.3483	19.3529
400.0000	88.0000	68.6920	18.7101
401.0000	20.0000	2.5210	71.4088
401.0000	50.0000	54.3483	19.3529
401.0000	88.0000	68.6920	18.7101
402.0000	20.0000	2.5210	71.4088
402.0000	50.0000	54.3483	19.3529
402.0000	88.0000	68.6920	18.7101
403.0000	20.0000	2.5210	71.4088
403.0000	50.0000	54.3483	19.3529
403.0000	88.0000	68.6920	18.7101
404.0000	20.0000	2.5210	71.4088
404.0000	50.0000	54.3483	19.3529
404.0000	88.0000	68.6920	18.7101
405.0000	20.0000	2.5210	71.4088
405.0000	50.0000	54.3483	19.3529
405.0000	88.0000	68.6920	18.7101
406.0000	20.0000	2.5210	71.4088
406.0000	50.0000	54.3483	19.3529
406.0000	88.0000	68.6920	18.7101
407.0000	20.0000	2.5210	71.4088
407.0000	50.0000	54.3483	19.3529
407.0000	88.0000	68.6920	18.7101
408.0000	20.0000	2.5210	71.4087
408.0000	50.0000	54.3483	19.3529
408.0000	88.0000	68.6920	18.7101
409.0000	20.0000	2.5210	71.4096
409.0000	50.0000	54.3483	19.3529
409.0000	88.0000	68.6920	18.7101
410.0000	20.0000	2.5210	71.4096
410.0000	50.0000	54.3483	19.3529
410.0000	88.0000	68.6920	18.7101
411.0000	20.0000	2.5210	71.4096
411.0000	50.0000	54.3483	19.3529
411.0000	88.0000	68.6920	18.7101
412.0000	20.0000	2.5210	71.4096
412.0000	50.0000	54.3483	19.3529
412.0000	88.0000	68.6920	18.7101
413.0000	20.0000	2.5210	71.4096
413.0000	50.0000	54.3483	19.3529
413.0000	88.0000	68.6920	18.7101
414.0000	20.0000	2.5210	71.4096
414.0000	50.0000	54.3483	19.3529
414.0000	88.0000	68.6920	18.7101
415.0000	20.0000	2.5210	71.4096
415.0000	50.0000	54.3483	19.3529
415.0000	88.0000	68.6920	18.7101
416.0000	20.0000	2.5210	71.4096
416.0000	50.0000	54.3484	19.3529
416.0000	88.0000	68.6920	18.7101
417.0000	20.0000	2.5210	71.4096
417.0000	50.0000	54.3476	19.3532
417.0000	88.0000	68.6920	18.7101
418.0000	20.0000	2.5210	71.4096
418.0000	50.0000	54.3476	19.3531
418.0000	88.0000	68.6920	18.7101
419.0000	20.0000	2.5210	71.4096
419.0000	50.0000	54.3476	19.3531
419.0000	88.0000	68.6920	18.7101
420.0000	20.0000	2.5210	71.4096
420.0000	50.0000	54.3476	19.3531
420.0000	88.0000	68.6912	18.7101
421.0000	20.0000	2.5210	71.4096
421.0000	50.0000	54.3476	19.3531
421.0000	88.0000	68.6898	18.7102
422.0000	20.0000	2.5210	71.4097
422.0000	50.0000	54.3476	19.3532
422.0000	88.0000	68.6726	18.7109
423.0000	20.0000	2.5210	71.4094
423.0000	50.0000	54.3476	19.3529
423.0000	88.0000	68.6292	18.7118
424.0000	20.0000	2.5210	71.4094
424.0000	50.0000	54.3476	19.3529
424.0000	88.0000	68.5503	18.7140
425.0000	20.0000	2.5210	71.4094
425.0000	50.0000	54.3468	19.3532
425.0000	88.0000	68.4319	18.7173
426.0000	20.0000	2.5210	71.4094
426.0000	50.0000	54.3468	19.3531
426.0000	88.0000	68.2739	18.7218
427.0000	20.0000	2.5210	71.4094
427.0000	50.0000	54.3468	19.3531
427.0000	88.0000	68.0773	18.7273
428.0000	20.0000	2.5210	71.4095
428.0000	50.0000	54.3468	19.3532
428.0000	88.0000	67.8428	18.7340
429.0000	20.0000	2.5211	71.4064
429.0000	50.0000	54.3467	19.3500
429.0000	88.0000	67.6295	18.7367
430.0000	20.0000	2.5210	71.4057
430.0000	50.0000	54.3467	19.3494
430.0000	88.0000	67.5137	18.7393
431.0000	20.0000	2.5210	71.4057
431.0000	50.0000	54.3467	19.3494
431.0000	88.0000	67.3428	18.7440
432.0000	20.0000	2.5210	71.4058
432.0000	50.0000	54.3467	19.3494
432.0000	88.0000	67.1800	18.7485
433.0000	20.0000	2.5211	71.4011
433.0000	50.0000	54.3466	19.3446
433.0000	88.0000	67.1172	18.7454
434.0000	20.0000	2.5219	71.3867
434.0000	50.0000	54.3466	19.3294
434.0000	88.0000	66.9956	18.7332
435.0000	20.0000	2.5444	71.3510
435.0000	50.0000	54.3527	19.2775
435.0000	88.0000	66.8785	18.6808
436.0000	20.0000	2.5418	71.2881
436.0000	50.0000	54.3510	19.2155
436.0000	88.0000	66.8726	18.6191
437.0000	20.0000	2.5316	71.2012
437.0000	50.0000	54.3466	19.1343
437.0000	88.0000	66.8675	18.5394
438.0000	20.0000	2.5307	71.1772
438.0000	50.0000	54.3459	19.1104
438.0000	88.0000	66.8663	18.5155
439.0000	20.0000	2.4717	71.1495
439.0000	50.0000	54.3280	19.1237
439.0000	88.0000	66.8486	18.5386
440.0000	20.0000	2.4585	71.0879
440.0000	50.0000	54.3232	19.0705
440.0000	88.0000	66.8437	18.4875
441.0000	20.0000	2.4565	70.9869
441.0000	50.0000	54.3210	18.9694
441.0000	88.0000	66.8414	18.3864
442.0000	20.0000	2.4544	70.8570
442.0000	50.0000	54.3183	18.8390
442.0000	88.0000	66.8175	18.2564
443.0000	20.0000	2.4513	70.7019
443.0000	50.0000	54.3149	18.6837
443.0000	88.0000	66.8073	18.1013
444.0000	20.0000	2.4467	70.5240
444.0000	50.0000	54.3107	18.5052
444.0000	88.0000	66.8002	17.9230
445.0000	20.0000	2.4411	70.3222
445.0000	50.0000	54.3057	18.3040
445.0000	88.0000	66.7537	17.7230
446.0000	20.0000	2.4346	70.1043
446.0000	50.0000	54.3003	18.0873
446.0000	88.0000	66.6595	17.5089
447.0000	20.0000	2.4273	69.9054
447.0000	50.0000	54.2949	17.8901
447.0000	88.0000	66.5203	17.3156
448.0000	20.0000	2.4207	69.7435
448.0000	50.0000	54.2904	17.7303
448.0000	88.0000	66.3397	17.1609
449.0000	20.0000	2.4153	69.5858
449.0000	50.0000	54.2863	17.5738
449.0000	88.0000	66.1195	17.0103
450.0000	20.0000	2.4087	69.4147
450.0000	50.0000	54.2816	17.4038
450.0000	88.0000	65.8623	16.8474
451.0000	20.0000	2.4009	69.2315
451.0000	50.0000	54.2763	17.2216
451.0000	88.0000	65.5969	16.6726
452.0000	20.0000	2.3938	69.0551
452.0000	50.0000	54.2714	17.0464
452.0000	88.0000	65.3979	16.5029
453.0000	20.0000	2.3852	68.8727
453.0000	50.0000	54.2659	16.8670
453.0000	88.0000	65.3766	16.3247
454.0000	20.0000	2.3757	68.6748
454.0000	50.0000	54.2600	16.6728
454.0000	88.0000	65.3695	16.1313
455.0000	20.0000	2.3630	68.4575
455.0000	50.0000	54.2528	16.4612
455.0000	88.0000	65.3602	15.9209
456.0000	20.0000	2.3517	68.2256
456.0000	50.0000	54.2459	16.2335
456.0000	88.0000	65.3507	15.6942
457.0000	20.0000	2.3360	68.0129
457.0000	50.0000	54.2372	16.0288
457.0000	88.0000	65.3426	15.4909
458.0000	20.0000	2.3252	67.8470
458.0000	50.0000	54.2314	15.8678
458.0000	88.0000	65.3367	15.3311
459.0000	20.0000	2.3178	67.7357
459.0000	50.0000	54.2275	15.7602
459.0000	88.0000	65.3327	15.2242
460.0000	20.0000	2.3169	67.7006
460.0000	50.0000	54.2266	15.7254
460.0000	88.0000	65.3317	15.1893
461.0000	20.0000	2.3169	67.7015
461.0000	50.0000	54.2267	15.7261
461.0000	88.0000	65.3068	15.1906
462.0000	20.0000	2.3170	67.7026
462.0000	50.0000	54.2159	15.7302
462.0000	88.0000	65.2335	15.1934
463.0000	20.0000	2.3170	67.7033
463.0000	50.0000	54.2144	15.7310
463.0000	88.0000	65.1127	15.1971
464.0000	20.0000	2.3171	67.7037
464.0000	50.0000	54.2143	15.7312
464.0000	88.0000	65.0087	15.2001
465.0000	20.0000	2.3171	67.7035
465.0000	50.0000	54.2143	15.7310
465.0000	88.0000	65.0086	15.1999
466.0000	20.0000	2.3171	67.7035
466.0000	50.0000	54.2143	15.7311
466.0000	88.0000	65.0080	15.2000
467.0000	20.0000	2.3172	67.7045
467.0000	50.0000	54.2143	15.7313
467.0000	88.0000	65.0076	15.2001
468.0000	20.0000	2.3171	67.7003
468.0000	50.0000	54.2142	15.7270
468.0000	88.0000	64.9810	15.1965
469.0000	20.0000	2.3282	67.6887
469.0000	50.0000	54.2169	15.7070
469.0000	88.0000	64.9064	15.1767
470.0000	20.0000	2.3671	67.6555
470.0000	50.0000	54.2141	15.6479
470.0000	88.0000	64.7899	15.1116
471.0000	20.0000	2.3772	67.6078
471.0000	50.0000	54.1779	15.5916
471.0000	88.0000	64.6178	15.0469
472.0000	20.0000	2.3703	67.5522
472.0000	50.0000	54.1590	15.5046
472.0000	88.0000	64.3941	14.9635
473.0000	20.0000	2.3651	67.5044
473.0000	50.0000	54.1545	15.3882
473.0000	88.0000	64.1859	14.8540
474.0000	20.0000	2.3603	67.5351
474.0000	50.0000	54.1506	15.3161
474.0000	88.0000	64.1567	14.7836
475.0000	20.0000	2.3662	67.6648
475.0000	50.0000	54.1505	15.3126
475.0000	88.0000	64.1553	14.7797
476.0000	20.0000	2.3576	67.7986
476.0000	50.0000	54.1466	15.3117
476.0000	88.0000	64.1040	14.7819
477.0000	20.0000	2.3023	67.8631
477.0000	50.0000	54.1310	15.3236
477.0000	88.0000	63.9759	14.8048
478.0000	20.0000	2.2781	67.8052
478.0000	50.0000	54.1066	15.2822
478.0000	88.0000	63.7972	14.7657
479.0000	20.0000	2.2730	67.7532
479.0000	50.0000	54.0548	15.1963
479.0000	88.0000	63.5681	14.6715
480.0000	20.0000	2.2665	67.6626
480.0000	50.0000	53.9668	15.0880
480.0000	88.0000	63.3050	14.5491
481.0000	20.0000	2.2558	67.5103
481.0000	50.0000	53.9026	14.9514
481.0000	88.0000	63.0412	14.4032
482.0000	20.0000	2.2440	67.3864
482.0000	50.0000	53.8900	14.7762
482.0000	88.0000	62.8422	14.2341
483.0000	20.0000	2.2295	67.2325
483.0000	50.0000	53.8314	14.5978
483.0000	88.0000	62.8237	14.0392
484.0000	20.0000	2.2109	67.0122
484.0000	50.0000	53.7469	14.4019
484.0000	88.0000	62.8138	13.8232
485.0000	20.0000	2.1924	66.8255
485.0000	50.0000	53.6475	14.1931
485.0000	88.0000	62.8035	13.5866
486.0000	20.0000	2.1686	66.6163
486.0000	50.0000	53.5202	13.9796
486.0000	88.0000	62.7910	13.3325
487.0000	20.0000	2.1386	66.3378
487.0000	50.0000	53.3741	13.7480
487.0000	88.0000	62.7329	13.0616
488.0000	20.0000	2.1086	66.1063
488.0000	50.0000	53.2760	13.4902
488.0000	88.0000	62.6065	12.7785
489.0000	20.0000	2.0828	65.9468
489.0000	50.0000	53.2582	13.2168
489.0000	88.0000	62.4193	12.5123
490.0000	20.0000	2.0646	65.8805
490.0000	50.0000	53.2456	12.9862
490.0000	88.0000	62.1764	12.2888
491.0000	20.0000	2.0505	65.8449
491.0000	50.0000	53.2370	12.7999
491.0000	88.0000	61.9425	12.1087
492.0000	20.0000	2.0325	65.7163
492.0000	50.0000	53.2288	12.6250
492.0000	88.0000	61.8136	11.9377
493.0000	20.0000	2.0174	65.6339
493.0000	50.0000	53.2208	12.4382
493.0000	88.0000	61.6321	11.7559
494.0000	20.0000	1.9997	65.5338
494.0000	50.0000	53.2119	12.2351
494.0000	88.0000	61.4572	11.5581
495.0000	20.0000	1.9757	65.3160
495.0000	50.0000	53.2021	12.0133
495.0000	88.0000	61.3931	11.3396
496.0000	20.0000	1.9522	65.1454
496.0000	50.0000	53.1915	11.7714
496.0000	88.0000	61.2776	11.1023
497.0000	20.0000	1.9257	64.9649
497.0000	50.0000	53.1800	11.5163
497.0000	88.0000	61.1649	10.8520
498.0000	20.0000	1.8970	64.7108
498.0000	50.0000	53.1688	11.2690
498.0000	88.0000	61.1463	10.6076
499.0000	20.0000	1.8720	64.5378
499.0000	50.0000	53.1582	11.0315
499.0000	88.0000	61.0707	10.3740
500.0000	20.0000	1.8478	64.3728
500.0000	50.0000	53.1479	10.7979
500.0000	88.0000	60.9974	10.1441
501.0000	20.0000	1.8209	64.1228
501.0000	50.0000	53.1376	10.5632
501.0000	88.0000	60.9811	9.9119
502.0000	20.0000	1.7941	63.8750
502.0000	50.0000	53.1274	10.3309
502.0000	88.0000	60.9108	9.6832
503.0000	20.0000	1.7682	63.6314
503.0000	50.0000	53.1176	10.1023
503.0000	88.0000	60.7804	9.4592
504.0000	20.0000	1.7427	63.3892
504.0000	50.0000	53.1079	9.8752
504.0000	88.0000	60.5930	9.2375
505.0000	20.0000	1.7175	63.1472
505.0000	50.0000	53.0984	9.6481
505.0000	88.0000	60.4146	9.0157
506.0000	20.0000	1.6931	62.9123
506.0000	50.0000	53.0892	9.4278
506.0000	88.0000	60.3405	8.7986
507.0000	20.0000	1.6729	62.7332
507.0000	50.0000	53.0813	9.2389
507.0000	88.0000	60.2121	8.6136
508.0000	20.0000	1.6589	62.6413
508.0000	50.0000	53.0754	9.0998
508.0000	88.0000	60.0274	8.4789
509.0000	20.0000	1.6555	62.6458
509.0000	50.0000	53.0723	9.0119
509.0000	88.0000	59.7908	8.3955
510.0000	20.0000	1.6582	62.7561
510.0000	50.0000	53.0719	8.9990
510.0000	88.0000	59.6024	8.3859
511.0000	20.0000	1.6625	62.8959
511.0000	50.0000	53.0719	8.9999
511.0000	88.0000	59.5888	8.3871
512.0000	20.0000	1.6654	62.9861
512.0000	50.0000	53.0720	9.0008
512.0000	88.0000	59.5878	8.3880
513.0000	20.0000	1.6654	62.9829
513.0000	50.0000	53.0719	8.9978
513.0000	88.0000	59.5870	8.3850
514.0000	20.0000	1.6358	62.9719
514.0000	50.0000	53.0665	9.0092
514.0000	88.0000	59.5814	8.3993
515.0000	20.0000	1.5817	62.9410
515.0000	50.0000	53.0563	9.0199
515.0000	88.0000	59.5344	8.4159
516.0000	20.0000	1.5640	62.8803
516.0000	50.0000	53.0520	8.9717
516.0000	88.0000	59.4197	8.3710
517.0000	20.0000	1.5483	62.8124
517.0000	50.0000	53.0473	8.8930
517.0000	88.0000	59.2371	8.2965
518.0000	20.0000	1.5442	62.8429
518.0000	50.0000	53.0457	8.8687
518.0000	88.0000	58.9937	8.2764
519.0000	20.0000	1.5472	62.9414
519.0000	50.0000	53.0458	8.8685
519.0000	88.0000	58.7541	8.2799
520.0000	20.0000	1.5453	63.0129
520.0000	50.0000	53.0379	8.8675
520.0000	88.0000	58.6199	8.2781
521.0000	20.0000	1.5355	62.9851
521.0000	50.0000	53.0341	8.8478
521.0000	88.0000	58.4334	8.2616
522.0000	20.0000	1.5415	62.9769
522.0000	50.0000	53.0324	8.8355
522.0000	88.0000	58.2579	8.2503
523.0000	20.0000	1.5415	62.9773
523.0000	50.0000	53.0055	8.8478
523.0000	88.0000	58.2059	8.2511
524.0000	20.0000	1.5415	62.9776
524.0000	50.0000	52.9466	8.8752
524.0000	88.0000	58.1119	8.2527
525.0000	20.0000	1.5415	62.9778
525.0000	50.0000	52.8481	8.9139
525.0000	88.0000	58.0241	8.2542
526.0000	20.0000	1.5415	62.9740
526.0000	50.0000	52.7166	8.9743
526.0000	88.0000	58.0190	8.2505
527.0000	20.0000	1.5308	62.9815
527.0000	50.0000	52.5477	9.0505
527.0000	88.0000	57.9596	8.2480
528.0000	20.0000	1.5138	62.9540
528.0000	50.0000	52.3501	9.1412
528.0000	88.0000	57.9038	8.2309
529.0000	20.0000	1.5034	62.8866
529.0000	50.0000	52.1716	9.1789
529.0000	88.0000	57.8964	8.1713
530.0000	20.0000	1.4858	62.7912
530.0000	50.0000	52.1416	9.1026
530.0000	88.0000	57.8398	8.0897
531.0000	20.0000	1.4901	62.7537
531.0000	50.0000	52.1394	9.0588
531.0000	88.0000	57.7786	8.0482
532.0000	20.0000	1.4879	62.7485
532.0000	50.0000	52.1385	9.0560
532.0000	88.0000	57.7367	8.0455
533.0000	20.0000	1.4879	62.7488
533.0000	50.0000	52.1386	9.0575
533.0000	88.0000	57.6486	8.0471
534.0000	20.0000	1.4879	62.7491
534.0000	50.0000	52.1388	9.0587
534.0000	88.0000	57.5302	8.0492
535.0000	20.0000	1.4879	62.7493
535.0000	50.0000	52.1389	9.0594
535.0000	88.0000	57.4103	8.0512
536.0000	20.0000	1.4879	62.7494
536.0000	50.0000	52.1389	9.0598
536.0000	88.0000	57.2907	8.0532
537.0000	20.0000	1.4883	62.7618
537.0000	50.0000	52.1214	9.0744
537.0000	88.0000	57.1714	8.0551
538.0000	20.0000	1.4894	62.8008
538.0000	50.0000	52.0756	9.1090
538.0000	88.0000	57.0525	8.0570
539.0000	20.0000	1.4914	62.8701
539.0000	50.0000	51.9959	9.1660
539.0000	88.0000	56.9338	8.0585
540.0000	20.0000	1.4925	62.9090
540.0000	50.0000	51.8816	9.2456
540.0000	88.0000	56.7977	8.0607
541.0000	20.0000	1.4925	62.9091
541.0000	50.0000	51.7876	9.3174
541.0000	88.0000	56.6318	8.0634
542.0000	20.0000	1.4925	62.9053
542.0000	50.0000	51.7750	9.3185
542.0000	88.0000	56.4624	8.0622
543.0000	20.0000	1.4660	62.8948
543.0000	50.0000	51.7110	9.3776
543.0000	88.0000	56.2905	8.0768
544.0000	20.0000	1.4164	62.8639
544.0000	50.0000	51.6414	9.4355
544.0000	88.0000	56.1016	8.0900
545.0000	20.0000	1.4154	62.8021
545.0000	50.0000	51.6387	9.3704
545.0000	88.0000	55.9692	8.0310
546.0000	20.0000	1.4088	62.7166
546.0000	50.0000	51.6354	9.2876
546.0000	88.0000	55.9656	7.9480
547.0000	20.0000	1.4010	62.6096
547.0000	50.0000	51.6321	9.1854
547.0000	88.0000	55.9613	7.8454
548.0000	20.0000	1.3916	62.4777
548.0000	50.0000	51.6281	9.0592
548.0000	88.0000	55.9565	7.7188
549.0000	20.0000	1.3812	62.3348
549.0000	50.0000	51.6236	8.9220
549.0000	88.0000	55.9517	7.5817
550.0000	20.0000	1.3728	62.2182
550.0000	50.0000	51.6198	8.8098
550.0000	88.0000	55.9477	7.4696
551.0000	20.0000	1.3704	62.1875
551.0000	50.0000	51.6187	8.7806
551.0000	88.0000	55.9466	7.4405
552.0000	20.0000	1.3707	62.2003
552.0000	50.0000	51.6187	8.7809
552.0000	88.0000	55.9465	7.4408
553.0000	20.0000	1.3717	62.2407
553.0000	50.0000	51.6187	8.7816
553.0000	88.0000	55.9465	7.4415
554.0000	20.0000	1.3738	62.3106
554.0000	50.0000	51.6187	8.7778
554.0000	88.0000	55.9465	7.4377
555.0000	20.0000	1.3767	62.4233
555.0000	50.0000	51.6186	8.7773
555.0000	88.0000	55.9464	7.4372
556.0000	20.0000	1.3792	62.5153
556.0000	50.0000	51.6186	8.7774
556.0000	88.0000	55.9464	7.4373
557.0000	20.0000	1.3794	62.5230
557.0000	50.0000	51.6187	8.7776
557.0000	88.0000	55.9465	7.4374
558.0000	20.0000	1.3810	62.5869
558.0000	50.0000	51.6105	8.7815
558.0000	88.0000	55.9463	7.4333
559.0000	20.0000	1.3489	62.6990
559.0000	50.0000	51.5782	8.8172
559.0000	88.0000	55.9406	7.4481
560.0000	20.0000	1.3142	62.7786
560.0000	50.0000	51.5607	8.8175
560.0000	88.0000	55.9341	7.4423
561.0000	20.0000	1.2966	62.7740
561.0000	50.0000	51.5564	8.8065
561.0000	88.0000	55.9308	7.4334
562.0000	20.0000	1.2986	62.8560
562.0000	50.0000	51.5563	8.8063
562.0000	88.0000	55.9308	7.4332
563.0000	20.0000	1.3022	63.0014
563.0000	50.0000	51.5563	8.8067
563.0000	88.0000	55.9308	7.4333
564.0000	20.0000	1.3071	63.1989
564.0000	50.0000	51.5564	8.8071
564.0000	88.0000	55.9308	7.4334
565.0000	20.0000	1.3117	63.3835
565.0000	50.0000	51.5565	8.8073
565.0000	88.0000	55.9308	7.4334
566.0000	20.0000	1.3140	63.4771
566.0000	50.0000	51.5565	8.8074
566.0000	88.0000	55.9308	7.4335
567.0000	20.0000	1.3178	63.6303
567.0000	50.0000	51.5565	8.8075
567.0000	88.0000	55.9308	7.4335
568.0000	20.0000	1.3229	63.8374
568.0000	50.0000	51.5565	8.8075
568.0000	88.0000	55.9308	7.4335
569.0000	20.0000	1.3277	64.0326
569.0000	50.0000	51.5565	8.8075
569.0000	88.0000	55.9308	7.4335
570.0000	20.0000	1.3303	64.1369
570.0000	50.0000	51.5565	8.8075
570.0000	88.0000	55.9308	7.4335
571.0000	20.0000	1.3328	64.2394
571.0000	50.0000	51.5565	8.8075
571.0000	88.0000	55.9308	7.4335
572.0000	20.0000	1.3328	64.2406
572.0000	50.0000	51.5565	8.8075
572.0000	88.0000	55.9308	7.4335
573.0000	20.0000	1.3328	64.2422
573.0000	50.0000	51.5565	8.8075
573.0000	88.0000	55.9308	7.4335
574.0000	20.0000	1.3340	64.2905
574.0000	50.0000	51.5565	8.8075
574.0000	88.0000	55.9308	7.4335
575.0000	20.0000	1.3368	64.4021
575.0000	50.0000	51.5565	8.8075
575.0000	88.0000	55.9308	7.4335
576.0000	20.0000	1.3408	64.5660
576.0000	50.0000	51.5565	8.8075
576.0000	88.0000	55.9308	7.4335
577.0000	20.0000	1.3445	64.7164
577.0000	50.0000	51.5565	8.8075
577.0000	88.0000	55.9308	7.4335
578.0000	20.0000	1.3456	64.7606
578.0000	50.0000	51.5565	8.8075
578.0000	88.0000	55.9308	7.4335
579.0000	20.0000	1.3481	64.8647
579.0000	50.0000	51.5565	8.8075
579.0000	88.0000	55.9308	7.4335
580.0000	20.0000	1.3522	65.0310
580.0000	50.0000	51.5565	8.8075
580.0000	88.0000	55.9308	7.4335
581.0000	20.0000	1.3576	65.2489
581.0000	50.0000	51.5565	8.8075
581.0000	88.0000	55.9308	7.4335
582.0000	20.0000	1.3618	65.4225
582.0000	50.0000	51.5565	8.8075
582.0000	88.0000	55.9308	7.4335
583.0000	20.0000	1.3620	65.4307
583.0000	50.0000	51.5565	8.8075
583.0000	88.0000	55.9308	7.4335
584.0000	20.0000	1.3620	65.4317
584.0000	50.0000	51.5565	8.8076
584.0000	88.0000	55.9308	7.4336
585.0000	20.0000	1.3621	65.4290
585.0000	50.0000	51.5564	8.8042
585.0000	88.0000	55.9308	7.4302
586.0000	20.0000	1.3691	65.4193
586.0000	50.0000	51.5574	8.7888
586.0000	88.0000	55.9316	7.4144
587.0000	20.0000	1.3553	65.4311
587.0000	50.0000	51.5545	8.7712
587.0000	88.0000	55.9289	7.3977
588.0000	20.0000	1.3600	65.4434
588.0000	50.0000	51.5540	8.7154
588.0000	88.0000	55.9284	7.3416
589.0000	20.0000	1.3555	65.3537
589.0000	50.0000	51.5515	8.6282
589.0000	88.0000	55.9259	7.2546
590.0000	20.0000	1.3483	65.2389
590.0000	50.0000	51.5480	8.5164
590.0000	88.0000	55.9226	7.1431
591.0000	20.0000	1.3397	65.1085
591.0000	50.0000	51.5440	8.3898
591.0000	88.0000	55.9187	7.0168
592.0000	20.0000	1.3310	64.9627
592.0000	50.0000	51.5398	8.2478
592.0000	88.0000	55.9145	6.8751
593.0000	20.0000	1.3216	64.8009
593.0000	50.0000	51.5345	8.0906
593.0000	88.0000	55.9099	6.7177
594.0000	20.0000	1.3120	64.6484
594.0000	50.0000	51.5294	7.9213
594.0000	88.0000	55.9050	6.5488
595.0000	20.0000	1.3033	64.5311
595.0000	50.0000	51.5243	7.7432
595.0000	88.0000	55.8999	6.3711
596.0000	20.0000	1.2957	64.4568
596.0000	50.0000	51.5191	7.5635
596.0000	88.0000	55.8949	6.1917
597.0000	20.0000	1.2905	64.4569
597.0000	50.0000	51.5141	7.4126
597.0000	88.0000	55.8905	6.0406
598.0000	20.0000	1.2877	64.4909
598.0000	50.0000	51.5098	7.3133
598.0000	88.0000	55.8876	5.9401
599.0000	20.0000	1.2869	64.4857
599.0000	50.0000	51.4940	7.3091
599.0000	88.0000	55.8870	5.9209
600.0000	20.0000	1.2885	64.5552
600.0000	50.0000	51.4910	7.3123
600.0000	88.0000	55.8870	5.9216
601.0000	20.0000	1.2917	64.6884
601.0000	50.0000	51.4907	7.3126
601.0000	88.0000	55.8870	5.9224
602.0000	20.0000	1.2947	64.8154
602.0000	50.0000	51.4907	7.3131
602.0000	88.0000	55.8870	5.9228
603.0000	20.0000	1.2948	64.8188
603.0000	50.0000	51.4907	7.3136
603.0000	88.0000	55.8870	5.9231
604.0000	20.0000	1.2948	64.8196
604.0000	50.0000	51.4902	7.3145
604.0000	88.0000	55.8871	5.9232
605.0000	20.0000	1.2948	64.8201
605.0000	50.0000	51.4903	7.3146
605.0000	88.0000	55.8871	5.9233
606.0000	20.0000	1.2948	64.8205
606.0000	50.0000	51.4903	7.3147
606.0000	88.0000	55.8871	5.9233
607.0000	20.0000	1.2949	64.8206
607.0000	50.0000	51.4903	7.3147
607.0000	88.0000	55.8871	5.9233
608.0000	20.0000	1.2949	64.8207
608.0000	50.0000	51.4903	7.3147
608.0000	88.0000	55.8871	5.9234
609.0000	20.0000	1.2955	64.8463
609.0000	50.0000	51.4903	7.3147
609.0000	88.0000	55.8871	5.9234
610.0000	20.0000	1.2975	64.9339
610.0000	50.0000	51.4903	7.3147
610.0000	88.0000	55.8871	5.9234
611.0000	20.0000	1.2994	65.0131
611.0000	50.0000	51.4903	7.3147
611.0000	88.0000	55.8871	5.9234
612.0000	20.0000	1.2995	65.0202
612.0000	50.0000	51.4903	7.3147
612.0000	88.0000	55.8871	5.9234
613.0000	20.0000	1.3012	65.0910
613.0000	50.0000	51.4903	7.3147
613.0000	88.0000	55.8871	5.9234
614.0000	20.0000	1.3028	65.1613
614.0000	50.0000	51.4903	7.3147
614.0000	88.0000	55.8871	5.9234
615.0000	20.0000	1.3030	65.1686
615.0000	50.0000	51.4903	7.3147
615.0000	88.0000	55.8871	5.9234
616.0000	20.0000	1.3047	65.2402
616.0000	50.0000	51.4898	7.3153
616.0000	88.0000	55.8871	5.9234
617.0000	20.0000	1.3064	65.3114
617.0000	50.0000	51.4887	7.3167
617.0000	88.0000	55.8871	5.9234
618.0000	20.0000	1.3065	65.3188
618.0000	50.0000	51.4878	7.3172
618.0000	88.0000	55.8871	5.9234
619.0000	20.0000	1.3082	65.3907
619.0000	50.0000	51.4865	7.3189
619.0000	88.0000	55.8871	5.9234
620.0000	20.0000	1.3099	65.4626
620.0000	50.0000	51.4694	7.3364
620.0000	88.0000	55.8871	5.9234
621.0000	20.0000	1.3101	65.4699
621.0000	50.0000	51.4282	7.3735
621.0000	88.0000	55.8871	5.9234
622.0000	20.0000	1.3118	65.5422
622.0000	50.0000	51.3618	7.4379
622.0000	88.0000	55.8871	5.9234
623.0000	20.0000	1.3135	65.6144
623.0000	50.0000	51.2652	7.5279
623.0000	88.0000	55.8871	5.9234
624.0000	20.0000	1.3136	65.6218
624.0000	50.0000	51.1476	7.6521
624.0000	88.0000	55.8790	5.9236
625.0000	20.0000	1.3153	65.6943
625.0000	50.0000	51.0112	7.8098
625.0000	88.0000	55.8477	5.9243
626.0000	20.0000	1.3184	65.8272
626.0000	50.0000	50.8888	7.9501
626.0000	88.0000	55.7863	5.9257
627.0000	20.0000	1.3213	65.9506
627.0000	50.0000	50.8339	8.0217
627.0000	88.0000	55.6886	5.9285
628.0000	20.0000	1.3218	65.9711
628.0000	50.0000	50.7423	8.1390
628.0000	88.0000	55.5636	5.9334
629.0000	20.0000	1.3237	66.0557
629.0000	50.0000	50.6651	8.2577
629.0000	88.0000	55.4233	5.9385
630.0000	20.0000	1.3258	66.1444
630.0000	50.0000	50.6480	8.2860
630.0000	88.0000	55.2692	5.9453
631.0000	20.0000	1.3261	66.1547
631.0000	50.0000	50.6328	8.3049
631.0000	88.0000	55.0986	5.9575
632.0000	20.0000	1.3279	66.2344
632.0000	50.0000	50.6299	8.3133
632.0000	88.0000	54.9155	5.9733
633.0000	20.0000	1.3298	66.3170
633.0000	50.0000	50.5960	8.3780
633.0000	88.0000	54.7256	5.9876
634.0000	20.0000	1.3300	66.3264
634.0000	50.0000	50.5602	8.4414
634.0000	88.0000	54.5307	6.0120
635.0000	20.0000	1.3318	66.4039
635.0000	50.0000	50.5548	8.4463
635.0000	88.0000	54.3871	6.0317
636.0000	20.0000	1.3337	66.4832
636.0000	50.0000	50.5211	8.5110
636.0000	88.0000	54.3834	6.0289
637.0000	20.0000	1.3338	66.4911
637.0000	50.0000	50.4879	8.5762
637.0000	88.0000	54.3823	6.0282
638.0000	20.0000	1.3356	66.5668
638.0000	50.0000	50.4840	8.5817
638.0000	88.0000	54.3817	6.0287
639.0000	20.0000	1.3373	66.6436
639.0000	50.0000	50.4809	8.5896
639.0000	88.0000	54.3813	6.0292
640.0000	20.0000	1.3375	66.6510
640.0000	50.0000	50.4805	8.5896
640.0000	88.0000	54.3811	6.0296
641.0000	20.0000	1.3392	66.7251
641.0000	50.0000	50.4808	8.5903
641.0000	88.0000	54.3810	6.0298
642.0000	20.0000	1.3409	66.8000
642.0000	50.0000	50.4808	8.5919
642.0000	88.0000	54.3809	6.0299
643.0000	20.0000	1.3411	66.8074
643.0000	50.0000	50.4810	8.5922
643.0000	88.0000	54.3809	6.0299
644.0000	20.0000	1.3428	66.8811
644.0000	50.0000	50.4811	8.5923
644.0000	88.0000	54.3809	6.0299
645.0000	20.0000	1.3444	66.9552
645.0000	50.0000	50.4811	8.5924
645.0000	88.0000	54.3809	6.0299
646.0000	20.0000	1.3445	66.9547
646.0000	50.0000	50.4811	8.5924
646.0000	88.0000	54.3809	6.0299
647.0000	20.0000	1.3444	66.9551
647.0000	50.0000	50.4811	8.5924
647.0000	88.0000	54.3809	6.0299
648.0000	20.0000	1.3445	66.9554
648.0000	50.0000	50.4811	8.5924
648.0000	88.0000	54.3809	6.0299
649.0000	20.0000	1.3445	66.9555
649.0000	50.0000	50.4811	8.5924
649.0000	88.0000	54.3809	6.0299
650.0000	20.0000	1.3445	66.9557
650.0000	50.0000	50.4811	8.5925
650.0000	88.0000	54.3809	6.0300
651.0000	20.0000	1.3445	66.9555
651.0000	50.0000	50.4811	8.5922
651.0000	88.0000	54.3809	6.0296
652.0000	20.0000	1.3445	66.9555
652.0000	50.0000	50.4811	8.5922
652.0000	88.0000	54.3809	6.0296
653.0000	20.0000	1.3445	66.9555
653.0000	50.0000	50.4811	8.5922
653.0000	88.0000	54.3809	6.0296
654.0000	20.0000	1.3445	66.9555
654.0000	50.0000	50.4811	8.5922
654.0000	88.0000	54.3809	6.0296
655.0000	20.0000	1.3445	66.9555
655.0000	50.0000	50.4811	8.5922
655.0000	88.0000	54.3809	6.0296
656.0000	20.0000	1.3445	66.9557
656.0000	50.0000	50.4811	8.5923
656.0000	88.0000	54.3809	6.0297
657.0000	20.0000	1.3445	66.9524
657.0000	50.0000	50.4810	8.5890
657.0000	88.0000	54.3808	6.0265
658.0000	20.0000	1.3449	66.9431
658.0000	50.0000	50.4809	8.5793
658.0000	88.0000	54.3807	6.0167
659.0000	20.0000	1.3672	66.9146
659.0000	50.0000	50.4841	8.5347
659.0000	88.0000	54.3830	5.9709
660.0000	20.0000	1.3766	66.8596
660.0000	50.0000	50.4845	8.4723
660.0000	88.0000	54.3831	5.9079
661.0000	20.0000	1.3721	66.7658
661.0000	50.0000	50.4820	8.3803
661.0000	88.0000	54.3806	5.8160
662.0000	20.0000	1.3670	66.6531
662.0000	50.0000	50.4789	8.2692
662.0000	88.0000	54.3776	5.7050
663.0000	20.0000	1.3595	66.5286
663.0000	50.0000	50.4753	8.1479
663.0000	88.0000	54.3742	5.5839
664.0000	20.0000	1.3526	66.3854
664.0000	50.0000	50.4714	8.0072
664.0000	88.0000	54.3704	5.4435
665.0000	20.0000	1.3446	66.2241
665.0000	50.0000	50.4670	7.8489
665.0000	88.0000	54.3661	5.2854
666.0000	20.0000	1.3365	66.0518
666.0000	50.0000	50.4623	7.6795
666.0000	88.0000	54.3616	5.1162
667.0000	20.0000	1.3280	65.8714
667.0000	50.0000	50.4575	7.5021
667.0000	88.0000	54.3570	4.9391
668.0000	20.0000	1.3193	65.6817
668.0000	50.0000	50.4525	7.3156
668.0000	88.0000	54.3521	4.7528
669.0000	20.0000	1.3104	65.4840
669.0000	50.0000	50.4472	7.1210
669.0000	88.0000	54.3471	4.5585
670.0000	20.0000	1.3015	65.2807
670.0000	50.0000	50.4419	6.9206
670.0000	88.0000	54.3411	4.3585
671.0000	20.0000	1.2927	65.0727
671.0000	50.0000	50.4365	6.7154
671.0000	88.0000	54.3358	4.1535
672.0000	20.0000	1.2841	64.8600
672.0000	50.0000	50.4311	6.5055
672.0000	88.0000	54.3305	3.9438
673.0000	20.0000	1.2756	64.6437
673.0000	50.0000	50.4256	6.2917
673.0000	88.0000	54.3252	3.7302
674.0000	20.0000	1.2672	64.4244
674.0000	50.0000	50.4202	6.0749
674.0000	88.0000	54.3199	3.5136
675.0000	20.0000	1.2591	64.2027
675.0000	50.0000	50.4147	5.8554
675.0000	88.0000	54.3145	3.2943
676.0000	20.0000	1.2507	63.9787
676.0000	50.0000	50.4093	5.6338
676.0000	88.0000	54.3092	3.0729
677.0000	20.0000	1.2427	63.7529
677.0000	50.0000	50.4037	5.4101
677.0000	88.0000	54.3038	2.8493
678.0000	20.0000	1.2350	63.5318
678.0000	50.0000	50.3984	5.1909
678.0000	88.0000	54.2985	2.6303
679.0000	20.0000	1.2282	63.3427
679.0000	50.0000	50.3938	5.0037
679.0000	88.0000	54.2940	2.4433
680.0000	20.0000	1.2229	63.2061
680.0000	50.0000	50.3901	4.8695
680.0000	88.0000	54.2906	2.3084
681.0000	20.0000	1.2184	63.1303
681.0000	50.0000	50.3880	4.7960
681.0000	88.0000	54.2886	2.2351
682.0000	20.0000	1.2184	63.1256
682.0000	50.0000	50.3878	4.7913
682.0000	88.0000	54.2885	2.2304
683.0000	20.0000	1.2184	63.1268
683.0000	50.0000	50.3878	4.7922
683.0000	88.0000	54.2885	2.2313
684.0000	20.0000	1.2185	63.1277
684.0000	50.0000	50.3879	4.7929
684.0000	88.0000	54.2886	2.2320
685.0000	20.0000	1.2185	63.1281
685.0000	50.0000	50.3879	4.7933
685.0000	88.0000	54.2886	2.2324
686.0000	20.0000	1.2185	63.1283
686.0000	50.0000	50.3879	4.7935
686.0000	88.0000	54.2886	2.2326
687.0000	20.0000	1.2185	63.1284
687.0000	50.0000	50.3879	4.7936
687.0000	88.0000	54.2886	2.2327
688.0000	20.0000	1.2186	63.1285
688.0000	50.0000	50.3880	4.7937
688.0000	88.0000	54.2886	2.2328
689.0000	20.0000	1.2186	63.1285
689.0000	50.0000	50.3879	4.7937
689.0000	88.0000	54.2886	2.2328
690.0000	20.0000	1.2186	63.1285
690.0000	50.0000	50.3879	4.7937
690.0000	88.0000	54.2886	2.2328
691.0000	20.0000	1.2186	63.1294
691.0000	50.0000	50.3879	4.7937
691.0000	88.0000	54.2886	2.2328
692.0000	20.0000	1.2186	63.1294
692.0000	50.0000	50.3879	4.7937
692.0000	88.0000	54.2886	2.2328
693.0000	20.0000	1.2186	63.1294
693.0000	50.0000	50.3879	4.7937
693.0000	88.0000	54.2886	2.2328
694.0000	20.0000	1.2186	63.1294
694.0000	50.0000	50.3879	4.7937
694.0000	88.0000	54.2886	2.2328
695.0000	20.0000	1.2186	63.1294
695.0000	50.0000	50.3879	4.7937
695.0000	88.0000	54.2886	2.2328
696.0000	20.0000	1.2186	63.1294
696.0000	50.0000	50.3879	4.7937
696.0000	88.0000	54.2886	2.2328
697.0000	20.0000	1.2186	63.1294
697.0000	50.0000	50.3879	4.7937
697.0000	88.0000	54.2886	2.2328
698.0000	20.0000	1.2186	63.1294
698.0000	50.0000	50.3879	4.7937
698.0000	88.0000	54.2886	2.2328
699.0000	20.0000	1.2186	63.1293
699.0000	50.0000	50.3879	4.7937
699.0000	88.0000	54.2886	2.2328
700.0000	20.0000	1.2186	63.1302
700.0000	50.0000	50.3880	4.7937
700.0000	88.0000	54.2886	2.2328
701.0000	20.0000	1.2186	63.1302
701.0000	50.0000	50.3851	4.8013
701.0000	88.0000	54.2886	2.2328
702.0000	20.0000	1.2186	63.1302
702.0000	50.0000	50.3841	4.8024
702.0000	88.0000	54.2886	2.2328
703.0000	20.0000	1.2186	63.1302
703.0000	50.0000	50.3831	4.8051
703.0000	88.0000	54.2886	2.2328
704.0000	20.0000	1.2186	63.1302
704.0000	50.0000	50.3824	4.8064
704.0000	88.0000	54.2886	2.2328
705.0000	20.0000	1.2186	63.1302
705.0000	50.0000	50.3823	4.8064
705.0000	88.0000	54.2886	2.2328
706.0000	20.0000	1.2186	63.1302
706.0000	50.0000	50.3823	4.8064
706.0000	88.0000	54.2886	2.2328
707.0000	20.0000	1.2186	63.1302
707.0000	50.0000	50.3824	4.8064
707.0000	88.0000	54.2886	2.2328
708.0000	20.0000	1.2186	63.1302
708.0000	50.0000	50.3825	4.8065
708.0000	88.0000	54.2886	2.2328
709.0000	20.0000	1.2186	63.1302
709.0000	50.0000	50.3770	4.8206
709.0000	88.0000	54.2886	2.2328
710.0000	20.0000	1.2186	63.1302
710.0000	50.0000	50.3747	4.8244
710.0000	88.0000	54.2886	2.2328
711.0000	20.0000	1.2186	63.1302
711.0000	50.0000	50.3732	4.8274
711.0000	88.0000	54.2887	2.2328
712.0000	20.0000	1.2186	63.1302
712.0000	50.0000	50.3725	4.8301
712.0000	88.0000	54.2811	2.2343
713.0000	20.0000	1.2186	63.1302
713.0000	50.0000	50.3723	4.8300
713.0000	88.0000	54.2515	2.2393
714.0000	20.0000	1.2186	63.1302
714.0000	50.0000	50.3724	4.8301
714.0000	88.0000	54.2433	2.2405
715.0000	20.0000	1.2186	63.1302
715.0000	50.0000	50.3724	4.8302
715.0000	88.0000	54.2405	2.2407
716.0000	20.0000	1.2186	63.1302
716.0000	50.0000	50.3725	4.8302
716.0000	88.0000	54.2383	2.2411
717.0000	20.0000	1.2186	63.1302
717.0000	50.0000	50.3725	4.8303
717.0000	88.0000	54.2383	2.2411
718.0000	20.0000	1.2186	63.1302
718.0000	50.0000	50.3725	4.8303
718.0000	88.0000	54.2382	2.2412
719.0000	20.0000	1.2186	63.1302
719.0000	50.0000	50.3725	4.8303
719.0000	88.0000	54.2382	2.2412
720.0000	20.0000	1.2186	63.1302
720.0000	50.0000	50.3725	4.8303
720.0000	88.0000	54.2382	2.2412
721.0000	20.0000	1.2186	63.1302
721.0000	50.0000	50.3726	4.8303
721.0000	88.0000	54.2382	2.2412
722.0000	20.0000	1.2186	63.1302
722.0000	50.0000	50.3681	4.8420
722.0000	88.0000	54.2382	2.2412
723.0000	20.0000	1.2186	63.1302
723.0000	50.0000	50.3671	4.8431
723.0000	88.0000	54.2382	2.2412
724.0000	20.0000	1.2186	63.1302
724.0000	50.0000	50.3668	4.8429
724.0000	88.0000	54.2382	2.2412
725.0000	20.0000	1.2186	63.1302
725.0000	50.0000	50.3668	4.8429
725.0000	88.0000	54.2382	2.2412
726.0000	20.0000	1.2186	63.1302
726.0000	50.0000	50.3668	4.8430
726.0000	88.0000	54.2382	2.2412
727.0000	20.0000	1.2186	63.1302
727.0000	50.0000	50.3669	4.8431
727.0000	88.0000	54.2382	2.2412
728.0000	20.0000	1.2186	63.1302
728.0000	50.0000	50.3669	4.8431
728.0000	88.0000	54.2382	2.2412
729.0000	20.0000	1.2186	63.1302
729.0000	50.0000	50.3669	4.8431
729.0000	88.0000	54.2382	2.2412
730.0000	20.0000	1.2186	63.1302
730.0000	50.0000	50.3669	4.8431
730.0000	88.0000	54.2382	2.2412
731.0000	20.0000	1.2186	63.1302
731.0000	50.0000	50.3669	4.8431
731.0000	88.0000	54.2382	2.2412
732.0000	20.0000	1.2186	63.1302
732.0000	50.0000	50.3669	4.8431
732.0000	88.0000	54.2382	2.2412
733.0000	20.0000	1.2186	63.1302
733.0000	50.0000	50.3669	4.8431
733.0000	88.0000	54.2382	2.2412
734.0000	20.0000	1.2186	63.1302
734.0000	50.0000	50.3669	4.8431
734.0000	88.0000	54.2298	2.2427
735.0000	20.0000	1.2186	63.1302
735.0000	50.0000	50.3669	4.8431
735.0000	88.0000	54.1996	2.2478
736.0000	20.0000	1.2186	63.1302
736.0000	50.0000	50.3670	4.8431
736.0000	88.0000	54.1885	2.2494
737.0000	20.0000	1.2186	63.1302
737.0000	50.0000	50.3667	4.8439
737.0000	88.0000	54.1885	2.2490
738.0000	20.0000	1.2186	63.1302
738.0000	50.0000	50.3667	4.8439
738.0000	88.0000	54.1884	2.2490
739.0000	20.0000	1.2186	63.1302
739.0000	50.0000	50.3667	4.8439
739.0000	88.0000	54.1883	2.2491
740.0000	20.0000	1.2186	63.1302
740.0000	50.0000	50.3667	4.8439
740.0000	88.0000	54.1883	2.2493
741.0000	20.0000	1.2186	63.1302
741.0000	50.0000	50.3667	4.8439
741.0000	88.0000	54.1882	2.2493
742.0000	20.0000	1.2186	63.1302
742.0000	50.0000	50.3667	4.8439
742.0000	88.0000	54.1882	2.2493
743.0000	20.0000	1.2186	63.1302
743.0000	50.0000	50.3667	4.8439
743.0000	88.0000	54.1882	2.2493
744.0000	20.0000	1.2186	63.1302
744.0000	50.0000	50.3667	4.8439
744.0000	88.0000	54.1882	2.2493
745.0000	20.0000	1.2186	63.1302
745.0000	50.0000	50.3667	4.8439
745.0000	88.0000	54.1882	2.2493
746.0000	20.0000	1.2186	63.1302
746.0000	50.0000	50.3667	4.8439
746.0000	88.0000	54.1882	2.2493
747.0000	20.0000	1.2186	63.1302
747.0000	50.0000	50.3667	4.8439
747.0000	88.0000	54.1882	2.2493
748.0000	20.0000	1.2186	63.1302
748.0000	50.0000	50.3667	4.8439
748.0000	88.0000	54.1882	2.2493
749.0000	20.0000	1.2186	63.1302
749.0000	50.0000	50.3667	4.8439
749.0000	88.0000	54.1882	2.2493
750.0000	20.0000	1.2186	63.1302
750.0000	50.0000	50.3667	4.8439
750.0000	88.0000	54.1883	2.2493
751.0000	20.0000	1.2186	63.1302
751.0000	50.0000	50.3667	4.8439
751.0000	88.0000	54.1789	2.2513
752.0000	20.0000	1.2186	63.1302
752.0000	50.0000	50.3667	4.8439
752.0000	88.0000	54.1463	2.2571
753.0000	20.0000	1.2186	63.1302
753.0000	50.0000	50.3667	4.8439
753.0000	88.0000	54.1357	2.2586
754.0000	20.0000	1.2186	63.1302
754.0000	50.0000	50.3667	4.8439
754.0000	88.0000	54.1356	2.2582
755.0000	20.0000	1.2186	63.1302
755.0000	50.0000	50.3667	4.8439
755.0000	88.0000	54.1355	2.2582
756.0000	20.0000	1.2186	63.1302
756.0000	50.0000	50.3667	4.8439
756.0000	88.0000	54.1354	2.2584
757.0000	20.0000	1.2188	63.1385
757.0000	50.0000	50.3667	4.8439
757.0000	88.0000	54.1354	2.2585
758.0000	20.0000	1.2190	63.1405
758.0000	50.0000	50.3667	4.8439
758.0000	88.0000	54.1354	2.2585
759.0000	20.0000	1.2190	63.1406
759.0000	50.0000	50.3667	4.8439
759.0000	88.0000	54.1354	2.2586
760.0000	20.0000	1.2189	63.1406
760.0000	50.0000	50.3667	4.8439
760.0000	88.0000	54.1354	2.2586
761.0000	20.0000	1.2189	63.1406
761.0000	50.0000	50.3667	4.8439
761.0000	88.0000	54.1354	2.2586
762.0000	20.0000	1.2189	63.1407
762.0000	50.0000	50.3667	4.8440
762.0000	88.0000	54.1354	2.2587
763.0000	20.0000	1.2190	63.1383
763.0000	50.0000	50.3666	4.8405
763.0000	88.0000	54.1353	2.2552
764.0000	20.0000	1.2141	63.1283
764.0000	50.0000	50.3659	4.8341
764.0000	88.0000	54.1348	2.2491
765.0000	20.0000	1.2312	63.0986
765.0000	50.0000	50.3673	4.7913
765.0000	88.0000	54.1355	2.2052
766.0000	20.0000	1.2072	63.0855
766.0000	50.0000	50.3644	4.7958
766.0000	88.0000	54.1335	2.2111
767.0000	20.0000	1.2072	63.0854
767.0000	50.0000	50.3644	4.7957
767.0000	88.0000	54.1335	2.2110
768.0000	20.0000	1.2073	63.0863
768.0000	50.0000	50.3644	4.7958
768.0000	88.0000	54.1335	2.2111
769.0000	20.0000	1.2073	63.0864
769.0000	50.0000	50.3644	4.7958
769.0000	88.0000	54.1335	2.2111
770.0000	20.0000	1.2073	63.0865
770.0000	50.0000	50.3644	4.7959
770.0000	88.0000	54.1335	2.2112
771.0000	20.0000	1.2073	63.0865
771.0000	50.0000	50.3644	4.7959
771.0000	88.0000	54.1335	2.2112
772.0000	20.0000	1.2073	63.0865
772.0000	50.0000	50.3644	4.7959
772.0000	88.0000	54.1335	2.2112
773.0000	20.0000	1.2073	63.0865
773.0000	50.0000	50.3644	4.7959
773.0000	88.0000	54.1335	2.2112
774.0000	20.0000	1.2073	63.0865
774.0000	50.0000	50.3644	4.7959
774.0000	88.0000	54.1335	2.2112
775.0000	20.0000	1.2073	63.0873
775.0000	50.0000	50.3644	4.7959
775.0000	88.0000	54.1335	2.2112
776.0000	20.0000	1.2073	63.0873
776.0000	50.0000	50.3644	4.7959
776.0000	88.0000	54.1335	2.2112
777.0000	20.0000	1.2073	63.0873
777.0000	50.0000	50.3644	4.7959
777.0000	88.0000	54.1335	2.2112
778.0000	20.0000	1.2073	63.0873
778.0000	50.0000	50.3644	4.7959
778.0000	88.0000	54.1335	2.2112
779.0000	20.0000	1.2073	63.0873
779.0000	50.0000	50.3644	4.7959
779.0000	88.0000	54.1335	2.2112
780.0000	20.0000	1.2073	63.0873
780.0000	50.0000	50.3644	4.7959
780.0000	88.0000	54.1335	2.2112
781.0000	20.0000	1.2073	63.0873
781.0000	50.0000	50.3644	4.7959
781.0000	88.0000	54.1335	2.2112
782.0000	20.0000	1.2073	63.0873
782.0000	50.0000	50.3644	4.7959
782.0000	88.0000	54.1335	2.2112
783.0000	20.0000	1.2073	63.0873
783.0000	50.0000	50.3613	4.8034
783.0000	88.0000	54.1335	2.2112
784.0000	20.0000	1.2073	63.0873
784.0000	50.0000	50.3484	4.8310
784.0000	88.0000	54.1335	2.2112
785.0000	20.0000	1.2073	63.0873
785.0000	50.0000	50.3208	4.8861
785.0000	88.0000	54.1335	2.2112
786.0000	20.0000	1.2073	63.0873
786.0000	50.0000	50.2816	4.9746
786.0000	88.0000	54.1335	2.2112
787.0000	20.0000	1.2073	63.0882
787.0000	50.0000	50.2521	5.0315
787.0000	88.0000	54.1335	2.2112
788.0000	20.0000	1.2073	63.0882
788.0000	50.0000	50.2494	5.0295
788.0000	88.0000	54.1260	2.2128
789.0000	20.0000	1.2073	63.0882
789.0000	50.0000	50.2490	5.0297
789.0000	88.0000	54.0973	2.2183
790.0000	20.0000	1.2073	63.0882
790.0000	50.0000	50.2494	5.0303
790.0000	88.0000	54.0371	2.2290
791.0000	20.0000	1.2073	63.0881
791.0000	50.0000	50.2500	5.0308
791.0000	88.0000	53.9416	2.2484
792.0000	20.0000	1.2073	63.0890
792.0000	50.0000	50.2504	5.0312
792.0000	88.0000	53.8760	2.2621
793.0000	20.0000	1.2073	63.0890
793.0000	50.0000	50.2505	5.0313
793.0000	88.0000	53.8759	2.2597
794.0000	20.0000	1.2073	63.0890
794.0000	50.0000	50.2505	5.0314
794.0000	88.0000	53.8755	2.2596
795.0000	20.0000	1.2073	63.0890
795.0000	50.0000	50.2505	5.0314
795.0000	88.0000	53.8753	2.2600
796.0000	20.0000	1.2073	63.0890
796.0000	50.0000	50.2505	5.0314
796.0000	88.0000	53.8751	2.2604
797.0000	20.0000	1.2073	63.0890
797.0000	50.0000	50.2505	5.0314
797.0000	88.0000	53.8751	2.2607
798.0000	20.0000	1.2073	63.0890
798.0000	50.0000	50.2505	5.0314
798.0000	88.0000	53.8750	2.2608
799.0000	20.0000	1.2073	63.0890
799.0000	50.0000	50.2505	5.0314
799.0000	88.0000	53.8750	2.2608
800.0000	20.0000	1.2073	63.0890
800.0000	50.0000	50.2505	5.0314
800.0000	88.0000	53.8750	2.2608
801.0000	20.0000	1.2073	63.0890
801.0000	50.0000	50.2505	5.0314
801.0000	88.0000	53.8750	2.2608
802.0000	20.0000	1.2073	63.0890
802.0000	50.0000	50.2505	5.0314
802.0000	88.0000	53.8750	2.2609
803.0000	20.0000	1.2073	63.0890
803.0000	50.0000	50.2505	5.0314
803.0000	88.0000	53.8632	2.2640
804.0000	20.0000	1.2073	63.0890
804.0000	50.0000	50.2505	5.0314
804.0000	88.0000	53.8612	2.2645
805.0000	20.0000	1.2073	63.0890
805.0000	50.0000	50.2505	5.0314
805.0000	88.0000	53.8612	2.2643
806.0000	20.0000	1.2073	63.0890
806.0000	50.0000	50.2505	5.0314
806.0000	88.0000	53.8612	2.2643
807.0000	20.0000	1.2073	63.0890
807.0000	50.0000	50.2505	5.0314
807.0000	88.0000	53.8412	2.2694
808.0000	20.0000	1.2073	63.0890
808.0000	50.0000	50.2505	5.0314
808.0000	88.0000	53.8341	2.2708
809.0000	20.0000	1.2073	63.0890
809.0000	50.0000	50.2505	5.0314
809.0000	88.0000	53.8340	2.2705
810.0000	20.0000	1.2073	63.0890
810.0000	50.0000	50.2505	5.0314
810.0000	88.0000	53.8340	2.2705
811.0000	20.0000	1.2073	63.0890
811.0000	50.0000	50.2505	5.0314
811.0000	88.0000	53.8339	2.2707
812.0000	20.0000	1.2073	63.0890
812.0000	50.0000	50.2505	5.0314
812.0000	88.0000	53.8339	2.2708
813.0000	20.0000	1.2073	63.0890
813.0000	50.0000	50.2505	5.0314
813.0000	88.0000	53.8339	2.2708
814.0000	20.0000	1.2073	63.0890
814.0000	50.0000	50.2505	5.0314
814.0000	88.0000	53.8339	2.2708
815.0000	20.0000	1.2073	63.0890
815.0000	50.0000	50.2505	5.0314
815.0000	88.0000	53.8339	2.2708
816.0000	20.0000	1.2073	63.0890
816.0000	50.0000	50.2505	5.0314
816.0000	88.0000	53.8339	2.2708
817.0000	20.0000	1.2073	63.0890
817.0000	50.0000	50.2505	5.0314
817.0000	88.0000	53.8339	2.2708
818.0000	20.0000	1.2073	63.0890
818.0000	50.0000	50.2505	5.0314
818.0000	88.0000	53.8339	2.2708
819.0000	20.0000	1.2073	63.0890
819.0000	50.0000	50.2505	5.0314
819.0000	88.0000	53.8331	2.2711
820.0000	20.0000	1.2073	63.0890
820.0000	50.0000	50.2505	5.0314
820.0000	88.0000	53.8331	2.2710
821.0000	20.0000	1.2073	63.0890
821.0000	50.0000	50.2505	5.0314
821.0000	88.0000	53.8330	2.2710
822.0000	20.0000	1.2073	63.0890
822.0000	50.0000	50.2505	5.0314
822.0000	88.0000	53.8331	2.2710
823.0000	20.0000	1.2073	63.0890
823.0000	50.0000	50.2505	5.0314
823.0000	88.0000	53.8331	2.2710
824.0000	20.0000	1.2073	63.0890
824.0000	50.0000	50.2505	5.0314
824.0000	88.0000	53.8331	2.2710
825.0000	20.0000	1.2073	63.0890
825.0000	50.0000	50.2505	5.0314
825.0000	88.0000	53.8331	2.2710
826.0000	20.0000	1.2073	63.0890
826.0000	50.0000	50.2505	5.0314
826.0000	88.0000	53.8331	2.2710
827.0000	20.0000	1.2073	63.0898
827.0000	50.0000	50.2505	5.0314
827.0000	88.0000	53.8331	2.2710
828.0000	20.0000	1.2073	63.0898
828.0000	50.0000	50.2505	5.0314
828.0000	88.0000	53.8331	2.2710
829.0000	20.0000	1.2073	63.0898
829.0000	50.0000	50.2505	5.0314
829.0000	88.0000	53.8331	2.2710
830.0000	20.0000	1.2073	63.0898
830.0000	50.0000	50.2505	5.0314
830.0000	88.0000	53.8331	2.2710
831.0000	20.0000	1.2073	63.0898
831.0000	50.0000	50.2505	5.0314
831.0000	88.0000	53.8331	2.2710
832.0000	20.0000	1.2073	63.0898
832.0000	50.0000	50.2478	5.0391
832.0000	88.0000	53.8331	2.2710
833.0000	20.0000	1.2073	63.0898
833.0000	50.0000	50.2368	5.0668
833.0000	88.0000	53.8252	2.2731
834.0000	20.0000	1.2073	63.0898
834.0000	50.0000	50.2130	5.1224
834.0000	88.0000	53.7940	2.2806
835.0000	20.0000	1.2073	63.0898
835.0000	50.0000	50.1777	5.2141
835.0000	88.0000	53.7850	2.2826
836.0000	20.0000	1.2073	63.0898
836.0000	50.0000	50.1251	5.3414
836.0000	88.0000	53.7849	2.2821
837.0000	20.0000	1.2073	63.0898
837.0000	50.0000	50.0596	5.5055
837.0000	88.0000	53.7848	2.2822
838.0000	20.0000	1.2073	63.0898
838.0000	50.0000	50.0087	5.6517
838.0000	88.0000	53.7593	2.2893
839.0000	20.0000	1.2073	63.0898
839.0000	50.0000	50.0006	5.6580
839.0000	88.0000	53.6941	2.3050
840.0000	20.0000	1.2074	63.0908
840.0000	50.0000	49.9988	5.6582
840.0000	88.0000	53.6459	2.3163
841.0000	20.0000	1.2075	63.0874
841.0000	50.0000	49.9991	5.6559
841.0000	88.0000	53.6458	2.3112
842.0000	20.0000	1.2028	63.0774
842.0000	50.0000	49.9989	5.6516
842.0000	88.0000	53.6450	2.3048
843.0000	20.0000	1.2197	63.0479
843.0000	50.0000	50.0010	5.6096
843.0000	88.0000	53.6455	2.2618
844.0000	20.0000	1.2265	62.9942
844.0000	50.0000	50.0012	5.5503
844.0000	88.0000	53.6200	2.2096
845.0000	20.0000	1.2235	62.9045
845.0000	50.0000	49.9992	5.4615
845.0000	88.0000	53.5502	2.1389
846.0000	20.0000	1.2204	62.7897
846.0000	50.0000	49.9964	5.3471
846.0000	88.0000	53.4512	2.0514
847.0000	20.0000	1.2171	62.6590
847.0000	50.0000	49.9934	5.2165
847.0000	88.0000	53.3321	1.9569
848.0000	20.0000	1.2130	62.5125
848.0000	50.0000	49.9899	5.0705
848.0000	88.0000	53.1924	1.8494
849.0000	20.0000	1.2082	62.3565
849.0000	50.0000	49.9861	4.9154
849.0000	88.0000	53.0937	1.7253
850.0000	20.0000	1.2041	62.2254
850.0000	50.0000	49.9830	4.7850
850.0000	88.0000	53.0893	1.5919
851.0000	20.0000	1.2007	62.1576
851.0000	50.0000	49.9811	4.7186
851.0000	88.0000	53.0869	1.5255
852.0000	20.0000	1.2009	62.1570
852.0000	50.0000	49.9811	4.7180
852.0000	88.0000	53.0865	1.5256
853.0000	20.0000	1.2010	62.1579
853.0000	50.0000	49.9811	4.7187
853.0000	88.0000	53.0864	1.5270
854.0000	20.0000	1.2010	62.1585
854.0000	50.0000	49.9812	4.7193
854.0000	88.0000	53.0864	1.5280
855.0000	20.0000	1.2010	62.1597
855.0000	50.0000	49.9812	4.7196
855.0000	88.0000	53.0863	1.5286
856.0000	20.0000	1.2011	62.1599
856.0000	50.0000	49.9812	4.7197
856.0000	88.0000	53.0863	1.5288
857.0000	20.0000	1.2011	62.1600
857.0000	50.0000	49.9812	4.7198
857.0000	88.0000	53.0863	1.5289
858.0000	20.0000	1.2011	62.1609
858.0000	50.0000	49.9812	4.7199
858.0000	88.0000	53.0863	1.5289
859.0000	20.0000	1.2011	62.1609
859.0000	50.0000	49.9812	4.7199
859.0000	88.0000	53.0863	1.5290
860.0000	20.0000	1.2011	62.1609
860.0000	50.0000	49.9812	4.7199
860.0000	88.0000	53.0863	1.5290
861.0000	20.0000	1.2011	62.1609
861.0000	50.0000	49.9812	4.7199
861.0000	88.0000	53.0863	1.5290
862.0000	20.0000	1.2011	62.1609
862.0000	50.0000	49.9812	4.7199
862.0000	88.0000	53.0863	1.5290
863.0000	20.0000	1.2011	62.1609
863.0000	50.0000	49.9812	4.7199
863.0000	88.0000	53.0765	1.5333
864.0000	20.0000	1.2011	62.1609
864.0000	50.0000	49.9812	4.7199
864.0000	88.0000	53.0752	1.5333
865.0000	20.0000	1.2011	62.1609
865.0000	50.0000	49.9812	4.7199
865.0000	88.0000	53.0721	1.5347
866.0000	20.0000	1.2011	62.1609
866.0000	50.0000	49.9793	4.7274
866.0000	88.0000	53.0711	1.5349
867.0000	20.0000	1.2011	62.1609
867.0000	50.0000	49.9714	4.7564
867.0000	88.0000	53.0710	1.5348
868.0000	20.0000	1.2011	62.1609
868.0000	50.0000	49.9529	4.8147
868.0000	88.0000	53.0710	1.5348
869.0000	20.0000	1.2011	62.1609
869.0000	50.0000	49.9403	4.8557
869.0000	88.0000	53.0710	1.5349
870.0000	20.0000	1.2011	62.1609
870.0000	50.0000	49.9383	4.8546
870.0000	88.0000	53.0710	1.5349
871.0000	20.0000	1.2011	62.1609
871.0000	50.0000	49.9380	4.8548
871.0000	88.0000	53.0710	1.5349
872.0000	20.0000	1.2011	62.1609
872.0000	50.0000	49.9384	4.8551
872.0000	88.0000	53.0710	1.5349
873.0000	20.0000	1.2011	62.1609
873.0000	50.0000	49.9388	4.8554
873.0000	88.0000	53.0710	1.5349
874.0000	20.0000	1.2011	62.1609
874.0000	50.0000	49.9391	4.8556
874.0000	88.0000	53.0710	1.5349
875.0000	20.0000	1.2011	62.1609
875.0000	50.0000	49.9354	4.8746
875.0000	88.0000	53.0710	1.5349
876.0000	20.0000	1.2011	62.1609
876.0000	50.0000	49.9213	4.9258
876.0000	88.0000	53.0710	1.5349
877.0000	20.0000	1.2011	62.1617
877.0000	50.0000	49.8944	5.0143
877.0000	88.0000	53.0710	1.5349
878.0000	20.0000	1.2011	62.1617
878.0000	50.0000	49.8597	5.1431
878.0000	88.0000	53.0710	1.5349
879.0000	20.0000	1.2011	62.1617
879.0000	50.0000	49.8122	5.3093
879.0000	88.0000	53.0711	1.5349
880.0000	20.0000	1.2011	62.1617
880.0000	50.0000	49.7639	5.5150
880.0000	88.0000	53.0629	1.5381
881.0000	20.0000	1.2011	62.1617
881.0000	50.0000	49.7051	5.7557
881.0000	88.0000	53.0322	1.5501
882.0000	20.0000	1.2012	62.1626
882.0000	50.0000	49.6585	6.0091
882.0000	88.0000	52.9732	1.5737
883.0000	20.0000	1.2012	62.1626
883.0000	50.0000	49.6072	6.2606
883.0000	88.0000	52.8802	1.6098
884.0000	20.0000	1.2012	62.1626
884.0000	50.0000	49.5675	6.5132
884.0000	88.0000	52.7622	1.6554
885.0000	20.0000	1.2012	62.1626
885.0000	50.0000	49.5268	6.7648
885.0000	88.0000	52.6321	1.7130
886.0000	20.0000	1.2012	62.1626
886.0000	50.0000	49.5008	6.9514
886.0000	88.0000	52.5401	1.7522
887.0000	20.0000	1.2012	62.1626
887.0000	50.0000	49.4927	7.0068
887.0000	88.0000	52.5386	1.7484
888.0000	20.0000	1.2012	62.1626
888.0000	50.0000	49.4820	7.1197
888.0000	88.0000	52.5378	1.7483
889.0000	20.0000	1.2012	62.1626
889.0000	50.0000	49.4662	7.2981
889.0000	88.0000	52.5378	1.7492
890.0000	20.0000	1.2012	62.1626
890.0000	50.0000	49.4452	7.5345
890.0000	88.0000	52.5379	1.7501
891.0000	20.0000	1.2012	62.1626
891.0000	50.0000	49.4217	7.8242
891.0000	88.0000	52.5379	1.7506
892.0000	20.0000	1.2012	62.1625
892.0000	50.0000	49.3948	8.1632
892.0000	88.0000	52.5379	1.7509
893.0000	20.0000	1.2012	62.1708
893.0000	50.0000	49.3686	8.5484
893.0000	88.0000	52.5378	1.7510
894.0000	20.0000	1.2020	62.2026
894.0000	50.0000	49.3426	8.9768
894.0000	88.0000	52.5378	1.7510
895.0000	20.0000	1.2034	62.2661
895.0000	50.0000	49.3183	9.4454
895.0000	88.0000	52.5246	1.7583
896.0000	20.0000	1.2047	62.3096
896.0000	50.0000	49.2962	9.9517
896.0000	88.0000	52.4862	1.7771
897.0000	20.0000	1.2048	62.3151
897.0000	50.0000	49.2775	10.4932
897.0000	88.0000	52.4164	1.8138
898.0000	20.0000	1.2061	62.3672
898.0000	50.0000	49.2612	11.0675
898.0000	88.0000	52.3106	1.8671
899.0000	20.0000	1.2079	62.4437
899.0000	50.0000	49.2490	11.6726
899.0000	88.0000	52.1735	1.9453
900.0000	20.0000	1.2100	62.5358
900.0000	50.0000	49.2390	12.3063
900.0000	88.0000	52.0026	2.0414
901.0000	20.0000	1.2130	62.6570
901.0000	50.0000	49.2330	12.9669
901.0000	88.0000	51.8564	2.1359
902.0000	20.0000	1.2163	62.7978
902.0000	50.0000	49.2302	13.6391
902.0000	88.0000	51.7984	2.1793
903.0000	20.0000	1.2201	62.9533
903.0000	50.0000	49.2315	14.3084
903.0000	88.0000	51.6906	2.2524
904.0000	20.0000	1.2242	63.1295
904.0000	50.0000	49.2361	14.9750
904.0000	88.0000	51.5448	2.3686
905.0000	20.0000	1.2276	63.2735
905.0000	50.0000	49.2437	15.6387
905.0000	88.0000	51.3631	2.5112
906.0000	20.0000	1.2278	63.2793
906.0000	50.0000	49.2534	16.2996
906.0000	88.0000	51.2308	2.6230
907.0000	20.0000	1.2278	63.2800
907.0000	50.0000	49.2658	16.9659
907.0000	88.0000	51.2213	2.6210
908.0000	20.0000	1.2278	63.2806
908.0000	50.0000	49.2801	17.6514
908.0000	88.0000	51.2197	2.6205
909.0000	20.0000	1.2278	63.2810
909.0000	50.0000	49.2961	18.3579
909.0000	88.0000	51.2196	2.6215
910.0000	20.0000	1.2278	63.2812
910.0000	50.0000	49.3141	19.0865
910.0000	88.0000	51.2195	2.6236
911.0000	20.0000	1.2278	63.2813
911.0000	50.0000	49.3340	19.8375
911.0000	88.0000	51.1775	2.6766
912.0000	20.0000	1.2278	63.2814
912.0000	50.0000	49.3551	20.6109
912.0000	88.0000	51.0729	2.7853
913.0000	20.0000	1.2278	63.2814
913.0000	50.0000	49.3777	21.4065
913.0000	88.0000	50.9315	2.9547
914.0000	20.0000	1.2278	63.2814
914.0000	50.0000	49.4018	22.2236
914.0000	88.0000	50.7836	3.1179
915.0000	20.0000	1.2278	63.2815
915.0000	50.0000	49.4271	23.0615
915.0000	88.0000	50.7054	3.2160
916.0000	20.0000	1.2278	63.2815
916.0000	50.0000	49.4535	23.9193
916.0000	88.0000	50.6317	3.3123
917.0000	20.0000	1.2278	63.2815
917.0000	50.0000	49.4810	24.7950
917.0000	88.0000	50.6255	3.3113
918.0000	20.0000	1.2278	63.2815
918.0000	50.0000	49.5092	25.6862
918.0000	88.0000	50.6246	3.3116
919.0000	20.0000	1.2278	63.2814
919.0000	50.0000	49.5382	26.5903
919.0000	88.0000	50.6252	3.3129
920.0000	20.0000	1.2279	63.2823
920.0000	50.0000	49.5678	27.5051
920.0000	88.0000	50.6260	3.3140
921.0000	20.0000	1.2279	63.2823
921.0000	50.0000	49.5979	28.4286
921.0000	88.0000	50.6265	3.3148
922.0000	20.0000	1.2279	63.2823
922.0000	50.0000	49.6283	29.3560
922.0000	88.0000	50.6267	3.3152
923.0000	20.0000	1.2279	63.2823
923.0000	50.0000	49.6587	30.2793
923.0000	88.0000	50.6267	3.3153
924.0000	20.0000	1.2279	63.2823
924.0000	50.0000	49.6891	31.1984
924.0000	88.0000	50.6267	3.3153
925.0000	20.0000	1.2279	63.2823
925.0000	50.0000	49.7194	32.1133
925.0000	88.0000	50.6267	3.3153
926.0000	20.0000	1.2282	63.2940
926.0000	50.0000	49.7496	33.0239
926.0000	88.0000	50.6267	3.3153
927.0000	20.0000	1.2290	63.3306
927.0000	50.0000	49.7800	33.9328
927.0000	88.0000	50.6266	3.3153
928.0000	20.0000	1.2306	63.3993
928.0000	50.0000	49.8106	34.8495
928.0000	88.0000	50.6266	3.3153
929.0000	20.0000	1.2330	63.5048
929.0000	50.0000	49.8416	35.7767
929.0000	88.0000	50.6266	3.3153
930.0000	20.0000	1.2360	63.6358
930.0000	50.0000	49.8730	36.7145
930.0000	88.0000	50.6266	3.3153
931.0000	20.0000	1.2380	63.7195
931.0000	50.0000	49.9047	37.6620
931.0000	88.0000	50.6266	3.3153
932.0000	20.0000	1.2380	63.7191
932.0000	50.0000	49.9369	38.6176
932.0000	88.0000	50.6266	3.3153
933.0000	20.0000	1.2380	63.7197
933.0000	50.0000	49.9692	39.5803
933.0000	88.0000	50.6266	3.3153
934.0000	20.0000	1.2380	63.7201
934.0000	50.0000	50.0018	40.5487
934.0000	88.0000	50.6266	3.3153
935.0000	20.0000	1.2380	63.7203
935.0000	50.0000	50.0345	41.5219
935.0000	88.0000	50.6266	3.3153
936.0000	20.0000	1.2380	63.7204
936.0000	50.0000	50.0673	42.4989
936.0000	88.0000	50.6266	3.3153
937.0000	20.0000	1.2380	63.7205
937.0000	50.0000	50.1001	43.4790
937.0000	88.0000	50.6266	3.3153
938.0000	20.0000	1.2380	63.7205
938.0000	50.0000	50.1327	44.4617
938.0000	88.0000	50.6266	3.3153
939.0000	20.0000	1.2380	63.7214
939.0000	50.0000	50.1653	45.4465
939.0000	88.0000	50.6266	3.3153
940.0000	20.0000	1.2380	63.7214
940.0000	50.0000	50.1977	46.4329
940.0000	88.0000	50.6266	3.3153
941.0000	20.0000	1.2380	63.7214
941.0000	50.0000	50.2299	47.4207
941.0000	88.0000	50.6266	3.3153
942.0000	20.0000	1.2380	63.7214
942.0000	50.0000	50.2618	48.4086
942.0000	88.0000	50.6266	3.3153
943.0000	20.0000	1.2380	63.7214
943.0000	50.0000	50.2931	49.3924
943.0000	88.0000	50.6266	3.3153
944.0000	20.0000	1.2380	63.7214
944.0000	50.0000	50.3240	50.3715
944.0000	88.0000	50.6266	3.3153
945.0000	20.0000	1.2380	63.7214
945.0000	50.0000	50.3543	51.3461
945.0000	88.0000	50.6266	3.3153
946.0000	20.0000	1.2380	63.7214
946.0000	50.0000	50.3839	52.3160
946.0000	88.0000	50.6266	3.3153
947.0000	20.0000	1.2380	63.7214
947.0000	50.0000	50.4115	53.2326
947.0000	88.0000	50.6266	3.3153
948.0000	20.0000	1.2383	63.7326
948.0000	50.0000	50.4319	53.9150
948.0000	88.0000	50.6266	3.3153
949.0000	20.0000	1.2390	63.7660
949.0000	50.0000	50.4437	54.3065
949.0000	88.0000	50.6266	3.3153
950.0000	20.0000	1.2405	63.8316
950.0000	50.0000	50.4486	54.5875
950.0000	88.0000	50.6266	3.3153
951.0000	20.0000	1.2428	63.9330
951.0000	50.0000	50.4569	54.9055
951.0000	88.0000	50.6266	3.3153
952.0000	20.0000	1.2457	64.0603
952.0000	50.0000	50.4661	55.2608
952.0000	88.0000	50.6266	3.3153
953.0000	20.0000	1.2488	64.2022
953.0000	50.0000	50.4755	55.6556
953.0000	88.0000	50.6266	3.3153
954.0000	20.0000	1.2511	64.3013
954.0000	50.0000	50.4858	56.0913
954.0000	88.0000	50.6266	3.3153
955.0000	20.0000	1.2512	64.3078
955.0000	50.0000	50.4970	56.5688
955.0000	88.0000	50.6266	3.3153
956.0000	20.0000	1.2526	64.3663
956.0000	50.0000	50.5088	57.0886
956.0000	88.0000	50.6266	3.3153
957.0000	20.0000	1.2538	64.4196
957.0000	50.0000	50.5215	57.6508
957.0000	88.0000	50.6266	3.3153
958.0000	20.0000	1.2541	64.4375
958.0000	50.0000	50.5337	58.1976
958.0000	88.0000	50.6266	3.3153
959.0000	20.0000	1.2558	64.5133
959.0000	50.0000	50.5406	58.5126
959.0000	88.0000	50.6266	3.3153
960.0000	20.0000	1.2576	64.5916
960.0000	50.0000	50.5420	58.5615
960.0000	88.0000	50.6267	3.3153
961.0000	20.0000	1.2592	64.6631
961.0000	50.0000	50.5421	58.5640
961.0000	88.0000	50.6230	3.3221
962.0000	20.0000	1.2614	64.7667
962.0000	50.0000	50.5425	58.5904
962.0000	88.0000	50.6068	3.3487
963.0000	20.0000	1.2642	64.8955
963.0000	50.0000	50.5436	58.6558
963.0000	88.0000	50.5756	3.4018
964.0000	20.0000	1.2674	65.0412
964.0000	50.0000	50.5452	58.7629
964.0000	88.0000	50.5242	3.4835
965.0000	20.0000	1.2696	65.1396
965.0000	50.0000	50.5476	58.9139
965.0000	88.0000	50.4560	3.5880
966.0000	20.0000	1.2696	65.1392
966.0000	50.0000	50.5507	59.1005
966.0000	88.0000	50.3875	3.7111
967.0000	20.0000	1.2696	65.1398
967.0000	50.0000	50.5537	59.2892
967.0000	88.0000	50.3147	3.8467
968.0000	20.0000	1.2696	65.1403
968.0000	50.0000	50.5566	59.4774
968.0000	88.0000	50.2433	4.0011
969.0000	20.0000	1.2696	65.1405
969.0000	50.0000	50.5593	59.6650
969.0000	88.0000	50.1642	4.1697
970.0000	20.0000	1.2696	65.1407
970.0000	50.0000	50.5617	59.8520
970.0000	88.0000	50.0855	4.3632
971.0000	20.0000	1.2696	65.1408
971.0000	50.0000	50.5642	60.0430
971.0000	88.0000	49.9975	4.5834
972.0000	20.0000	1.2696	65.1408
972.0000	50.0000	50.5670	60.2628
972.0000	88.0000	49.9108	4.8326
973.0000	20.0000	1.2696	65.1408
973.0000	50.0000	50.5699	60.5166
973.0000	88.0000	49.8555	5.0250
974.0000	20.0000	1.2696	65.1409
974.0000	50.0000	50.5730	60.7402
974.0000	88.0000	49.8400	5.0378
975.0000	20.0000	1.2696	65.1409
975.0000	50.0000	50.5735	60.7675
975.0000	88.0000	49.8378	5.0381
976.0000	20.0000	1.2696	65.1409
976.0000	50.0000	50.5735	60.7686
976.0000	88.0000	49.8382	5.0392
977.0000	20.0000	1.2696	65.1409
977.0000	50.0000	50.5735	60.7696
977.0000	88.0000	49.8395	5.0482
978.0000	20.0000	1.2697	65.1417
978.0000	50.0000	50.5736	60.7870
978.0000	88.0000	49.8247	5.1359
979.0000	20.0000	1.2697	65.1417
979.0000	50.0000	50.5740	60.8294
979.0000	88.0000	49.7801	5.2977
980.0000	20.0000	1.2697	65.1417
980.0000	50.0000	50.5748	60.9008
980.0000	88.0000	49.7308	5.5280
981.0000	20.0000	1.2697	65.1417
981.0000	50.0000	50.5759	61.0048
981.0000	88.0000	49.6715	5.8167
982.0000	20.0000	1.2697	65.1417
982.0000	50.0000	50.5774	61.1439
982.0000	88.0000	49.6212	6.1608
983.0000	20.0000	1.2697	65.1417
983.0000	50.0000	50.5791	61.3196
983.0000	88.0000	49.5604	6.4936
984.0000	20.0000	1.2697	65.1417
984.0000	50.0000	50.5813	61.5336
984.0000	88.0000	49.5201	6.7225
985.0000	20.0000	1.2697	65.1417
985.0000	50.0000	50.5837	61.7874
985.0000	88.0000	49.4859	6.9991
986.0000	20.0000	1.2697	65.1417
986.0000	88.0000	49.4527	7.3234
987.0000	20.0000	1.2697	65.1426
987.0000	88.0000	49.4158	7.6788
988.0000	20.0000	1.2697	65.1426
988.0000	88.0000	49.3848	8.0526
989.0000	20.0000	1.2697	65.1426
989.0000	88.0000	49.3557	8.4404
990.0000	20.0000	1.2697	65.1426
990.0000	88.0000	49.3333	8.7898
991.0000	20.0000	1.2697	65.1426
991.0000	88.0000	49.3316	9.0136
992.0000	20.0000	1.2697	65.1426
992.0000	88.0000	49.3225	9.2707
993.0000	20.0000	1.2697	65.1426
993.0000	88.0000	49.3144	9.5675
994.0000	20.0000	1.2697	65.1426
994.0000	88.0000	49.3048	9.8955
995.0000	20.0000	1.2697	65.1426
995.0000	88.0000	49.3000	10.2441
996.0000	20.0000	1.2697	65.1426
996.0000	88.0000	49.2964	10.6088
997.0000	20.0000	1.2697	65.1426
997.0000	88.0000	49.2936	10.9814
998.0000	20.0000	1.2697	65.1426
998.0000	88.0000	49.2941	11.3526
999.0000	20.0000	1.2697	65.1426
999.0000	88.0000	49.2966	11.7225
