0.0000	51.0000	-27.9227	65.9860
0.0000	226.0000	-24.4460	45.2140
1.0000	51.0000	-27.9321	64.9455
1.0000	226.0000	-24.4527	44.1739
2.0000	51.0000	-27.9280	63.7919
2.0000	226.0000	-24.4501	43.0200
3.0000	51.0000	-27.9198	62.5477
3.0000	226.0000	-24.4447	41.7754
4.0000	51.0000	-27.9141	61.2282
4.0000	226.0000	-24.4411	40.4555
5.0000	51.0000	-27.9083	59.8467
5.0000	226.0000	-24.4376	39.0736
6.0000	51.0000	-27.9030	58.4117
6.0000	226.0000	-24.4345	37.6383
7.0000	51.0000	-27.8994	56.9287
7.0000	226.0000	-24.4326	36.1550
8.0000	51.0000	-27.8974	55.4029
8.0000	226.0000	-24.4319	34.6289
9.0000	51.0000	-27.8951	53.8383
9.0000	226.0000	-24.4309	33.0641
10.0000	51.0000	-27.8936	52.2371
10.0000	226.0000	-24.4306	31.4627
11.0000	51.0000	-27.8930	50.6016
11.0000	226.0000	-24.4310	29.8271
12.0000	51.0000	-27.8935	48.9448
12.0000	226.0000	-24.4321	28.1702
13.0000	51.0000	-27.8935	47.3094
13.0000	226.0000	-24.4329	26.5346
14.0000	51.0000	-27.8933	45.6867
14.0000	226.0000	-24.4338	24.9118
15.0000	51.0000	-27.8935	44.0651
15.0000	226.0000	-24.4350	23.2901
16.0000	51.0000	-27.8941	42.4402
16.0000	226.0000	-24.4361	21.6651
17.0000	51.0000	-27.8955	40.8045
17.0000	226.0000	-24.4379	20.0293
18.0000	51.0000	-27.8971	39.1255
18.0000	226.0000	-24.4399	18.3503
19.0000	51.0000	-27.8989	37.4037
19.0000	226.0000	-24.4421	16.6284
20.0000	51.0000	-27.9008	35.6438
20.0000	226.0000	-24.4445	14.8686
21.0000	51.0000	-27.9030	33.8720
21.0000	226.0000	-24.4469	13.0968
22.0000	51.0000	-27.9047	32.0801
22.0000	226.0000	-24.4491	11.3048
23.0000	51.0000	-27.9070	30.2570
23.0000	226.0000	-24.4519	9.4817
24.0000	51.0000	-27.9093	28.4002
24.0000	226.0000	-24.4547	7.6248
25.0000	51.0000	-27.9119	26.5116
25.0000	226.0000	-24.4578	5.7362
26.0000	51.0000	-27.9142	24.5945
26.0000	226.0000	-24.4607	3.8192
27.0000	51.0000	-27.9168	22.6515
27.0000	226.0000	-24.4639	1.8761
28.0000	51.0000	-27.9193	20.6833
28.0000	226.0000	-24.4671	-0.0921
29.0000	51.0000	-27.9218	18.6930
29.0000	226.0000	-24.4703	-2.0824
30.0000	51.0000	-27.9247	16.7049
30.0000	226.0000	-24.4739	-4.0705
31.0000	51.0000	-27.9276	14.7101
31.0000	226.0000	-24.4775	-6.0653
32.0000	51.0000	-27.9304	12.6995
32.0000	226.0000	-24.4813	-8.0758
33.0000	51.0000	-27.9334	10.6891
33.0000	226.0000	-24.4851	-10.0862
34.0000	51.0000	-27.9363	8.6824
34.0000	226.0000	-24.4887	-12.0929
35.0000	51.0000	-27.9392	6.6808
35.0000	226.0000	-24.4919	-14.0944
36.0000	51.0000	-27.9421	4.6854
36.0000	226.0000	-24.4951	-16.0897
37.0000	51.0000	-27.9450	2.6946
37.0000	226.0000	-24.4981	-18.0804
38.0000	51.0000	-27.9480	0.6851
38.0000	226.0000	-24.5016	-20.0898
39.0000	51.0000	-27.9511	-1.3488
39.0000	226.0000	-24.5049	-22.1235
40.0000	51.0000	-27.9539	-3.3299
40.0000	226.0000	-24.5080	-24.1814
41.0000	51.0000	-27.9560	-5.0672
41.0000	226.0000	-24.5109	-26.2632
42.0000	51.0000	-27.9578	-6.7830
42.0000	226.0000	-24.5136	-28.3684
43.0000	51.0000	-27.9596	-8.5257
43.0000	226.0000	-24.5159	-30.4967
44.0000	51.0000	-27.9612	-10.2815
44.0000	226.0000	-24.5180	-32.6494
45.0000	51.0000	-27.9630	-12.0425
45.0000	226.0000	-24.5197	-34.7569
46.0000	51.0000	-27.9643	-13.8066
46.0000	226.0000	-24.5201	-36.6299
47.0000	51.0000	-27.9654	-15.5744
47.0000	226.0000	-24.5204	-38.4863
48.0000	51.0000	-27.9664	-17.3535
48.0000	226.0000	-24.5205	-40.3783
49.0000	51.0000	-27.9670	-19.1479
49.0000	226.0000	-24.5207	-42.3020
50.0000	51.0000	-27.9675	-20.9431
50.0000	226.0000	-24.5209	-44.2386
51.0000	51.0000	-27.9676	-22.7500
51.0000	226.0000	-24.5203	-46.1952
52.0000	51.0000	-27.9677	-24.5825
52.0000	226.0000	-24.5197	-48.1034
53.0000	51.0000	-27.9680	-26.4498
53.0000	226.0000	-24.5186	-49.7795
54.0000	51.0000	-27.9679	-28.3548
54.0000	226.0000	-24.5175	-51.4525
55.0000	51.0000	-27.9678	-30.2877
55.0000	226.0000	-24.5166	-53.1589
56.0000	51.0000	-27.9676	-32.2472
56.0000	226.0000	-24.5156	-54.8973
57.0000	51.0000	-27.9670	-34.1549
57.0000	226.0000	-24.5141	-56.6705
58.0000	51.0000	-27.9662	-35.8259
58.0000	226.0000	-24.5133	-58.4847
59.0000	51.0000	-27.9654	-37.4945
59.0000	226.0000	-24.5127	-60.3453
60.0000	51.0000	-27.9647	-39.2087
60.0000	226.0000	-24.5119	-62.1724
61.0000	51.0000	-27.9638	-40.9624
61.0000	226.0000	-24.5103	-63.7777
62.0000	51.0000	-27.9630	-42.7503
62.0000	226.0000	-24.5092	-65.3943
63.0000	51.0000	-27.9627	-44.5675
63.0000	226.0000	-24.5085	-67.0661
64.0000	51.0000	-27.9619	-46.4020
64.0000	226.0000	-24.5075	-68.7874
65.0000	51.0000	-27.9612	-48.2225
65.0000	226.0000	-24.5067	-70.5334
66.0000	51.0000	-27.9601	-50.0401
66.0000	226.0000	-24.5056	-72.3104
67.0000	51.0000	-27.9590	-51.8730
67.0000	226.0000	-24.5043	-74.0445
68.0000	51.0000	-27.9581	-53.7326
68.0000	226.0000	-24.5025	-75.5543
69.0000	51.0000	-27.9574	-55.6204
70.0000	51.0000	-27.9566	-57.5150
71.0000	51.0000	-27.9555	-59.4256
72.0000	51.0000	-27.9545	-61.3657
73.0000	51.0000	-27.9538	-63.3427
74.0000	51.0000	-27.9533	-65.3605
75.0000	51.0000	-27.9530	-67.3408
76.0000	51.0000	-27.9523	-69.0942
77.0000	51.0000	-27.9520	-70.8491
78.0000	51.0000	-27.9516	-72.6527
79.0000	51.0000	-27.9517	-74.5049
127.0000	176.0000	34.9973	70.6943
128.0000	176.0000	30.7468	69.5042
129.0000	176.0000	26.4499	68.1563
130.0000	176.0000	22.3609	66.5577
131.0000	176.0000	18.3268	64.7775
132.0000	176.0000	14.2418	62.8365
133.0000	176.0000	10.3923	60.6690
134.0000	176.0000	6.5944	58.3168
135.0000	176.0000	2.8381	55.7704
136.0000	176.0000	-0.6098	53.0180
137.0000	176.0000	-3.9860	50.0728
138.0000	176.0000	-7.2700	46.9249
139.0000	176.0000	-10.2641	43.5993
140.0000	176.0000	-13.0853	40.0930
141.0000	176.0000	-15.6987	36.4178
142.0000	176.0000	-18.0905	32.5819
143.0000	176.0000	-20.2254	28.6096
144.0000	176.0000	-22.1038	24.5153
145.0000	176.0000	-23.7740	20.2586
146.0000	176.0000	-25.1191	15.9498
147.0000	176.0000	-26.1739	11.5833
148.0000	176.0000	-26.9753	7.0944
149.0000	176.0000	-27.4725	2.6028
150.0000	176.0000	-27.6778	-1.9418
151.0000	176.0000	-27.5809	-6.5272
152.0000	176.0000	-27.1922	-11.0483
153.0000	176.0000	-26.5046	-15.5540
154.0000	176.0000	-25.5051	-20.0324
155.0000	176.0000	-24.2354	-24.4038
156.0000	176.0000	-22.7476	-28.6254
157.0000	176.0000	-21.0947	-32.6812
158.0000	176.0000	-19.2613	-36.6020
159.0000	176.0000	-17.2940	-40.3764
160.0000	176.0000	-15.2193	-44.0082
161.0000	176.0000	-13.0427	-47.5051
162.0000	176.0000	-10.7874	-50.8668
163.0000	176.0000	-8.4822	-54.0953
164.0000	176.0000	-6.1308	-57.2027
165.0000	176.0000	-3.7330	-60.1993
166.0000	176.0000	-1.3047	-63.0853
167.0000	176.0000	1.1474	-65.8656
168.0000	176.0000	3.6167	-68.5438
169.0000	176.0000	6.0977	-71.1252
170.0000	176.0000	8.5941	-73.6140
171.0000	176.0000	11.0963	-76.0120
172.0000	176.0000	13.5908	-78.3229
197.0000	0.0000	-18.5087	77.5726
198.0000	0.0000	-18.4975	73.8694
199.0000	0.0000	-18.4829	70.1618
200.0000	0.0000	-18.4636	66.4524
201.0000	0.0000	-18.4392	62.7402
202.0000	0.0000	-18.4098	59.0243
203.0000	0.0000	-18.3760	55.3057
204.0000	0.0000	-18.3384	51.5859
205.0000	0.0000	-18.2980	47.8644
206.0000	0.0000	-18.2556	44.1400
207.0000	0.0000	-18.2120	40.4134
208.0000	0.0000	-18.1684	36.6855
209.0000	0.0000	-18.1256	32.9561
210.0000	0.0000	-18.0845	29.2243
211.0000	0.0000	-18.0459	25.4901
212.0000	0.0000	-18.0104	21.7545
213.0000	0.0000	-17.9786	18.0174
214.0000	0.0000	-17.9510	14.2777
215.0000	0.0000	-17.9274	10.5358
216.0000	0.0000	-17.9083	6.7933
217.0000	0.0000	-17.8937	3.0479
218.0000	0.0000	-17.8835	-0.6981
219.0000	0.0000	-17.8777	-4.4470
220.0000	0.0000	-17.8760	-8.1968
221.0000	0.0000	-17.8782	-11.9476
222.0000	0.0000	-17.8841	-15.7004
223.0000	0.0000	-17.8932	-19.4536
224.0000	0.0000	-17.9051	-23.2092
225.0000	0.0000	-17.9198	-26.9638
226.0000	0.0000	-17.9367	-30.7202
227.0000	0.0000	-17.9551	-34.4777
228.0000	0.0000	-17.9754	-38.2351
229.0000	0.0000	-17.9974	-41.9932
230.0000	0.0000	-18.0206	-45.7503
231.0000	0.0000	-18.0438	-49.5093
232.0000	0.0000	-18.0667	-53.2677
233.0000	0.0000	-18.0902	-57.0267
234.0000	0.0000	-18.1132	-60.7854
235.0000	0.0000	-18.1361	-64.5434
236.0000	0.0000	-18.1579	-68.3021
237.0000	0.0000	-18.1793	-72.0590
238.0000	0.0000	-18.1993	-75.8168
346.0000	172.0000	11.4132	78.8820
347.0000	172.0000	13.3469	77.5030
348.0000	172.0000	15.2622	76.1195
349.0000	172.0000	17.1589	74.7317
350.0000	172.0000	19.0458	73.3402
351.0000	172.0000	20.9385	71.9451
352.0000	172.0000	22.8383	70.5464
353.0000	172.0000	24.7453	69.1446
354.0000	172.0000	26.6617	67.7397
355.0000	172.0000	28.5900	66.3356
356.0000	172.0000	30.5278	64.9843
357.0000	172.0000	32.4763	63.6358
358.0000	172.0000	34.4383	62.2233
359.0000	172.0000	36.4094	60.7911
360.0000	172.0000	38.3926	59.3628
361.0000	172.0000	40.3867	57.9355
362.0000	172.0000	42.3951	56.5076
363.0000	172.0000	44.4120	55.0837
364.0000	172.0000	46.3744	53.6611
365.0000	172.0000	48.0548	52.2291
366.0000	172.0000	49.4218	50.7901
367.0000	172.0000	50.4887	49.3528
368.0000	172.0000	51.4362	47.9101
369.0000	172.0000	52.3749	46.4601
370.0000	172.0000	53.3020	45.0089
371.0000	172.0000	54.2199	43.5556
372.0000	172.0000	55.1411	42.1003
373.0000	172.0000	56.0680	40.6444
374.0000	172.0000	56.9986	39.1873
375.0000	172.0000	57.9303	37.7298
376.0000	172.0000	58.8624	36.2711
377.0000	172.0000	59.7941	34.8112
378.0000	172.0000	60.7262	33.3502
379.0000	172.0000	61.6575	31.8880
380.0000	172.0000	62.5877	30.4252
381.0000	172.0000	63.5155	28.9614
382.0000	172.0000	64.4410	27.4978
383.0000	172.0000	65.3648	26.0333
384.0000	172.0000	66.2876	24.5680
385.0000	172.0000	67.2097	23.1023
386.0000	172.0000	68.1311	21.6356
387.0000	172.0000	69.0473	20.1685
388.0000	172.0000	69.9564	18.7010
389.0000	172.0000	70.8587	17.2327
390.0000	172.0000	71.7542	15.7639
391.0000	172.0000	72.6427	14.2950
392.0000	64.0000	-26.2974	74.8829
392.0000	172.0000	73.5195	12.8255
393.0000	64.0000	-26.2083	71.8460
393.0000	172.0000	74.3864	11.3555
394.0000	64.0000	-26.1164	68.7842
394.0000	172.0000	75.2503	9.8868
395.0000	64.0000	-26.0215	65.6977
395.0000	172.0000	76.1158	8.4179
396.0000	64.0000	-25.9255	62.5871
396.0000	172.0000	76.9856	6.9465
397.0000	64.0000	-25.8298	59.4527
397.0000	172.0000	77.8607	5.4741
398.0000	64.0000	-25.7339	56.2950
398.0000	172.0000	78.7412	4.0015
399.0000	64.0000	-25.6375	53.1148
399.0000	172.0000	79.6268	2.5285
400.0000	64.0000	-25.5408	49.9126
401.0000	64.0000	-25.4437	46.6892
402.0000	64.0000	-25.3466	43.4449
403.0000	64.0000	-25.2498	40.1801
404.0000	64.0000	-25.1539	36.8959
405.0000	64.0000	-25.0593	33.5926
406.0000	64.0000	-24.9664	30.2706
407.0000	64.0000	-24.8758	26.9305
408.0000	64.0000	-24.7880	23.5730
409.0000	64.0000	-24.7034	20.1988
410.0000	64.0000	-24.6223	16.8085
411.0000	64.0000	-24.5463	13.4258
412.0000	64.0000	-24.4757	10.0615
413.0000	64.0000	-24.4105	6.7145
414.0000	64.0000	-24.3506	3.3843
415.0000	64.0000	-24.2961	0.0712
416.0000	64.0000	-24.2466	-3.2405
417.0000	64.0000	-24.2013	-6.5623
418.0000	64.0000	-24.1602	-9.8949
419.0000	64.0000	-24.1234	-13.2386
420.0000	64.0000	-24.0906	-16.5960
421.0000	64.0000	-24.0615	-19.9698
422.0000	64.0000	-24.0362	-23.3570
423.0000	64.0000	-24.0145	-26.7589
424.0000	64.0000	-23.9962	-30.1768
425.0000	64.0000	-23.9811	-33.6129
426.0000	64.0000	-23.9691	-37.0625
427.0000	64.0000	-23.9603	-40.5277
428.0000	64.0000	-23.9544	-44.0094
429.0000	64.0000	-23.9510	-47.5068
430.0000	64.0000	-23.9504	-51.0187
431.0000	64.0000	-23.9521	-54.5456
432.0000	64.0000	-23.9563	-58.0872
433.0000	64.0000	-23.9629	-61.6432
434.0000	64.0000	-23.9716	-65.2131
435.0000	64.0000	-23.9834	-68.7961
436.0000	64.0000	-23.9986	-72.3918
437.0000	64.0000	-24.0168	-76.0000
611.0000	169.0000	-36.7962	70.5589
612.0000	158.0000	-30.4847	73.5959
612.0000	169.0000	-37.0749	68.5718
613.0000	158.0000	-30.8223	71.9494
613.0000	169.0000	-37.3548	66.5736
614.0000	158.0000	-31.1425	70.2803
614.0000	169.0000	-37.6161	64.5752
615.0000	158.0000	-31.4486	68.5841
615.0000	169.0000	-37.8628	62.5746
616.0000	158.0000	-31.7220	66.8671
616.0000	169.0000	-38.0781	60.5817
617.0000	158.0000	-32.0160	65.1063
617.0000	169.0000	-38.3111	58.5673
618.0000	158.0000	-31.9796	63.4735
618.0000	169.0000	-38.2455	56.7325
619.0000	158.0000	-31.7916	61.8933
619.0000	169.0000	-38.0454	54.9821
620.0000	158.0000	-31.6261	60.2861
620.0000	169.0000	-37.8677	53.2168
621.0000	158.0000	-31.4881	58.6514
621.0000	169.0000	-37.7159	51.4334
622.0000	158.0000	-31.3812	56.9894
622.0000	169.0000	-37.5925	49.6289
623.0000	158.0000	-31.2460	55.3426
623.0000	169.0000	-37.4440	47.8414
624.0000	158.0000	-31.0458	53.7380
624.0000	169.0000	-37.2385	46.0965
625.0000	158.0000	-30.7678	52.1841
625.0000	169.0000	-36.9661	44.4048
626.0000	158.0000	-30.4282	50.6740
626.0000	169.0000	-36.6424	42.7583
627.0000	158.0000	-30.0526	49.1938
627.0000	169.0000	-36.2903	41.1413
628.0000	158.0000	-29.6665	47.7168
628.0000	169.0000	-35.9333	39.5357
629.0000	158.0000	-29.2673	46.2310
629.0000	169.0000	-35.5706	37.9436
630.0000	158.0000	-28.8669	44.7317
630.0000	169.0000	-35.2124	36.3597
631.0000	158.0000	-28.4788	43.2148
631.0000	169.0000	-34.8697	34.7759
632.0000	158.0000	-28.1090	41.6801
632.0000	169.0000	-34.5465	33.1885
633.0000	158.0000	-27.7607	40.1278
633.0000	169.0000	-34.2453	31.5948
634.0000	158.0000	-27.4367	38.5592
634.0000	169.0000	-33.9676	29.9920
635.0000	158.0000	-27.1358	36.9769
635.0000	169.0000	-33.7117	28.3753
636.0000	158.0000	-26.8571	35.3819
636.0000	169.0000	-33.4768	26.7423
637.0000	158.0000	-26.6003	33.7746
637.0000	169.0000	-33.2623	25.0931
638.0000	158.0000	-26.3671	32.1598
638.0000	169.0000	-33.0693	23.4312
639.0000	158.0000	-26.1588	30.5675
639.0000	169.0000	-32.8987	21.7869
640.0000	158.0000	-25.9704	29.0311
640.0000	169.0000	-32.7463	20.1939
641.0000	158.0000	-25.7972	27.5679
641.0000	169.0000	-32.6084	18.6689
642.0000	158.0000	-25.6403	26.1825
642.0000	169.0000	-32.4853	17.2152
643.0000	158.0000	-25.4918	24.8772
643.0000	169.0000	-32.3716	15.8361
644.0000	158.0000	-25.3554	23.6244
644.0000	169.0000	-32.2696	14.5025
645.0000	158.0000	-25.2417	22.4065
645.0000	169.0000	-32.1861	13.1939
646.0000	158.0000	-25.1343	21.2311
646.0000	169.0000	-32.1103	11.9234
647.0000	158.0000	-25.0382	20.0633
647.0000	169.0000	-32.0452	10.6560
648.0000	158.0000	-24.9783	18.8540
648.0000	169.0000	-32.0050	9.3360
649.0000	158.0000	-24.9288	17.6195
649.0000	169.0000	-31.9735	7.9879
650.0000	158.0000	-24.8907	16.3527
650.0000	169.0000	-31.9508	6.6066
651.0000	158.0000	-24.8652	15.0560
651.0000	169.0000	-31.9368	5.1981
652.0000	158.0000	-24.8439	13.7800
652.0000	169.0000	-31.9268	3.8173
653.0000	158.0000	-24.8083	12.5782
653.0000	169.0000	-31.9137	2.5249
654.0000	158.0000	-24.7715	11.4032
654.0000	169.0000	-31.9041	1.2691
655.0000	158.0000	-24.7554	10.2075
655.0000	169.0000	-31.9053	-0.0091
656.0000	158.0000	-24.7467	9.0217
656.0000	169.0000	-31.9117	-1.2777
657.0000	158.0000	-24.7326	7.9324
657.0000	169.0000	-31.9212	-2.4964
658.0000	158.0000	-24.7212	7.0131
658.0000	169.0000	-31.9349	-3.7091
659.0000	158.0000	-24.7237	6.0797
659.0000	169.0000	-31.9512	-4.9425
660.0000	158.0000	-24.7216	5.1662
660.0000	169.0000	-31.9710	-6.1301
661.0000	158.0000	-24.7240	4.2427
661.0000	169.0000	-31.9918	-7.3140
662.0000	158.0000	-24.7292	3.3246
662.0000	169.0000	-32.0150	-8.4893
663.0000	158.0000	-24.7381	2.4075
663.0000	169.0000	-32.0393	-9.6869
664.0000	158.0000	-24.7459	1.5099
664.0000	169.0000	-32.0700	-10.8979
665.0000	158.0000	-24.7575	0.6048
665.0000	169.0000	-32.0993	-12.1481
666.0000	158.0000	-24.7697	-0.2969
666.0000	169.0000	-32.1316	-13.4095
667.0000	158.0000	-24.7839	-1.2180
667.0000	169.0000	-32.1630	-14.6910
668.0000	158.0000	-24.7992	-2.1528
668.0000	169.0000	-32.1973	-15.9792
669.0000	158.0000	-24.8158	-3.1085
669.0000	169.0000	-32.2328	-17.2777
670.0000	158.0000	-24.8339	-4.0874
670.0000	169.0000	-32.2692	-18.5849
671.0000	158.0000	-24.8530	-5.0947
671.0000	169.0000	-32.3035	-19.9051
672.0000	158.0000	-24.8735	-6.1229
672.0000	169.0000	-32.3403	-21.2314
673.0000	158.0000	-24.8947	-7.1771
673.0000	169.0000	-32.3755	-22.5694
674.0000	158.0000	-24.9167	-8.2544
674.0000	169.0000	-32.4105	-23.9165
675.0000	158.0000	-24.9398	-9.3513
675.0000	169.0000	-32.4474	-25.2697
676.0000	158.0000	-24.9632	-10.4509
676.0000	169.0000	-32.4829	-26.6148
677.0000	158.0000	-24.9874	-11.5692
677.0000	169.0000	-32.5195	-27.9685
678.0000	158.0000	-25.0123	-12.7062
678.0000	169.0000	-32.5565	-29.3311
679.0000	158.0000	-25.0376	-13.8391
679.0000	169.0000	-32.5935	-30.6834
680.0000	158.0000	-25.0640	-14.9759
680.0000	169.0000	-32.6323	-32.0340
681.0000	158.0000	-25.0904	-16.0819
681.0000	169.0000	-32.6701	-33.3504
682.0000	158.0000	-25.1178	-17.1398
682.0000	169.0000	-32.7095	-34.6162
683.0000	158.0000	-25.1439	-18.1916
683.0000	169.0000	-32.7458	-35.8759
684.0000	158.0000	-25.1719	-19.1589
684.0000	169.0000	-32.7856	-37.0513
685.0000	158.0000	-25.2004	-20.1017
685.0000	169.0000	-32.8262	-38.2021
686.0000	158.0000	-25.2295	-21.0474
686.0000	169.0000	-32.8675	-39.3588
687.0000	158.0000	-25.2588	-21.9934
687.0000	169.0000	-32.9091	-40.5204
688.0000	158.0000	-25.2885	-22.9413
688.0000	169.0000	-32.9512	-41.6866
689.0000	158.0000	-25.3186	-23.8920
689.0000	169.0000	-32.9937	-42.8573
690.0000	158.0000	-25.3491	-24.8442
690.0000	169.0000	-33.0366	-44.0324
691.0000	158.0000	-25.3799	-25.7977
691.0000	169.0000	-33.0799	-45.2118
692.0000	158.0000	-25.4111	-26.7525
692.0000	169.0000	-33.1235	-46.3940
693.0000	158.0000	-25.4426	-27.7088
693.0000	169.0000	-33.1675	-47.5815
694.0000	158.0000	-25.4745	-28.6664
694.0000	169.0000	-33.2118	-48.7736
695.0000	158.0000	-25.5066	-29.6248
695.0000	169.0000	-33.2563	-49.9698
696.0000	158.0000	-25.5390	-30.5838
696.0000	169.0000	-33.3011	-51.1699
697.0000	158.0000	-25.5719	-31.5454
697.0000	169.0000	-33.3462	-52.3745
698.0000	158.0000	-25.6049	-32.5081
698.0000	169.0000	-33.3915	-53.5823
699.0000	158.0000	-25.6383	-33.4721
699.0000	169.0000	-33.4369	-54.7931
700.0000	158.0000	-25.6719	-34.4373
700.0000	169.0000	-33.4825	-56.0088
701.0000	158.0000	-25.7057	-35.4040
701.0000	169.0000	-33.5282	-57.2286
702.0000	158.0000	-25.7398	-36.3720
702.0000	169.0000	-33.5741	-58.4521
703.0000	158.0000	-25.7741	-37.3411
703.0000	169.0000	-33.6201	-59.6794
704.0000	158.0000	-25.8086	-38.3108
704.0000	169.0000	-33.6661	-60.9105
705.0000	158.0000	-25.8433	-39.2822
705.0000	169.0000	-33.7121	-62.1439
706.0000	158.0000	-25.8782	-40.2553
706.0000	169.0000	-33.7582	-63.3812
707.0000	158.0000	-25.9133	-41.2297
707.0000	169.0000	-33.8043	-64.6228
708.0000	158.0000	-25.9485	-42.2053
708.0000	169.0000	-33.8504	-65.8679
709.0000	158.0000	-25.9838	-43.1821
709.0000	169.0000	-33.8964	-67.1165
710.0000	158.0000	-26.0193	-44.1603
710.0000	169.0000	-33.9425	-68.3686
711.0000	158.0000	-26.0548	-45.1397
711.0000	169.0000	-33.9885	-69.6236
712.0000	158.0000	-26.0904	-46.1194
712.0000	169.0000	-34.0343	-70.8808
713.0000	158.0000	-26.1261	-47.1003
713.0000	169.0000	-34.0802	-72.1425
714.0000	158.0000	-26.1619	-48.0831
715.0000	158.0000	-26.1976	-49.0668
716.0000	158.0000	-26.2335	-50.0521
717.0000	158.0000	-26.2693	-51.0382
718.0000	158.0000	-26.3051	-52.0253
719.0000	158.0000	-26.3409	-53.0136
720.0000	158.0000	-26.3766	-54.0019
721.0000	158.0000	-26.4123	-54.9915
722.0000	158.0000	-26.4480	-55.9825
723.0000	158.0000	-26.4836	-56.9745
724.0000	158.0000	-26.5191	-57.9673
725.0000	158.0000	-26.5546	-58.9610
726.0000	158.0000	-26.5899	-59.9555
727.0000	158.0000	-26.6253	-60.9514
728.0000	158.0000	-26.6605	-61.9471
729.0000	158.0000	-26.6955	-62.9433
730.0000	158.0000	-26.7305	-63.9410
731.0000	158.0000	-26.7654	-64.9393
732.0000	158.0000	-26.8003	-65.9388
733.0000	158.0000	-26.8349	-66.9387
734.0000	158.0000	-26.8695	-67.9392
735.0000	158.0000	-26.9040	-68.9404
736.0000	158.0000	-26.9385	-69.9419
737.0000	158.0000	-26.9727	-70.9434
738.0000	158.0000	-27.0069	-71.9463
739.0000	158.0000	-27.0410	-72.9496
740.0000	158.0000	-27.0750	-73.9539
741.0000	158.0000	-27.1089	-74.9583
773.0000	101.0000	-29.5920	74.3172
774.0000	101.0000	-29.3384	72.7304
775.0000	101.0000	-29.0911	71.0839
776.0000	101.0000	-28.8478	69.3844
777.0000	101.0000	-28.6206	67.6444
778.0000	101.0000	-28.4241	65.9431
779.0000	101.0000	-28.2785	64.4881
780.0000	101.0000	-28.1603	63.0434
781.0000	101.0000	-28.0439	61.5566
782.0000	101.0000	-27.9367	60.0260
783.0000	101.0000	-27.8423	58.5330
784.0000	101.0000	-27.7844	57.2749
785.0000	101.0000	-27.7425	56.0607
786.0000	101.0000	-27.7129	54.8442
787.0000	101.0000	-27.6852	53.6222
788.0000	101.0000	-27.6599	52.3907
789.0000	101.0000	-27.6397	51.1426
790.0000	101.0000	-27.6195	49.8533
791.0000	101.0000	-27.5997	48.5184
792.0000	101.0000	-27.5868	47.2431
793.0000	101.0000	-27.5938	46.2123
794.0000	101.0000	-27.6181	45.1837
795.0000	101.0000	-27.6150	44.0997
796.0000	101.0000	-27.6208	42.9532
797.0000	101.0000	-27.6281	41.7409
798.0000	101.0000	-27.6318	40.5587
799.0000	101.0000	-27.6449	39.5903
800.0000	101.0000	-27.6777	38.5880
801.0000	101.0000	-27.6704	37.5129
802.0000	101.0000	-27.6820	36.3668
803.0000	101.0000	-27.6976	35.1479
804.0000	101.0000	-27.7066	33.9576
805.0000	101.0000	-27.7150	33.0111
806.0000	101.0000	-27.7247	32.0940
807.0000	101.0000	-27.7302	31.1651
808.0000	101.0000	-27.7373	30.2283
809.0000	101.0000	-27.7422	29.2809
810.0000	101.0000	-27.7508	28.2717
811.0000	101.0000	-27.7601	27.1854
812.0000	101.0000	-27.7685	26.0231
813.0000	101.0000	-27.7744	24.7838
814.0000	101.0000	-27.7828	23.5719
815.0000	101.0000	-27.7908	22.5579
816.0000	101.0000	-27.7933	21.4862
817.0000	101.0000	-27.8015	20.3364
818.0000	101.0000	-27.8103	19.1145
819.0000	101.0000	-27.8149	17.9509
820.0000	101.0000	-27.8168	17.0253
821.0000	101.0000	-27.8200	16.0847
822.0000	101.0000	-27.8257	15.0944
823.0000	101.0000	-27.8327	14.0404
824.0000	101.0000	-27.8381	13.0215
825.0000	101.0000	-27.8382	12.1725
826.0000	101.0000	-27.8385	11.3109
827.0000	101.0000	-27.8387	10.4369
828.0000	101.0000	-27.8388	9.5504
829.0000	101.0000	-27.8388	8.6509
830.0000	101.0000	-27.8402	7.6975
831.0000	101.0000	-27.8442	6.6504
832.0000	101.0000	-27.8506	5.5148
833.0000	101.0000	-27.8551	4.4007
834.0000	101.0000	-27.8553	3.4286
835.0000	101.0000	-27.8581	2.3702
836.0000	101.0000	-27.8629	1.2251
837.0000	101.0000	-27.8666	0.1056
838.0000	101.0000	-27.8665	-0.9117
839.0000	101.0000	-27.8688	-2.0083
840.0000	101.0000	-27.8734	-3.1800
841.0000	101.0000	-27.8776	-4.3065
842.0000	101.0000	-27.8810	-5.3162
843.0000	101.0000	-27.8920	-6.3751
844.0000	101.0000	-27.9146	-7.4771
845.0000	101.0000	-27.9463	-8.4844
846.0000	101.0000	-27.9877	-9.3842
847.0000	101.0000	-28.0421	-10.2693
848.0000	101.0000	-28.1082	-11.1461
849.0000	101.0000	-28.1854	-12.0189
850.0000	101.0000	-28.2821	-12.9052
851.0000	101.0000	-28.4089	-13.8573
852.0000	101.0000	-28.5484	-14.7822
853.0000	101.0000	-28.6912	-15.6148
854.0000	101.0000	-28.8662	-16.5096
855.0000	101.0000	-29.0518	-17.3823
856.0000	101.0000	-29.2413	-18.2036
857.0000	101.0000	-29.4649	-19.0796
858.0000	101.0000	-29.7026	-19.9231
859.0000	101.0000	-29.9381	-20.7346
860.0000	101.0000	-30.2059	-21.6025
861.0000	101.0000	-30.4884	-22.4383
862.0000	101.0000	-30.7735	-23.2350
863.0000	101.0000	-31.0796	-24.1059
864.0000	101.0000	-31.3989	-24.9433
865.0000	101.0000	-31.7157	-25.7419
866.0000	101.0000	-32.0578	-26.5245
867.0000	101.0000	-32.4116	-27.3076
868.0000	101.0000	-32.7610	-28.1120
869.0000	101.0000	-33.1397	-28.8932
870.0000	101.0000	-33.5271	-29.6982
871.0000	101.0000	-33.9618	-30.5610
872.0000	101.0000	-34.3901	-31.4067
873.0000	101.0000	-34.8222	-32.1893
874.0000	101.0000	-35.2875	-33.0529
875.0000	101.0000	-35.7670	-33.8781
876.0000	101.0000	-36.2397	-34.6530
877.0000	101.0000	-36.7501	-35.5029
878.0000	101.0000	-37.2640	-36.3259
879.0000	101.0000	-37.7818	-37.0809
880.0000	101.0000	-38.3414	-37.9097
881.0000	101.0000	-38.9079	-38.7073
882.0000	101.0000	-39.4548	-39.4582
883.0000	101.0000	-40.0475	-40.2798
884.0000	101.0000	-40.6575	-41.0564
885.0000	101.0000	-41.2436	-41.7893
886.0000	101.0000	-41.8908	-42.5769
887.0000	101.0000	-42.5319	-43.3438
888.0000	101.0000	-43.1443	-44.0673
889.0000	101.0000	-43.8350	-44.8282
890.0000	101.0000	-44.5166	-45.5705
891.0000	101.0000	-45.1635	-46.2733
892.0000	101.0000	-45.9111	-46.9898
893.0000	101.0000	-46.6389	-47.6969
894.0000	101.0000	-47.3106	-48.3720
895.0000	101.0000	-48.0390	-48.9941
896.0000	101.0000	-48.7616	-49.6238
897.0000	101.0000	-49.4658	-50.2742
898.0000	101.0000	-50.2260	-50.8676
899.0000	101.0000	-50.9801	-51.4680
900.0000	101.0000	-51.7344	-52.0690
901.0000	101.0000	-52.4946	-52.6647
902.0000	101.0000	-53.1915	-53.3288
903.0000	101.0000	-53.8937	-53.9894
904.0000	101.0000	-54.6301	-54.6157
905.0000	101.0000	-55.4053	-55.2020
906.0000	101.0000	-56.2310	-55.7342
