0.0000	43.0000	-4.4408	-42.3732
1.0000	43.0000	-4.4408	-42.3732
2.0000	43.0000	-4.4408	-42.3732
3.0000	43.0000	-4.4408	-42.3732
4.0000	43.0000	-4.4408	-42.3732
5.0000	43.0000	-4.4408	-42.3732
6.0000	43.0000	-4.4408	-42.3732
7.0000	43.0000	-4.4408	-42.3732
8.0000	43.0000	-4.4408	-42.3732
9.0000	43.0000	-4.4408	-42.3732
10.0000	43.0000	-4.4408	-42.3730
11.0000	43.0000	-4.4408	-42.3768
12.0000	43.0000	-4.4289	-42.4005
13.0000	43.0000	-4.4076	-42.4569
14.0000	43.0000	-4.4088	-42.5458
15.0000	43.0000	-4.4092	-42.6723
16.0000	43.0000	-4.4087	-42.8310
17.0000	43.0000	-4.4079	-43.0176
18.0000	43.0000	-4.4068	-43.2327
19.0000	43.0000	-4.4054	-43.4759
20.0000	43.0000	-4.4035	-43.7431
21.0000	43.0000	-4.4014	-44.0239
22.0000	43.0000	-4.3989	-44.3147
23.0000	43.0000	-4.3961	-44.6167
24.0000	43.0000	-4.3928	-44.9293
25.0000	43.0000	-4.3891	-45.2532
26.0000	43.0000	-4.3851	-45.5958
27.0000	43.0000	-4.3806	-45.9616
28.0000	43.0000	-4.3757	-46.3493
29.0000	43.0000	-4.3704	-46.7542
30.0000	43.0000	-4.3647	-47.1734
31.0000	43.0000	-4.3582	-47.6069
32.0000	43.0000	-4.3513	-48.0538
33.0000	43.0000	-4.3441	-48.5124
34.0000	43.0000	-4.3364	-48.9809
35.0000	43.0000	-4.3278	-49.4585
36.0000	43.0000	-4.3190	-49.9457
37.0000	43.0000	-4.3095	-50.4489
38.0000	43.0000	-4.2999	-50.9726
39.0000	43.0000	-4.2899	-51.5191
40.0000	43.0000	-4.2804	-52.0886
41.0000	43.0000	-4.2696	-52.6794
42.0000	43.0000	-4.2586	-53.2885
43.0000	43.0000	-4.2474	-53.9132
44.0000	43.0000	-4.2357	-54.5516
45.0000	43.0000	-4.2232	-55.2012
46.0000	43.0000	-4.2109	-55.8522
47.0000	43.0000	-4.1967	-56.5024
48.0000	43.0000	-4.1829	-57.1517
49.0000	43.0000	-4.1684	-57.8000
50.0000	43.0000	-4.1542	-58.4489
51.0000	43.0000	-4.1395	-59.1257
52.0000	43.0000	-4.1265	-59.8276
53.0000	43.0000	-4.1136	-60.5407
54.0000	43.0000	-4.0998	-61.2599
55.0000	43.0000	-4.0859	-61.9846
56.0000	43.0000	-4.0721	-62.7149
57.0000	43.0000	-4.0582	-63.4505
58.0000	43.0000	-4.0436	-64.1910
59.0000	43.0000	-4.0303	-64.9359
60.0000	43.0000	-4.0161	-65.6849
61.0000	43.0000	-4.0022	-66.4375
62.0000	43.0000	-3.9888	-67.1936
63.0000	43.0000	-3.9755	-67.9527
64.0000	43.0000	-3.9617	-68.7147
65.0000	43.0000	-3.9492	-69.4792
66.0000	43.0000	-3.9362	-70.2518
67.0000	43.0000	-3.9235	-71.0449
68.0000	43.0000	-3.9115	-71.8669
69.0000	43.0000	-3.8992	-72.7186
70.0000	43.0000	-3.8875	-73.6005
71.0000	43.0000	-3.8763	-74.4636
72.0000	43.0000	-3.8612	-75.2905
73.0000	43.0000	-3.8444	-76.1062
74.0000	43.0000	-3.8304	-76.8977
75.0000	43.0000	-3.8130	-77.6468
76.0000	43.0000	-3.7905	-78.3532
77.0000	43.0000	-3.7666	-79.0460
78.0000	43.0000	-3.7473	-79.7325
126.0000	129.0000	-0.5796	79.6888
127.0000	129.0000	-0.5789	79.0941
128.0000	129.0000	-0.5777	78.5001
129.0000	129.0000	-0.5762	77.9070
130.0000	129.0000	-0.5743	77.3147
131.0000	129.0000	-0.5717	76.7200
132.0000	129.0000	-0.5685	76.0904
133.0000	129.0000	-0.5645	75.4285
134.0000	129.0000	-0.5596	74.7418
135.0000	129.0000	-0.5541	74.0410
136.0000	129.0000	-0.5479	73.3544
137.0000	129.0000	-0.5409	72.6677
138.0000	129.0000	-0.5332	71.9718
139.0000	129.0000	-0.5249	71.2666
140.0000	129.0000	-0.5159	70.5535
141.0000	129.0000	-0.5063	69.8339
142.0000	129.0000	-0.4961	69.1080
143.0000	129.0000	-0.4850	68.3766
144.0000	129.0000	-0.4735	67.6415
145.0000	129.0000	-0.4618	66.9161
146.0000	129.0000	-0.4494	66.2351
147.0000	129.0000	-0.4353	65.6123
148.0000	129.0000	-0.4198	65.0018
149.0000	129.0000	-0.4055	64.3923
150.0000	129.0000	-0.3909	63.7914
151.0000	129.0000	-0.3757	63.2273
152.0000	129.0000	-0.3599	62.7288
153.0000	129.0000	-0.3396	62.2714
154.0000	129.0000	-0.3200	61.8203
155.0000	129.0000	-0.3036	61.3576
156.0000	129.0000	-0.2902	60.8756
157.0000	129.0000	-0.2762	60.3781
158.0000	129.0000	-0.2618	59.8984
159.0000	129.0000	-0.2445	59.4492
160.0000	129.0000	-0.2277	59.0185
161.0000	129.0000	-0.2104	58.6187
162.0000	129.0000	-0.1883	58.2612
163.0000	129.0000	-0.1664	57.9142
164.0000	129.0000	-0.1500	57.5554
165.0000	129.0000	-0.1368	57.1836
166.0000	129.0000	-0.1208	56.8228
167.0000	129.0000	-0.1048	56.4691
168.0000	129.0000	-0.0885	56.1507
169.0000	129.0000	-0.0681	55.8924
170.0000	129.0000	-0.0404	55.6872
171.0000	129.0000	-0.0254	55.4972
172.0000	129.0000	-0.0143	55.3427
173.0000	129.0000	-0.0055	55.2485
174.0000	129.0000	-0.0048	55.2425
175.0000	129.0000	-0.0118	55.2281
176.0000	129.0000	-0.0477	55.1879
177.0000	129.0000	-0.0468	55.1107
178.0000	129.0000	-0.0391	54.9937
179.0000	129.0000	-0.0276	54.8418
180.0000	129.0000	-0.0168	54.6678
181.0000	129.0000	-0.0078	54.5174
182.0000	129.0000	-0.0015	54.4257
183.0000	129.0000	-0.0011	54.4200
184.0000	129.0000	0.0031	54.4041
185.0000	129.0000	0.0187	54.3634
186.0000	129.0000	-0.0002	54.3172
187.0000	129.0000	0.0044	54.3145
188.0000	129.0000	0.0333	54.2905
189.0000	129.0000	0.0326	54.2856
190.0000	129.0000	0.0327	54.2842
191.0000	110.0000	53.2637	58.8086
191.0000	129.0000	0.0328	54.2834
192.0000	110.0000	53.2922	57.7600
192.0000	129.0000	0.0329	54.2825
193.0000	110.0000	53.3259	56.6987
193.0000	129.0000	0.0378	54.2735
194.0000	110.0000	53.4060	55.5697
194.0000	129.0000	0.0881	54.2394
195.0000	110.0000	53.4521	54.4793
195.0000	129.0000	0.1066	54.2141
196.0000	110.0000	53.4792	53.4309
196.0000	129.0000	0.1066	54.2138
197.0000	110.0000	53.5060	52.3828
197.0000	129.0000	0.1066	54.2138
198.0000	110.0000	53.5324	51.3347
198.0000	129.0000	0.1066	54.2140
199.0000	110.0000	53.5586	50.2807
199.0000	129.0000	0.1069	54.2087
200.0000	110.0000	53.5416	49.2498
200.0000	129.0000	0.0607	54.1828
201.0000	110.0000	53.5750	48.1844
201.0000	129.0000	0.0697	54.1743
202.0000	110.0000	53.5994	47.1340
202.0000	129.0000	0.0698	54.1726
203.0000	110.0000	53.6272	46.0632
203.0000	129.0000	0.0749	54.1553
204.0000	110.0000	53.6476	44.9711
204.0000	129.0000	0.0727	54.1099
205.0000	110.0000	53.6689	43.9231
205.0000	129.0000	0.0747	54.0269
206.0000	110.0000	53.6880	43.1047
206.0000	129.0000	0.0814	53.9073
207.0000	110.0000	53.7047	42.3130
207.0000	129.0000	0.0903	53.7528
208.0000	110.0000	53.7194	41.5454
208.0000	129.0000	0.0989	53.5669
209.0000	110.0000	53.7306	41.0125
209.0000	129.0000	0.1087	53.3510
210.0000	110.0000	53.7353	40.5099
210.0000	129.0000	0.1200	53.1059
211.0000	110.0000	53.7430	39.9818
211.0000	129.0000	0.1297	52.8321
212.0000	110.0000	53.7448	39.4345
212.0000	129.0000	0.1323	52.5300
213.0000	110.0000	53.7453	38.8618
213.0000	129.0000	0.1347	52.2000
214.0000	110.0000	53.7451	38.2446
214.0000	129.0000	0.1374	51.8424
215.0000	110.0000	53.7465	37.5409
215.0000	129.0000	0.1401	51.4576
216.0000	110.0000	53.7466	36.7693
216.0000	129.0000	0.1418	51.0460
217.0000	110.0000	53.7459	35.9530
217.0000	129.0000	0.1433	50.6080
218.0000	110.0000	53.7449	35.0925
218.0000	129.0000	0.1452	50.1438
219.0000	110.0000	53.7428	34.1790
219.0000	129.0000	0.1463	49.6537
220.0000	110.0000	53.7405	33.2145
220.0000	129.0000	0.1470	49.1447
221.0000	110.0000	53.7383	32.2429
221.0000	129.0000	0.1483	48.6573
222.0000	110.0000	53.7365	31.3173
222.0000	129.0000	0.1504	48.2186
223.0000	110.0000	53.7349	30.4425
223.0000	129.0000	0.1531	47.8113
224.0000	110.0000	53.7331	29.6026
224.0000	129.0000	0.1557	47.4268
225.0000	110.0000	53.7307	28.7782
225.0000	129.0000	0.1579	47.0669
226.0000	110.0000	53.7283	27.9507
226.0000	129.0000	0.1605	46.7263
227.0000	110.0000	53.7255	27.1172
227.0000	129.0000	0.1627	46.4023
228.0000	110.0000	53.7226	26.2796
228.0000	129.0000	0.1653	46.0917
229.0000	110.0000	53.7193	25.4392
229.0000	129.0000	0.1674	45.7922
230.0000	110.0000	53.7157	24.5998
230.0000	129.0000	0.1695	45.5021
231.0000	110.0000	53.7120	23.7652
231.0000	129.0000	0.1714	45.2199
232.0000	110.0000	53.7080	22.9345
232.0000	129.0000	0.1733	44.9442
233.0000	110.0000	53.7037	22.1059
233.0000	129.0000	0.1745	44.6739
234.0000	110.0000	53.6996	21.2756
234.0000	129.0000	0.1764	44.4082
235.0000	110.0000	53.6949	20.4355
235.0000	129.0000	0.1775	44.1462
236.0000	110.0000	53.6899	19.5766
236.0000	129.0000	0.1784	43.8874
237.0000	110.0000	53.6851	18.6966
237.0000	129.0000	0.1799	43.6312
238.0000	110.0000	53.6797	17.8007
238.0000	129.0000	0.1807	43.3772
239.0000	110.0000	53.6744	16.8978
239.0000	129.0000	0.1816	43.1250
240.0000	110.0000	53.6690	16.0029
240.0000	129.0000	0.1823	42.8866
241.0000	110.0000	53.6639	15.1183
241.0000	129.0000	0.1834	42.6791
242.0000	110.0000	53.6586	14.2382
242.0000	129.0000	0.1842	42.5111
243.0000	110.0000	53.6535	13.3686
243.0000	129.0000	0.1850	42.3382
244.0000	110.0000	53.6484	12.5116
244.0000	129.0000	0.1856	42.1702
245.0000	110.0000	53.6434	11.6569
245.0000	129.0000	0.1863	42.0446
246.0000	110.0000	53.6383	10.8000
246.0000	129.0000	0.1870	41.9413
247.0000	110.0000	53.6335	9.9584
247.0000	129.0000	0.1878	41.8462
248.0000	110.0000	53.6288	9.1535
248.0000	129.0000	0.1884	41.7721
249.0000	110.0000	53.6244	8.4064
249.0000	129.0000	0.1891	41.7615
250.0000	110.0000	53.6201	7.7312
250.0000	129.0000	0.1898	41.7923
251.0000	110.0000	53.6152	7.1466
251.0000	129.0000	0.1869	41.8763
252.0000	110.0000	53.6112	6.6427
252.0000	129.0000	0.1876	42.0473
253.0000	110.0000	53.6074	6.1632
253.0000	129.0000	0.1882	42.2370
254.0000	110.0000	53.6038	5.7088
254.0000	129.0000	0.1888	42.4347
255.0000	110.0000	53.6004	5.2624
255.0000	129.0000	0.1894	42.6366
256.0000	110.0000	53.5969	4.8071
256.0000	129.0000	0.1900	42.8459
257.0000	110.0000	53.5935	4.3619
257.0000	129.0000	0.1904	42.9634
258.0000	110.0000	53.5903	3.9443
258.0000	129.0000	0.1904	42.9626
259.0000	110.0000	53.5872	3.5409
259.0000	129.0000	0.1904	42.9654
260.0000	110.0000	53.5841	3.1324
260.0000	129.0000	0.1904	42.9671
261.0000	110.0000	53.5816	2.7918
261.0000	129.0000	0.1904	42.9680
262.0000	110.0000	53.5792	2.5165
262.0000	129.0000	0.1904	42.9684
263.0000	110.0000	53.5768	2.2156
263.0000	129.0000	0.1904	42.9686
264.0000	110.0000	53.5744	1.8854
264.0000	129.0000	0.1904	42.9687
265.0000	110.0000	53.5718	1.5406
265.0000	129.0000	0.1905	42.9909
266.0000	110.0000	53.5692	1.1938
266.0000	129.0000	0.1906	43.0476
267.0000	110.0000	53.5666	0.8382
267.0000	129.0000	0.1909	43.1461
268.0000	110.0000	53.5639	0.4713
268.0000	129.0000	0.1913	43.2556
269.0000	110.0000	53.5611	0.0969
269.0000	129.0000	0.1916	43.3710
270.0000	110.0000	53.5584	-0.2890
270.0000	129.0000	0.1920	43.5105
271.0000	110.0000	53.5557	-0.6734
271.0000	129.0000	0.1926	43.6763
272.0000	110.0000	53.5530	-1.0520
272.0000	129.0000	0.1931	43.8565
273.0000	110.0000	53.5511	-1.3321
273.0000	129.0000	0.1937	44.0402
274.0000	110.0000	53.5502	-1.4412
274.0000	129.0000	0.1942	44.2320
275.0000	110.0000	53.5489	-1.6183
275.0000	129.0000	0.1949	44.4397
276.0000	110.0000	53.5480	-1.7521
276.0000	129.0000	0.1955	44.6552
277.0000	110.0000	53.5479	-1.7642
277.0000	129.0000	0.1962	44.8674
278.0000	110.0000	53.5471	-1.8710
278.0000	129.0000	0.1968	45.0814
279.0000	110.0000	53.5465	-1.9560
279.0000	129.0000	0.1975	45.3068
280.0000	110.0000	53.5464	-1.9671
280.0000	129.0000	0.1982	45.5374
281.0000	110.0000	53.5457	-2.0693
281.0000	129.0000	0.1989	45.7623
282.0000	110.0000	53.5451	-2.1468
282.0000	129.0000	0.1996	45.9859
283.0000	110.0000	53.5450	-2.1575
283.0000	129.0000	0.2003	46.2184
284.0000	110.0000	53.5443	-2.2551
284.0000	129.0000	0.2010	46.4551
285.0000	110.0000	53.5438	-2.3278
285.0000	129.0000	0.2017	46.6860
286.0000	110.0000	53.5437	-2.3437
286.0000	129.0000	0.2024	46.9143
287.0000	110.0000	53.5429	-2.4482
287.0000	129.0000	0.2032	47.1497
288.0000	110.0000	53.5421	-2.5627
288.0000	129.0000	0.2039	47.3887
289.0000	110.0000	53.5412	-2.6816
289.0000	129.0000	0.2043	47.5223
290.0000	110.0000	53.5407	-2.7556
290.0000	129.0000	0.2043	47.5219
291.0000	110.0000	53.5405	-2.7798
291.0000	129.0000	0.2043	47.5250
292.0000	110.0000	53.5399	-2.8415
292.0000	129.0000	0.2043	47.5270
293.0000	110.0000	53.5393	-2.9295
293.0000	129.0000	0.2043	47.5280
294.0000	110.0000	53.5383	-3.0627
294.0000	129.0000	0.2043	47.5286
295.0000	110.0000	53.5371	-3.2349
295.0000	129.0000	0.2043	47.5288
296.0000	110.0000	53.5356	-3.4354
296.0000	129.0000	0.2043	47.5291
297.0000	110.0000	53.5339	-3.6725
297.0000	129.0000	0.2043	47.5253
298.0000	110.0000	53.5325	-3.9417
298.0000	129.0000	0.1830	47.5037
299.0000	110.0000	53.5317	-4.2429
299.0000	129.0000	0.1474	47.4531
300.0000	110.0000	53.5299	-4.6092
300.0000	129.0000	0.1493	47.3752
301.0000	110.0000	53.5283	-4.9854
301.0000	129.0000	0.1485	47.3041
302.0000	110.0000	53.5265	-5.3989
302.0000	129.0000	0.1479	47.2465
303.0000	110.0000	53.5248	-5.8624
303.0000	129.0000	0.1473	47.2012
304.0000	110.0000	53.5229	-6.3565
304.0000	129.0000	0.1478	47.1709
305.0000	110.0000	53.5211	-6.8736
305.0000	129.0000	0.1483	47.1515
306.0000	110.0000	53.5191	-7.4269
306.0000	129.0000	0.1488	47.1311
307.0000	110.0000	53.5172	-8.0099
307.0000	129.0000	0.1494	47.1110
308.0000	110.0000	53.5153	-8.6028
308.0000	129.0000	0.1499	47.1020
309.0000	110.0000	53.5134	-9.2027
309.0000	129.0000	0.1506	47.0981
310.0000	110.0000	53.5115	-9.8188
310.0000	129.0000	0.1512	47.0880
311.0000	110.0000	53.5097	-10.4520
311.0000	129.0000	0.1518	47.0776
312.0000	110.0000	53.5078	-11.1096
312.0000	129.0000	0.1525	47.0757
313.0000	110.0000	53.5058	-11.8004
313.0000	129.0000	0.1529	46.9750
314.0000	110.0000	53.5038	-12.5240
314.0000	129.0000	0.1529	46.7473
315.0000	110.0000	53.5018	-13.2737
315.0000	129.0000	0.1529	46.5208
316.0000	110.0000	53.4998	-14.0414
316.0000	129.0000	0.1529	46.2997
317.0000	110.0000	53.4977	-14.7971
317.0000	129.0000	0.1529	46.1165
318.0000	110.0000	53.4956	-15.5205
318.0000	129.0000	0.1530	45.9921
319.0000	110.0000	53.4941	-16.1876
319.0000	129.0000	0.1509	45.9427
320.0000	110.0000	53.4922	-16.8063
320.0000	129.0000	0.1509	45.9429
321.0000	110.0000	53.4904	-17.4025
321.0000	129.0000	0.1509	45.9437
322.0000	110.0000	53.4888	-17.9853
322.0000	129.0000	0.1509	45.9443
323.0000	110.0000	53.4872	-18.5743
323.0000	129.0000	0.1509	45.9445
324.0000	110.0000	53.4856	-19.1815
324.0000	129.0000	0.1509	45.9446
325.0000	110.0000	53.4841	-19.8132
325.0000	129.0000	0.1509	45.9446
326.0000	110.0000	53.4827	-20.4698
326.0000	129.0000	0.1509	45.9448
327.0000	110.0000	53.4813	-21.1445
327.0000	129.0000	0.1509	45.9408
328.0000	110.0000	53.4709	-21.8654
328.0000	129.0000	0.1739	45.9192
329.0000	110.0000	53.4602	-22.6179
329.0000	129.0000	0.1962	45.8671
330.0000	110.0000	53.4535	-23.3908
330.0000	129.0000	0.2078	45.7868
331.0000	110.0000	53.4488	-24.1703
331.0000	129.0000	0.2143	45.7009
332.0000	110.0000	53.4459	-24.9758
332.0000	129.0000	0.2166	45.5981
333.0000	110.0000	53.4443	-25.8247
333.0000	129.0000	0.2163	45.4682
334.0000	110.0000	53.4425	-26.7143
334.0000	129.0000	0.2162	45.3184
335.0000	110.0000	53.4409	-27.6321
335.0000	129.0000	0.2161	45.1578
336.0000	110.0000	53.4395	-28.4891
336.0000	129.0000	0.2160	44.9840
337.0000	110.0000	53.4387	-29.0714
337.0000	129.0000	0.2158	44.7961
338.0000	110.0000	53.4386	-29.3524
338.0000	129.0000	0.2157	44.6086
339.0000	110.0000	53.4387	-29.5052
339.0000	129.0000	0.2155	44.4577
340.0000	110.0000	53.4387	-29.5941
340.0000	129.0000	0.2155	44.3709
341.0000	110.0000	53.4386	-29.5979
341.0000	129.0000	0.2156	44.3682
342.0000	110.0000	53.4386	-29.5987
342.0000	129.0000	0.2156	44.3688
343.0000	110.0000	53.4386	-29.5990
343.0000	129.0000	0.2156	44.3694
344.0000	110.0000	53.4386	-29.5990
344.0000	129.0000	0.2156	44.3698
345.0000	110.0000	53.4386	-29.5991
345.0000	129.0000	0.2156	44.3699
346.0000	110.0000	53.4386	-29.5991
346.0000	129.0000	0.2156	44.3699
347.0000	110.0000	53.4386	-29.5992
347.0000	129.0000	0.2156	44.3699
348.0000	110.0000	53.4386	-29.5992
348.0000	129.0000	0.2156	44.3699
349.0000	110.0000	53.4386	-29.5993
349.0000	129.0000	0.2156	44.3699
350.0000	110.0000	53.4386	-29.5993
350.0000	129.0000	0.2156	44.3699
351.0000	110.0000	53.4386	-29.5993
351.0000	129.0000	0.2156	44.3698
352.0000	110.0000	53.4386	-29.5991
352.0000	129.0000	0.2157	44.3822
353.0000	110.0000	53.4386	-29.6029
353.0000	129.0000	0.2157	44.4194
354.0000	110.0000	53.4398	-29.6230
354.0000	129.0000	0.2141	44.4730
355.0000	110.0000	53.4395	-29.6958
355.0000	129.0000	0.2152	44.5201
356.0000	110.0000	53.4404	-29.8341
356.0000	129.0000	0.2135	44.4721
357.0000	110.0000	53.4407	-30.0537
357.0000	129.0000	0.2124	44.3445
358.0000	110.0000	53.4404	-30.3507
358.0000	129.0000	0.2121	44.1933
359.0000	110.0000	53.4399	-30.6958
359.0000	129.0000	0.2119	44.0466
360.0000	110.0000	53.4393	-31.1058
360.0000	129.0000	0.2115	43.8875
361.0000	110.0000	53.4386	-31.5890
361.0000	129.0000	0.2113	43.7338
362.0000	110.0000	53.4381	-32.0277
362.0000	129.0000	0.2112	43.6086
363.0000	110.0000	53.4384	-32.2402
363.0000	129.0000	0.2112	43.5295
364.0000	110.0000	53.4388	-32.4418
364.0000	129.0000	0.2115	43.4933
365.0000	110.0000	53.4392	-32.6549
365.0000	129.0000	0.2114	43.3939
366.0000	110.0000	53.4397	-32.8708
366.0000	129.0000	0.2106	43.1857
367.0000	110.0000	53.4402	-33.0878
367.0000	129.0000	0.2102	43.0596
368.0000	110.0000	53.4407	-33.3500
368.0000	129.0000	0.2101	43.0026
369.0000	110.0000	53.4409	-33.6733
369.0000	129.0000	0.2098	42.9112
370.0000	110.0000	53.4409	-34.0203
370.0000	129.0000	0.2090	42.7369
371.0000	110.0000	53.4405	-34.3666
371.0000	129.0000	0.2089	42.7145
372.0000	110.0000	53.4402	-34.6930
372.0000	129.0000	0.2086	42.8472
373.0000	110.0000	53.4391	-35.0248
373.0000	129.0000	0.2094	42.9978
374.0000	110.0000	53.4379	-35.4087
374.0000	129.0000	0.2095	43.0095
375.0000	110.0000	53.4364	-35.8428
375.0000	129.0000	0.2101	43.1188
376.0000	110.0000	53.4347	-36.3254
376.0000	129.0000	0.2106	43.2100
377.0000	110.0000	53.4328	-36.8541
377.0000	129.0000	0.2106	43.2203
378.0000	110.0000	53.4308	-37.4262
378.0000	129.0000	0.2112	43.3220
379.0000	110.0000	53.4286	-38.0388
379.0000	129.0000	0.2116	43.4029
380.0000	110.0000	53.4263	-38.6894
380.0000	129.0000	0.2117	43.4117
381.0000	110.0000	53.4238	-39.3755
381.0000	129.0000	0.2122	43.5083
382.0000	110.0000	53.4212	-40.0947
382.0000	129.0000	0.2126	43.5824
383.0000	110.0000	53.4184	-40.8448
383.0000	129.0000	0.2126	43.5914
384.0000	110.0000	53.4155	-41.6235
384.0000	129.0000	0.2131	43.6848
385.0000	110.0000	53.4125	-42.4265
385.0000	129.0000	0.2135	43.7552
386.0000	110.0000	53.4095	-43.2285
386.0000	129.0000	0.2135	43.7639
387.0000	110.0000	53.4064	-44.0237
387.0000	129.0000	0.2140	43.8556
388.0000	110.0000	53.4034	-44.8123
388.0000	129.0000	0.2144	43.9241
389.0000	110.0000	53.4004	-45.5942
389.0000	129.0000	0.2144	43.9325
390.0000	110.0000	53.3974	-46.3716
390.0000	129.0000	0.2149	44.0230
391.0000	110.0000	53.3942	-47.1864
391.0000	129.0000	0.2153	44.0899
392.0000	110.0000	53.3908	-48.0492
392.0000	129.0000	0.2153	44.0984
393.0000	110.0000	53.3872	-48.9503
393.0000	129.0000	0.2158	44.1876
394.0000	110.0000	53.3835	-49.8805
394.0000	129.0000	0.2162	44.2538
395.0000	110.0000	53.3801	-50.7430
395.0000	129.0000	0.2162	44.2624
396.0000	110.0000	53.3776	-51.3456
396.0000	129.0000	0.2167	44.3516
397.0000	110.0000	53.3752	-51.9116
397.0000	129.0000	0.2171	44.4177
398.0000	110.0000	53.3730	-52.4313
398.0000	129.0000	0.2170	44.4165
399.0000	110.0000	53.3718	-52.7205
399.0000	129.0000	0.2171	44.4175
400.0000	110.0000	53.3700	-53.0403
400.0000	129.0000	0.2171	44.4183
401.0000	110.0000	53.3687	-53.3261
401.0000	129.0000	0.2173	44.4576
402.0000	110.0000	53.3683	-53.4072
402.0000	129.0000	0.2174	44.4833
403.0000	110.0000	53.3675	-53.5570
403.0000	129.0000	0.2175	44.4937
404.0000	110.0000	53.3668	-53.6929
404.0000	129.0000	0.2179	44.5651
405.0000	110.0000	53.3665	-53.7585
405.0000	129.0000	0.2181	44.6093
406.0000	110.0000	53.3659	-53.8478
406.0000	129.0000	0.2181	44.6167
407.0000	110.0000	53.3654	-53.9361
407.0000	129.0000	0.2186	44.6914
408.0000	110.0000	53.3649	-54.0236
408.0000	129.0000	0.2188	44.7414
409.0000	110.0000	53.3644	-54.1105
409.0000	129.0000	0.2189	44.7492
410.0000	110.0000	53.3639	-54.1974
410.0000	129.0000	0.2193	44.8283
411.0000	110.0000	53.3631	-54.3369
411.0000	129.0000	0.2196	44.8817
412.0000	110.0000	53.3625	-54.4398
412.0000	129.0000	0.2196	44.8810
413.0000	110.0000	53.3624	-54.4504
413.0000	129.0000	0.2196	44.8819
414.0000	110.0000	53.3618	-54.5512
414.0000	129.0000	0.2196	44.8825
415.0000	110.0000	53.3614	-54.6263
415.0000	129.0000	0.2199	44.9199
416.0000	110.0000	53.3613	-54.6367
416.0000	129.0000	0.2200	44.9424
417.0000	110.0000	53.3608	-54.7306
417.0000	129.0000	0.2201	44.9607
418.0000	110.0000	53.3604	-54.7925
418.0000	129.0000	0.2205	45.0370
419.0000	110.0000	53.3603	-54.8012
419.0000	129.0000	0.2208	45.0755
420.0000	110.0000	53.3598	-54.8842
420.0000	129.0000	0.2209	45.0929
421.0000	110.0000	53.3595	-54.9396
421.0000	129.0000	0.2213	45.1672
422.0000	110.0000	53.3594	-54.9488
422.0000	129.0000	0.2216	45.2105
423.0000	110.0000	53.3589	-55.0364
423.0000	129.0000	0.2217	45.2325
424.0000	110.0000	53.3585	-55.0971
424.0000	129.0000	0.2222	45.3113
425.0000	110.0000	53.3584	-55.1072
425.0000	129.0000	0.2224	45.3567
426.0000	110.0000	53.3578	-55.1971
426.0000	129.0000	0.2225	45.3778
427.0000	110.0000	53.3575	-55.2575
427.0000	129.0000	0.2230	45.4476
428.0000	110.0000	53.3574	-55.2666
428.0000	129.0000	0.2236	45.5568
429.0000	110.0000	53.3568	-55.3531
429.0000	129.0000	0.2244	45.6876
430.0000	110.0000	53.3565	-55.4113
430.0000	129.0000	0.2247	45.7403
431.0000	110.0000	53.3564	-55.4204
431.0000	129.0000	0.2247	45.7405
432.0000	110.0000	53.3558	-55.5077
432.0000	129.0000	0.2247	45.7420
433.0000	110.0000	53.3554	-55.5681
433.0000	129.0000	0.2247	45.7429
434.0000	110.0000	53.3554	-55.5779
434.0000	129.0000	0.2247	45.7434
435.0000	110.0000	53.3548	-55.6678
435.0000	129.0000	0.2247	45.7436
436.0000	110.0000	53.3544	-55.7292
436.0000	129.0000	0.2247	45.7437
437.0000	110.0000	53.3543	-55.7388
437.0000	129.0000	0.2247	45.7438
438.0000	110.0000	53.3537	-55.8268
438.0000	129.0000	0.2247	45.7438
439.0000	110.0000	53.3533	-55.8864
439.0000	129.0000	0.2247	45.7440
440.0000	110.0000	53.3533	-55.8992
440.0000	129.0000	0.2247	45.7402
441.0000	110.0000	53.3533	-56.0085
441.0000	129.0000	0.2241	45.7177
442.0000	110.0000	53.3594	-56.1187
442.0000	129.0000	0.2182	45.6617
443.0000	110.0000	53.3603	-56.2171
443.0000	129.0000	0.2174	45.5723
444.0000	110.0000	53.3604	-56.4209
444.0000	129.0000	0.2167	45.4578
445.0000	110.0000	53.3609	-56.6168
445.0000	129.0000	0.2158	45.3217
446.0000	110.0000	53.3619	-56.7777
446.0000	129.0000	0.2148	45.1688
447.0000	110.0000	53.3624	-57.0306
447.0000	129.0000	0.2138	45.0020
448.0000	110.0000	53.3633	-57.2694
448.0000	129.0000	0.2126	44.8225
449.0000	110.0000	53.3648	-57.4675
449.0000	129.0000	0.2111	44.6327
450.0000	110.0000	53.3658	-57.7530
450.0000	129.0000	0.2096	44.4347
451.0000	110.0000	53.3672	-58.0156
451.0000	129.0000	0.2080	44.2293
452.0000	110.0000	53.3691	-58.2259
452.0000	129.0000	0.2063	44.0258
453.0000	110.0000	53.3701	-58.4745
453.0000	129.0000	0.2048	43.8592
454.0000	110.0000	53.3708	-58.6390
454.0000	129.0000	0.2038	43.7507
455.0000	110.0000	53.3706	-58.6690
455.0000	129.0000	0.2039	43.7292
456.0000	110.0000	53.3701	-58.7569
456.0000	129.0000	0.2039	43.7296
457.0000	110.0000	53.3696	-58.8171
457.0000	129.0000	0.2039	43.7303
458.0000	110.0000	53.3696	-58.8262
458.0000	129.0000	0.2039	43.7307
459.0000	110.0000	53.3690	-58.9148
459.0000	129.0000	0.2039	43.7309
460.0000	110.0000	53.3686	-58.9769
460.0000	129.0000	0.2039	43.7309
461.0000	110.0000	53.3685	-58.9868
461.0000	129.0000	0.2039	43.7309
462.0000	110.0000	53.3679	-59.0776
462.0000	129.0000	0.2039	43.7309
463.0000	110.0000	53.3675	-59.1396
463.0000	129.0000	0.2039	43.7309
464.0000	110.0000	53.3674	-59.1490
464.0000	129.0000	0.2039	43.7309
465.0000	110.0000	53.3668	-59.2378
465.0000	129.0000	0.2039	43.7309
466.0000	110.0000	53.3663	-59.2997
466.0000	129.0000	0.2039	43.7309
467.0000	110.0000	53.3663	-59.3097
467.0000	129.0000	0.2039	43.7309
468.0000	110.0000	53.3657	-59.4000
468.0000	129.0000	0.2039	43.7309
469.0000	110.0000	53.3652	-59.4608
469.0000	129.0000	0.2039	43.7309
470.0000	110.0000	53.3652	-59.4700
470.0000	129.0000	0.2039	43.7309
471.0000	110.0000	53.3646	-59.5566
471.0000	129.0000	0.2039	43.7309
472.0000	129.0000	0.2039	43.7309
473.0000	129.0000	0.2039	43.7309
473.0000	193.0000	-1.1070	79.3664
474.0000	129.0000	0.2039	43.7309
474.0000	193.0000	-1.4918	78.6189
475.0000	129.0000	0.2039	43.7309
475.0000	193.0000	-1.8546	77.8360
476.0000	129.0000	0.2039	43.7309
476.0000	193.0000	-2.1823	77.0166
477.0000	129.0000	0.2039	43.7309
477.0000	193.0000	-2.4877	76.1678
478.0000	129.0000	0.2039	43.7309
478.0000	193.0000	-2.7584	75.2976
479.0000	129.0000	0.2039	43.7309
479.0000	193.0000	-3.0016	74.4257
480.0000	129.0000	0.2039	43.7309
480.0000	193.0000	-3.2135	73.5530
481.0000	129.0000	0.2039	43.7309
481.0000	193.0000	-3.3989	72.6807
482.0000	129.0000	0.2039	43.7309
482.0000	193.0000	-3.5604	71.8107
483.0000	129.0000	0.2039	43.7309
483.0000	193.0000	-3.7014	70.9320
484.0000	129.0000	0.2039	43.7309
484.0000	193.0000	-3.8293	70.0125
485.0000	129.0000	0.2039	43.7309
485.0000	193.0000	-3.9445	69.0540
486.0000	129.0000	0.2039	43.7311
486.0000	193.0000	-4.0474	68.0588
487.0000	129.0000	0.2039	43.7273
487.0000	193.0000	-4.1385	67.0250
488.0000	129.0000	0.1974	43.7064
488.0000	193.0000	-4.2289	65.9408
489.0000	129.0000	0.2013	43.7016
489.0000	193.0000	-4.2932	64.8433
490.0000	129.0000	0.2013	43.7016
490.0000	193.0000	-4.3538	63.7213
491.0000	129.0000	0.2013	43.7016
491.0000	193.0000	-4.4056	62.5725
492.0000	129.0000	0.2013	43.7017
492.0000	193.0000	-4.4491	61.3986
493.0000	129.0000	0.2013	43.7013
493.0000	193.0000	-4.4849	60.2005
494.0000	129.0000	0.2013	43.7006
494.0000	193.0000	-4.5133	58.9800
495.0000	129.0000	0.2000	43.6923
495.0000	193.0000	-4.5369	57.7309
496.0000	129.0000	0.2445	43.6615
496.0000	193.0000	-4.4960	56.4445
497.0000	129.0000	0.2455	43.5985
497.0000	193.0000	-4.5065	55.1032
498.0000	129.0000	0.2451	43.4971
498.0000	193.0000	-4.5138	53.7104
499.0000	129.0000	0.2422	43.3694
499.0000	193.0000	-4.5191	52.2997
500.0000	129.0000	0.2417	43.2464
500.0000	193.0000	-4.5172	50.9042
501.0000	129.0000	0.2409	43.1098
501.0000	193.0000	-4.5121	49.5056
502.0000	129.0000	0.2389	42.9504
502.0000	193.0000	-4.5051	48.0944
503.0000	129.0000	0.2369	42.7774
503.0000	193.0000	-4.4952	46.6765
504.0000	129.0000	0.2347	42.5977
504.0000	193.0000	-4.4827	45.2340
505.0000	129.0000	0.2324	42.4071
505.0000	193.0000	-4.4684	43.7582
506.0000	129.0000	0.2298	42.2050
506.0000	193.0000	-4.4524	42.2482
507.0000	129.0000	0.2271	41.9976
507.0000	193.0000	-4.4346	40.7098
508.0000	129.0000	0.2241	41.7859
508.0000	193.0000	-4.4154	39.1439
509.0000	129.0000	0.2211	41.5755
509.0000	193.0000	-4.3949	37.5564
510.0000	129.0000	0.2186	41.4011
510.0000	193.0000	-4.3728	35.9825
511.0000	129.0000	0.2170	41.2847
511.0000	193.0000	-4.3488	34.4449
512.0000	129.0000	0.2110	41.2500
512.0000	193.0000	-4.3275	32.9672
513.0000	129.0000	0.2110	41.2502
513.0000	193.0000	-4.3006	31.5044
514.0000	129.0000	0.2110	41.2509
514.0000	193.0000	-4.2729	30.0223
515.0000	129.0000	0.2110	41.2514
515.0000	193.0000	-4.2446	28.5208
516.0000	129.0000	0.2110	41.2516
516.0000	193.0000	-4.2157	27.0009
517.0000	129.0000	0.2110	41.2516
517.0000	193.0000	-4.1862	25.4632
518.0000	129.0000	0.2110	41.2516
518.0000	193.0000	-4.1560	23.9104
519.0000	129.0000	0.2110	41.2516
519.0000	193.0000	-4.1257	22.3655
520.0000	129.0000	0.2110	41.2516
520.0000	193.0000	-4.0955	20.8340
521.0000	129.0000	0.2110	41.2516
521.0000	193.0000	-4.0655	19.3160
522.0000	129.0000	0.2110	41.2516
522.0000	193.0000	-4.0357	17.8113
523.0000	129.0000	0.2110	41.2516
523.0000	193.0000	-4.0062	16.3192
524.0000	129.0000	0.2110	41.2516
524.0000	193.0000	-3.9768	14.8195
525.0000	129.0000	0.2110	41.2516
525.0000	193.0000	-3.9474	13.3040
526.0000	129.0000	0.2110	41.2516
526.0000	193.0000	-3.9182	11.7715
527.0000	129.0000	0.2110	41.2516
527.0000	193.0000	-3.8893	10.2210
528.0000	129.0000	0.2110	41.2516
528.0000	193.0000	-3.8607	8.6519
529.0000	129.0000	0.2110	41.2516
529.0000	193.0000	-3.8328	7.0637
530.0000	129.0000	0.2110	41.2516
530.0000	193.0000	-3.8055	5.4563
531.0000	129.0000	0.2110	41.2516
531.0000	193.0000	-3.7791	3.8299
532.0000	129.0000	0.2110	41.2516
532.0000	193.0000	-3.7536	2.1846
533.0000	129.0000	0.2110	41.2516
533.0000	193.0000	-3.7292	0.5206
534.0000	129.0000	0.2110	41.2516
534.0000	193.0000	-3.7059	-1.1616
535.0000	129.0000	0.2110	41.2516
535.0000	193.0000	-3.6840	-2.8617
536.0000	129.0000	0.2110	41.2516
536.0000	193.0000	-3.6633	-4.5791
537.0000	129.0000	0.2110	41.2516
537.0000	193.0000	-3.6442	-6.3134
538.0000	129.0000	0.2110	41.2516
538.0000	193.0000	-3.6265	-8.0639
539.0000	129.0000	0.2110	41.2516
539.0000	193.0000	-3.6105	-9.8099
540.0000	129.0000	0.2110	41.2516
540.0000	193.0000	-3.5965	-11.5396
541.0000	129.0000	0.2110	41.2516
541.0000	193.0000	-3.5846	-13.1826
542.0000	129.0000	0.2110	41.2516
542.0000	193.0000	-3.5752	-14.5435
543.0000	129.0000	0.2110	41.2516
543.0000	193.0000	-3.5709	-15.8051
544.0000	129.0000	0.2110	41.2516
544.0000	193.0000	-3.5692	-17.0845
545.0000	129.0000	0.2110	41.2516
545.0000	193.0000	-3.5683	-18.3974
546.0000	129.0000	0.2110	41.2516
546.0000	193.0000	-3.5689	-19.7438
547.0000	129.0000	0.2110	41.2516
547.0000	193.0000	-3.5715	-21.1239
548.0000	129.0000	0.2110	41.2516
548.0000	193.0000	-3.5755	-22.5375
549.0000	129.0000	0.2110	41.2516
549.0000	193.0000	-3.5801	-23.9069
550.0000	129.0000	0.2110	41.2516
550.0000	193.0000	-3.5849	-25.0289
551.0000	129.0000	0.2110	41.2516
551.0000	193.0000	-3.5940	-26.1261
552.0000	129.0000	0.2110	41.2516
552.0000	193.0000	-3.6040	-27.2529
553.0000	129.0000	0.2110	41.2516
553.0000	193.0000	-3.6140	-28.4095
554.0000	129.0000	0.2110	41.2516
554.0000	193.0000	-3.6256	-29.5980
555.0000	129.0000	0.2110	41.2516
555.0000	193.0000	-3.6376	-30.7381
556.0000	129.0000	0.2110	41.2516
556.0000	193.0000	-3.6480	-31.6314
557.0000	129.0000	0.2110	41.2516
557.0000	193.0000	-3.6607	-32.4192
558.0000	129.0000	0.2110	41.2516
558.0000	193.0000	-3.6705	-32.9560
559.0000	129.0000	0.2110	41.2516
559.0000	193.0000	-3.6896	-33.4420
560.0000	129.0000	0.2110	41.2516
560.0000	193.0000	-3.7008	-33.9228
561.0000	129.0000	0.2110	41.2516
561.0000	193.0000	-3.7135	-34.3979
562.0000	129.0000	0.2110	41.2516
562.0000	193.0000	-3.7292	-34.8684
563.0000	129.0000	0.2110	41.2516
563.0000	193.0000	-3.7420	-35.2363
564.0000	129.0000	0.2110	41.2516
564.0000	193.0000	-3.7483	-35.3438
565.0000	129.0000	0.2110	41.2516
565.0000	193.0000	-3.7568	-35.4647
566.0000	129.0000	0.2110	41.2516
566.0000	193.0000	-3.7623	-35.6450
567.0000	129.0000	0.2110	41.2516
567.0000	193.0000	-3.7791	-35.8837
568.0000	129.0000	0.2110	41.2516
568.0000	193.0000	-3.7872	-36.1839
569.0000	129.0000	0.2110	41.2516
569.0000	193.0000	-3.8001	-36.5467
570.0000	129.0000	0.2110	41.2516
570.0000	193.0000	-3.8186	-36.9725
571.0000	129.0000	0.2110	41.2516
571.0000	193.0000	-3.8383	-37.4612
572.0000	129.0000	0.2110	41.2516
572.0000	193.0000	-3.8556	-37.9137
573.0000	129.0000	0.2110	41.2516
573.0000	193.0000	-3.8620	-38.0860
574.0000	129.0000	0.2110	41.2516
574.0000	193.0000	-3.8622	-38.0889
575.0000	129.0000	0.2110	41.2516
575.0000	193.0000	-3.8623	-38.0941
576.0000	129.0000	0.2110	41.2516
576.0000	193.0000	-3.8625	-38.0976
577.0000	129.0000	0.2110	41.2516
577.0000	193.0000	-3.8625	-38.0995
578.0000	129.0000	0.2110	41.2516
578.0000	193.0000	-3.8625	-38.1003
579.0000	129.0000	0.2110	41.2516
579.0000	193.0000	-3.8626	-38.1008
580.0000	129.0000	0.2110	41.2516
580.0000	193.0000	-3.8626	-38.1010
581.0000	129.0000	0.2110	41.2516
581.0000	193.0000	-3.8626	-38.1011
582.0000	129.0000	0.2110	41.2516
582.0000	193.0000	-3.8626	-38.1011
583.0000	129.0000	0.2110	41.2516
583.0000	193.0000	-3.8626	-38.1011
584.0000	129.0000	0.2110	41.2516
584.0000	193.0000	-3.8629	-38.1071
585.0000	129.0000	0.2110	41.2516
585.0000	193.0000	-3.8648	-38.1400
586.0000	129.0000	0.2110	41.2516
586.0000	193.0000	-3.8681	-38.2072
587.0000	129.0000	0.2110	41.2516
587.0000	193.0000	-3.8687	-38.2350
588.0000	129.0000	0.2110	41.2516
588.0000	193.0000	-3.8690	-38.2392
589.0000	129.0000	0.2110	41.2516
589.0000	193.0000	-3.8716	-38.2844
590.0000	129.0000	0.2110	41.2516
590.0000	193.0000	-3.8759	-38.3789
591.0000	129.0000	0.2110	41.2516
591.0000	193.0000	-3.8779	-38.4291
592.0000	129.0000	0.2110	41.2516
592.0000	193.0000	-3.8780	-38.4324
593.0000	129.0000	0.2110	41.2516
593.0000	193.0000	-3.8811	-38.4857
594.0000	129.0000	0.2110	41.2516
594.0000	193.0000	-3.8863	-38.5990
595.0000	129.0000	0.2110	41.2516
595.0000	193.0000	-3.8944	-38.7717
596.0000	129.0000	0.2110	41.2516
596.0000	193.0000	-3.9057	-39.0060
597.0000	129.0000	0.2110	41.2516
597.0000	193.0000	-3.9169	-39.3029
598.0000	129.0000	0.2110	41.2516
598.0000	193.0000	-3.9312	-39.6629
599.0000	129.0000	0.2110	41.2516
599.0000	193.0000	-3.9488	-40.0728
600.0000	129.0000	0.2110	41.2516
600.0000	193.0000	-3.9662	-40.4838
601.0000	129.0000	0.2110	41.2516
601.0000	193.0000	-3.9832	-40.8930
602.0000	129.0000	0.2110	41.2516
602.0000	193.0000	-3.9999	-41.3004
603.0000	129.0000	0.2110	41.2516
603.0000	193.0000	-4.0165	-41.7055
604.0000	129.0000	0.2110	41.2516
604.0000	193.0000	-4.0331	-42.1147
605.0000	129.0000	0.2110	41.2516
605.0000	193.0000	-4.0510	-42.5639
606.0000	129.0000	0.2110	41.2516
606.0000	193.0000	-4.0702	-43.0592
607.0000	129.0000	0.2110	41.2516
607.0000	193.0000	-4.0909	-43.6026
608.0000	129.0000	0.2110	41.2516
608.0000	193.0000	-4.1127	-44.1948
609.0000	129.0000	0.2110	41.2516
609.0000	193.0000	-4.1356	-44.8359
610.0000	129.0000	0.2110	41.2516
610.0000	193.0000	-4.1593	-45.5250
611.0000	129.0000	0.2110	41.2516
611.0000	193.0000	-4.1835	-46.2609
612.0000	129.0000	0.2110	41.2516
612.0000	193.0000	-4.2082	-47.0422
613.0000	129.0000	0.2110	41.2516
613.0000	193.0000	-4.2330	-47.8669
614.0000	129.0000	0.2110	41.2516
614.0000	193.0000	-4.2577	-48.7334
615.0000	129.0000	0.2110	41.2516
615.0000	193.0000	-4.2822	-49.6397
616.0000	129.0000	0.2110	41.2516
616.0000	193.0000	-4.3063	-50.5839
617.0000	129.0000	0.2110	41.2516
617.0000	193.0000	-4.3299	-51.5640
618.0000	129.0000	0.2110	41.2516
618.0000	193.0000	-4.3529	-52.5783
619.0000	129.0000	0.2110	41.2516
619.0000	193.0000	-4.3750	-53.6248
620.0000	129.0000	0.2110	41.2516
620.0000	193.0000	-4.3964	-54.7018
621.0000	129.0000	0.2110	41.2516
621.0000	193.0000	-4.4168	-55.8077
622.0000	129.0000	0.2110	41.2516
622.0000	193.0000	-4.4363	-56.9408
623.0000	129.0000	0.2110	41.2516
623.0000	193.0000	-4.4537	-58.0211
624.0000	129.0000	0.2110	41.2516
624.0000	193.0000	-4.4662	-58.8268
625.0000	129.0000	0.2110	41.2516
625.0000	193.0000	-4.4711	-59.4159
626.0000	129.0000	0.2110	41.2516
626.0000	193.0000	-4.4712	-60.0163
627.0000	129.0000	0.2110	41.2516
627.0000	193.0000	-4.4754	-60.5698
628.0000	129.0000	0.2110	41.2516
628.0000	193.0000	-4.4758	-60.8684
629.0000	129.0000	0.2110	41.2516
629.0000	193.0000	-4.4554	-61.1165
630.0000	129.0000	0.2110	41.2516
630.0000	193.0000	-4.4624	-61.3630
631.0000	129.0000	0.2110	41.2516
631.0000	193.0000	-4.4568	-61.6056
632.0000	129.0000	0.2110	41.2516
632.0000	193.0000	-4.4480	-61.8452
633.0000	129.0000	0.2110	41.2516
633.0000	193.0000	-4.4402	-62.1136
634.0000	129.0000	0.2110	41.2516
634.0000	193.0000	-4.4389	-62.3315
635.0000	129.0000	0.2110	41.2516
635.0000	193.0000	-4.4349	-62.3724
636.0000	129.0000	0.2110	41.2516
636.0000	193.0000	-4.4313	-62.4950
637.0000	129.0000	0.2110	41.2516
637.0000	193.0000	-4.4284	-62.5935
638.0000	129.0000	0.2110	41.2516
638.0000	193.0000	-4.4286	-62.6031
639.0000	129.0000	0.2110	41.2516
639.0000	193.0000	-4.4244	-62.7036
640.0000	129.0000	0.2110	41.2516
640.0000	193.0000	-4.4222	-62.7822
641.0000	129.0000	0.2110	41.2516
641.0000	193.0000	-4.4222	-62.7915
642.0000	129.0000	0.2110	41.2516
642.0000	193.0000	-4.4183	-62.8862
643.0000	129.0000	0.2110	41.2516
643.0000	193.0000	-4.4163	-62.9560
644.0000	129.0000	0.2110	41.2516
644.0000	193.0000	-4.4162	-62.9640
645.0000	129.0000	0.2110	41.2516
645.0000	193.0000	-4.4130	-63.0523
646.0000	129.0000	0.2110	41.2516
646.0000	193.0000	-4.4067	-63.2147
647.0000	129.0000	0.2110	41.2516
647.0000	193.0000	-4.3998	-63.4426
648.0000	129.0000	0.2110	41.2516
648.0000	193.0000	-4.3909	-63.7306
649.0000	129.0000	0.2110	41.2516
649.0000	193.0000	-4.3820	-64.0750
650.0000	129.0000	0.2110	41.2516
650.0000	193.0000	-4.3700	-64.4727
651.0000	129.0000	0.2110	41.2516
651.0000	193.0000	-4.3564	-64.9206
652.0000	129.0000	0.2110	41.2516
652.0000	193.0000	-4.3419	-65.4161
653.0000	129.0000	0.2110	41.2516
653.0000	193.0000	-4.3290	-65.8661
654.0000	129.0000	0.2110	41.2516
654.0000	193.0000	-4.3212	-66.1282
655.0000	129.0000	0.2110	41.2516
655.0000	193.0000	-4.3119	-66.4460
656.0000	129.0000	0.2110	41.2516
656.0000	193.0000	-4.3008	-66.8357
657.0000	129.0000	0.2110	41.2516
657.0000	193.0000	-4.2909	-67.1922
658.0000	129.0000	0.2110	41.2516
658.0000	193.0000	-4.2852	-67.3786
659.0000	129.0000	0.2110	41.2516
659.0000	193.0000	-4.2778	-67.6377
660.0000	129.0000	0.2110	41.2516
660.0000	193.0000	-4.2714	-67.8785
661.0000	129.0000	0.2110	41.2516
661.0000	193.0000	-4.2687	-67.9691
662.0000	129.0000	0.2110	41.2516
662.0000	193.0000	-4.2638	-68.1502
663.0000	129.0000	0.2110	41.2516
663.0000	193.0000	-4.2593	-68.3166
664.0000	129.0000	0.2110	41.2516
664.0000	193.0000	-4.2583	-68.3522
665.0000	129.0000	0.2110	41.2516
665.0000	193.0000	-4.2547	-68.4888
666.0000	129.0000	0.2110	41.2516
666.0000	193.0000	-4.2516	-68.6094
667.0000	129.0000	0.2110	41.2516
667.0000	193.0000	-4.2512	-68.6197
668.0000	129.0000	0.2110	41.2516
668.0000	193.0000	-4.2484	-68.7292
669.0000	129.0000	0.2110	41.2516
669.0000	193.0000	-4.2436	-68.9233
670.0000	129.0000	0.2110	41.2516
670.0000	193.0000	-4.2371	-69.1889
671.0000	129.0000	0.2110	41.2516
671.0000	193.0000	-4.2317	-69.4199
672.0000	129.0000	0.2110	41.2516
672.0000	193.0000	-4.2298	-69.4917
673.0000	129.0000	0.2110	41.2516
673.0000	193.0000	-4.2263	-69.6520
674.0000	129.0000	0.2110	41.2516
674.0000	193.0000	-4.2232	-69.7947
675.0000	129.0000	0.2110	41.2516
675.0000	193.0000	-4.2227	-69.8070
676.0000	129.0000	0.2110	41.2516
676.0000	193.0000	-4.2205	-69.9202
677.0000	129.0000	0.2110	41.2516
677.0000	193.0000	-4.2185	-70.0179
678.0000	129.0000	0.2110	41.2516
678.0000	193.0000	-4.2181	-70.0277
679.0000	129.0000	0.2110	41.2516
679.0000	193.0000	-4.2163	-70.1314
680.0000	129.0000	0.2110	41.2516
680.0000	193.0000	-4.2146	-70.2123
681.0000	129.0000	0.2110	41.2516
681.0000	193.0000	-4.2143	-70.2213
682.0000	129.0000	0.2110	41.2516
682.0000	193.0000	-4.2127	-70.3153
683.0000	129.0000	0.2110	41.2516
683.0000	193.0000	-4.2097	-70.4867
684.0000	129.0000	0.2110	41.2516
684.0000	193.0000	-4.2054	-70.7253
685.0000	129.0000	0.2111	41.2638
685.0000	193.0000	-4.2003	-71.0251
686.0000	129.0000	0.2113	41.3056
686.0000	193.0000	-4.1940	-71.3819
687.0000	129.0000	0.2118	41.3857
687.0000	193.0000	-4.1888	-71.6963
688.0000	129.0000	0.2122	41.4602
688.0000	193.0000	-4.1877	-71.8381
689.0000	129.0000	0.2127	41.5399
689.0000	193.0000	-4.1848	-72.0557
690.0000	129.0000	0.2129	41.5800
690.0000	193.0000	-4.1823	-72.2531
691.0000	129.0000	0.2129	41.5844
691.0000	193.0000	-4.1816	-72.3032
692.0000	129.0000	0.2132	41.6437
692.0000	193.0000	-4.1807	-72.4487
693.0000	129.0000	0.2134	41.6788
693.0000	193.0000	-4.1790	-72.6802
694.0000	129.0000	0.2135	41.6896
694.0000	193.0000	-4.1768	-72.8847
695.0000	129.0000	0.2139	41.7636
695.0000	193.0000	-4.1765	-72.9376
696.0000	129.0000	0.2142	41.8103
696.0000	193.0000	-4.1759	-73.0846
697.0000	129.0000	0.2142	41.8180
697.0000	193.0000	-4.1750	-73.2159
698.0000	129.0000	0.2147	41.8940
698.0000	193.0000	-4.1747	-73.2275
699.0000	129.0000	0.2150	41.9448
699.0000	193.0000	-4.1747	-73.3391
700.0000	129.0000	0.2150	41.9525
700.0000	193.0000	-4.1742	-73.4350
701.0000	129.0000	0.2155	42.0324
701.0000	193.0000	-4.1739	-73.4449
702.0000	129.0000	0.2158	42.0875
702.0000	193.0000	-4.1740	-73.5488
703.0000	129.0000	0.2159	42.0964
703.0000	193.0000	-4.1736	-73.6328
704.0000	129.0000	0.2164	42.1791
704.0000	193.0000	-4.1734	-73.6418
705.0000	129.0000	0.2167	42.2371
705.0000	193.0000	-4.1736	-73.7397
706.0000	129.0000	0.2167	42.2458
706.0000	193.0000	-4.1733	-73.8157
707.0000	129.0000	0.2173	42.3307
707.0000	193.0000	-4.1730	-73.8143
708.0000	129.0000	0.2182	42.4883
708.0000	193.0000	-4.1731	-73.8155
709.0000	129.0000	0.2189	42.6076
709.0000	193.0000	-4.1732	-73.8163
710.0000	129.0000	0.2190	42.6155
710.0000	193.0000	-4.1732	-73.8168
711.0000	129.0000	0.2196	42.7148
711.0000	193.0000	-4.1732	-73.8170
712.0000	129.0000	0.2207	42.8930
712.0000	193.0000	-4.1732	-73.8171
713.0000	129.0000	0.2216	43.0376
713.0000	193.0000	-4.1732	-73.8172
714.0000	129.0000	0.2216	43.0484
714.0000	193.0000	-4.1732	-73.8172
715.0000	129.0000	0.2223	43.1553
715.0000	193.0000	-4.1732	-73.8172
716.0000	129.0000	0.2228	43.2437
716.0000	193.0000	-4.1732	-73.8172
717.0000	129.0000	0.2228	43.2421
717.0000	193.0000	-4.1732	-73.8172
718.0000	129.0000	0.2228	43.2435
718.0000	193.0000	-4.1732	-73.8172
719.0000	129.0000	0.2228	43.2444
719.0000	193.0000	-4.1732	-73.8172
720.0000	129.0000	0.2228	43.2450
720.0000	193.0000	-4.1732	-73.8172
721.0000	129.0000	0.2228	43.2453
721.0000	193.0000	-4.1732	-73.8172
722.0000	129.0000	0.2230	43.2771
722.0000	193.0000	-4.1732	-73.8171
723.0000	129.0000	0.2235	43.3618
723.0000	193.0000	-4.1732	-73.8182
724.0000	129.0000	0.2244	43.5009
724.0000	193.0000	-4.1732	-73.8182
725.0000	129.0000	0.2256	43.6940
725.0000	193.0000	-4.1732	-73.8182
726.0000	129.0000	0.2271	43.9404
726.0000	193.0000	-4.1732	-73.8370
727.0000	129.0000	0.2289	44.2391
727.0000	193.0000	-4.1731	-73.8424
728.0000	129.0000	0.2305	44.4906
728.0000	193.0000	-4.1731	-73.8474
729.0000	129.0000	0.2309	44.5728
729.0000	193.0000	-4.1732	-73.8917
730.0000	129.0000	0.2319	44.7377
730.0000	193.0000	-4.1731	-73.9122
731.0000	129.0000	0.2334	44.9823
731.0000	193.0000	-4.1730	-73.9120
732.0000	129.0000	0.2353	45.2946
732.0000	193.0000	-4.1731	-73.9126
733.0000	129.0000	0.2370	45.5710
733.0000	193.0000	-4.1731	-73.9129
734.0000	129.0000	0.2376	45.6829
734.0000	193.0000	-4.1731	-73.9130
735.0000	129.0000	0.2388	45.8776
735.0000	193.0000	-4.1731	-73.9131
736.0000	129.0000	0.2404	46.1532
736.0000	193.0000	-4.1731	-73.9131
737.0000	129.0000	0.2419	46.3996
737.0000	193.0000	-4.1731	-73.9132
738.0000	129.0000	0.2424	46.4889
738.0000	193.0000	-4.1731	-73.9132
739.0000	129.0000	0.2435	46.6666
739.0000	193.0000	-4.1731	-73.9132
740.0000	129.0000	0.2450	46.9274
740.0000	193.0000	-4.1731	-73.9132
741.0000	129.0000	0.2464	47.1602
741.0000	193.0000	-4.1731	-73.9132
742.0000	129.0000	0.2468	47.2380
742.0000	193.0000	-4.1731	-73.9132
743.0000	129.0000	0.2478	47.4059
743.0000	193.0000	-4.1731	-73.9132
744.0000	129.0000	0.2487	47.5577
744.0000	193.0000	-4.1731	-73.9132
745.0000	129.0000	0.2488	47.5729
745.0000	193.0000	-4.1731	-73.9132
746.0000	129.0000	0.2494	47.6886
746.0000	193.0000	-4.1731	-73.9132
747.0000	129.0000	0.2506	47.8926
747.0000	193.0000	-4.1731	-73.9132
748.0000	129.0000	0.2516	48.0701
748.0000	193.0000	-4.1731	-73.9132
749.0000	129.0000	0.2519	48.1041
749.0000	193.0000	-4.1731	-73.9132
750.0000	129.0000	0.2526	48.2359
750.0000	193.0000	-4.1731	-73.9132
751.0000	129.0000	0.2538	48.4525
751.0000	193.0000	-4.1731	-73.9132
752.0000	129.0000	0.2549	48.6407
752.0000	193.0000	-4.1731	-73.9132
753.0000	129.0000	0.2550	48.6783
753.0000	193.0000	-4.1731	-73.9132
754.0000	129.0000	0.2558	48.8117
754.0000	193.0000	-4.1731	-73.9132
755.0000	129.0000	0.2571	49.0305
755.0000	193.0000	-4.1731	-73.9132
756.0000	129.0000	0.2582	49.2215
756.0000	193.0000	-4.1731	-73.9132
757.0000	129.0000	0.2584	49.2623
757.0000	193.0000	-4.1731	-73.9132
758.0000	129.0000	0.2592	49.3984
758.0000	193.0000	-4.1731	-73.9132
759.0000	129.0000	0.2599	49.5186
759.0000	193.0000	-4.1731	-73.9132
760.0000	129.0000	0.2599	49.5292
760.0000	193.0000	-4.1731	-73.9132
761.0000	129.0000	0.2605	49.6389
761.0000	193.0000	-4.1731	-73.9131
762.0000	129.0000	0.2616	49.8331
762.0000	193.0000	-4.1731	-73.9142
763.0000	129.0000	0.2625	49.9979
763.0000	193.0000	-4.1731	-73.9142
764.0000	129.0000	0.2627	50.0161
764.0000	193.0000	-4.1731	-73.9142
765.0000	129.0000	0.2633	50.1337
765.0000	193.0000	-4.1731	-73.9142
766.0000	129.0000	0.2638	50.2345
766.0000	193.0000	-4.1731	-73.9142
767.0000	129.0000	0.2639	50.2444
767.0000	193.0000	-4.1731	-73.9142
768.0000	129.0000	0.2645	50.3491
768.0000	193.0000	-4.1731	-73.9142
769.0000	129.0000	0.2649	50.4345
769.0000	193.0000	-4.1731	-73.9142
770.0000	129.0000	0.2650	50.4439
770.0000	193.0000	-4.1731	-73.9142
771.0000	129.0000	0.2655	50.5425
771.0000	193.0000	-4.1731	-73.9142
772.0000	129.0000	0.2659	50.6192
772.0000	193.0000	-4.1731	-73.9142
773.0000	129.0000	0.2660	50.6283
773.0000	193.0000	-4.1731	-73.9142
774.0000	129.0000	0.2665	50.7233
774.0000	193.0000	-4.1731	-73.9142
775.0000	129.0000	0.2669	50.7953
775.0000	193.0000	-4.1731	-73.9142
776.0000	129.0000	0.2669	50.8045
776.0000	193.0000	-4.1731	-73.9140
777.0000	129.0000	0.2674	50.8931
777.0000	193.0000	-4.1730	-73.9178
778.0000	129.0000	0.2599	50.9418
778.0000	193.0000	-4.1626	-73.9394
779.0000	129.0000	0.2656	50.8984
779.0000	193.0000	-4.1701	-73.9906
780.0000	129.0000	0.2646	50.9099
780.0000	193.0000	-4.1683	-74.0697
781.0000	129.0000	0.2638	50.8956
781.0000	193.0000	-4.1668	-74.1515
782.0000	129.0000	0.2618	50.8056
782.0000	193.0000	-4.1643	-74.2501
783.0000	129.0000	0.2601	50.7682
783.0000	193.0000	-4.1615	-74.3770
784.0000	129.0000	0.2575	50.6854
784.0000	193.0000	-4.1579	-74.5264
785.0000	129.0000	0.2543	50.5347
785.0000	193.0000	-4.1537	-74.6861
786.0000	129.0000	0.2521	50.4528
786.0000	193.0000	-4.1504	-74.8577
787.0000	129.0000	0.2479	50.3319
787.0000	193.0000	-4.1446	-75.0451
788.0000	129.0000	0.2439	50.1446
788.0000	193.0000	-4.1394	-75.2412
789.0000	129.0000	0.2409	50.0327
789.0000	193.0000	-4.1350	-75.4420
790.0000	129.0000	0.2363	49.8899
790.0000	193.0000	-4.1287	-75.6507
791.0000	129.0000	0.2323	49.6734
791.0000	193.0000	-4.1236	-75.8674
792.0000	129.0000	0.2278	49.4557
792.0000	193.0000	-4.1176	-76.0865
793.0000	129.0000	0.2238	49.2342
793.0000	193.0000	-4.1123	-76.3091
794.0000	129.0000	0.2182	49.0082
794.0000	193.0000	-4.1049	-76.5359
795.0000	129.0000	0.2131	48.8115
795.0000	193.0000	-4.0978	-76.7652
796.0000	129.0000	0.2089	48.6676
796.0000	193.0000	-4.0918	-76.9964
797.0000	129.0000	0.2038	48.4719
797.0000	193.0000	-4.0846	-77.2298
798.0000	129.0000	0.1983	48.2405
798.0000	193.0000	-4.0771	-77.4650
799.0000	129.0000	0.1938	48.0548
799.0000	193.0000	-4.0707	-77.7011
800.0000	129.0000	0.1887	47.8520
800.0000	193.0000	-4.0634	-77.9316
801.0000	129.0000	0.1843	47.6690
801.0000	193.0000	-4.0572	-78.1220
802.0000	129.0000	0.1817	47.6054
802.0000	193.0000	-4.0533	-78.2526
803.0000	129.0000	0.1834	47.5858
803.0000	193.0000	-4.0558	-78.3113
804.0000	129.0000	0.1834	47.5936
804.0000	193.0000	-4.0558	-78.3113
805.0000	129.0000	0.1837	47.6675
805.0000	193.0000	-4.0558	-78.3113
806.0000	129.0000	0.1838	47.7155
806.0000	193.0000	-4.0558	-78.3123
807.0000	129.0000	0.1839	47.7239
807.0000	193.0000	-4.0558	-78.3121
808.0000	129.0000	0.1842	47.8014
808.0000	193.0000	-4.0558	-78.3120
809.0000	129.0000	0.1843	47.8539
809.0000	193.0000	-4.0558	-78.3120
810.0000	129.0000	0.1844	47.8617
810.0000	193.0000	-4.0558	-78.3119
811.0000	129.0000	0.1846	47.9390
811.0000	193.0000	-4.0557	-78.3158
812.0000	129.0000	0.1754	47.9749
812.0000	193.0000	-4.0415	-78.3370
813.0000	129.0000	0.1856	47.9330
813.0000	193.0000	-4.0567	-78.3869
814.0000	129.0000	0.1846	47.9310
814.0000	193.0000	-4.0550	-78.4731
815.0000	129.0000	0.1823	47.8768
815.0000	193.0000	-4.0515	-78.5867
816.0000	129.0000	0.1792	47.7420
816.0000	193.0000	-4.0471	-78.7210
817.0000	129.0000	0.1755	47.5918
817.0000	193.0000	-4.0420	-78.8724
818.0000	129.0000	0.1721	47.4266
818.0000	193.0000	-4.0371	-79.0387
819.0000	129.0000	0.1676	47.2486
819.0000	193.0000	-4.0306	-79.2175
820.0000	129.0000	0.1634	47.0601
820.0000	193.0000	-4.0246	-79.4065
821.0000	129.0000	0.1590	46.8628
821.0000	193.0000	-4.0183	-79.6042
822.0000	129.0000	0.1544	46.6580
822.0000	193.0000	-4.0117	-79.8221
823.0000	129.0000	0.1497	46.4470
824.0000	129.0000	0.1448	46.2310
825.0000	129.0000	0.1398	46.0105
826.0000	129.0000	0.1346	45.7865
827.0000	129.0000	0.1304	45.5594
828.0000	129.0000	0.1254	45.3298
829.0000	129.0000	0.1203	45.0981
830.0000	129.0000	0.1150	44.8645
831.0000	129.0000	0.1107	44.6295
832.0000	129.0000	0.1057	44.3932
833.0000	129.0000	0.1016	44.1559
834.0000	129.0000	0.0967	43.9177
835.0000	129.0000	0.0918	43.6787
836.0000	129.0000	0.0878	43.4392
837.0000	129.0000	0.0833	43.2069
838.0000	129.0000	0.0795	43.0138
839.0000	129.0000	0.0771	42.8802
840.0000	129.0000	0.0789	42.8142
841.0000	129.0000	0.0790	42.8140
842.0000	129.0000	0.0790	42.8147
843.0000	129.0000	0.0790	42.8153
844.0000	129.0000	0.0790	42.8156
845.0000	129.0000	0.0790	42.8156
846.0000	129.0000	0.0790	42.8156
847.0000	129.0000	0.0790	42.8156
848.0000	129.0000	0.0790	42.8156
849.0000	129.0000	0.0790	42.8156
850.0000	129.0000	0.0790	42.8156
851.0000	129.0000	0.0790	42.8156
852.0000	129.0000	0.0790	42.8158
853.0000	129.0000	0.0789	42.8119
854.0000	129.0000	0.0621	42.7901
855.0000	129.0000	0.0418	42.7371
856.0000	129.0000	0.0398	42.6468
857.0000	129.0000	0.0383	42.5321
858.0000	129.0000	0.0369	42.4001
859.0000	129.0000	0.0343	42.2490
860.0000	129.0000	0.0320	42.0816
861.0000	129.0000	0.0296	41.9034
862.0000	129.0000	0.0264	41.7151
863.0000	129.0000	0.0236	41.5171
864.0000	129.0000	0.0209	41.3202
865.0000	129.0000	0.0188	41.1601
866.0000	129.0000	0.0177	41.0585
867.0000	129.0000	0.0177	41.0470
868.0000	129.0000	0.0177	41.0474
869.0000	129.0000	0.0177	41.0480
870.0000	129.0000	0.0177	41.0485
871.0000	129.0000	0.0177	41.0486
872.0000	129.0000	0.0177	41.0487
873.0000	129.0000	0.0177	41.0486
874.0000	129.0000	0.0177	41.0486
875.0000	129.0000	0.0177	41.0486
876.0000	129.0000	0.0177	41.0486
877.0000	129.0000	0.0177	41.0486
878.0000	129.0000	0.0177	41.0486
879.0000	129.0000	0.0177	41.0486
880.0000	129.0000	0.0177	41.0486
881.0000	129.0000	0.0177	41.0486
882.0000	129.0000	0.0177	41.0486
883.0000	129.0000	0.0177	41.0486
884.0000	129.0000	0.0177	41.0486
885.0000	129.0000	0.0177	41.0486
886.0000	129.0000	0.0177	41.0486
887.0000	129.0000	0.0177	41.0486
888.0000	129.0000	0.0177	41.0486
889.0000	129.0000	0.0177	41.0486
890.0000	129.0000	0.0177	41.0486
891.0000	129.0000	0.0177	41.0486
892.0000	129.0000	0.0177	41.0486
893.0000	129.0000	0.0177	41.0486
894.0000	129.0000	0.0177	41.0486
895.0000	129.0000	0.0177	41.0486
896.0000	129.0000	0.0177	41.0486
897.0000	129.0000	0.0177	41.0486
898.0000	129.0000	0.0177	41.0486
899.0000	129.0000	0.0177	41.0486
900.0000	129.0000	0.0177	41.0486
901.0000	129.0000	0.0177	41.0486
902.0000	129.0000	0.0177	41.0486
903.0000	129.0000	0.0177	41.0486
904.0000	129.0000	0.0177	41.0486
905.0000	129.0000	0.0177	41.0486
906.0000	129.0000	0.0177	41.0486
907.0000	129.0000	0.0177	41.0486
908.0000	129.0000	0.0177	41.0486
909.0000	129.0000	0.0177	41.0486
910.0000	129.0000	0.0177	41.0486
911.0000	129.0000	0.0177	41.0486
912.0000	129.0000	0.0177	41.0486
913.0000	129.0000	0.0177	41.0486
914.0000	129.0000	0.0177	41.0486
915.0000	129.0000	0.0177	41.0486
916.0000	129.0000	0.0177	41.0486
917.0000	129.0000	0.0177	41.0486
918.0000	129.0000	0.0177	41.0486
919.0000	129.0000	0.0177	41.0486
920.0000	129.0000	0.0177	41.0486
921.0000	129.0000	0.0177	41.0486
922.0000	129.0000	0.0177	41.0486
923.0000	129.0000	0.0177	41.0486
924.0000	129.0000	0.0177	41.0486
925.0000	129.0000	0.0177	41.0486
926.0000	129.0000	0.0177	41.0486
927.0000	129.0000	0.0177	41.0486
928.0000	129.0000	0.0177	41.0486
929.0000	129.0000	0.0177	41.0486
930.0000	129.0000	0.0177	41.0486
931.0000	129.0000	0.0177	41.0486
932.0000	129.0000	0.0177	41.0486
933.0000	129.0000	0.0177	41.0486
934.0000	129.0000	0.0177	41.0486
935.0000	129.0000	0.0177	41.0486
936.0000	129.0000	0.0177	41.0486
937.0000	129.0000	0.0177	41.0486
938.0000	129.0000	0.0177	41.0486
939.0000	129.0000	0.0177	41.0486
940.0000	129.0000	0.0177	41.0486
941.0000	129.0000	0.0177	41.0486
942.0000	129.0000	0.0177	41.0486
943.0000	129.0000	0.0177	41.0486
944.0000	129.0000	0.0177	41.0486
945.0000	129.0000	0.0177	41.0486
946.0000	129.0000	0.0177	41.0486
947.0000	129.0000	0.0177	41.0486
948.0000	129.0000	0.0177	41.0486
949.0000	129.0000	0.0177	41.0486
950.0000	129.0000	0.0177	41.0486
951.0000	129.0000	0.0177	41.0486
952.0000	129.0000	0.0177	41.0486
953.0000	129.0000	0.0177	41.0486
954.0000	129.0000	0.0177	41.0486
955.0000	129.0000	0.0177	41.0486
956.0000	129.0000	0.0177	41.0486
957.0000	129.0000	0.0177	41.0486
958.0000	129.0000	0.0177	41.0486
959.0000	129.0000	0.0177	41.0486
960.0000	129.0000	0.0177	41.0486
961.0000	129.0000	0.0177	41.0486
962.0000	129.0000	0.0177	41.0486
963.0000	129.0000	0.0177	41.0486
964.0000	129.0000	0.0177	41.0486
965.0000	129.0000	0.0177	41.0486
966.0000	129.0000	0.0177	41.0486
967.0000	129.0000	0.0177	41.0486
968.0000	129.0000	0.0177	41.0486
969.0000	129.0000	0.0177	41.0486
970.0000	129.0000	0.0177	41.0486
971.0000	129.0000	0.0177	41.0486
972.0000	129.0000	0.0177	41.0486
973.0000	129.0000	0.0177	41.0486
974.0000	129.0000	0.0177	41.0486
975.0000	129.0000	0.0177	41.0486
976.0000	129.0000	0.0177	41.0486
977.0000	129.0000	0.0177	41.0486
978.0000	129.0000	0.0177	41.0486
979.0000	129.0000	0.0177	41.0486
980.0000	129.0000	0.0177	41.0486
981.0000	129.0000	0.0177	41.0486
982.0000	129.0000	0.0177	41.0486
983.0000	129.0000	0.0177	41.0486
984.0000	129.0000	0.0177	41.0486
985.0000	129.0000	0.0177	41.0486
986.0000	129.0000	0.0177	41.0486
987.0000	129.0000	0.0177	41.0486
988.0000	129.0000	0.0177	41.0486
989.0000	129.0000	0.0177	41.0486
990.0000	129.0000	0.0177	41.0486
991.0000	129.0000	0.0177	41.0486
992.0000	129.0000	0.0177	41.0486
993.0000	129.0000	0.0177	41.0486
994.0000	129.0000	0.0177	41.0486
995.0000	129.0000	0.0177	41.0486
996.0000	129.0000	0.0177	41.0486
997.0000	129.0000	0.0177	41.0486
998.0000	129.0000	0.0177	41.0486
999.0000	129.0000	0.0177	41.0486
