0.0000	32.0000	-6.3048	70.6481
0.0000	49.0000	-20.5139	-43.6156
0.0000	50.0000	-11.2013	-45.2802
0.0000	76.0000	-14.1828	72.0939
0.0000	88.0000	-15.7064	-44.4102
1.0000	32.0000	-6.3048	70.6481
1.0000	49.0000	-20.5139	-43.6156
1.0000	50.0000	-11.2012	-45.2802
1.0000	76.0000	-14.1828	72.0939
1.0000	88.0000	-15.7064	-44.4102
2.0000	32.0000	-6.3048	70.6481
2.0000	49.0000	-20.5139	-43.6156
2.0000	50.0000	-11.2011	-45.2803
2.0000	76.0000	-14.1828	72.0939
2.0000	88.0000	-15.7064	-44.4102
3.0000	32.0000	-6.3048	70.6481
3.0000	49.0000	-20.5139	-43.6156
3.0000	50.0000	-11.2011	-45.2803
3.0000	76.0000	-14.1828	72.0939
3.0000	88.0000	-15.6984	-44.4116
4.0000	32.0000	-6.3048	70.6481
4.0000	49.0000	-20.5139	-43.6156
4.0000	50.0000	-11.2010	-45.2803
4.0000	76.0000	-14.1828	72.0939
4.0000	88.0000	-15.6671	-44.4173
5.0000	32.0000	-6.3048	70.6481
5.0000	49.0000	-20.5139	-43.6156
5.0000	50.0000	-11.2010	-45.2803
5.0000	76.0000	-14.1828	72.0939
5.0000	88.0000	-15.6056	-44.4284
6.0000	32.0000	-6.3048	70.6481
6.0000	49.0000	-20.5139	-43.6156
6.0000	50.0000	-11.2010	-45.2803
6.0000	76.0000	-14.1828	72.0939
6.0000	88.0000	-15.5635	-44.4360
7.0000	32.0000	-6.3048	70.6481
7.0000	49.0000	-20.5139	-43.6156
7.0000	50.0000	-11.2010	-45.2803
7.0000	76.0000	-14.1828	72.0939
7.0000	88.0000	-15.5636	-44.4360
8.0000	32.0000	-6.3048	70.6481
8.0000	49.0000	-20.5139	-43.6156
8.0000	50.0000	-11.2010	-45.2803
8.0000	76.0000	-14.1828	72.0939
8.0000	88.0000	-15.5634	-44.4360
9.0000	32.0000	-6.3048	70.6481
9.0000	49.0000	-20.5139	-43.6156
9.0000	50.0000	-11.2010	-45.2803
9.0000	76.0000	-14.1828	72.0939
9.0000	88.0000	-15.5632	-44.4361
10.0000	32.0000	-6.3048	70.6481
10.0000	49.0000	-20.5139	-43.6156
10.0000	50.0000	-11.2010	-45.2803
10.0000	76.0000	-14.1828	72.0939
10.0000	88.0000	-15.5631	-44.4361
11.0000	32.0000	-6.3048	70.6481
11.0000	49.0000	-20.5139	-43.6156
11.0000	50.0000	-11.2010	-45.2803
11.0000	76.0000	-14.1828	72.0939
11.0000	88.0000	-15.5630	-44.4361
12.0000	32.0000	-6.3048	70.6481
12.0000	49.0000	-20.5139	-43.6156
12.0000	50.0000	-11.2010	-45.2803
12.0000	76.0000	-14.1828	72.0939
12.0000	88.0000	-15.5630	-44.4361
13.0000	32.0000	-6.3048	70.6481
13.0000	49.0000	-20.5140	-43.6156
13.0000	50.0000	-11.2010	-45.2803
13.0000	76.0000	-14.1828	72.0939
13.0000	88.0000	-15.5630	-44.4361
14.0000	32.0000	-6.3048	70.6481
14.0000	49.0000	-20.5131	-43.6157
14.0000	50.0000	-11.2010	-45.2803
14.0000	76.0000	-14.1828	72.0939
14.0000	88.0000	-15.5621	-44.4363
15.0000	32.0000	-6.3048	70.6481
15.0000	49.0000	-20.5131	-43.6157
15.0000	50.0000	-11.2010	-45.2803
15.0000	76.0000	-14.1828	72.0939
15.0000	88.0000	-15.5621	-44.4363
16.0000	32.0000	-6.3048	70.6481
16.0000	49.0000	-20.5131	-43.6157
16.0000	50.0000	-11.2010	-45.2803
16.0000	76.0000	-14.1828	72.0939
16.0000	88.0000	-15.5621	-44.4363
17.0000	32.0000	-6.3048	70.6481
17.0000	49.0000	-20.5131	-43.6157
17.0000	50.0000	-11.2010	-45.2803
17.0000	76.0000	-14.1828	72.0939
17.0000	88.0000	-15.5621	-44.4363
18.0000	32.0000	-6.3048	70.6481
18.0000	49.0000	-20.5131	-43.6157
18.0000	50.0000	-11.2010	-45.2803
18.0000	76.0000	-14.1828	72.0939
18.0000	88.0000	-15.5621	-44.4363
19.0000	32.0000	-6.3048	70.6481
19.0000	49.0000	-20.5131	-43.6157
19.0000	50.0000	-11.2010	-45.2803
19.0000	76.0000	-14.1828	72.0939
19.0000	88.0000	-15.5613	-44.4364
20.0000	32.0000	-6.3048	70.6481
20.0000	49.0000	-20.5131	-43.6157
20.0000	50.0000	-11.2010	-45.2803
20.0000	76.0000	-14.1828	72.0939
20.0000	88.0000	-15.5613	-44.4364
21.0000	32.0000	-6.3048	70.6481
21.0000	49.0000	-20.5131	-43.6157
21.0000	50.0000	-11.2010	-45.2803
21.0000	76.0000	-14.1828	72.0939
21.0000	88.0000	-15.5613	-44.4364
22.0000	32.0000	-6.3048	70.6481
22.0000	49.0000	-20.5131	-43.6157
22.0000	50.0000	-11.2010	-45.2803
22.0000	76.0000	-14.1828	72.0939
22.0000	88.0000	-15.5613	-44.4364
23.0000	32.0000	-6.3048	70.6481
23.0000	49.0000	-20.5131	-43.6157
23.0000	50.0000	-11.2010	-45.2803
23.0000	76.0000	-14.1828	72.0939
23.0000	88.0000	-15.5613	-44.4364
24.0000	32.0000	-6.3048	70.6481
24.0000	49.0000	-20.5131	-43.6157
24.0000	50.0000	-11.2010	-45.2803
24.0000	76.0000	-14.1828	72.0939
24.0000	88.0000	-15.5613	-44.4364
25.0000	32.0000	-6.3048	70.6481
25.0000	49.0000	-20.5131	-43.6157
25.0000	50.0000	-11.2010	-45.2803
25.0000	76.0000	-14.1828	72.0939
25.0000	88.0000	-15.5613	-44.4364
26.0000	32.0000	-6.3048	70.6481
26.0000	49.0000	-20.5131	-43.6157
26.0000	50.0000	-11.2010	-45.2803
26.0000	76.0000	-14.1828	72.0939
26.0000	88.0000	-15.5613	-44.4364
27.0000	32.0000	-6.3048	70.6481
27.0000	49.0000	-20.5131	-43.6157
27.0000	50.0000	-11.2010	-45.2803
27.0000	76.0000	-14.1828	72.0939
27.0000	88.0000	-15.5604	-44.4366
28.0000	32.0000	-6.3048	70.6481
28.0000	49.0000	-20.5131	-43.6157
28.0000	50.0000	-11.2010	-45.2803
28.0000	76.0000	-14.1828	72.0939
28.0000	88.0000	-15.5604	-44.4366
29.0000	32.0000	-6.3048	70.6481
29.0000	49.0000	-20.5131	-43.6157
29.0000	50.0000	-11.2010	-45.2803
29.0000	76.0000	-14.1828	72.0939
29.0000	88.0000	-15.5604	-44.4366
30.0000	32.0000	-6.3063	70.6481
30.0000	49.0000	-20.5124	-43.6160
30.0000	50.0000	-11.2002	-45.2804
30.0000	76.0000	-14.1842	72.0938
30.0000	88.0000	-15.5597	-44.4368
31.0000	32.0000	-6.3031	70.6476
31.0000	49.0000	-20.5141	-43.6158
31.0000	50.0000	-11.2020	-45.2806
31.0000	76.0000	-14.1810	72.0936
31.0000	88.0000	-15.5614	-44.4368
32.0000	32.0000	-6.3031	70.6476
32.0000	49.0000	-20.5141	-43.6158
32.0000	50.0000	-11.2020	-45.2806
32.0000	76.0000	-14.1810	72.0936
32.0000	88.0000	-15.5614	-44.4368
33.0000	32.0000	-6.3031	70.6476
33.0000	49.0000	-20.5141	-43.6158
33.0000	50.0000	-11.2020	-45.2806
33.0000	76.0000	-14.1810	72.0936
33.0000	88.0000	-15.5614	-44.4368
34.0000	32.0000	-6.3044	70.6476
34.0000	49.0000	-20.5134	-43.6161
34.0000	50.0000	-11.2013	-45.2807
34.0000	76.0000	-14.1823	72.0935
34.0000	88.0000	-15.5607	-44.4370
35.0000	32.0000	-6.2873	70.6459
35.0000	49.0000	-20.5225	-43.6145
35.0000	50.0000	-11.2108	-45.2812
35.0000	76.0000	-14.1649	72.0936
35.0000	88.0000	-15.5700	-44.4365
36.0000	32.0000	-6.2220	70.6329
36.0000	49.0000	-20.5569	-43.6147
36.0000	50.0000	-11.2466	-45.2896
36.0000	76.0000	-14.0983	72.0875
36.0000	88.0000	-15.6051	-44.4411
37.0000	32.0000	-5.9349	70.6034
37.0000	49.0000	-20.7107	-43.5877
37.0000	50.0000	-11.4069	-45.2984
37.0000	76.0000	-13.8056	72.0884
37.0000	88.0000	-15.7621	-44.4331
38.0000	32.0000	-5.4418	70.5497
38.0000	49.0000	-20.9726	-43.5409
38.0000	50.0000	-11.6803	-45.3131
38.0000	76.0000	-13.3025	72.0866
38.0000	88.0000	-16.0297	-44.4190
39.0000	32.0000	-4.8374	70.4591
39.0000	49.0000	-21.2931	-43.5016
39.0000	50.0000	-12.0155	-45.3491
39.0000	76.0000	-12.6854	72.0597
39.0000	88.0000	-16.3575	-44.4198
40.0000	32.0000	-3.8810	70.3505
40.0000	49.0000	-21.8013	-43.3892
40.0000	50.0000	-12.5482	-45.3559
40.0000	76.0000	-11.7078	72.0519
40.0000	88.0000	-16.8779	-44.3708
41.0000	32.0000	-2.9741	70.2070
41.0000	49.0000	-22.2732	-43.3076
41.0000	50.0000	-13.0526	-45.3853
41.0000	76.0000	-10.7795	72.0038
41.0000	88.0000	-17.3699	-44.3474
42.0000	32.0000	-1.9800	70.0655
42.0000	49.0000	-22.7699	-43.1878
42.0000	50.0000	-13.6077	-45.3818
42.0000	76.0000	-9.7606	71.9668
42.0000	88.0000	-17.9107	-44.2862
43.0000	32.0000	-1.0777	69.9028
43.0000	49.0000	-23.1870	-43.1039
43.0000	50.0000	-14.1119	-45.3942
43.0000	76.0000	-8.8345	71.8988
43.0000	88.0000	-18.4013	-44.2462
44.0000	32.0000	0.0828	69.7096
44.0000	49.0000	-23.7075	-42.9606
44.0000	50.0000	-14.7638	-45.3680
44.0000	76.0000	-7.6417	71.8274
44.0000	88.0000	-19.0346	-44.1526
45.0000	32.0000	1.1806	69.4737
45.0000	49.0000	-24.1673	-42.8632
45.0000	50.0000	-15.3807	-45.3694
45.0000	76.0000	-6.5114	71.7065
45.0000	88.0000	-19.6328	-44.0904
46.0000	32.0000	2.5847	69.1867
46.0000	49.0000	-24.7763	-42.6853
46.0000	50.0000	-16.1744	-45.3180
46.0000	76.0000	-5.0632	71.5664
46.0000	88.0000	-20.4012	-43.9578
47.0000	32.0000	4.2291	68.8343
47.0000	49.0000	-25.5571	-42.4223
47.0000	50.0000	-17.1058	-45.2186
47.0000	76.0000	-3.3632	71.3857
47.0000	88.0000	-21.3009	-43.7635
48.0000	32.0000	6.2495	68.3973
48.0000	49.0000	-26.6236	-41.9870
48.0000	50.0000	-18.2531	-45.0176
48.0000	76.0000	-1.2688	71.1592
48.0000	88.0000	-22.4061	-43.4463
49.0000	32.0000	7.7075	67.9881
49.0000	49.0000	-27.3849	-41.7113
49.0000	50.0000	-19.0778	-44.9100
49.0000	76.0000	0.2464	70.9011
49.0000	88.0000	-23.1974	-43.2555
50.0000	32.0000	8.4547	67.6909
50.0000	49.0000	-27.7734	-41.6392
50.0000	50.0000	-19.5002	-44.9239
50.0000	76.0000	1.0243	70.6811
50.0000	88.0000	-23.6025	-43.2267
51.0000	32.0000	9.1872	67.4524
51.0000	49.0000	-28.1581	-41.5016
51.0000	50.0000	-19.9193	-44.8707
51.0000	76.0000	1.7878	70.5186
51.0000	88.0000	-24.0040	-43.1316
52.0000	32.0000	9.6174	67.3220
52.0000	49.0000	-28.3822	-41.4059
52.0000	50.0000	-20.1639	-44.8245
52.0000	76.0000	2.2366	70.4326
52.0000	88.0000	-24.2381	-43.0608
53.0000	32.0000	9.6175	67.3219
53.0000	49.0000	-28.3820	-41.4059
53.0000	50.0000	-20.1638	-44.8245
53.0000	76.0000	2.2367	70.4325
53.0000	88.0000	-24.2379	-43.0608
54.0000	32.0000	9.6165	67.3216
54.0000	49.0000	-28.3818	-41.4061
54.0000	50.0000	-20.1636	-44.8245
54.0000	76.0000	2.2356	70.4321
54.0000	88.0000	-24.2378	-43.0609
55.0000	32.0000	9.6617	67.3083
55.0000	49.0000	-28.4061	-41.3946
55.0000	50.0000	-20.1901	-44.8183
55.0000	76.0000	2.2829	70.4235
55.0000	88.0000	-24.2632	-43.0521
56.0000	32.0000	9.6766	67.3043
56.0000	49.0000	-28.4144	-41.3903
56.0000	50.0000	-20.1992	-44.8157
56.0000	76.0000	2.2984	70.4212
56.0000	88.0000	-24.2719	-43.0486
57.0000	32.0000	9.6766	67.3044
57.0000	49.0000	-28.4145	-41.3902
57.0000	50.0000	-20.1992	-44.8155
57.0000	76.0000	2.2984	70.4212
57.0000	88.0000	-24.2719	-43.0485
58.0000	32.0000	9.6754	67.3042
58.0000	49.0000	-28.4139	-41.3909
58.0000	50.0000	-20.1986	-44.8161
58.0000	76.0000	2.2971	70.4209
58.0000	88.0000	-24.2713	-43.0491
59.0000	32.0000	9.6778	67.3035
59.0000	49.0000	-28.4152	-41.3903
59.0000	50.0000	-20.2000	-44.8158
59.0000	76.0000	2.2996	70.4204
59.0000	88.0000	-24.2727	-43.0487
60.0000	32.0000	9.6777	67.3034
60.0000	49.0000	-28.4152	-41.3903
60.0000	50.0000	-20.2000	-44.8158
60.0000	76.0000	2.2996	70.4204
60.0000	88.0000	-24.2727	-43.0487
61.0000	32.0000	9.6777	67.3034
61.0000	49.0000	-28.4152	-41.3903
61.0000	50.0000	-20.2000	-44.8158
61.0000	76.0000	2.2996	70.4204
61.0000	88.0000	-24.2726	-43.0486
62.0000	32.0000	9.6777	67.3034
62.0000	49.0000	-28.4151	-41.3903
62.0000	50.0000	-20.1999	-44.8158
62.0000	76.0000	2.2995	70.4204
62.0000	88.0000	-24.2726	-43.0487
63.0000	32.0000	9.6776	67.3034
63.0000	49.0000	-28.4151	-41.3903
63.0000	50.0000	-20.1999	-44.8158
63.0000	76.0000	2.2995	70.4204
63.0000	88.0000	-24.2726	-43.0487
64.0000	32.0000	9.6775	67.3034
64.0000	49.0000	-28.4151	-41.3904
64.0000	50.0000	-20.1999	-44.8158
64.0000	76.0000	2.2994	70.4204
64.0000	88.0000	-24.2725	-43.0487
65.0000	32.0000	9.6775	67.3035
65.0000	49.0000	-28.4150	-41.3904
65.0000	50.0000	-20.1998	-44.8158
65.0000	76.0000	2.2993	70.4204
65.0000	88.0000	-24.2725	-43.0487
66.0000	32.0000	9.6775	67.3035
66.0000	49.0000	-28.4150	-41.3904
66.0000	50.0000	-20.1998	-44.8158
66.0000	76.0000	2.2993	70.4204
66.0000	88.0000	-24.2725	-43.0487
67.0000	32.0000	9.6759	67.3038
67.0000	49.0000	-28.4142	-41.3909
67.0000	50.0000	-20.1989	-44.8161
67.0000	76.0000	2.2977	70.4206
67.0000	88.0000	-24.2716	-43.0491
68.0000	32.0000	9.6930	67.2981
68.0000	49.0000	-28.4232	-41.3874
68.0000	50.0000	-20.2087	-44.8146
68.0000	76.0000	2.3155	70.4167
68.0000	88.0000	-24.2810	-43.0466
69.0000	32.0000	9.8137	67.2688
69.0000	49.0000	-28.4879	-41.3514
69.0000	50.0000	-20.2793	-44.7926
69.0000	76.0000	2.4416	70.3999
69.0000	88.0000	-24.3486	-43.0177
70.0000	32.0000	10.0688	67.1916
70.0000	49.0000	-28.6223	-41.2901
70.0000	50.0000	-20.4261	-44.7608
70.0000	76.0000	2.7080	70.3491
70.0000	88.0000	-24.4890	-42.9713
71.0000	32.0000	10.5168	67.0392
71.0000	49.0000	-28.8572	-41.1962
71.0000	50.0000	-20.6830	-44.7183
71.0000	76.0000	3.1759	70.2431
71.0000	88.0000	-24.7345	-42.9033
72.0000	32.0000	11.2443	66.7972
72.0000	49.0000	-29.2384	-41.0283
72.0000	50.0000	-21.1009	-44.6342
72.0000	76.0000	3.9367	70.0762
72.0000	88.0000	-25.1335	-42.7777
73.0000	32.0000	12.0981	66.4933
73.0000	49.0000	-29.6848	-40.8352
73.0000	50.0000	-21.5914	-44.5391
73.0000	76.0000	4.8307	69.8603
73.0000	88.0000	-25.6014	-42.6340
74.0000	32.0000	13.0719	66.1275
74.0000	49.0000	-30.1937	-40.6121
74.0000	50.0000	-22.1524	-44.4278
74.0000	76.0000	5.8518	69.5949
74.0000	88.0000	-26.1355	-42.4673
75.0000	32.0000	14.2891	65.6711
75.0000	49.0000	-30.8297	-40.2986
75.0000	50.0000	-22.8560	-44.2538
75.0000	76.0000	7.1305	69.2638
75.0000	88.0000	-26.8044	-42.2243
76.0000	32.0000	15.5367	65.1665
76.0000	49.0000	-31.4792	-39.9755
76.0000	50.0000	-23.5780	-44.0734
76.0000	76.0000	8.4438	68.8873
76.0000	88.0000	-27.4892	-41.9732
77.0000	32.0000	16.7237	64.6636
77.0000	49.0000	-32.0960	-39.6536
77.0000	50.0000	-24.2665	-43.8870
77.0000	76.0000	9.6960	68.5059
77.0000	88.0000	-28.1410	-41.7197
78.0000	32.0000	17.8793	64.1540
78.0000	49.0000	-32.6954	-39.3240
78.0000	50.0000	-24.9385	-43.6890
78.0000	76.0000	10.9174	68.1145
78.0000	88.0000	-28.7759	-41.4566
79.0000	32.0000	18.8383	63.7142
79.0000	49.0000	-33.1911	-39.0404
79.0000	50.0000	-25.4966	-43.5145
79.0000	76.0000	11.9331	67.7725
79.0000	88.0000	-29.3021	-41.2282
80.0000	32.0000	19.4343	63.4228
80.0000	49.0000	-33.4978	-38.8700
80.0000	50.0000	-25.8429	-43.4117
80.0000	76.0000	12.5650	67.5418
80.0000	88.0000	-29.6281	-41.0919
81.0000	32.0000	19.6330	63.3295
81.0000	49.0000	-33.6003	-38.8074
81.0000	50.0000	-25.9589	-43.3716
81.0000	76.0000	12.7760	67.4687
81.0000	88.0000	-29.7372	-41.0407
82.0000	32.0000	19.6330	63.3295
82.0000	49.0000	-33.6006	-38.8069
82.0000	50.0000	-25.9591	-43.3711
82.0000	76.0000	12.7759	67.4687
82.0000	88.0000	-29.7375	-41.0402
83.0000	32.0000	19.6329	63.3295
83.0000	49.0000	-33.6009	-38.8064
83.0000	50.0000	-25.9595	-43.3706
83.0000	76.0000	12.7759	67.4687
83.0000	88.0000	-29.7379	-41.0397
84.0000	32.0000	19.6329	63.3294
84.0000	49.0000	-33.6011	-38.8061
84.0000	50.0000	-25.9597	-43.3703
84.0000	76.0000	12.7759	67.4687
84.0000	88.0000	-29.7381	-41.0393
85.0000	32.0000	19.6329	63.3294
85.0000	49.0000	-33.6013	-38.8059
85.0000	50.0000	-25.9599	-43.3701
85.0000	76.0000	12.7759	67.4687
85.0000	88.0000	-29.7382	-41.0392
86.0000	32.0000	19.6330	63.3294
86.0000	49.0000	-33.6014	-38.8057
86.0000	50.0000	-25.9600	-43.3699
86.0000	76.0000	12.7760	67.4686
86.0000	88.0000	-29.7383	-41.0390
87.0000	32.0000	19.6330	63.3294
87.0000	49.0000	-33.6014	-38.8057
87.0000	50.0000	-25.9600	-43.3699
87.0000	76.0000	12.7760	67.4686
87.0000	88.0000	-29.7384	-41.0389
88.0000	32.0000	19.6331	63.3293
88.0000	49.0000	-33.6014	-38.8056
88.0000	50.0000	-25.9601	-43.3698
88.0000	76.0000	12.7760	67.4686
88.0000	88.0000	-29.7384	-41.0389
89.0000	32.0000	19.6316	63.3299
89.0000	49.0000	-33.6007	-38.8062
89.0000	50.0000	-25.9592	-43.3703
89.0000	76.0000	12.7745	67.4690
89.0000	88.0000	-29.7376	-41.0394
90.0000	32.0000	19.6503	63.3212
90.0000	49.0000	-33.6104	-38.8000
90.0000	50.0000	-25.9702	-43.3662
90.0000	76.0000	12.7943	67.4623
90.0000	88.0000	-29.7480	-41.0343
91.0000	32.0000	19.6550	63.3193
91.0000	49.0000	-33.6128	-38.7983
91.0000	50.0000	-25.9729	-43.3650
91.0000	76.0000	12.7993	67.4608
91.0000	88.0000	-29.7505	-41.0329
92.0000	32.0000	19.6550	63.3193
92.0000	49.0000	-33.6128	-38.7983
92.0000	50.0000	-25.9729	-43.3650
92.0000	76.0000	12.7992	67.4608
92.0000	88.0000	-29.7505	-41.0329
93.0000	32.0000	19.6550	63.3192
93.0000	49.0000	-33.6129	-38.7983
93.0000	50.0000	-25.9730	-43.3650
93.0000	76.0000	12.7993	67.4608
93.0000	88.0000	-29.7506	-41.0328
94.0000	32.0000	19.6550	63.3192
94.0000	49.0000	-33.6129	-38.7983
94.0000	50.0000	-25.9730	-43.3650
94.0000	76.0000	12.7993	67.4608
94.0000	88.0000	-29.7506	-41.0328
95.0000	32.0000	19.6550	63.3192
95.0000	49.0000	-33.6129	-38.7983
95.0000	50.0000	-25.9730	-43.3650
95.0000	76.0000	12.7993	67.4607
95.0000	88.0000	-29.7506	-41.0328
96.0000	32.0000	19.6550	63.3192
96.0000	49.0000	-33.6129	-38.7983
96.0000	50.0000	-25.9730	-43.3650
96.0000	76.0000	12.7993	67.4607
96.0000	88.0000	-29.7506	-41.0328
97.0000	32.0000	19.6550	63.3192
97.0000	49.0000	-33.6129	-38.7983
97.0000	50.0000	-25.9730	-43.3650
97.0000	76.0000	12.7993	67.4607
97.0000	88.0000	-29.7506	-41.0328
98.0000	32.0000	19.6550	63.3192
98.0000	49.0000	-33.6129	-38.7983
98.0000	50.0000	-25.9730	-43.3650
98.0000	76.0000	12.7993	67.4607
98.0000	88.0000	-29.7506	-41.0328
99.0000	32.0000	19.6550	63.3192
99.0000	49.0000	-33.6129	-38.7983
99.0000	50.0000	-25.9730	-43.3650
99.0000	76.0000	12.7993	67.4607
99.0000	88.0000	-29.7506	-41.0328
100.0000	32.0000	19.6550	63.3192
100.0000	49.0000	-33.6129	-38.7983
100.0000	50.0000	-25.9731	-43.3650
100.0000	76.0000	12.7993	67.4607
100.0000	88.0000	-29.7506	-41.0328
101.0000	32.0000	19.6550	63.3192
101.0000	49.0000	-33.6129	-38.7983
101.0000	50.0000	-25.9663	-43.3690
101.0000	76.0000	12.7993	67.4607
101.0000	88.0000	-29.7506	-41.0328
102.0000	32.0000	19.6536	63.3198
102.0000	49.0000	-33.6121	-38.7989
102.0000	50.0000	-25.9385	-43.3855
102.0000	76.0000	12.7978	67.4612
102.0000	88.0000	-29.7497	-41.0334
103.0000	32.0000	19.6709	63.3114
103.0000	49.0000	-33.6211	-38.7935
103.0000	50.0000	-25.8957	-43.4139
103.0000	76.0000	12.8162	67.4546
103.0000	88.0000	-29.7593	-41.0290
104.0000	32.0000	19.7226	63.2831
104.0000	49.0000	-33.6472	-38.7810
104.0000	50.0000	-25.8418	-43.4575
104.0000	76.0000	12.8711	67.4315
104.0000	88.0000	-29.7872	-41.0194
105.0000	32.0000	19.9281	63.1771
105.0000	49.0000	-33.7524	-38.7237
105.0000	50.0000	-25.8556	-43.4878
105.0000	76.0000	13.0892	67.3463
105.0000	88.0000	-29.8985	-40.9742
106.0000	32.0000	20.3790	62.9540
106.0000	49.0000	-33.9857	-38.5832
106.0000	50.0000	-26.0019	-43.4734
106.0000	76.0000	13.5683	67.1690
106.0000	88.0000	-30.1458	-40.8604
107.0000	32.0000	21.0765	62.6101
107.0000	49.0000	-34.3462	-38.3534
107.0000	50.0000	-26.2822	-43.4094
107.0000	76.0000	14.3102	66.8961
107.0000	88.0000	-30.5149	-40.6803
108.0000	32.0000	21.8587	62.2046
108.0000	49.0000	-34.7492	-38.0995
108.0000	50.0000	-26.6006	-43.3432
108.0000	76.0000	15.1434	66.5700
108.0000	88.0000	-30.9081	-40.4955
109.0000	32.0000	22.5839	61.8160
109.0000	49.0000	-35.1152	-37.8654
109.0000	50.0000	-26.8782	-43.2950
109.0000	76.0000	15.9169	66.2548
109.0000	88.0000	-31.2901	-40.3106
110.0000	32.0000	23.3556	61.3923
110.0000	49.0000	-35.5107	-37.6045
110.0000	50.0000	-27.1819	-43.2364
110.0000	76.0000	16.7412	65.9093
110.0000	88.0000	-31.7132	-40.0954
111.0000	32.0000	24.3324	60.8594
111.0000	49.0000	-36.0128	-37.2430
111.0000	50.0000	-27.6571	-43.0778
111.0000	76.0000	17.7865	65.4751
111.0000	88.0000	-32.2171	-39.8160
112.0000	32.0000	25.2710	60.2973
112.0000	49.0000	-36.4933	-36.9177
112.0000	50.0000	-28.2214	-42.8746
112.0000	76.0000	18.7929	65.0076
112.0000	88.0000	-32.6624	-39.5984
113.0000	32.0000	26.4716	59.5843
113.0000	49.0000	-37.0916	-36.4659
113.0000	50.0000	-28.9495	-42.5649
113.0000	76.0000	20.0832	64.4155
113.0000	88.0000	-33.2368	-39.2744
114.0000	32.0000	27.7254	58.7934
114.0000	49.0000	-37.7265	-35.9804
114.0000	50.0000	-29.7117	-42.2361
114.0000	76.0000	21.4341	63.7504
114.0000	88.0000	-33.8335	-38.9393
115.0000	32.0000	29.2347	57.8255
115.0000	49.0000	-38.4937	-35.3357
115.0000	50.0000	-30.6347	-41.7823
115.0000	76.0000	23.0654	62.9335
115.0000	88.0000	-34.5653	-38.4774
116.0000	32.0000	31.1114	56.5998
116.0000	49.0000	-39.4153	-34.4647
116.0000	50.0000	-31.7870	-41.1241
116.0000	76.0000	25.1017	61.8948
116.0000	88.0000	-35.4897	-37.8096
117.0000	32.0000	32.9021	55.3365
117.0000	49.0000	-40.2695	-33.6214
117.0000	50.0000	-32.8866	-40.4656
117.0000	76.0000	27.0533	60.8086
117.0000	88.0000	-36.3568	-37.1650
118.0000	32.0000	34.3519	54.1982
118.0000	49.0000	-40.9845	-32.9345
118.0000	50.0000	-33.7791	-39.9524
118.0000	76.0000	28.6399	59.8129
118.0000	88.0000	-37.0355	-36.6958
119.0000	32.0000	35.7239	53.0549
119.0000	49.0000	-41.6663	-32.2592
119.0000	50.0000	-34.6302	-39.4466
119.0000	76.0000	30.1472	58.8040
119.0000	88.0000	-37.7189	-36.2051
120.0000	32.0000	37.2327	51.7712
120.0000	49.0000	-42.4138	-31.4408
120.0000	50.0000	-35.5728	-38.8138
120.0000	76.0000	31.8118	57.6676
120.0000	88.0000	-38.5726	-35.4918
121.0000	32.0000	38.4731	50.6123
121.0000	49.0000	-43.0227	-30.7891
121.0000	50.0000	-36.3492	-38.3139
121.0000	76.0000	33.1861	56.6290
121.0000	88.0000	-39.2731	-34.9259
122.0000	32.0000	40.0322	49.1368
122.0000	49.0000	-43.7898	-29.8677
122.0000	50.0000	-37.3373	-37.5827
122.0000	76.0000	34.9219	55.3042
122.0000	88.0000	-40.1614	-34.1118
123.0000	32.0000	42.3214	46.9484
123.0000	49.0000	-44.9044	-28.2823
123.0000	50.0000	-38.7987	-36.2743
123.0000	76.0000	37.4881	53.3353
123.0000	88.0000	-41.4666	-32.6825
124.0000	32.0000	44.4073	44.7264
124.0000	49.0000	-45.8913	-26.7865
124.0000	50.0000	-40.1255	-35.0272
124.0000	76.0000	39.8456	51.3100
124.0000	88.0000	-42.6406	-31.3270
125.0000	32.0000	46.5515	42.2313
125.0000	49.0000	-46.8916	-25.1213
125.0000	50.0000	-41.5048	-33.6145
125.0000	76.0000	42.2926	49.0146
125.0000	88.0000	-43.8498	-29.8044
126.0000	32.0000	48.5514	39.6454
126.0000	49.0000	-47.8017	-23.4740
126.0000	50.0000	-42.7990	-32.1989
126.0000	76.0000	44.5992	46.6119
126.0000	88.0000	-44.9717	-28.2881
127.0000	32.0000	50.6617	36.6623
127.0000	49.0000	-48.7404	-21.5379
127.0000	50.0000	-44.1823	-30.5030
127.0000	76.0000	47.0644	43.8185
127.0000	88.0000	-46.1558	-26.4881
128.0000	32.0000	52.1651	34.1793
128.0000	49.0000	-49.3855	-20.1848
128.0000	50.0000	-45.1727	-29.3174
128.0000	76.0000	48.8434	41.4676
128.0000	88.0000	-46.9916	-25.2301
129.0000	32.0000	53.7761	31.2978
129.0000	49.0000	-50.0740	-18.5341
129.0000	50.0000	-46.2683	-27.8436
129.0000	76.0000	50.7792	38.7255
129.0000	88.0000	-47.9050	-23.6800
130.0000	32.0000	55.0946	28.6059
130.0000	49.0000	-50.6185	-17.1412
130.0000	50.0000	-47.1784	-26.5920
130.0000	76.0000	52.3894	36.1448
130.0000	88.0000	-48.6517	-22.3678
131.0000	32.0000	56.1758	26.0797
131.0000	49.0000	-51.0605	-15.9729
131.0000	50.0000	-47.9504	-25.5374
131.0000	76.0000	53.7338	33.7079
131.0000	88.0000	-49.2762	-21.2646
132.0000	32.0000	57.1565	23.5155
132.0000	49.0000	-51.4596	-14.8330
132.0000	50.0000	-48.6795	-24.4985
132.0000	76.0000	54.9776	31.2229
132.0000	88.0000	-49.8579	-20.1828
133.0000	32.0000	58.0025	21.0017
133.0000	49.0000	-51.8023	-13.7973
133.0000	50.0000	-49.3378	-23.5480
133.0000	76.0000	56.0752	28.7759
133.0000	88.0000	-50.3754	-19.1963
134.0000	32.0000	58.6451	18.7528
134.0000	49.0000	-52.0640	-13.0520
134.0000	50.0000	-49.8651	-22.8662
134.0000	76.0000	56.9296	26.5764
134.0000	88.0000	-50.7842	-18.4878
135.0000	32.0000	59.2176	16.4856
135.0000	49.0000	-52.3049	-12.3381
135.0000	50.0000	-50.3700	-22.2077
135.0000	76.0000	57.7126	24.3524
135.0000	88.0000	-51.1713	-17.8063
136.0000	32.0000	59.6783	14.3485
136.0000	49.0000	-52.5053	-11.7839
136.0000	50.0000	-50.8085	-21.6972
136.0000	76.0000	58.3630	22.2492
136.0000	88.0000	-51.5036	-17.2778
137.0000	32.0000	60.0391	12.3667
137.0000	49.0000	-52.6715	-11.3899
137.0000	50.0000	-51.1845	-21.3368
137.0000	76.0000	58.8910	20.2935
137.0000	88.0000	-51.7861	-16.9037
138.0000	32.0000	60.3273	10.5055
138.0000	49.0000	-52.8149	-11.1023
138.0000	50.0000	-51.5173	-21.0758
138.0000	76.0000	59.3303	18.4527
138.0000	88.0000	-52.0345	-16.6320
139.0000	32.0000	60.5530	8.7697
139.0000	49.0000	-52.9380	-10.9242
139.0000	50.0000	-51.8091	-20.9181
139.0000	76.0000	59.6903	16.7326
139.0000	88.0000	-52.2512	-16.4662
140.0000	32.0000	60.7307	7.1322
140.0000	49.0000	-53.0471	-10.8309
140.0000	50.0000	-52.0706	-20.8409
140.0000	76.0000	59.9893	15.1073
140.0000	88.0000	-52.4448	-16.3828
141.0000	32.0000	60.8683	5.5895
141.0000	49.0000	-53.1440	-10.8189
141.0000	50.0000	-52.3042	-20.8413
141.0000	76.0000	60.2359	13.5740
141.0000	88.0000	-52.6175	-16.3785
142.0000	32.0000	60.9748	4.1062
142.0000	49.0000	-53.2323	-10.8908
142.0000	50.0000	-52.5178	-20.9145
142.0000	76.0000	60.4418	12.0980
142.0000	88.0000	-52.7756	-16.4481
143.0000	32.0000	61.0494	2.7096
143.0000	49.0000	-53.3068	-11.1199
143.0000	50.0000	-52.6994	-21.1191
143.0000	76.0000	60.6003	10.7065
143.0000	88.0000	-52.9103	-16.6503
144.0000	32.0000	61.1033	1.3519
144.0000	49.0000	-53.3782	-11.4054
144.0000	50.0000	-52.8661	-21.3985
144.0000	76.0000	60.7299	9.3527
144.0000	88.0000	-53.0347	-16.9279
145.0000	32.0000	61.1417	0.0122
145.0000	49.0000	-53.4488	-11.7282
145.0000	50.0000	-53.0258	-21.7226
145.0000	76.0000	60.8395	8.0160
145.0000	88.0000	-53.1545	-17.2507
146.0000	32.0000	61.1645	-1.2591
146.0000	49.0000	-53.5101	-12.1722
146.0000	50.0000	-53.1640	-22.1301
146.0000	76.0000	60.9228	6.7468
146.0000	88.0000	-53.2589	-17.6573
147.0000	32.0000	61.1765	-2.5056
147.0000	49.0000	-53.5699	-12.6741
147.0000	50.0000	-53.2944	-22.5807
147.0000	76.0000	60.9906	5.5018
147.0000	88.0000	-53.3582	-18.1074
148.0000	32.0000	61.1795	-3.7027
148.0000	49.0000	-53.6246	-13.2244
148.0000	50.0000	-53.4092	-23.0941
148.0000	76.0000	61.0414	4.3056
148.0000	88.0000	-53.4463	-18.6205
149.0000	32.0000	61.1757	-4.8790
149.0000	49.0000	-53.6775	-13.8520
149.0000	50.0000	-53.5173	-23.6434
149.0000	76.0000	61.0814	3.1300
149.0000	88.0000	-53.5300	-19.1696
150.0000	32.0000	61.1665	-6.0300
150.0000	49.0000	-53.7281	-14.5569
150.0000	50.0000	-53.6174	-24.2303
150.0000	76.0000	61.1115	1.9793
150.0000	88.0000	-53.6081	-19.7566
151.0000	32.0000	61.1543	-7.1366
151.0000	49.0000	-53.7730	-15.3370
151.0000	50.0000	-53.7026	-24.8703
151.0000	76.0000	61.1319	0.8729
151.0000	88.0000	-53.6751	-20.3966
152.0000	32.0000	61.1389	-8.2301
152.0000	49.0000	-53.8178	-16.1477
152.0000	50.0000	-53.7836	-25.5341
152.0000	76.0000	61.1464	-0.2206
152.0000	88.0000	-53.7393	-21.0605
153.0000	32.0000	61.1213	-9.3065
153.0000	49.0000	-53.8613	-16.9946
153.0000	50.0000	-53.8586	-26.2240
153.0000	76.0000	61.1558	-1.2970
153.0000	88.0000	-53.7994	-21.7506
154.0000	32.0000	61.1042	-10.3496
154.0000	49.0000	-53.8993	-17.8995
154.0000	50.0000	-53.9215	-26.9530
154.0000	76.0000	61.1606	-2.3403
154.0000	88.0000	-53.8500	-22.4798
155.0000	32.0000	61.0846	-11.3938
155.0000	49.0000	-53.9393	-18.7679
155.0000	50.0000	-53.9851	-27.6899
155.0000	76.0000	61.1623	-3.3846
155.0000	88.0000	-53.9016	-23.2168
156.0000	32.0000	61.0669	-12.4091
156.0000	49.0000	-53.9725	-19.5405
156.0000	50.0000	-54.0373	-28.4600
156.0000	76.0000	61.1617	-4.4001
156.0000	88.0000	-53.9443	-23.9872
157.0000	32.0000	61.0494	-13.4102
157.0000	49.0000	-54.0030	-20.3284
157.0000	50.0000	-54.0844	-29.2469
157.0000	76.0000	61.1591	-5.4014
157.0000	88.0000	-53.9831	-24.7742
158.0000	32.0000	61.0322	-14.3976
158.0000	49.0000	-54.0316	-21.1255
158.0000	50.0000	-54.1277	-30.0433
158.0000	76.0000	61.1552	-6.3890
158.0000	88.0000	-54.0190	-25.5708
159.0000	32.0000	61.0161	-15.3685
159.0000	49.0000	-54.0570	-21.9339
159.0000	50.0000	-54.1658	-30.8513
159.0000	76.0000	61.1504	-7.3601
159.0000	88.0000	-54.0508	-26.3790
160.0000	32.0000	61.0014	-16.3248
160.0000	49.0000	-54.0796	-22.7524
160.0000	50.0000	-54.1991	-31.6694
160.0000	76.0000	61.1453	-8.3166
160.0000	88.0000	-54.0786	-27.1972
161.0000	32.0000	60.9866	-17.2742
161.0000	49.0000	-54.1014	-23.5740
161.0000	50.0000	-54.2308	-32.4908
161.0000	76.0000	61.1394	-9.2661
161.0000	88.0000	-54.1054	-28.0188
162.0000	32.0000	60.9738	-18.2129
162.0000	49.0000	-54.1199	-24.4090
162.0000	50.0000	-54.2573	-33.3256
162.0000	76.0000	61.1338	-10.2049
162.0000	88.0000	-54.1279	-28.8537
163.0000	32.0000	60.9626	-19.1541
163.0000	49.0000	-54.1356	-25.2652
163.0000	50.0000	-54.2796	-34.1816
163.0000	76.0000	61.1285	-11.1463
163.0000	88.0000	-54.1469	-29.7098
164.0000	32.0000	60.9544	-20.0898
164.0000	49.0000	-54.1469	-26.1425
164.0000	50.0000	-54.2954	-35.0589
164.0000	76.0000	61.1244	-12.0821
164.0000	88.0000	-54.1604	-30.5871
165.0000	32.0000	60.9463	-21.0284
165.0000	49.0000	-54.1578	-27.0268
165.0000	50.0000	-54.3105	-35.9431
165.0000	76.0000	61.1201	-13.0207
165.0000	88.0000	-54.1735	-31.4714
166.0000	32.0000	60.9393	-21.9657
166.0000	49.0000	-54.1672	-27.9193
166.0000	50.0000	-54.3234	-36.8355
166.0000	76.0000	61.1162	-13.9581
166.0000	88.0000	-54.1845	-32.3638
167.0000	32.0000	60.9328	-22.9034
167.0000	49.0000	-54.1757	-28.8177
167.0000	50.0000	-54.3349	-37.7339
167.0000	76.0000	61.1124	-14.8959
167.0000	88.0000	-54.1946	-33.2623
168.0000	32.0000	60.9273	-23.8402
168.0000	49.0000	-54.1828	-29.7231
168.0000	50.0000	-54.3445	-38.6392
168.0000	76.0000	61.1091	-15.8328
168.0000	88.0000	-54.2029	-34.1676
169.0000	32.0000	60.9225	-24.7773
169.0000	49.0000	-54.1889	-30.6339
169.0000	50.0000	-54.3526	-39.5500
169.0000	76.0000	61.1062	-16.7698
169.0000	88.0000	-54.2100	-35.0784
170.0000	32.0000	60.9176	-25.7165
170.0000	49.0000	-54.1951	-31.5478
170.0000	50.0000	-54.3607	-40.4639
170.0000	76.0000	61.1031	-17.7091
170.0000	88.0000	-54.2171	-35.9924
171.0000	32.0000	60.9127	-26.6579
171.0000	49.0000	-54.2012	-32.4645
171.0000	50.0000	-54.3688	-41.3805
171.0000	76.0000	61.0999	-18.6505
171.0000	88.0000	-54.2242	-36.9091
172.0000	32.0000	60.9078	-27.6012
172.0000	49.0000	-54.2074	-33.3837
172.0000	50.0000	-54.3768	-42.2997
172.0000	76.0000	61.0966	-19.5939
172.0000	88.0000	-54.2314	-37.8283
173.0000	32.0000	60.9021	-28.5476
173.0000	49.0000	-54.2144	-34.3041
173.0000	50.0000	-54.3858	-43.2200
173.0000	76.0000	61.0927	-20.5403
173.0000	88.0000	-54.2393	-38.7486
174.0000	32.0000	60.8959	-29.4967
174.0000	49.0000	-54.2219	-35.2255
174.0000	50.0000	-54.3955	-44.1415
174.0000	76.0000	61.0885	-21.4895
174.0000	88.0000	-54.2480	-39.6701
175.0000	32.0000	60.8905	-30.4453
175.0000	49.0000	-54.2285	-36.1507
175.0000	50.0000	-54.4039	-45.0665
175.0000	76.0000	61.0847	-22.4381
175.0000	88.0000	-54.2555	-40.5952
176.0000	32.0000	60.8866	-31.3918
176.0000	49.0000	-54.2333	-37.0806
176.0000	50.0000	-54.4100	-45.9965
176.0000	76.0000	61.0819	-23.3846
176.0000	88.0000	-54.2609	-41.5252
177.0000	32.0000	60.8845	-32.3351
177.0000	49.0000	-54.2357	-38.0160
177.0000	50.0000	-54.4130	-46.9319
177.0000	76.0000	61.0804	-24.3279
177.0000	88.0000	-54.2636	-42.4606
178.0000	32.0000	60.8853	-33.2739
178.0000	49.0000	-54.2347	-38.9579
178.0000	50.0000	-54.4118	-47.8737
178.0000	76.0000	61.0810	-25.2668
178.0000	88.0000	-54.2625	-43.4024
179.0000	32.0000	60.8891	-34.2080
179.0000	49.0000	-54.2303	-39.9063
179.0000	50.0000	-54.4062	-48.8221
179.0000	76.0000	61.0838	-26.2008
179.0000	88.0000	-54.2575	-44.3508
180.0000	32.0000	60.8959	-35.1373
180.0000	49.0000	-54.2223	-40.8608
180.0000	50.0000	-54.3963	-49.7767
180.0000	76.0000	61.0888	-27.1301
180.0000	88.0000	-54.2485	-45.3053
181.0000	32.0000	60.9061	-36.0616
181.0000	49.0000	-54.2102	-41.8218
181.0000	50.0000	-54.3813	-50.7378
181.0000	76.0000	61.0965	-28.0543
181.0000	88.0000	-54.2350	-46.2663
182.0000	32.0000	60.9198	-36.9808
182.0000	49.0000	-54.1940	-42.7889
182.0000	50.0000	-54.3615	-51.7050
182.0000	76.0000	61.1068	-28.9734
182.0000	88.0000	-54.2170	-47.2335
183.0000	32.0000	60.9372	-37.8950
183.0000	49.0000	-54.1737	-43.7620
183.0000	50.0000	-54.3366	-52.6781
183.0000	76.0000	61.1201	-29.8875
183.0000	88.0000	-54.1944	-48.2066
184.0000	32.0000	60.9581	-38.8046
184.0000	49.0000	-54.1492	-44.7407
184.0000	50.0000	-54.3068	-53.6569
184.0000	76.0000	61.1362	-30.7970
184.0000	88.0000	-54.1673	-49.1852
185.0000	32.0000	60.9823	-39.7100
185.0000	49.0000	-54.1209	-45.7242
185.0000	50.0000	-54.2724	-54.6405
185.0000	76.0000	61.1550	-31.7024
185.0000	88.0000	-54.1360	-50.1696
186.0000	32.0000	61.0100	-40.6115
186.0000	49.0000	-54.0887	-46.7125
186.0000	50.0000	-54.2335	-55.6289
186.0000	76.0000	61.1767	-32.6037
186.0000	88.0000	-54.1004	-51.1579
187.0000	32.0000	61.0404	-41.5101
187.0000	49.0000	-54.0533	-47.7043
187.0000	50.0000	-54.1910	-56.6286
187.0000	76.0000	61.2006	-33.5022
187.0000	88.0000	-54.0614	-52.1497
188.0000	32.0000	61.0739	-42.4055
188.0000	49.0000	-54.0144	-48.6999
188.0000	50.0000	-54.1448	-57.6545
188.0000	76.0000	61.2271	-34.3974
188.0000	88.0000	-54.0186	-53.1454
189.0000	32.0000	61.1095	-43.2994
189.0000	49.0000	-53.9731	-49.6978
189.0000	50.0000	-54.0965	-58.7138
189.0000	76.0000	61.2554	-35.2912
189.0000	88.0000	-53.9733	-54.1432
190.0000	32.0000	61.1475	-44.1910
190.0000	49.0000	-53.9289	-50.6984
190.0000	76.0000	61.2859	-36.1826
190.0000	88.0000	-53.9249	-55.1438
191.0000	32.0000	61.1870	-45.0834
191.0000	49.0000	-53.8832	-51.7011
191.0000	76.0000	61.3177	-37.0749
191.0000	88.0000	-53.8749	-56.1465
192.0000	32.0000	61.2278	-45.9833
192.0000	49.0000	-53.8359	-52.7126
192.0000	76.0000	61.3507	-37.9747
192.0000	88.0000	-53.8234	-57.1692
193.0000	32.0000	61.2689	-46.8974
193.0000	49.0000	-53.7882	-53.7369
193.0000	76.0000	61.3842	-38.8887
193.0000	88.0000	-53.7720	-58.2279
194.0000	32.0000	61.3115	-47.8185
194.0000	49.0000	-53.7390	-54.7694
194.0000	76.0000	61.4190	-39.8097
194.0000	88.0000	-53.7186	-59.2728
195.0000	32.0000	61.3527	-48.7007
195.0000	49.0000	-53.6914	-55.7575
195.0000	76.0000	61.4528	-40.6917
196.0000	32.0000	61.3993	-49.4841
196.0000	49.0000	-53.6375	-56.6669
196.0000	76.0000	61.4912	-41.4751
197.0000	32.0000	61.4597	-50.1542
197.0000	49.0000	-53.5676	-57.4889
197.0000	76.0000	61.5412	-42.1451
198.0000	32.0000	61.5215	-50.7440
198.0000	49.0000	-53.4960	-58.2306
198.0000	76.0000	61.5924	-42.7347
199.0000	49.0000	-53.4148	-58.9107
199.0000	76.0000	61.6506	-43.2442
200.0000	49.0000	-53.3401	-59.5805
200.0000	76.0000	61.7041	-43.7375
201.0000	76.0000	61.7600	-44.1807
202.0000	76.0000	61.8219	-44.5898
203.0000	76.0000	61.8789	-44.9707
204.0000	76.0000	61.9348	-45.3352
205.0000	76.0000	61.9794	-45.6629
206.0000	76.0000	62.0609	-45.8482
207.0000	76.0000	62.1696	-45.8975
208.0000	76.0000	62.2018	-45.9637
209.0000	76.0000	62.2105	-45.9702
210.0000	76.0000	62.2106	-45.9694
211.0000	76.0000	62.2106	-45.9688
212.0000	76.0000	62.2106	-45.9684
213.0000	76.0000	62.2106	-45.9682
214.0000	76.0000	62.2106	-45.9681
215.0000	76.0000	62.2107	-45.9680
216.0000	76.0000	62.2107	-45.9680
217.0000	76.0000	62.2106	-45.9680
218.0000	76.0000	62.2106	-45.9680
219.0000	76.0000	62.2106	-45.9680
220.0000	76.0000	62.2106	-45.9680
221.0000	76.0000	62.2106	-45.9680
222.0000	76.0000	62.2106	-45.9680
223.0000	76.0000	62.2106	-45.9680
224.0000	76.0000	62.2106	-45.9680
225.0000	76.0000	62.2106	-45.9680
226.0000	76.0000	62.2106	-45.9680
227.0000	76.0000	62.2106	-45.9680
228.0000	76.0000	62.2106	-45.9680
229.0000	76.0000	62.2106	-45.9680
230.0000	76.0000	62.2106	-45.9680
231.0000	76.0000	62.2106	-45.9680
232.0000	76.0000	62.2106	-45.9680
233.0000	76.0000	62.2106	-45.9680
234.0000	76.0000	62.2106	-45.9680
235.0000	76.0000	62.2106	-45.9680
236.0000	76.0000	62.2106	-45.9680
237.0000	76.0000	62.2106	-45.9680
238.0000	76.0000	62.2106	-45.9680
239.0000	76.0000	62.2106	-45.9680
240.0000	76.0000	62.2106	-45.9680
241.0000	76.0000	62.2106	-45.9680
242.0000	76.0000	62.2106	-45.9680
243.0000	76.0000	62.2106	-45.9680
244.0000	76.0000	62.2106	-45.9680
245.0000	76.0000	62.2116	-45.9700
246.0000	76.0000	62.2237	-45.9618
247.0000	76.0000	62.2472	-45.9693
248.0000	76.0000	62.2796	-45.9704
249.0000	76.0000	62.2795	-45.9708
250.0000	76.0000	62.2795	-45.9707
251.0000	76.0000	62.2795	-45.9706
252.0000	76.0000	62.2795	-45.9705
253.0000	76.0000	62.2795	-45.9705
254.0000	76.0000	62.2795	-45.9705
255.0000	76.0000	62.2795	-45.9705
256.0000	76.0000	62.2795	-45.9704
257.0000	76.0000	62.2806	-45.9727
258.0000	76.0000	62.2924	-45.9673
259.0000	76.0000	62.3388	-45.9424
260.0000	76.0000	62.3518	-46.0074
261.0000	76.0000	62.3882	-46.0834
262.0000	76.0000	62.4145	-46.2094
263.0000	76.0000	62.4567	-46.3421
264.0000	76.0000	62.4920	-46.5123
265.0000	76.0000	62.5170	-46.7246
266.0000	76.0000	62.5316	-46.9786
267.0000	76.0000	62.5374	-47.2707
268.0000	76.0000	62.5372	-47.5861
269.0000	76.0000	62.5502	-47.8826
270.0000	76.0000	62.5624	-48.1796
271.0000	76.0000	62.5726	-48.4790
272.0000	76.0000	62.5812	-48.7802
273.0000	76.0000	62.5889	-49.0998
274.0000	76.0000	62.5828	-49.4825
849.0000	76.0000	-1.0112	79.4358
850.0000	76.0000	-1.0042	78.4469
851.0000	76.0000	-0.9978	77.4597
852.0000	76.0000	-0.9877	76.4741
853.0000	76.0000	-0.9736	75.4904
854.0000	76.0000	-0.9572	74.5070
855.0000	76.0000	-0.9396	73.5081
856.0000	76.0000	-0.9194	72.4912
857.0000	76.0000	-0.8979	71.4576
858.0000	76.0000	-0.8762	70.4080
859.0000	76.0000	-0.8547	69.3427
860.0000	76.0000	-0.8334	68.2619
861.0000	76.0000	-0.8129	67.1658
862.0000	76.0000	-0.7925	66.0544
863.0000	76.0000	-0.7715	64.9279
864.0000	76.0000	-0.7494	63.7950
865.0000	76.0000	-0.7265	62.6686
866.0000	76.0000	-0.7026	61.5672
867.0000	76.0000	-0.6790	60.5479
868.0000	76.0000	-0.6570	59.6508
869.0000	76.0000	-0.6371	58.8741
870.0000	76.0000	-0.6193	58.2160
871.0000	76.0000	-0.6039	57.6634
872.0000	76.0000	-0.5894	57.1808
873.0000	76.0000	-0.5760	56.7841
874.0000	76.0000	-0.5627	56.3716
875.0000	76.0000	-0.5483	55.8616
876.0000	76.0000	-0.5345	55.4052
877.0000	76.0000	-0.5208	54.9966
878.0000	76.0000	-0.5069	54.6256
879.0000	76.0000	-0.4928	54.2646
880.0000	76.0000	-0.4784	53.9089
881.0000	76.0000	-0.4636	53.5558
882.0000	76.0000	-0.4482	53.1974
883.0000	76.0000	-0.4318	52.7770
884.0000	76.0000	-0.4153	52.2914
885.0000	76.0000	-0.3977	51.8791
886.0000	76.0000	-0.3787	51.4802
887.0000	76.0000	-0.3626	51.0809
888.0000	76.0000	-0.3459	50.7124
889.0000	76.0000	-0.3274	50.3845
890.0000	76.0000	-0.3113	50.1041
891.0000	76.0000	-0.2934	49.8402
892.0000	76.0000	-0.2749	49.5626
893.0000	76.0000	-0.2594	49.3368
894.0000	76.0000	-0.2426	49.1035
895.0000	76.0000	-0.2276	48.8312
896.0000	76.0000	-0.2121	48.6240
897.0000	76.0000	-0.1944	48.4129
898.0000	76.0000	-0.1796	48.1519
899.0000	76.0000	-0.1659	47.9517
900.0000	76.0000	-0.1510	47.7549
901.0000	76.0000	-0.1357	47.5098
902.0000	76.0000	-0.1227	47.3269
903.0000	76.0000	-0.1083	47.1416
904.0000	76.0000	-0.0958	46.9001
905.0000	76.0000	-0.0822	46.7235
906.0000	76.0000	-0.0705	46.5428
907.0000	76.0000	-0.0575	46.2991
908.0000	76.0000	-0.0464	46.1210
909.0000	76.0000	-0.0347	45.9517
910.0000	76.0000	-0.0283	45.7719
911.0000	76.0000	-0.0267	45.6976
912.0000	76.0000	-0.0265	45.6962
913.0000	76.0000	-0.0265	45.6965
914.0000	76.0000	-0.0265	45.6967
915.0000	76.0000	-0.0114	45.6866
916.0000	76.0000	-0.0207	45.6448
917.0000	76.0000	-0.0197	45.5666
918.0000	76.0000	-0.0160	45.4570
919.0000	76.0000	-0.0128	45.3403
920.0000	76.0000	-0.0047	45.3132
921.0000	76.0000	-0.0047	45.3132
922.0000	76.0000	-0.0047	45.3132
923.0000	76.0000	-0.0047	45.3132
924.0000	76.0000	-0.0047	45.3132
925.0000	76.0000	-0.0047	45.3132
926.0000	76.0000	-0.0047	45.3132
927.0000	76.0000	-0.0047	45.3132
928.0000	76.0000	-0.0047	45.3132
929.0000	76.0000	-0.0047	45.3132
930.0000	76.0000	-0.0047	45.3132
931.0000	76.0000	-0.0047	45.3132
932.0000	76.0000	-0.0047	45.3132
933.0000	76.0000	-0.0047	45.3132
934.0000	76.0000	-0.0047	45.3132
935.0000	76.0000	-0.0047	45.3129
936.0000	76.0000	-0.0046	45.3108
937.0000	76.0000	-0.0025	45.2973
938.0000	76.0000	-0.0047	45.2481
939.0000	76.0000	-0.0008	45.1560
940.0000	76.0000	0.0017	45.0425
941.0000	76.0000	0.0060	44.9237
942.0000	76.0000	0.0108	44.7888
943.0000	76.0000	0.0144	44.6304
944.0000	76.0000	0.0182	44.4633
945.0000	76.0000	0.0228	44.2911
946.0000	76.0000	0.0269	44.1049
947.0000	76.0000	0.0310	43.9087
948.0000	76.0000	0.0363	43.7125
949.0000	76.0000	0.0407	43.5106
950.0000	76.0000	0.0453	43.2981
951.0000	76.0000	0.0497	43.0854
952.0000	76.0000	0.0529	42.8745
953.0000	76.0000	0.0566	42.6571
954.0000	76.0000	0.0604	42.4411
955.0000	76.0000	0.0634	42.2632
956.0000	76.0000	0.0653	42.1446
957.0000	76.0000	0.0670	42.1046
958.0000	76.0000	0.0670	42.1048
959.0000	76.0000	0.0670	42.1049
960.0000	76.0000	0.0670	42.1050
961.0000	76.0000	0.0670	42.1050
962.0000	76.0000	0.0670	42.1050
963.0000	76.0000	0.0670	42.1050
964.0000	76.0000	0.0670	42.1050
965.0000	76.0000	0.0670	42.1050
966.0000	76.0000	0.0670	42.1050
967.0000	76.0000	0.0670	42.1050
968.0000	76.0000	0.0670	42.1050
969.0000	76.0000	0.0670	42.1050
970.0000	76.0000	0.0670	42.1050
971.0000	76.0000	0.0670	42.1050
972.0000	76.0000	0.0670	42.1050
973.0000	76.0000	0.0670	42.1050
974.0000	76.0000	0.0670	42.1050
975.0000	76.0000	0.0670	42.1050
976.0000	76.0000	0.0670	42.1050
977.0000	76.0000	0.0670	42.1050
978.0000	76.0000	0.0670	42.1050
979.0000	76.0000	0.0670	42.1050
980.0000	76.0000	0.0670	42.1050
981.0000	76.0000	0.0670	42.1050
982.0000	76.0000	0.0670	42.1050
983.0000	76.0000	0.0670	42.1050
984.0000	76.0000	0.0670	42.1050
985.0000	76.0000	0.0670	42.1050
986.0000	76.0000	0.0670	42.1050
987.0000	76.0000	0.0670	42.1050
988.0000	76.0000	0.0670	42.1050
989.0000	76.0000	0.0670	42.1050
990.0000	76.0000	0.0670	42.1050
991.0000	76.0000	0.0670	42.1050
992.0000	76.0000	0.0670	42.1050
993.0000	76.0000	0.0670	42.1050
994.0000	76.0000	0.0670	42.1050
995.0000	76.0000	0.0670	42.1050
996.0000	76.0000	0.0670	42.1050
997.0000	76.0000	0.0670	42.1050
998.0000	76.0000	0.0670	42.1050
999.0000	76.0000	0.0670	42.1050
