0.0000	87.0000	-18.3765	-12.5391
1.0000	87.0000	-17.7529	-12.5394
2.0000	87.0000	-17.1844	-12.5396
3.0000	87.0000	-16.8291	-12.5397
4.0000	87.0000	-16.4374	-12.5399
5.0000	87.0000	-15.9702	-12.5400
6.0000	87.0000	-15.5408	-12.5402
7.0000	87.0000	-15.3040	-12.5403
8.0000	87.0000	-15.0013	-12.5403
9.0000	87.0000	-14.6124	-12.5404
10.0000	87.0000	-14.2551	-12.5406
11.0000	87.0000	-14.0809	-12.5406
12.0000	87.0000	-13.8283	-12.5406
13.0000	87.0000	-13.5904	-12.5407
14.0000	87.0000	-13.5155	-12.5407
15.0000	87.0000	-13.3421	-12.5408
16.0000	87.0000	-13.0711	-12.5408
17.0000	87.0000	-12.8271	-12.5409
18.0000	87.0000	-12.7528	-12.5409
19.0000	87.0000	-12.6890	-12.5409
20.0000	87.0000	-12.6887	-12.5408
21.0000	87.0000	-12.6880	-12.5454
22.0000	87.0000	-12.6868	-12.5690
23.0000	87.0000	-12.6323	-12.5756
24.0000	87.0000	-12.5945	-12.5758
25.0000	87.0000	-12.5858	-12.5758
26.0000	87.0000	-12.5756	-12.5756
27.0000	87.0000	-12.5755	-12.5811
28.0000	87.0000	-12.5754	-12.5821
29.0000	87.0000	-12.5754	-12.5836
30.0000	87.0000	-12.5744	-12.5842
31.0000	87.0000	-12.5714	-12.5842
32.0000	87.0000	-12.5675	-12.5841
33.0000	87.0000	-12.5675	-12.5846
34.0000	87.0000	-12.5675	-12.5846
35.0000	87.0000	-12.5675	-12.5846
36.0000	87.0000	-12.5675	-12.5845
37.0000	87.0000	-12.5422	-12.5846
38.0000	87.0000	-12.4749	-12.5846
39.0000	87.0000	-12.3566	-12.5845
40.0000	87.0000	-12.1845	-12.5900
41.0000	87.0000	-11.9588	-12.6110
42.0000	87.0000	-11.7882	-12.6180
43.0000	87.0000	-11.7861	-12.6181
44.0000	87.0000	-11.7853	-12.6180
45.0000	87.0000	-11.7846	-12.6179
46.0000	87.0000	-11.7841	-12.6179
47.0000	87.0000	-11.7838	-12.6179
48.0000	87.0000	-11.7837	-12.6179
49.0000	87.0000	-11.7836	-12.6179
50.0000	87.0000	-11.7835	-12.6179
51.0000	87.0000	-11.7835	-12.6179
52.0000	87.0000	-11.7835	-12.6179
53.0000	87.0000	-11.7835	-12.6179
54.0000	87.0000	-11.7835	-12.6179
55.0000	87.0000	-11.7835	-12.6179
56.0000	87.0000	-11.7674	-12.6180
57.0000	87.0000	-11.7159	-12.6186
58.0000	87.0000	-11.6188	-12.6194
59.0000	87.0000	-11.4700	-12.6227
60.0000	87.0000	-11.2682	-12.6267
61.0000	87.0000	-11.1237	-12.6320
62.0000	87.0000	-11.1129	-12.6321
63.0000	87.0000	-11.0099	-12.6353
64.0000	87.0000	-10.9294	-12.6393
65.0000	87.0000	-10.9183	-12.6398
66.0000	87.0000	-10.8210	-12.6447
67.0000	87.0000	-10.7577	-12.6485
68.0000	87.0000	-10.7492	-12.6489
69.0000	87.0000	-10.6678	-12.6541
70.0000	87.0000	-10.5135	-12.6660
71.0000	87.0000	-10.2946	-12.6837
72.0000	87.0000	-10.0169	-12.7155
73.0000	87.0000	-9.6896	-12.7830
74.0000	87.0000	-9.3183	-12.8905
75.0000	87.0000	-9.0020	-12.9969
76.0000	87.0000	-8.8623	-13.0281
77.0000	87.0000	-8.6463	-13.0720
78.0000	87.0000	-8.3538	-13.1725
79.0000	87.0000	-8.0090	-13.3544
80.0000	87.0000	-7.6480	-13.6477
81.0000	87.0000	-7.2618	-14.0324
82.0000	87.0000	-6.9422	-14.4518
83.0000	87.0000	-6.7763	-14.7778
84.0000	87.0000	-6.6185	-15.0813
85.0000	87.0000	-6.6018	-15.2929
86.0000	87.0000	-6.5970	-15.5238
87.0000	87.0000	-6.5950	-15.7465
88.0000	87.0000	-6.5442	-16.0154
89.0000	87.0000	-6.4303	-16.3542
90.0000	87.0000	-6.3449	-16.6682
91.0000	87.0000	-6.3474	-16.8967
92.0000	87.0000	-6.3482	-17.1267
93.0000	87.0000	-6.3487	-17.3663
94.0000	87.0000	-6.3492	-17.6053
95.0000	87.0000	-6.3498	-17.8366
96.0000	87.0000	-6.3503	-18.0691
97.0000	87.0000	-6.3510	-18.3014
98.0000	87.0000	-6.3515	-18.4896
99.0000	87.0000	-6.3519	-18.6008
100.0000	87.0000	-6.3514	-18.6236
101.0000	87.0000	-6.3514	-18.6231
102.0000	87.0000	-6.3514	-18.6222
103.0000	87.0000	-6.3514	-18.6214
104.0000	87.0000	-6.3514	-18.6209
105.0000	87.0000	-6.3514	-18.6205
106.0000	87.0000	-6.3514	-18.6250
107.0000	87.0000	-6.3502	-18.6478
108.0000	87.0000	-6.3469	-18.6988
109.0000	87.0000	-6.3352	-18.7985
110.0000	87.0000	-6.2989	-18.9559
111.0000	87.0000	-6.2302	-19.1736
112.0000	87.0000	-6.1955	-19.3929
113.0000	87.0000	-6.1963	-19.6111
114.0000	87.0000	-6.1967	-19.8577
115.0000	87.0000	-6.1961	-20.1328
116.0000	87.0000	-6.1963	-20.4342
117.0000	87.0000	-6.1966	-20.7624
118.0000	87.0000	-6.1967	-21.1170
119.0000	87.0000	-6.1970	-21.4976
120.0000	87.0000	-6.1972	-21.9038
121.0000	87.0000	-6.1975	-22.3353
122.0000	87.0000	-6.1976	-22.7792
123.0000	87.0000	-6.1978	-23.2225
124.0000	87.0000	-6.1981	-23.6649
125.0000	87.0000	-6.1984	-24.1066
126.0000	87.0000	-6.1986	-24.5474
127.0000	87.0000	-6.1989	-25.0054
128.0000	87.0000	-6.1991	-25.4987
129.0000	87.0000	-6.1992	-26.0198
130.0000	87.0000	-6.1993	-26.5648
131.0000	87.0000	-6.1994	-27.1319
132.0000	87.0000	-6.1995	-27.7200
133.0000	87.0000	-6.1996	-28.3286
134.0000	87.0000	-6.1997	-28.9575
135.0000	87.0000	-6.1997	-29.6062
136.0000	87.0000	-6.1998	-30.2747
137.0000	87.0000	-6.1999	-30.9628
138.0000	87.0000	-6.1895	-31.6792
139.0000	87.0000	-6.1541	-32.4362
140.0000	87.0000	-6.0868	-33.2405
141.0000	87.0000	-5.9817	-34.0977
142.0000	87.0000	-5.8403	-35.0122
143.0000	87.0000	-5.6679	-35.9892
144.0000	87.0000	-5.4806	-37.0379
145.0000	87.0000	-5.3581	-38.0635
146.0000	87.0000	-5.3281	-38.9290
147.0000	87.0000	-5.2345	-39.8601
148.0000	87.0000	-5.1604	-40.7700
149.0000	87.0000	-5.1529	-41.5485
150.0000	87.0000	-5.0910	-42.4295
151.0000	87.0000	-5.0436	-43.3192
152.0000	87.0000	-5.0371	-44.1486
153.0000	87.0000	-4.9901	-45.0792
154.0000	87.0000	-4.9555	-45.9959
155.0000	87.0000	-4.9493	-46.8677
156.0000	87.0000	-4.9126	-47.8273
157.0000	87.0000	-4.8863	-48.7731
158.0000	87.0000	-4.8817	-49.6864
159.0000	87.0000	-4.8460	-50.6841
160.0000	87.0000	-4.8194	-51.6706
161.0000	87.0000	-4.8152	-52.6262
162.0000	87.0000	-4.7799	-53.6685
163.0000	87.0000	-4.7570	-54.6972
164.0000	87.0000	-4.7528	-55.6919
165.0000	87.0000	-4.7212	-56.7721
166.0000	87.0000	-4.6997	-57.8410
167.0000	87.0000	-4.6944	-58.8765
168.0000	87.0000	-4.6628	-59.9992
169.0000	87.0000	-4.6423	-61.1075
169.0000	95.0000	-26.8748	74.8008
170.0000	87.0000	-4.6383	-62.1815
170.0000	95.0000	-26.8757	73.7344
171.0000	87.0000	-4.6138	-63.3416
171.0000	95.0000	-26.8766	72.6550
171.0000	171.0000	33.0723	72.6239
172.0000	87.0000	-4.5929	-64.4882
172.0000	95.0000	-26.8776	71.5627
172.0000	171.0000	34.3653	71.5311
173.0000	87.0000	-4.5885	-65.6014
173.0000	95.0000	-26.8787	70.4576
173.0000	171.0000	35.6456	70.4254
174.0000	87.0000	-4.5609	-66.8033
174.0000	95.0000	-26.8797	69.3397
174.0000	171.0000	36.9134	69.3070
175.0000	87.0000	-4.5417	-67.9919
175.0000	95.0000	-26.8809	68.2090
175.0000	171.0000	38.1688	68.1760
176.0000	87.0000	-4.5367	-69.1433
176.0000	95.0000	-26.8821	67.0657
176.0000	171.0000	39.4131	67.0326
177.0000	87.0000	-4.5100	-70.3838
177.0000	95.0000	-26.8833	65.9098
177.0000	171.0000	40.6777	65.8765
178.0000	87.0000	-4.4933	-71.6105
178.0000	95.0000	-26.8845	64.7414
178.0000	171.0000	41.8890	64.7080
179.0000	87.0000	-4.4886	-72.7994
179.0000	95.0000	-26.8858	63.5605
179.0000	171.0000	42.8346	63.5273
180.0000	87.0000	-4.4644	-74.0770
180.0000	95.0000	-26.8871	62.3671
180.0000	171.0000	43.7285	62.3343
181.0000	87.0000	-4.4455	-75.3406
181.0000	95.0000	-26.8883	61.1615
181.0000	171.0000	44.6646	61.1289
182.0000	87.0000	-4.4410	-76.5671
182.0000	95.0000	-26.8896	59.9435
182.0000	171.0000	45.6426	59.9113
183.0000	87.0000	-4.4175	-77.8829
183.0000	95.0000	-26.8908	58.7132
183.0000	171.0000	46.6632	58.6813
184.0000	87.0000	-4.4008	-79.1836
184.0000	95.0000	-26.8922	57.4708
184.0000	171.0000	47.7264	57.4392
185.0000	95.0000	-26.8936	56.2162
185.0000	171.0000	48.7418	56.1851
186.0000	95.0000	-26.8950	54.9495
186.0000	171.0000	49.4976	54.9191
187.0000	95.0000	-26.8963	53.6709
187.0000	171.0000	50.1976	53.6414
188.0000	95.0000	-26.8977	52.3803
188.0000	171.0000	50.9508	52.3516
189.0000	95.0000	-26.8990	51.0814
189.0000	171.0000	51.7568	51.0533
190.0000	95.0000	-26.9004	49.7842
190.0000	171.0000	52.6154	49.7569
191.0000	95.0000	-26.9018	48.4893
191.0000	171.0000	53.5259	48.4630
192.0000	95.0000	-26.9032	47.1969
192.0000	171.0000	54.4872	47.1716
193.0000	95.0000	-26.9046	45.9070
193.0000	171.0000	55.4057	45.8828
194.0000	95.0000	-26.9060	44.6163
194.0000	171.0000	56.0690	44.5935
195.0000	95.0000	-26.9074	43.3233
195.0000	171.0000	56.6936	43.3019
196.0000	95.0000	-26.9087	42.0802
196.0000	171.0000	57.3747	42.0602
197.0000	95.0000	-26.9102	40.9325
197.0000	171.0000	58.0201	40.9142
198.0000	95.0000	-26.9119	39.8907
198.0000	171.0000	58.5758	39.8749
199.0000	95.0000	-26.9138	38.9586
199.0000	171.0000	59.1281	38.9456
200.0000	95.0000	-26.9159	38.1369
200.0000	171.0000	59.6754	38.1274
201.0000	95.0000	-26.9182	37.4114
201.0000	171.0000	60.2179	37.4059
202.0000	95.0000	-26.9207	36.7473
202.0000	171.0000	60.7579	36.7463
203.0000	95.0000	-26.9234	36.1609
203.0000	171.0000	61.3136	36.1647
204.0000	95.0000	-26.9264	35.6155
204.0000	171.0000	61.8963	35.6250
205.0000	95.0000	-26.9293	35.0845
205.0000	171.0000	62.5136	35.0993
206.0000	95.0000	-26.9318	34.5591
206.0000	171.0000	63.1706	34.5789
207.0000	95.0000	-26.9343	34.0328
207.0000	171.0000	63.8700	34.0571
208.0000	95.0000	-26.9364	33.5040
208.0000	171.0000	64.6137	33.5323
209.0000	95.0000	-26.9383	32.9863
209.0000	171.0000	65.4017	33.0184
210.0000	95.0000	-26.9407	32.4824
210.0000	171.0000	66.2333	32.5192
211.0000	95.0000	-26.9428	31.9797
211.0000	171.0000	67.1082	32.0209
212.0000	95.0000	-26.9447	31.4780
212.0000	171.0000	67.9334	31.5232
213.0000	95.0000	-26.9466	30.9771
213.0000	171.0000	68.5125	31.0266
214.0000	95.0000	-26.9485	30.4784
214.0000	171.0000	69.0737	30.5324
215.0000	95.0000	-26.9503	29.9845
215.0000	171.0000	69.6992	30.0427
216.0000	95.0000	-26.9519	29.4863
216.0000	171.0000	70.3847	29.5483
217.0000	95.0000	-26.9533	28.9812
217.0000	171.0000	71.1271	29.0465
218.0000	95.0000	-26.9547	28.4735
218.0000	171.0000	71.9232	28.5423
219.0000	95.0000	-26.9562	27.9776
219.0000	171.0000	72.6763	28.0494
220.0000	95.0000	-26.9578	27.5114
220.0000	171.0000	73.1892	27.5874
221.0000	95.0000	-26.9593	27.0491
221.0000	171.0000	73.5915	27.1294
222.0000	95.0000	-26.9608	26.5839
222.0000	171.0000	73.7299	26.6686
223.0000	95.0000	-26.9620	26.1095
223.0000	171.0000	73.8124	26.1983
224.0000	95.0000	-26.9631	25.6233
224.0000	171.0000	73.8945	25.7156
225.0000	37.0000	73.9068	29.4306
225.0000	95.0000	-26.9640	25.1320
225.0000	171.0000	73.9752	25.2273
226.0000	37.0000	73.5563	28.9467
226.0000	95.0000	-26.9649	24.6408
226.0000	171.0000	74.0549	24.7388
227.0000	37.0000	73.2007	28.4624
227.0000	95.0000	-26.9658	24.1476
227.0000	171.0000	74.1874	24.2486
228.0000	37.0000	72.8374	27.9890
228.0000	95.0000	-26.9667	23.6654
228.0000	171.0000	74.3167	23.7693
229.0000	37.0000	72.4600	27.5774
229.0000	95.0000	-26.9677	23.2457
229.0000	171.0000	74.3273	23.3531
230.0000	37.0000	72.0731	27.2691
230.0000	95.0000	-26.9692	22.9293
230.0000	171.0000	74.4444	23.0422
231.0000	37.0000	71.6838	27.0498
231.0000	95.0000	-26.9720	22.6990
231.0000	171.0000	74.5481	22.8223
232.0000	37.0000	71.2907	26.8441
232.0000	95.0000	-26.9740	22.4860
232.0000	171.0000	74.5572	22.6168
233.0000	37.0000	70.8881	26.6372
233.0000	95.0000	-26.9755	22.2740
233.0000	171.0000	74.6659	22.4102
234.0000	37.0000	70.4809	26.4287
234.0000	95.0000	-26.9769	22.0623
234.0000	171.0000	74.7502	22.2037
235.0000	37.0000	70.0749	26.2189
235.0000	95.0000	-26.9782	21.8509
235.0000	171.0000	74.7596	21.9974
236.0000	37.0000	69.6673	26.0002
236.0000	95.0000	-26.9795	21.6313
236.0000	171.0000	74.8575	21.7827
237.0000	37.0000	69.2549	25.7732
237.0000	95.0000	-26.9809	21.4039
237.0000	171.0000	75.0378	21.5603
238.0000	37.0000	68.8406	25.5422
238.0000	95.0000	-26.9819	21.1738
238.0000	171.0000	75.2886	21.3340
239.0000	37.0000	68.4261	25.3201
239.0000	95.0000	-26.9830	20.9537
239.0000	171.0000	75.6021	21.1180
240.0000	37.0000	68.0107	25.1572
240.0000	95.0000	-26.9838	20.7943
240.0000	171.0000	75.9737	20.9616
241.0000	37.0000	67.5921	25.0900
241.0000	95.0000	-26.9841	20.7328
241.0000	171.0000	76.3997	20.8996
242.0000	37.0000	67.1657	25.0537
242.0000	95.0000	-26.9840	20.7042
242.0000	171.0000	76.8766	20.8582
243.0000	37.0000	66.7261	24.9979
243.0000	95.0000	-26.9848	20.6531
244.0000	37.0000	66.2809	24.9137
244.0000	95.0000	-26.9847	20.5776
245.0000	37.0000	65.8469	24.8051
245.0000	95.0000	-26.9852	20.4754
246.0000	37.0000	65.4351	24.6846
246.0000	95.0000	-26.9854	20.3630
247.0000	37.0000	65.0350	24.6494
247.0000	95.0000	-26.9847	20.3388
248.0000	37.0000	64.6257	24.6403
248.0000	95.0000	-26.9847	20.3382
249.0000	37.0000	64.1977	24.6319
249.0000	95.0000	-26.9847	20.3387
250.0000	37.0000	63.7539	24.6233
250.0000	95.0000	-26.9847	20.3393
251.0000	37.0000	63.2988	24.6139
251.0000	95.0000	-26.9847	20.3397
252.0000	37.0000	62.8342	24.6041
252.0000	95.0000	-26.9847	20.3399
253.0000	37.0000	62.3699	24.5940
253.0000	95.0000	-26.9847	20.3400
254.0000	37.0000	61.9201	24.5842
254.0000	95.0000	-26.9847	20.3400
255.0000	37.0000	61.5778	24.5767
255.0000	95.0000	-26.9847	20.3400
256.0000	37.0000	61.4539	24.5734
256.0000	95.0000	-26.9847	20.3400
257.0000	37.0000	61.2848	24.5697
257.0000	95.0000	-26.9847	20.3400
258.0000	37.0000	61.0586	24.5646
258.0000	95.0000	-26.9847	20.3401
259.0000	37.0000	60.7960	24.5532
259.0000	95.0000	-26.9847	20.3349
260.0000	37.0000	60.5071	24.5294
260.0000	95.0000	-26.9866	20.3100
261.0000	37.0000	60.1931	24.4810
261.0000	95.0000	-26.9901	20.2556
262.0000	37.0000	59.8596	24.3850
262.0000	95.0000	-26.9905	20.1660
263.0000	37.0000	59.5073	24.2511
263.0000	95.0000	-26.9909	20.0393
264.0000	37.0000	59.2382	24.0871
264.0000	95.0000	-26.9915	19.8794
265.0000	37.0000	59.1673	23.8977
265.0000	95.0000	-26.9922	19.6894
266.0000	37.0000	59.0307	23.6780
266.0000	95.0000	-26.9929	19.4704
267.0000	37.0000	58.8244	23.4286
267.0000	95.0000	-26.9937	19.2232
268.0000	37.0000	58.5603	23.1501
268.0000	95.0000	-26.9943	18.9486
269.0000	37.0000	58.2658	22.8424
269.0000	95.0000	-26.9945	18.6473
270.0000	37.0000	57.9596	22.5167
270.0000	95.0000	-26.9947	18.3287
271.0000	37.0000	57.6388	22.2234
271.0000	95.0000	-26.9949	18.0419
272.0000	37.0000	57.2936	22.0021
272.0000	95.0000	-26.9957	17.8261
273.0000	37.0000	57.0243	21.8644
273.0000	95.0000	-26.9961	17.6931
274.0000	37.0000	56.9462	21.8272
274.0000	95.0000	-26.9976	17.6516
275.0000	37.0000	56.8009	21.8248
275.0000	95.0000	-26.9976	17.6525
276.0000	37.0000	56.5837	21.8218
276.0000	95.0000	-26.9976	17.6544
277.0000	37.0000	56.3075	21.8170
277.0000	95.0000	-26.9976	17.6558
278.0000	37.0000	55.9982	21.8109
278.0000	95.0000	-26.9976	17.6565
279.0000	37.0000	55.6701	21.8042
279.0000	95.0000	-26.9976	17.6568
280.0000	37.0000	55.3173	21.7967
280.0000	95.0000	-26.9976	17.6568
281.0000	37.0000	54.9340	21.7888
281.0000	95.0000	-26.9976	17.6568
282.0000	37.0000	54.6215	21.7825
282.0000	95.0000	-26.9976	17.6568
283.0000	37.0000	54.5035	21.7805
283.0000	95.0000	-26.9976	17.6568
284.0000	37.0000	54.3208	21.7770
284.0000	95.0000	-26.9976	17.6567
285.0000	37.0000	54.0672	21.7729
285.0000	95.0000	-26.9976	17.6567
286.0000	37.0000	53.7556	21.7673
286.0000	95.0000	-26.9976	17.6567
287.0000	37.0000	53.4148	21.7615
287.0000	95.0000	-26.9976	17.6567
288.0000	37.0000	53.0701	21.7562
288.0000	95.0000	-26.9976	17.6567
289.0000	37.0000	52.7213	21.7511
289.0000	95.0000	-26.9976	17.6567
290.0000	37.0000	52.3559	21.7459
290.0000	95.0000	-26.9976	17.6567
291.0000	37.0000	52.0654	21.7417
291.0000	95.0000	-26.9976	17.6567
292.0000	37.0000	51.9673	21.7411
292.0000	95.0000	-26.9976	17.6567
293.0000	37.0000	51.8016	21.7390
293.0000	95.0000	-26.9976	17.6567
294.0000	37.0000	51.5681	21.7365
294.0000	95.0000	-26.9976	17.6567
295.0000	37.0000	51.2987	21.7343
295.0000	95.0000	-26.9976	17.6567
296.0000	37.0000	51.0133	21.7315
296.0000	95.0000	-26.9976	17.6567
297.0000	37.0000	50.7095	21.7288
297.0000	95.0000	-26.9976	17.6567
298.0000	37.0000	50.3789	21.7261
298.0000	95.0000	-26.9976	17.6567
299.0000	37.0000	50.0260	21.7230
299.0000	95.0000	-26.9976	17.6567
300.0000	37.0000	49.7580	21.7210
300.0000	95.0000	-26.9976	17.6567
301.0000	37.0000	49.6897	21.7211
301.0000	95.0000	-26.9976	17.6567
302.0000	37.0000	49.5570	21.7202
302.0000	95.0000	-26.9976	17.6567
303.0000	37.0000	49.3550	21.7197
303.0000	95.0000	-26.9976	17.6567
304.0000	37.0000	49.0955	21.7186
304.0000	95.0000	-26.9976	17.6567
305.0000	37.0000	48.8042	21.7175
305.0000	95.0000	-26.9976	17.6567
306.0000	37.0000	48.4993	21.7159
306.0000	95.0000	-26.9976	17.6567
307.0000	37.0000	48.1783	21.7152
307.0000	95.0000	-26.9976	17.6567
308.0000	37.0000	47.8313	21.7139
308.0000	95.0000	-26.9976	17.6567
309.0000	37.0000	47.5514	21.7130
309.0000	95.0000	-26.9976	17.6567
310.0000	37.0000	47.4575	21.7137
310.0000	95.0000	-26.9976	17.6567
311.0000	37.0000	47.2915	21.7134
311.0000	95.0000	-26.9976	17.6567
312.0000	37.0000	47.0516	21.7135
312.0000	95.0000	-26.9976	17.6567
313.0000	37.0000	46.7506	21.7135
313.0000	95.0000	-26.9976	17.6567
314.0000	37.0000	46.4068	21.7126
314.0000	95.0000	-26.9976	17.6567
315.0000	37.0000	46.0295	21.7125
315.0000	95.0000	-26.9976	17.6567
316.0000	37.0000	45.6177	21.7125
316.0000	95.0000	-26.9976	17.6567
317.0000	37.0000	45.1714	21.7123
317.0000	95.0000	-26.9976	17.6567
318.0000	37.0000	44.6960	21.7117
318.0000	95.0000	-26.9976	17.6567
319.0000	37.0000	44.1991	21.7115
319.0000	95.0000	-26.9976	17.6567
320.0000	37.0000	43.6881	21.7112
320.0000	95.0000	-26.9976	17.6567
321.0000	37.0000	43.1675	21.7109
321.0000	95.0000	-26.9976	17.6567
322.0000	37.0000	42.6388	21.7105
322.0000	95.0000	-26.9976	17.6567
323.0000	37.0000	42.1032	21.7101
323.0000	95.0000	-26.9976	17.6567
324.0000	37.0000	41.5600	21.7098
324.0000	95.0000	-26.9976	17.6567
325.0000	37.0000	41.0018	21.7093
325.0000	95.0000	-26.9976	17.6567
326.0000	37.0000	40.4229	21.7089
326.0000	95.0000	-26.9976	17.6567
327.0000	37.0000	39.8271	21.7084
327.0000	95.0000	-26.9976	17.6567
328.0000	37.0000	39.3063	21.7081
328.0000	95.0000	-26.9976	17.6567
329.0000	37.0000	39.0008	21.7083
329.0000	95.0000	-26.9976	17.6567
330.0000	37.0000	38.6633	21.7096
330.0000	95.0000	-26.9976	17.6567
331.0000	37.0000	38.2654	21.7090
331.0000	95.0000	-26.9976	17.6567
332.0000	37.0000	37.8158	21.7090
332.0000	95.0000	-26.9976	17.6567
333.0000	37.0000	37.3227	21.7093
333.0000	95.0000	-26.9976	17.6567
334.0000	37.0000	36.7944	21.7094
334.0000	95.0000	-26.9976	17.6567
335.0000	37.0000	36.2371	21.7094
335.0000	95.0000	-26.9976	17.6567
336.0000	37.0000	35.6558	21.7093
336.0000	95.0000	-26.9976	17.6567
337.0000	37.0000	35.0527	21.7092
337.0000	95.0000	-26.9976	17.6567
338.0000	37.0000	34.4295	21.7091
338.0000	95.0000	-26.9976	17.6567
339.0000	37.0000	33.7886	21.7089
339.0000	95.0000	-26.9976	17.6567
340.0000	37.0000	33.1328	21.7087
340.0000	95.0000	-26.9976	17.6567
341.0000	37.0000	32.4645	21.7084
341.0000	95.0000	-26.9976	17.6567
342.0000	37.0000	31.7856	21.7082
342.0000	95.0000	-26.9976	17.6567
343.0000	37.0000	31.0975	21.7079
343.0000	95.0000	-26.9976	17.6567
344.0000	37.0000	30.4021	21.7076
344.0000	95.0000	-26.9976	17.6567
345.0000	37.0000	29.7042	21.7071
345.0000	95.0000	-26.9976	17.6567
346.0000	37.0000	29.0133	21.7064
346.0000	95.0000	-26.9976	17.6567
347.0000	37.0000	28.4191	21.7059
347.0000	95.0000	-26.9976	17.6567
348.0000	37.0000	28.0571	21.7057
348.0000	95.0000	-26.9976	17.6567
349.0000	37.0000	27.6855	21.7062
349.0000	95.0000	-26.9976	17.6567
350.0000	37.0000	27.2659	21.7056
350.0000	95.0000	-26.9976	17.6567
351.0000	37.0000	26.8159	21.7053
351.0000	95.0000	-26.9976	17.6567
352.0000	37.0000	26.3610	21.7052
352.0000	95.0000	-26.9976	17.6567
353.0000	37.0000	25.9195	21.7051
353.0000	95.0000	-26.9976	17.6567
354.0000	37.0000	25.4849	21.7049
354.0000	95.0000	-26.9976	17.6567
355.0000	37.0000	25.0422	21.7048
355.0000	95.0000	-26.9976	17.6567
356.0000	37.0000	24.6145	21.7047
356.0000	95.0000	-26.9976	17.6567
357.0000	37.0000	24.2098	21.7046
357.0000	95.0000	-26.9976	17.6567
358.0000	37.0000	23.8073	21.7045
358.0000	95.0000	-26.9976	17.6567
359.0000	37.0000	23.3927	21.7044
359.0000	95.0000	-26.9976	17.6567
360.0000	37.0000	22.9631	21.7042
360.0000	95.0000	-26.9976	17.6567
361.0000	37.0000	22.6258	21.7041
361.0000	95.0000	-26.9976	17.6567
362.0000	37.0000	22.5623	21.7041
362.0000	95.0000	-26.9976	17.6567
363.0000	37.0000	22.5581	21.7041
363.0000	95.0000	-26.9976	17.6567
364.0000	37.0000	22.5538	21.7042
364.0000	95.0000	-26.9976	17.6567
365.0000	37.0000	22.5513	21.7042
365.0000	95.0000	-26.9976	17.6567
366.0000	37.0000	22.5500	21.7042
366.0000	95.0000	-26.9976	17.6567
367.0000	37.0000	22.5494	21.7041
367.0000	95.0000	-26.9976	17.6567
368.0000	37.0000	22.5492	21.7041
368.0000	95.0000	-26.9976	17.6567
369.0000	37.0000	22.5491	21.7041
369.0000	95.0000	-26.9976	17.6567
370.0000	37.0000	22.5490	21.7041
370.0000	95.0000	-26.9976	17.6567
371.0000	37.0000	22.5490	21.7041
371.0000	95.0000	-26.9976	17.6567
372.0000	37.0000	22.5490	21.7041
372.0000	95.0000	-26.9976	17.6567
373.0000	37.0000	22.5490	21.7041
373.0000	95.0000	-26.9976	17.6567
374.0000	37.0000	22.5490	21.7041
374.0000	95.0000	-26.9976	17.6567
375.0000	37.0000	22.5490	21.7041
375.0000	95.0000	-26.9976	17.6567
376.0000	37.0000	22.5490	21.7041
376.0000	95.0000	-26.9976	17.6567
377.0000	37.0000	22.5490	21.7041
377.0000	95.0000	-26.9976	17.6567
378.0000	37.0000	22.5490	21.7041
378.0000	95.0000	-26.9976	17.6567
379.0000	37.0000	22.5490	21.7041
379.0000	95.0000	-26.9976	17.6567
380.0000	37.0000	22.5490	21.7041
380.0000	95.0000	-26.9976	17.6567
381.0000	37.0000	22.5490	21.7041
381.0000	95.0000	-26.9976	17.6567
382.0000	37.0000	22.5490	21.7041
382.0000	95.0000	-26.9976	17.6567
383.0000	37.0000	22.5490	21.7041
383.0000	95.0000	-26.9976	17.6567
384.0000	37.0000	22.5490	21.7041
384.0000	95.0000	-26.9976	17.6567
385.0000	37.0000	22.5490	21.7041
385.0000	95.0000	-26.9976	17.6567
386.0000	37.0000	22.5490	21.7041
386.0000	95.0000	-26.9976	17.6567
387.0000	37.0000	22.5490	21.7041
387.0000	95.0000	-26.9976	17.6567
388.0000	37.0000	22.5490	21.7041
388.0000	95.0000	-26.9976	17.6567
389.0000	37.0000	22.5490	21.7041
389.0000	95.0000	-26.9976	17.6567
390.0000	37.0000	22.5490	21.7041
390.0000	95.0000	-26.9976	17.6567
391.0000	37.0000	22.5490	21.7041
391.0000	95.0000	-26.9976	17.6567
392.0000	37.0000	22.5490	21.7041
392.0000	95.0000	-26.9976	17.6567
393.0000	37.0000	22.5490	21.7041
393.0000	95.0000	-26.9976	17.6567
394.0000	37.0000	22.5490	21.7041
394.0000	95.0000	-26.9976	17.6567
395.0000	37.0000	22.5490	21.7041
395.0000	95.0000	-26.9976	17.6567
396.0000	37.0000	22.5490	21.7041
396.0000	95.0000	-26.9855	17.6568
397.0000	37.0000	22.5490	21.7041
397.0000	95.0000	-26.9436	17.6569
398.0000	37.0000	22.5490	21.7041
398.0000	95.0000	-26.8634	17.6570
399.0000	37.0000	22.5490	21.7041
399.0000	95.0000	-26.7354	17.6573
400.0000	37.0000	22.5490	21.7041
400.0000	95.0000	-26.5568	17.6577
401.0000	37.0000	22.5490	21.7041
401.0000	95.0000	-26.3272	17.6583
402.0000	37.0000	22.5490	21.7041
402.0000	95.0000	-26.0464	17.6589
403.0000	37.0000	22.5490	21.7041
403.0000	95.0000	-25.7152	17.6596
404.0000	37.0000	22.5490	21.7041
404.0000	95.0000	-25.3344	17.6605
405.0000	37.0000	22.5490	21.7041
405.0000	95.0000	-24.9052	17.6616
406.0000	37.0000	22.5490	21.7041
406.0000	95.0000	-24.5230	17.6626
407.0000	37.0000	22.5490	21.7041
407.0000	95.0000	-24.3224	17.6632
408.0000	37.0000	22.5490	21.7041
408.0000	95.0000	-24.0564	17.6639
409.0000	37.0000	22.5490	21.7041
409.0000	95.0000	-23.7156	17.6648
410.0000	37.0000	22.5490	21.7041
410.0000	95.0000	-23.4068	17.6656
411.0000	37.0000	22.5490	21.7041
411.0000	95.0000	-23.2629	17.6662
412.0000	37.0000	22.5490	21.7041
412.0000	95.0000	-23.0395	17.6668
413.0000	37.0000	22.5490	21.7041
413.0000	95.0000	-22.8336	17.6674
414.0000	37.0000	22.5490	21.7041
414.0000	95.0000	-22.7742	17.6675
415.0000	37.0000	22.5490	21.7041
415.0000	95.0000	-22.6197	17.6681
416.0000	37.0000	22.5490	21.7041
416.0000	95.0000	-22.3790	17.6688
417.0000	37.0000	22.5490	21.7041
417.0000	95.0000	-22.1650	17.6694
418.0000	37.0000	22.5490	21.7041
418.0000	95.0000	-22.1031	17.6696
419.0000	37.0000	22.5490	21.7041
419.0000	95.0000	-21.9484	17.6701
420.0000	37.0000	22.5490	21.7041
420.0000	95.0000	-21.7087	17.6709
421.0000	37.0000	22.5490	21.7041
421.0000	95.0000	-21.3979	17.6718
422.0000	37.0000	22.5490	21.7041
422.0000	95.0000	-21.0238	17.6730
423.0000	37.0000	22.5490	21.7041
423.0000	95.0000	-20.5923	17.6743
424.0000	37.0000	22.5490	21.7041
424.0000	95.0000	-20.2019	17.6755
425.0000	37.0000	22.5490	21.7041
425.0000	95.0000	-20.0828	17.6758
426.0000	37.0000	22.5490	21.7041
426.0000	95.0000	-20.0807	17.6759
427.0000	37.0000	22.5490	21.7041
427.0000	95.0000	-20.0760	17.6758
428.0000	37.0000	22.5490	21.7041
428.0000	95.0000	-20.0731	17.6758
429.0000	37.0000	22.5490	21.7041
429.0000	95.0000	-20.0716	17.6759
430.0000	37.0000	22.5490	21.7041
430.0000	95.0000	-20.0709	17.6758
431.0000	37.0000	22.5490	21.7041
431.0000	95.0000	-20.0706	17.6758
432.0000	37.0000	22.5490	21.7041
432.0000	95.0000	-20.0705	17.6759
433.0000	37.0000	22.5490	21.7041
433.0000	95.0000	-20.0424	17.6759
434.0000	37.0000	22.5490	21.7041
434.0000	95.0000	-19.9683	17.6761
435.0000	37.0000	22.5490	21.7041
435.0000	95.0000	-19.8424	17.6766
436.0000	37.0000	22.5490	21.7041
436.0000	95.0000	-19.6641	17.6772
437.0000	37.0000	22.5490	21.7041
437.0000	95.0000	-19.4332	17.6780
438.0000	37.0000	22.5490	21.7041
438.0000	95.0000	-19.1505	17.6790
439.0000	37.0000	22.5490	21.7041
439.0000	95.0000	-18.8167	17.6801
440.0000	37.0000	22.5490	21.7041
440.0000	95.0000	-18.4330	17.6813
441.0000	37.0000	22.5490	21.7041
441.0000	95.0000	-18.0008	17.6828
442.0000	37.0000	22.5490	21.7041
442.0000	95.0000	-17.5218	17.6844
443.0000	37.0000	22.5490	21.7041
443.0000	95.0000	-16.9984	17.6861
444.0000	37.0000	22.5490	21.7041
444.0000	95.0000	-16.4329	17.6856
445.0000	37.0000	22.5490	21.7041
445.0000	95.0000	-15.8278	17.6744
446.0000	37.0000	22.5490	21.7041
446.0000	95.0000	-15.1868	17.6392
447.0000	37.0000	22.5490	21.7041
447.0000	95.0000	-14.5979	17.5883
448.0000	37.0000	22.5490	21.7041
448.0000	95.0000	-14.2051	17.5895
449.0000	37.0000	22.5490	21.7041
449.0000	95.0000	-13.7819	17.5877
450.0000	37.0000	22.5490	21.7041
450.0000	95.0000	-13.2995	17.5207
451.0000	37.0000	22.5490	21.7041
451.0000	95.0000	-12.8586	17.4341
452.0000	37.0000	22.5490	21.7041
452.0000	95.0000	-12.5897	17.4324
453.0000	37.0000	22.5490	21.7041
453.0000	95.0000	-12.2643	17.4234
454.0000	37.0000	22.5490	21.7041
454.0000	95.0000	-11.9672	17.3512
455.0000	37.0000	22.5490	21.7041
455.0000	95.0000	-11.9113	17.3461
456.0000	37.0000	22.5490	21.7041
456.0000	95.0000	-11.9072	17.3536
457.0000	37.0000	22.5490	21.7041
457.0000	95.0000	-11.9030	17.3518
458.0000	37.0000	22.5490	21.7041
458.0000	95.0000	-11.8330	17.3408
459.0000	37.0000	22.5490	21.7041
459.0000	95.0000	-11.6795	17.3189
460.0000	37.0000	22.5490	21.7041
460.0000	95.0000	-11.4565	17.2835
461.0000	37.0000	22.5490	21.7041
461.0000	95.0000	-11.2703	17.2482
462.0000	37.0000	22.5490	21.7041
462.0000	95.0000	-11.2652	17.2533
463.0000	37.0000	22.5490	21.7041
463.0000	95.0000	-11.2626	17.2530
464.0000	37.0000	22.5490	21.7041
464.0000	95.0000	-11.2606	17.2518
465.0000	37.0000	22.5490	21.7041
465.0000	95.0000	-11.2595	17.2510
466.0000	37.0000	22.5490	21.7041
466.0000	95.0000	-11.2190	17.2429
467.0000	37.0000	22.5490	21.7041
467.0000	95.0000	-11.1129	17.2238
468.0000	37.0000	22.5490	21.7041
468.0000	95.0000	-10.9485	17.1910
469.0000	37.0000	22.5490	21.7041
469.0000	95.0000	-10.7293	17.1425
470.0000	37.0000	22.5490	21.7041
470.0000	95.0000	-10.4584	17.0744
471.0000	37.0000	22.5490	21.7041
471.0000	95.0000	-10.1497	16.9549
472.0000	37.0000	22.5490	21.7041
472.0000	95.0000	-9.8035	16.8004
473.0000	37.0000	22.5490	21.7041
473.0000	95.0000	-9.4134	16.6271
474.0000	37.0000	22.5490	21.7041
474.0000	95.0000	-9.0794	16.4460
475.0000	37.0000	22.5490	21.7041
475.0000	95.0000	-8.9764	16.4090
476.0000	37.0000	22.5490	21.7041
476.0000	95.0000	-8.9678	16.4224
477.0000	37.0000	22.5490	21.7041
477.0000	95.0000	-8.9658	16.4155
478.0000	37.0000	22.5490	21.7041
478.0000	95.0000	-8.9648	16.4107
479.0000	37.0000	22.5490	21.7041
479.0000	95.0000	-8.9641	16.4085
480.0000	37.0000	22.5490	21.7041
480.0000	95.0000	-8.9637	16.4076
481.0000	37.0000	22.5490	21.7041
481.0000	95.0000	-8.9634	16.4073
482.0000	37.0000	22.5490	21.7041
482.0000	95.0000	-8.9633	16.4072
483.0000	37.0000	22.5490	21.7041
483.0000	95.0000	-8.9632	16.4071
484.0000	37.0000	22.5490	21.7041
484.0000	95.0000	-8.9632	16.4071
485.0000	37.0000	22.5490	21.7041
485.0000	95.0000	-8.9632	16.4071
486.0000	37.0000	22.5490	21.7041
486.0000	95.0000	-8.9440	16.3974
487.0000	37.0000	22.5490	21.7041
487.0000	95.0000	-8.8939	16.3719
488.0000	37.0000	22.5490	21.7041
488.0000	95.0000	-8.8049	16.3249
489.0000	37.0000	22.5490	21.7041
489.0000	95.0000	-8.6712	16.2542
490.0000	37.0000	22.5490	21.7041
490.0000	95.0000	-8.4945	16.1551
491.0000	37.0000	22.5490	21.7041
491.0000	95.0000	-8.2739	16.0296
492.0000	37.0000	22.5490	21.7041
492.0000	95.0000	-8.0241	15.8554
493.0000	37.0000	22.5490	21.7041
493.0000	95.0000	-7.7583	15.6238
494.0000	37.0000	22.5490	21.7041
494.0000	95.0000	-7.4519	15.3688
495.0000	37.0000	22.5490	21.7041
495.0000	95.0000	-7.1313	15.0594
496.0000	37.0000	22.5490	21.7041
496.0000	95.0000	-6.7929	14.7028
497.0000	37.0000	22.5490	21.7041
497.0000	95.0000	-6.4778	14.2739
498.0000	37.0000	22.5490	21.7041
498.0000	95.0000	-6.1475	13.8062
499.0000	37.0000	22.5490	21.7041
499.0000	95.0000	-5.8471	13.2777
500.0000	37.0000	22.5490	21.7041
500.0000	95.0000	-5.5495	12.7041
501.0000	37.0000	22.5490	21.7041
501.0000	95.0000	-5.2730	12.0832
502.0000	37.0000	22.5490	21.7041
502.0000	95.0000	-5.0126	11.4185
503.0000	37.0000	22.5490	21.7041
503.0000	95.0000	-4.7828	10.7121
504.0000	37.0000	22.5490	21.7041
504.0000	95.0000	-4.5615	9.9749
505.0000	37.0000	22.5490	21.7041
505.0000	95.0000	-4.3704	9.2082
506.0000	37.0000	22.5490	21.7041
506.0000	95.0000	-4.1961	8.4192
507.0000	37.0000	22.5490	21.7041
507.0000	95.0000	-4.0446	7.6114
508.0000	37.0000	22.5490	21.7041
508.0000	95.0000	-3.9103	6.7885
509.0000	37.0000	22.5490	21.7041
509.0000	95.0000	-3.7941	5.9532
510.0000	37.0000	22.5490	21.7041
510.0000	95.0000	-3.6943	5.1079
511.0000	37.0000	22.5490	21.7041
511.0000	95.0000	-3.6085	4.2544
512.0000	37.0000	22.5490	21.7041
512.0000	95.0000	-3.5366	3.3944
513.0000	37.0000	22.5490	21.7041
513.0000	95.0000	-3.4766	2.5290
514.0000	37.0000	22.5490	21.7041
514.0000	95.0000	-3.4280	1.6594
515.0000	37.0000	22.5490	21.7041
515.0000	95.0000	-3.3879	0.7863
516.0000	37.0000	22.5490	21.7041
516.0000	95.0000	-3.3567	-0.0896
517.0000	37.0000	22.5490	21.7041
517.0000	95.0000	-3.3334	-0.9678
518.0000	37.0000	22.5490	21.7041
518.0000	95.0000	-3.3172	-1.8478
519.0000	37.0000	22.5490	21.7041
519.0000	95.0000	-3.3059	-2.7293
520.0000	37.0000	22.5490	21.7041
520.0000	95.0000	-3.3000	-3.6119
521.0000	37.0000	22.5490	21.7041
521.0000	95.0000	-3.2989	-4.4955
522.0000	37.0000	22.5490	21.7041
522.0000	95.0000	-3.3021	-5.3800
523.0000	37.0000	22.5490	21.7041
523.0000	95.0000	-3.3084	-6.2651
524.0000	37.0000	22.5490	21.7041
524.0000	95.0000	-3.3175	-7.1506
525.0000	37.0000	22.5490	21.7041
525.0000	95.0000	-3.3293	-8.0367
526.0000	37.0000	22.5490	21.7041
526.0000	95.0000	-3.3432	-8.9231
527.0000	37.0000	22.5490	21.7041
527.0000	95.0000	-3.3590	-9.8099
528.0000	37.0000	22.5490	21.7041
528.0000	95.0000	-3.3766	-10.6969
529.0000	37.0000	22.5490	21.7041
529.0000	95.0000	-3.3954	-11.5842
530.0000	37.0000	22.5490	21.7041
530.0000	95.0000	-3.4151	-12.4716
531.0000	37.0000	22.5490	21.7041
531.0000	95.0000	-3.4358	-13.3592
532.0000	37.0000	22.5490	21.7041
532.0000	95.0000	-3.4571	-14.2470
533.0000	37.0000	22.5490	21.7041
533.0000	95.0000	-3.4791	-15.1349
534.0000	37.0000	22.5490	21.7041
534.0000	95.0000	-3.5014	-16.0230
535.0000	37.0000	22.5490	21.7041
535.0000	95.0000	-3.5241	-16.9112
536.0000	37.0000	22.5490	21.7041
536.0000	95.0000	-3.5471	-17.7995
537.0000	37.0000	22.5490	21.7041
537.0000	95.0000	-3.5703	-18.6879
538.0000	37.0000	22.5490	21.7041
538.0000	95.0000	-3.5936	-19.5764
539.0000	37.0000	22.5490	21.7041
539.0000	95.0000	-3.6170	-20.4651
540.0000	37.0000	22.5490	21.7041
540.0000	95.0000	-3.6405	-21.3538
541.0000	37.0000	22.5490	21.7041
541.0000	95.0000	-3.6642	-22.2426
542.0000	37.0000	22.5490	21.7041
542.0000	95.0000	-3.6879	-23.1315
543.0000	37.0000	22.5490	21.7041
543.0000	95.0000	-3.7118	-24.0205
544.0000	37.0000	22.5490	21.7041
544.0000	95.0000	-3.7356	-24.9096
545.0000	37.0000	22.5490	21.7041
545.0000	95.0000	-3.7595	-25.7987
546.0000	37.0000	22.5490	21.7043
546.0000	95.0000	-3.7832	-26.6878
547.0000	37.0000	22.5490	21.6997
547.0000	95.0000	-3.8047	-27.5035
548.0000	37.0000	22.5480	21.6767
548.0000	95.0000	-3.8192	-28.1096
549.0000	37.0000	22.5445	21.6254
549.0000	95.0000	-3.8309	-28.7516
550.0000	37.0000	22.5443	21.5369
550.0000	95.0000	-3.8468	-29.4659
551.0000	37.0000	22.5443	21.4120
551.0000	95.0000	-3.8634	-30.2519
552.0000	37.0000	22.5440	21.2536
552.0000	95.0000	-3.8802	-31.1052
553.0000	37.0000	22.5435	21.0650
553.0000	95.0000	-3.8972	-32.0205
554.0000	37.0000	22.5431	20.8474
554.0000	95.0000	-3.9124	-32.9111
555.0000	37.0000	22.5428	20.6015
555.0000	95.0000	-3.9227	-33.6222
556.0000	37.0000	22.5425	20.3280
556.0000	95.0000	-3.9321	-34.3788
557.0000	37.0000	22.5425	20.0271
557.0000	95.0000	-3.9431	-35.2221
558.0000	37.0000	22.5426	19.6993
558.0000	95.0000	-3.9545	-36.1406
559.0000	37.0000	22.5425	19.3542
559.0000	95.0000	-3.9661	-37.1203
560.0000	37.0000	22.5425	19.0407
560.0000	95.0000	-3.9762	-38.0230
561.0000	37.0000	22.5423	18.7985
561.0000	95.0000	-3.9819	-38.6582
562.0000	37.0000	22.5422	18.6391
562.0000	95.0000	-3.9856	-39.2432
563.0000	37.0000	22.5415	18.5687
563.0000	95.0000	-3.9915	-39.8046
564.0000	37.0000	22.5415	18.5687
564.0000	95.0000	-3.9984	-40.3492
565.0000	37.0000	22.5416	18.5624
565.0000	95.0000	-4.0042	-40.9494
566.0000	37.0000	22.5503	18.5217
566.0000	95.0000	-4.0271	-41.6149
567.0000	37.0000	22.5442	18.5119
567.0000	95.0000	-4.0211	-42.2212
568.0000	37.0000	22.5442	18.5119
568.0000	95.0000	-4.0233	-42.6136
569.0000	37.0000	22.5442	18.5120
569.0000	95.0000	-4.0229	-43.0388
570.0000	37.0000	22.5442	18.5120
570.0000	95.0000	-4.0267	-43.5286
571.0000	37.0000	22.5442	18.5121
571.0000	95.0000	-4.0290	-43.9824
572.0000	37.0000	22.5442	18.5121
572.0000	95.0000	-4.0268	-44.2547
573.0000	37.0000	22.5442	18.5121
573.0000	95.0000	-4.0224	-44.5849
574.0000	37.0000	22.5442	18.5121
574.0000	95.0000	-4.0256	-44.9887
575.0000	37.0000	22.5442	18.5121
575.0000	95.0000	-4.0251	-45.3605
576.0000	37.0000	22.5442	18.5121
576.0000	95.0000	-4.0200	-45.5616
577.0000	37.0000	22.5442	18.5121
577.0000	95.0000	-4.0160	-45.8338
578.0000	37.0000	22.5442	18.5121
578.0000	95.0000	-4.0165	-46.1842
579.0000	37.0000	22.5442	18.5121
579.0000	95.0000	-4.0131	-46.6000
580.0000	37.0000	22.5442	18.5121
580.0000	95.0000	-4.0085	-47.0736
581.0000	37.0000	22.5442	18.5121
581.0000	95.0000	-4.0042	-47.5989
582.0000	37.0000	22.5442	18.5121
582.0000	95.0000	-3.9996	-48.1711
583.0000	37.0000	22.5442	18.5121
583.0000	95.0000	-3.9946	-48.7856
584.0000	37.0000	22.5442	18.5122
584.0000	95.0000	-3.9893	-49.4389
585.0000	37.0000	22.5442	18.5076
585.0000	95.0000	-3.9836	-50.1325
586.0000	37.0000	22.5423	18.4860
586.0000	95.0000	-3.9730	-50.8783
587.0000	37.0000	22.5339	18.4440
587.0000	95.0000	-3.9465	-51.6816
588.0000	37.0000	22.5338	18.3583
588.0000	95.0000	-3.9401	-52.4602
589.0000	37.0000	22.5337	18.2345
589.0000	95.0000	-3.9356	-53.0635
590.0000	37.0000	22.5336	18.0764
590.0000	95.0000	-3.9304	-53.7145
591.0000	37.0000	22.5336	17.8877
591.0000	95.0000	-3.9253	-54.4531
592.0000	37.0000	22.5335	17.6699
592.0000	95.0000	-3.9196	-55.2678
593.0000	37.0000	22.5334	17.4240
593.0000	95.0000	-3.9134	-56.1534
594.0000	37.0000	22.5334	17.1504
594.0000	95.0000	-3.9077	-57.0204
595.0000	37.0000	22.5335	16.8495
595.0000	95.0000	-3.9048	-57.6426
596.0000	37.0000	22.5335	16.5218
596.0000	95.0000	-3.9045	-58.0193
597.0000	37.0000	22.5335	16.1678
597.0000	95.0000	-3.9046	-58.3794
598.0000	37.0000	22.5335	15.7878
598.0000	95.0000	-3.9046	-58.7645
599.0000	37.0000	22.5335	15.3821
599.0000	95.0000	-3.9046	-59.1732
600.0000	37.0000	22.5335	14.9511
600.0000	95.0000	-3.9047	-59.6056
601.0000	37.0000	22.5335	14.5077
601.0000	95.0000	-3.9048	-60.0497
602.0000	37.0000	22.5339	14.0645
602.0000	95.0000	-3.9061	-60.4929
603.0000	37.0000	22.5355	13.6205
603.0000	95.0000	-3.9115	-60.9347
604.0000	37.0000	22.5446	13.1674
604.0000	95.0000	-3.9419	-61.3738
605.0000	37.0000	22.5674	12.6964
605.0000	95.0000	-4.0203	-61.8087
606.0000	37.0000	22.6131	12.1755
606.0000	95.0000	-4.1839	-62.2546
607.0000	37.0000	22.7422	11.4966
607.0000	95.0000	-4.6680	-62.7099
608.0000	37.0000	22.9868	10.6012
608.0000	95.0000	-5.6448	-63.1427
609.0000	37.0000	23.2982	9.5398
609.0000	95.0000	-6.9849	-63.5413
610.0000	37.0000	23.6935	8.2471
610.0000	95.0000	-8.8544	-63.8535
611.0000	37.0000	24.0810	6.8499
611.0000	95.0000	-10.9144	-64.0948
612.0000	37.0000	24.4379	5.3759
612.0000	95.0000	-13.0911	-64.2615
613.0000	37.0000	24.7946	3.6994
613.0000	95.0000	-15.6951	-64.2580
614.0000	37.0000	25.0633	2.0506
614.0000	95.0000	-18.1502	-64.2085
615.0000	37.0000	25.2755	0.3069
615.0000	95.0000	-20.7608	-64.0218
616.0000	37.0000	25.4328	-1.7028
616.0000	95.0000	-23.9320	-63.5103
617.0000	37.0000	25.4835	-3.7830
617.0000	95.0000	-27.1821	-62.8014
618.0000	37.0000	25.4199	-5.8824
618.0000	95.0000	-30.3908	-61.9342
619.0000	37.0000	25.2130	-8.1530
619.0000	95.0000	-33.9122	-60.6894
620.0000	37.0000	24.8999	-10.3027
620.0000	95.0000	-37.0830	-59.4390
621.0000	37.0000	24.4414	-12.5106
621.0000	95.0000	-40.3139	-57.9214
622.0000	37.0000	23.7717	-14.8793
622.0000	95.0000	-43.8394	-55.9057
623.0000	37.0000	22.9345	-17.2354
623.0000	95.0000	-47.2697	-53.6387
624.0000	37.0000	21.9197	-19.5741
624.0000	95.0000	-50.6026	-51.0966
625.0000	37.0000	20.8355	-21.7292
625.0000	95.0000	-53.5431	-48.5878
626.0000	37.0000	19.9596	-23.4059
626.0000	95.0000	-55.5922	-46.8094
627.0000	37.0000	19.6529	-24.3476
627.0000	95.0000	-56.2510	-46.6290
628.0000	37.0000	19.5303	-25.0575
628.0000	95.0000	-56.5032	-46.8928
629.0000	37.0000	19.1152	-25.9641
629.0000	95.0000	-57.3193	-46.3418
630.0000	37.0000	18.8179	-26.7273
630.0000	95.0000	-57.8792	-46.1012
631.0000	37.0000	18.3834	-27.5689
631.0000	95.0000	-58.6599	-45.5072
632.0000	37.0000	17.8652	-28.3766
632.0000	95.0000	-59.5454	-44.6603
633.0000	37.0000	17.8461	-28.7072
633.0000	95.0000	-59.5790	-44.9329
634.0000	37.0000	18.0526	-28.7687
634.0000	95.0000	-59.2351	-45.6335
635.0000	37.0000	18.0859	-28.8484
635.0000	95.0000	-59.1798	-45.8171
636.0000	37.0000	18.0831	-28.8577
636.0000	95.0000	-59.1836	-45.8213
637.0000	37.0000	18.0802	-28.8637
637.0000	95.0000	-59.1879	-45.8213
638.0000	37.0000	18.0789	-28.8820
638.0000	95.0000	-59.1898	-45.8369
639.0000	37.0000	18.0766	-28.8847
639.0000	95.0000	-59.1936	-45.8328
640.0000	37.0000	18.0766	-28.8849
640.0000	95.0000	-59.1936	-45.8330
641.0000	37.0000	18.0767	-28.8918
641.0000	95.0000	-59.1934	-45.8399
642.0000	37.0000	18.0767	-28.8932
642.0000	95.0000	-59.2027	-45.8470
643.0000	37.0000	18.0768	-28.8933
643.0000	95.0000	-59.2380	-45.8696
644.0000	37.0000	18.0768	-28.8933
644.0000	95.0000	-59.3055	-45.9127
645.0000	37.0000	18.0768	-28.8933
645.0000	95.0000	-59.4135	-45.9816
646.0000	37.0000	18.0768	-28.8933
646.0000	95.0000	-59.5640	-46.0776
647.0000	37.0000	18.0768	-28.8933
647.0000	95.0000	-59.7577	-46.2011
648.0000	37.0000	18.0768	-28.8933
648.0000	95.0000	-59.9944	-46.3520
649.0000	37.0000	18.0768	-28.8932
649.0000	95.0000	-60.2739	-46.5297
650.0000	37.0000	18.0769	-28.8930
650.0000	95.0000	-60.5951	-46.7340
651.0000	37.0000	18.0767	-28.8974
651.0000	95.0000	-60.9573	-46.9686
652.0000	37.0000	18.0758	-28.9187
652.0000	95.0000	-61.3604	-47.2425
653.0000	37.0000	18.0593	-28.9714
653.0000	95.0000	-61.8278	-47.5239
654.0000	37.0000	18.0483	-29.0467
654.0000	95.0000	-62.3218	-47.8665
655.0000	37.0000	18.0151	-29.1645
655.0000	95.0000	-62.8887	-48.2013
656.0000	37.0000	17.9914	-29.3022
656.0000	95.0000	-63.4713	-48.6043
657.0000	37.0000	17.9192	-29.4989
658.0000	37.0000	17.7415	-29.7906
659.0000	37.0000	17.5538	-30.0975
660.0000	37.0000	17.3435	-30.3661
661.0000	37.0000	17.2905	-30.4314
662.0000	37.0000	17.2914	-30.4312
663.0000	37.0000	17.2911	-30.4308
664.0000	37.0000	17.2905	-30.4301
665.0000	37.0000	17.2901	-30.4296
666.0000	37.0000	17.2900	-30.4293
667.0000	37.0000	17.2899	-30.4293
668.0000	37.0000	17.2899	-30.4293
669.0000	37.0000	17.2899	-30.4293
670.0000	37.0000	17.2894	-30.4302
671.0000	37.0000	17.2835	-30.4435
672.0000	37.0000	17.2393	-30.5039
673.0000	37.0000	17.1278	-30.6378
674.0000	37.0000	16.9898	-30.8264
675.0000	37.0000	16.7285	-31.1253
676.0000	37.0000	16.3861	-31.5005
677.0000	37.0000	15.9593	-31.9351
678.0000	37.0000	15.4996	-32.3650
679.0000	37.0000	15.0881	-32.7684
680.0000	37.0000	14.5543	-33.2316
681.0000	37.0000	14.0959	-33.6088
682.0000	37.0000	13.8985	-33.7745
683.0000	37.0000	13.8999	-33.7746
684.0000	37.0000	13.8990	-33.7745
685.0000	37.0000	13.8976	-33.7741
686.0000	37.0000	13.8964	-33.7737
687.0000	37.0000	13.8958	-33.7735
688.0000	37.0000	13.8955	-33.7733
689.0000	37.0000	13.8955	-33.7734
690.0000	37.0000	13.8954	-33.7734
691.0000	37.0000	13.8955	-33.7734
692.0000	37.0000	13.8954	-33.7734
693.0000	37.0000	13.8954	-33.7735
694.0000	37.0000	13.8954	-33.7735
695.0000	37.0000	13.8954	-33.7735
696.0000	37.0000	13.8954	-33.7735
697.0000	37.0000	13.8954	-33.7736
698.0000	37.0000	13.8911	-33.7634
699.0000	37.0000	13.8745	-33.7250
700.0000	37.0000	13.8428	-33.6514
701.0000	37.0000	13.7923	-33.5337
702.0000	37.0000	13.7216	-33.3698
703.0000	37.0000	13.6311	-33.1587
704.0000	37.0000	13.5201	-32.9009
705.0000	37.0000	13.3891	-32.5967
706.0000	37.0000	13.2391	-32.2486
707.0000	37.0000	13.0737	-31.8636
708.0000	37.0000	12.8959	-31.4502
709.0000	37.0000	12.7083	-31.0142
710.0000	37.0000	12.5126	-30.5594
711.0000	37.0000	12.3103	-30.0886
712.0000	37.0000	12.1025	-29.6048
713.0000	37.0000	11.8901	-29.1105
714.0000	37.0000	11.6739	-28.6076
715.0000	37.0000	11.4546	-28.0976
716.0000	37.0000	11.2329	-27.5818
717.0000	37.0000	11.0092	-27.0615
718.0000	37.0000	10.7839	-26.5375
719.0000	37.0000	10.5573	-26.0105
720.0000	37.0000	10.3296	-25.4811
721.0000	37.0000	10.1011	-24.9496
722.0000	37.0000	9.8715	-24.4164
723.0000	37.0000	9.6323	-23.8900
724.0000	37.0000	9.3529	-23.3995
725.0000	37.0000	9.0651	-23.0315
726.0000	37.0000	8.8334	-22.9150
727.0000	37.0000	8.5420	-22.9373
728.0000	37.0000	8.2722	-23.1957
729.0000	37.0000	7.9266	-23.5180
730.0000	37.0000	7.5832	-23.8621
731.0000	37.0000	7.1401	-24.2047
732.0000	37.0000	6.6136	-24.5123
733.0000	37.0000	5.9947	-24.7905
734.0000	37.0000	5.4184	-25.0053
735.0000	37.0000	4.8394	-25.1744
736.0000	37.0000	4.2593	-25.3040
737.0000	37.0000	3.6983	-25.4009
738.0000	37.0000	3.1594	-25.4748
739.0000	37.0000	2.6407	-25.5240
740.0000	37.0000	2.1446	-25.5404
741.0000	37.0000	1.6660	-25.5317
742.0000	37.0000	1.1954	-25.5033
743.0000	37.0000	0.7445	-25.4604
744.0000	37.0000	0.2956	-25.4185
745.0000	37.0000	-0.1437	-25.4030
746.0000	37.0000	-0.5772	-25.3668
747.0000	37.0000	-1.0251	-25.3222
748.0000	37.0000	-1.4890	-25.2508
749.0000	37.0000	-1.9465	-25.1713
750.0000	37.0000	-2.4286	-25.0708
751.0000	37.0000	-2.8993	-24.9566
752.0000	37.0000	-3.3838	-24.8048
753.0000	37.0000	-3.9222	-24.5555
754.0000	37.0000	-4.4155	-24.2405
755.0000	37.0000	-4.8341	-23.8441
756.0000	37.0000	-5.2714	-23.4597
757.0000	37.0000	-5.7214	-23.0872
758.0000	37.0000	-6.1958	-22.7468
759.0000	37.0000	-6.6750	-22.4117
760.0000	37.0000	-7.1760	-22.1112
761.0000	37.0000	-7.6867	-21.8259
762.0000	37.0000	-8.2095	-21.5626
763.0000	37.0000	-8.7439	-21.3228
764.0000	37.0000	-9.2844	-21.0956
765.0000	37.0000	-9.8400	-20.8955
766.0000	37.0000	-10.4142	-20.7220
767.0000	37.0000	-11.0039	-20.5862
768.0000	37.0000	-11.5971	-20.4995
769.0000	37.0000	-12.2045	-20.4577
770.0000	37.0000	-12.8237	-20.4546
771.0000	37.0000	-13.4524	-20.4839
772.0000	37.0000	-14.0728	-20.5512
773.0000	37.0000	-14.6852	-20.5996
774.0000	37.0000	-15.2820	-20.5979
775.0000	37.0000	-15.8665	-20.5268
776.0000	37.0000	-16.4506	-20.4547
777.0000	37.0000	-17.0359	-20.3900
778.0000	37.0000	-17.6219	-20.3326
779.0000	37.0000	-18.2087	-20.2819
780.0000	37.0000	-18.7958	-20.2371
781.0000	37.0000	-19.3835	-20.2032
782.0000	37.0000	-19.9802	-20.1815
783.0000	37.0000	-20.5778	-20.1899
784.0000	37.0000	-21.1832	-20.2301
785.0000	37.0000	-21.7902	-20.3080
786.0000	37.0000	-22.4016	-20.4149
787.0000	37.0000	-23.0087	-20.5592
788.0000	37.0000	-23.6163	-20.7330
789.0000	37.0000	-24.2251	-20.9344
790.0000	37.0000	-24.8266	-21.1748
791.0000	37.0000	-25.4094	-21.4714
792.0000	37.0000	-25.9911	-21.7977
793.0000	37.0000	-26.5757	-22.1483
794.0000	37.0000	-27.1612	-22.5248
795.0000	37.0000	-27.7469	-22.9279
796.0000	37.0000	-28.3339	-23.3550
797.0000	37.0000	-28.9223	-23.7932
798.0000	37.0000	-29.5110	-24.2309
799.0000	37.0000	-30.0990	-24.6694
800.0000	37.0000	-30.6858	-25.1097
801.0000	37.0000	-31.2706	-25.5524
802.0000	37.0000	-31.8534	-26.0155
803.0000	37.0000	-32.4318	-26.5207
804.0000	37.0000	-33.0058	-27.0604
805.0000	37.0000	-33.5759	-27.6297
806.0000	37.0000	-34.1426	-28.2267
807.0000	37.0000	-34.7059	-28.8499
808.0000	37.0000	-35.2659	-29.4987
809.0000	37.0000	-35.8225	-30.1725
810.0000	37.0000	-36.3761	-30.8709
811.0000	37.0000	-36.9274	-31.5924
812.0000	37.0000	-37.4768	-32.3365
813.0000	37.0000	-38.0235	-33.1038
814.0000	37.0000	-38.5695	-33.8915
815.0000	37.0000	-39.1144	-34.6999
816.0000	37.0000	-39.6578	-35.5292
817.0000	37.0000	-40.2013	-36.3774
818.0000	37.0000	-40.7452	-37.2437
819.0000	37.0000	-41.2891	-38.1264
820.0000	37.0000	-41.8329	-39.0109
821.0000	37.0000	-42.3758	-39.8947
822.0000	37.0000	-42.9175	-40.7783
823.0000	37.0000	-43.4615	-41.6573
824.0000	37.0000	-44.0073	-42.5341
825.0000	37.0000	-44.5550	-43.4165
826.0000	37.0000	-45.1037	-44.2522
827.0000	37.0000	-45.6467	-45.0009
828.0000	37.0000	-46.1783	-45.6740
829.0000	37.0000	-46.7037	-46.3208
830.0000	37.0000	-47.2363	-46.9105
831.0000	37.0000	-47.7710	-47.4062
832.0000	37.0000	-48.2757	-47.8304
833.0000	37.0000	-48.7481	-48.1846
834.0000	37.0000	-49.2727	-48.3987
835.0000	37.0000	-49.8245	-48.5753
836.0000	37.0000	-50.3847	-48.7541
837.0000	37.0000	-50.9338	-48.9609
838.0000	37.0000	-51.4813	-49.1724
839.0000	37.0000	-52.0510	-49.3002
840.0000	37.0000	-52.6410	-49.3180
841.0000	37.0000	-53.2321	-49.3287
842.0000	37.0000	-53.8235	-49.3384
843.0000	37.0000	-54.4147	-49.3476
844.0000	37.0000	-55.0060	-49.3571
845.0000	37.0000	-55.5969	-49.3714
846.0000	37.0000	-56.1837	-49.4090
847.0000	37.0000	-56.7727	-49.4249
848.0000	37.0000	-57.3641	-49.4339
849.0000	37.0000	-57.9545	-49.4525
850.0000	37.0000	-58.5509	-49.4843
851.0000	37.0000	-59.1403	-49.4995
852.0000	37.0000	-59.7321	-49.5063
853.0000	37.0000	-60.3238	-49.5127
854.0000	37.0000	-60.8295	-49.5179
855.0000	37.0000	-61.1142	-49.5190
856.0000	37.0000	-61.4292	-49.5164
857.0000	37.0000	-61.8000	-49.5224
858.0000	37.0000	-62.2069	-49.5333
859.0000	37.0000	-62.5525	-49.5539
860.0000	37.0000	-62.6954	-49.5903
